
#TBID:2021-08-24 02:30:00;SAM_84DC;CALIBRATED;

[Spectrum]
Version            = 1
IDData             = 96B1_2021-08-24_02-30-00_000_456
IDDevice           = SAM_84DC
IDDataType         = SPECTRUM
IDDataTypeSub1     = CALIBRATED
IDDataTypeSub2     = 
IDDataTypeSub3     = 
DateTime           = 2021-08-24 02:30:00
PositionLatitude   = 0
PositionLongitude  = 0
Comment            = 
CommentSub1        = 
CommentSub2        = 
CommentSub3        = 
IDMethodType       = SAM Control
MethodName         = SAM_84DC
Mission            = No Mission
MissionSub         = 1
RecordType         = 0
[Attributes]
CalFactor = 1
IDBasisSpec = 
IDDataBack = DLAB_2015-08-21_13-19-54_137_939
IDDataCal = DLAB_2015-08-24_10-46-55_592_608
IntegrationTime = 4096
P31 = -1
P31e = 0
PathLength = +INF
PathLengthCustomOn = 0
RAWDynamic = 65535
Salinity = 0
Temperature = -NAN
Unit1 = $01 $01 Wavelength nm
Unit2 = $03 $03 Intensity mW/(m^2 nm Sr)
Unit3 = $f0 $03 Error mW/(m^2 nm Sr)
Unit4 = $f1 $00 Status 
p999 = 2144
[END] of [Attributes]
[DATA]
 0 11 0 0
 305.71650776488 0 0 0
 309.04007505697 0 0 0
 312.36416914304 0 0 0
 315.68877841375 0 0 0
 319.01389125976 -0.00588998451673331 0 0
 322.33949607173 -0.0052190805836491 0 0
 325.66558124032 -0.00479442220714427 0 0
 328.99213515619 -0.0043115416781426 0 0
 332.31914621 -0.00418268843949608 0 0
 335.64660279241 -0.00385613244507762 0 0
 338.97449329408 -0.0035070237883969 0 0
 342.30280610567 -0.00270399643570855 0 0
 345.63152961784 -0.00262947814054797 0 0
 348.96065222125 -0.002509722794479 0 0
 352.29016230656 -0.00221244460476993 0 0
 355.62004826443 -0.00207423139127946 0 0
 358.95029848552 -0.00201795307974596 0 0
 362.28090136049 -0.00200044058700347 0 0
 365.61184528 -0.00227828449819457 0 0
 368.94311863471 -0.00220748057082242 0 0
 372.27470981528 -0.00214213219446328 0 0
 375.60660721237 -0.00217019861647021 0 0
 378.93879921664 -0.00198845165421746 0 0
 382.27127421875 -0.00211283521454035 0 0
 385.60402060936 -0.00207551873405762 0 0
 388.93702677913 -0.00194477206203628 0 0
 392.27028111872 -0.00188638389376383 0 0
 395.60377201879 -0.00188593638749521 0 0
 398.93748787 -0.00181948146195741 0 0
 402.27141706301 -0.00169248886120108 0 0
 405.60554798848 -0.00148861273453038 0 0
 408.93986903707 -0.00145583193893392 0 0
 412.27436859944 -0.00129885771334902 0 0
 415.60903506625 -0.00128978241869221 0 0
 418.94385682816 -0.00122390030939981 0 0
 422.27882227583 -0.00117489749109886 0 0
 425.61391979992 -0.00107180413356233 0 0
 428.94913779109 -0.00098249735735797 0 0
 432.28446464 -0.000997208593497311 0 0
 435.61988873731 -0.00091996862569821 0 0
 438.95539847368 -0.000963986102199204 0 0
 442.29098223977 -0.000910882447775942 0 0
 445.62662842624 -0.000916869662733379 0 0
 448.96232542375 -0.000925902649368752 0 0
 452.29806162296 -0.000958577268090425 0 0
 455.63382541453 -0.00100000503341228 0 0
 458.96960518912 -0.00105888874449568 0 0
 462.30538933739 -0.00105504028668839 0 0
 465.64116625 -0.00108557711055738 0 0
 468.97692431761 -0.001079790321899 0 0
 472.31265193088 -0.0010909583421589 0 0
 475.64833748047 -0.00112230429433544 0 0
 478.98396935704 -0.00109415416521946 0 0
 482.31953595125 -0.00108133518751448 0 0
 485.65502565376 -0.00113434323635771 0 0
 488.99042685523 -0.00107682781938985 0 0
 492.32572794632 -0.00107126060472427 0 0
 495.66091731769 -0.00106733414571028 0 0
 498.99598336 -0.00106982785807343 0 0
 502.33091446391 -0.00108473894064687 0 0
 505.66569902008 -0.00107871547586234 0 0
 509.00032541917 -0.00101455941676936 0 0
 512.33478205184 -0.00103409914461476 0 0
 515.66905730875 -0.000999351375285537 0 0
 519.00313958056 -0.000919592666272263 0 0
 522.33701725793 -0.000950329489740279 0 0
 525.67067873152 -0.000888702432998898 0 0
 529.00411239199 -0.000789751677151972 0 0
 532.33730663 -0.000880499868722614 0 0
 535.67024983621 -0.000787756100123713 0 0
 539.00293040128 -0.000814531127583951 0 0
 542.33533671587 -0.000819810710560594 0 0
 545.66745717064 -0.000756951422061313 0 0
 548.99928015625 -0.000806584737320957 0 0
 552.33079406336 -0.000877555442940915 0 0
 555.66198728263 -0.000824178891403068 0 0
 558.99284820472 -0.000774046526776939 0 0
 562.32336522029 -0.000841136968453543 0 0
 565.65352672 -0.000825013783404655 0 0
 568.98332109451 -0.000911892675012894 0 0
 572.31273673448 -0.000753054931497101 0 0
 575.64176203057 -0.000765301231517837 0 0
 578.97038537344 -0.000776486424204066 0 0
 582.29859515375 -0.000837192515860379 0 0
 585.62637976216 -0.000895344543630278 0 0
 588.95372758933 -0.00094310018931019 0 0
 592.28062702592 -0.000913152926395706 0 0
 595.60706646259 -0.00128237749921709 0 0
 598.93303429 -0.00130631495244853 0 0
 602.25851889881 -0.00126231262549892 0 0
 605.58350867968 -0.00132062108580003 0 0
 608.90799202327 -0.00139863939057214 0 0
 612.23195732024 -0.00132170166798926 0 0
 615.55539296125 -0.00135308342581199 0 0
 618.87828733696 -0.0011592913504695 0 0
 622.20062883803 -0.00126359167089658 0 0
 625.52240585512 -0.00120985713189719 0 0
 628.84360677889 -0.00123634401369701 0 0
 632.16422 -0.00130231315905614 0 0
 635.48423390911 -0.00123381891155435 0 0
 638.80363689688 -0.00128348020691761 0 0
 642.12241735397 -0.00136338955877321 0 0
 645.44056367104 -0.00137633393452435 0 0
 648.75806423875 -0.00134496236964761 0 0
 652.07490744776 -0.00144734361771452 0 0
 655.39108168873 -0.00132344688951478 0 0
 658.70657535232 -0.00137684345980305 0 0
 662.02137682919 -0.00129659511672327 0 0
 665.33547451 -0.00137394323762844 0 0
 668.64885678541 -0.00131378855084033 0 0
 671.96151204608 -0.00131673631785374 0 0
 675.27342868267 -0.00131467184666544 0 0
 678.58459508584 -0.00121025597809442 0 0
 681.89499964625 -0.00136663649809805 0 0
 685.20463075456 -0.00125578045477871 0 0
 688.51347680143 -0.00159059452141044 0 0
 691.82152617752 -0.00152206899321735 0 0
 695.12876727349 -0.00143115734534947 0 0
 698.43518848 -0.00133949230804295 0 0
 701.74077818771 -0.00156999480264234 0 0
 705.04552478728 -0.00135680396765315 0 0
 708.34941666937 -0.00150451855024232 0 0
 711.65244222464 -0.00135070700433554 0 0
 714.95458984375 -0.00135601216177326 0 0
 718.25584791736 -0.0013985407899899 0 0
 721.55620483613 -0.00142283348816321 0 0
 724.85564899072 -0.0013794622483118 0 0
 728.15416877179 -0.00127264921185568 0 0
 731.45175257 -0.00128460182215861 0 0
 734.74838877601 -0.00142419715939252 0 0
 738.04406578048 -0.00135503845702788 0 0
 741.33877197407 -0.00125203347731711 0 0
 744.63249574744 -0.00136072797650845 0 0
 747.92522549125 -0.00145212805496669 0 0
 751.21694959616 -0.00139510051009221 0 0
 754.50765645283 -0.00141162075329019 0 0
 757.79733445192 -0.00141249296769368 0 0
 761.08597198409 -0.00150004085977976 0 0
 764.37355744 -0.00145397136905594 0 0
 767.66007921031 -0.00130761798052302 0 0
 770.94552568568 -0.00138983471523509 0 0
 774.22988525677 -0.0014152994934953 0 0
 777.51314631424 -0.00153813502818529 0 0
 780.79529724875 -0.0015979584183637 0 0
 784.07632645096 -0.00138770236128619 0 0
 787.35622231153 -0.0015674853823809 0 0
 790.63497322112 -0.00165493946799821 0 0
 793.91256757039 -0.00165649653092829 0 0
 797.18899375 -0.00175994213635045 0 0
 800.46424015061 -0.00170960282472925 0 0
 803.73829516288 -0.00123432772119439 0 0
 807.01114717747 -0.00145887647783437 0 0
 810.28278458504 -0.00168978916418177 0 0
 813.55319577625 -0.00160007564746312 0 0
 816.82236914176 -0.00164114716069305 0 0
 820.09029307223 -0.00176467853214062 0 0
 823.35695595832 -0.00193221980317034 0 0
 826.62234619069 -0.0024746641015219 0 0
 829.88645216 -0.00245679065987681 0 0
 833.14926225691 -0.00271695599635232 0 0
 836.41076487208 -0.00248424296025528 0 0
 839.67094839617 -0.00241502517361526 0 0
 842.92980121984 -0.00274942732669749 0 0
 846.18731173375 -0.00292272519499766 0 0
 849.44346832856 -0.0030743444662472 0 0
 852.69825939493 -0.00304742254678787 0 0
 855.95167332352 -0.00302375084875235 0 0
 859.20369850499 -0.00302999107028204 0 0
 862.45432333 -0.00332878207206679 0 0
 865.70353618921 -0.00340046849373571 0 0
 868.95132547328 -0.0029407101858882 0 0
 872.19767957287 -0.00264340730288844 0 0
 875.44258687864 -0.00264905306582152 0 0
 878.68603578125 -0.00321461082294241 0 0
 881.92801467136 -0.00323222513373542 0 0
 885.16851193963 -0.00393439676489133 0 0
 888.40751597672 -0.0031570270800669 0 0
 891.64501517329 -0.0039440664166001 0 0
 894.88099792 -0.00379604768503626 0 0
 898.11545260751 -0.00365636304037233 0 0
 901.34836762648 -0.00384637854468394 0 0
 904.57973136757 -0.00392791096265257 0 0
 907.80953222144 -0.00347319355386242 0 0
 911.03775857875 -0.00499077351032219 0 0
 914.26439883016 -0.00483780466958029 0 0
 917.48944136633 -0.00404549154119361 0 0
 920.71287457792 -0.00461386114637683 0 0
 923.93468685559 -0.00457279747469626 0 0
 927.15486659 -0.00451975829779621 0 0
 930.37340217181 -0.00600636444290056 0 0
 933.59028199168 -0.00459641427248093 0 0
 936.80549444027 -0.00485748063812469 0 0
 940.01902790824 -0.00614263851474986 0 0
 943.23087078625 -0.00574480334605343 0 0
 946.44101146496 -0.00628464731294642 0 0
 949.64943833503 -0.00610556869780503 0 0
 952.85613978712 -0.00659040957769513 0 0
 956.06110421189 0 0 0
 959.26432 0 0 0
 962.46577554211 0 0 0
 965.66545922888 0 0 0
 968.86335945097 0 0 0
 972.05946459904 0 0 0
 975.25376306375 0 0 0
 978.44624323576 0 0 0
 981.63689350573 0 0 0
 984.82570226432 0 0 0
 988.01265790219 0 0 0
 991.19774881 0 0 0
 994.38096337841 0 0 0
 997.56228999808 0 0 0
 1000.74171705967 0 0 0
 1003.91923295384 0 0 0
 1007.09482607125 0 0 0
 1010.26848480256 0 0 0
 1013.44019753843 0 0 0
 1016.60995266952 0 0 0
 1019.77773858649 0 0 0
 1022.94354368 0 0 0
 1026.10735634071 0 0 0
 1029.26916495928 0 0 0
 1032.42895792637 0 0 0
 1035.58672363264 0 0 0
 1038.74245046875 0 0 0
 1041.89612682536 0 0 0
 1045.04774109313 0 0 0
 1048.19728166272 0 0 0
 1051.34473692479 0 0 0
 1054.49009527 0 0 0
 1057.63334508901 0 0 0
 1060.77447477248 0 0 0
 1063.91347271107 0 0 0
 1067.05032729544 0 0 0
 1070.18502691625 0 0 0
 1073.31755996416 0 0 0
 1076.44791482983 0 0 0
 1079.57607990392 0 0 0
 1082.70204357709 0 0 0
 1085.82579424 0 0 0
 1088.94732028331 0 0 0
 1092.06661009768 0 0 0
 1095.18365207377 0 0 0
 1098.29843460224 0 0 0
 1101.41094607375 0 0 0
 1104.52117487896 0 0 0
 1107.62910940853 0 0 0
 1110.73473805312 0 0 0
 1113.83804920339 0 0 0
 1116.93903125 0 0 0
 1120.03767258361 0 0 0
 1123.13396159488 0 0 0
 1126.22788667447 0 0 0
 1129.31943621304 0 0 0
 1132.40859860125 0 0 0
 1135.49536222976 0 0 0
[END] of [DATA]
[END] of [Spectrum]


#TBID:2021-08-24 03:00:00;SAM_84CE;RAW;

[Spectrum]
Version            = 1
IDData             = 96B1_2021-08-24_03-00-00_000_459
IDDevice           = SAM_84CE
IDDataType         = SPECTRUM
IDDataTypeSub1     = RAW
IDDataTypeSub2     = 
IDDataTypeSub3     = 
DateTime           = 2021-08-24 03:00:00
PositionLatitude   = 0
PositionLongitude  = 0
Comment            = 
CommentSub1        = 
CommentSub2        = 
CommentSub3        = 
IDMethodType       = SAM Control
MethodName         = SAM_84CE
Mission            = No Mission
MissionSub         = 1
RecordType         = 0
[Attributes]
CalFactor = 1
IDBasisSpec = 
IDDataBack = DLAB_2015-08-21_11-56-43_233_004
IDDataCal = DLAB_2015-08-26_10-05-37_585_478
IntegrationTime = 4096
P31 = -1
P31e = 0
PathLength = +INF
PathLengthCustomOn = 0
RAWDynamic = 65535
Salinity = 0
Temperature = -NAN
Unit1 = $05 $00 Pixel 
Unit2 = $03 $05 Intensity counts
Unit3 = $f0 $05 Error counts
Unit4 = $f1 $00 Status 
p999 = 2145
[END] of [Attributes]
[DATA]
 0 11 0 0
 1 1862 0 0
 2 1868 0 0
 3 1876 0 0
 4 1880 0 0
 5 1890 0 0
 6 1883 0 0
 7 1880 0 0
 8 1888 0 0
 9 1895 0 0
 10 1897 0 0
 11 1900 0 0
 12 1901 0 0
 13 1895 0 0
 14 1907 0 0
 15 1897 0 0
 16 1899 0 0
 17 1900 0 0
 18 1904 0 0
 19 1903 0 0
 20 1917 0 0
 21 1919 0 0
 22 1914 0 0
 23 1929 0 0
 24 1920 0 0
 25 1926 0 0
 26 1926 0 0
 27 1928 0 0
 28 1921 0 0
 29 1923 0 0
 30 1922 0 0
 31 1931 0 0
 32 1926 0 0
 33 1922 0 0
 34 1926 0 0
 35 1916 0 0
 36 1932 0 0
 37 1922 0 0
 38 1925 0 0
 39 1924 0 0
 40 1928 0 0
 41 1929 0 0
 42 1927 0 0
 43 1930 0 0
 44 1919 0 0
 45 1919 0 0
 46 1938 0 0
 47 1936 0 0
 48 1927 0 0
 49 1922 0 0
 50 1930 0 0
 51 1920 0 0
 52 1923 0 0
 53 1927 0 0
 54 1926 0 0
 55 1926 0 0
 56 1924 0 0
 57 1923 0 0
 58 1928 0 0
 59 1922 0 0
 60 1917 0 0
 61 1926 0 0
 62 1930 0 0
 63 1929 0 0
 64 1926 0 0
 65 1926 0 0
 66 1944 0 0
 67 1929 0 0
 68 1931 0 0
 69 1922 0 0
 70 1917 0 0
 71 1925 0 0
 72 1934 0 0
 73 1927 0 0
 74 1925 0 0
 75 1929 0 0
 76 1936 0 0
 77 1930 0 0
 78 1927 0 0
 79 1932 0 0
 80 1933 0 0
 81 1934 0 0
 82 1926 0 0
 83 1925 0 0
 84 1925 0 0
 85 1926 0 0
 86 1926 0 0
 87 1930 0 0
 88 1925 0 0
 89 1931 0 0
 90 1933 0 0
 91 1930 0 0
 92 1929 0 0
 93 1936 0 0
 94 1929 0 0
 95 1924 0 0
 96 1922 0 0
 97 1936 0 0
 98 1940 0 0
 99 1936 0 0
 100 1937 0 0
 101 1932 0 0
 102 1934 0 0
 103 1938 0 0
 104 1931 0 0
 105 1938 0 0
 106 1939 0 0
 107 1934 0 0
 108 1935 0 0
 109 1945 0 0
 110 1938 0 0
 111 1958 0 0
 112 1944 0 0
 113 1934 0 0
 114 1942 0 0
 115 1944 0 0
 116 1937 0 0
 117 1946 0 0
 118 1943 0 0
 119 1942 0 0
 120 1945 0 0
 121 1943 0 0
 122 1942 0 0
 123 1934 0 0
 124 1943 0 0
 125 1940 0 0
 126 1954 0 0
 127 1946 0 0
 128 1949 0 0
 129 1942 0 0
 130 1942 0 0
 131 1953 0 0
 132 1946 0 0
 133 1942 0 0
 134 1948 0 0
 135 1948 0 0
 136 1947 0 0
 137 1951 0 0
 138 1940 0 0
 139 1953 0 0
 140 1944 0 0
 141 1948 0 0
 142 1954 0 0
 143 1949 0 0
 144 1952 0 0
 145 1964 0 0
 146 1961 0 0
 147 1943 0 0
 148 1957 0 0
 149 1944 0 0
 150 1950 0 0
 151 1950 0 0
 152 1955 0 0
 153 1952 0 0
 154 1954 0 0
 155 1952 0 0
 156 1957 0 0
 157 1956 0 0
 158 1953 0 0
 159 1959 0 0
 160 1959 0 0
 161 1963 0 0
 162 1957 0 0
 163 1963 0 0
 164 1958 0 0
 165 1960 0 0
 166 1959 0 0
 167 1958 0 0
 168 1965 0 0
 169 1967 0 0
 170 1965 0 0
 171 1968 0 0
 172 1962 0 0
 173 1965 0 0
 174 1960 0 0
 175 1970 0 0
 176 1966 0 0
 177 1968 0 0
 178 1970 0 0
 179 1969 0 0
 180 1966 0 0
 181 1967 0 0
 182 1963 0 0
 183 1957 0 0
 184 1964 0 0
 185 1969 0 0
 186 1965 0 0
 187 1972 0 0
 188 1965 0 0
 189 1971 0 0
 190 1973 0 0
 191 1973 0 0
 192 1972 0 0
 193 1970 0 0
 194 1969 0 0
 195 1969 0 0
 196 1969 0 0
 197 1972 0 0
 198 1980 0 0
 199 1969 0 0
 200 1979 0 0
 201 1983 0 0
 202 1975 0 0
 203 1973 0 0
 204 1974 0 0
 205 1979 0 0
 206 1984 0 0
 207 1981 0 0
 208 1977 0 0
 209 1978 0 0
 210 1974 0 0
 211 1978 0 0
 212 1980 0 0
 213 1982 0 0
 214 1982 0 0
 215 1993 0 0
 216 1985 0 0
 217 1974 0 0
 218 1978 0 0
 219 1984 0 0
 220 1978 0 0
 221 1982 0 0
 222 1984 0 0
 223 1979 0 0
 224 1982 0 0
 225 1987 0 0
 226 1985 0 0
 227 1989 0 0
 228 1977 0 0
 229 1994 0 0
 230 1992 0 0
 231 1992 0 0
 232 1985 0 0
 233 1990 0 0
 234 1988 0 0
 235 1996 0 0
 236 1985 0 0
 237 1990 0 0
 238 1992 0 0
 239 1989 0 0
 240 1993 0 0
 241 1995 0 0
 242 1984 0 0
 243 1998 0 0
 244 1992 0 0
 245 1989 0 0
 246 1983 0 0
 247 1988 0 0
 248 1978 0 0
 249 1982 0 0
 250 1970 0 0
 251 1975 0 0
 252 1963 0 0
 253 1952 0 0
 254 1940 0 0
 255 1998 0 0
[END] of [DATA]
[END] of [Spectrum]


#TBID:2021-08-24 03:00:00;SAM_84CE;CALIBRATED;

[Spectrum]
Version            = 1
IDData             = 96B1_2021-08-24_03-00-00_000_460
IDDevice           = SAM_84CE
IDDataType         = SPECTRUM
IDDataTypeSub1     = CALIBRATED
IDDataTypeSub2     = 
IDDataTypeSub3     = 
DateTime           = 2021-08-24 03:00:00
PositionLatitude   = 0
PositionLongitude  = 0
Comment            = 
CommentSub1        = 
CommentSub2        = 
CommentSub3        = 
IDMethodType       = SAM Control
MethodName         = SAM_84CE
Mission            = No Mission
MissionSub         = 1
RecordType         = 0
[Attributes]
CalFactor = 1
IDBasisSpec = 
IDDataBack = DLAB_2015-08-21_11-56-43_233_004
IDDataCal = DLAB_2015-08-26_10-05-37_585_478
IntegrationTime = 4096
P31 = -1
P31e = 0
PathLength = +INF
PathLengthCustomOn = 0
RAWDynamic = 65535
Salinity = 0
Temperature = -NAN
Unit1 = $01 $01 Wavelength nm
Unit2 = $03 $06 Intensity mW/(m^2 nm)
Unit3 = $f0 $06 Error mW/(m^2 nm)
Unit4 = $f1 $00 Status 
p999 = 2145
[END] of [Attributes]
[DATA]
 0 11 0 0
 303.485180022 0 0 0
 306.85638880275 0 0 0
 310.228324544 0 0 0
 313.60097308125 0 0 0
 316.97432025 -0.0377397821756199 0 0
 320.34835188575 -0.0350141299664417 0 0
 323.723053824 -0.0321668082825705 0 0
 327.09841190025 -0.0288355256499144 0 0
 330.47441195 -0.0269847817985952 0 0
 333.85103980875 -0.0246102805948697 0 0
 337.228281312 -0.0229336341276515 0 0
 340.60612229525 -0.0210104851892815 0 0
 343.984548594 -0.0211419176871315 0 0
 347.36354604375 -0.0176896678870033 0 0
 350.74310048 -0.016499928030369 0 0
 354.12319773825 -0.0151326728316693 0 0
 357.503823654 -0.0130213611353891 0 0
 360.88496406275 -0.0124684195905096 0 0
 364.2666048 -0.0112647829182281 0 0
 367.64873170125 -0.0106148547629118 0 0
 371.031330602 -0.00983628540558896 0 0
 374.41438733775 -0.0106554886957761 0 0
 377.797887744 -0.0106446249675689 0 0
 381.18181765625 -0.0108131285626248 0 0
 384.56616291 -0.00979725621914859 0 0
 387.95090934075 -0.0107975340711901 0 0
 391.336042784 -0.0106000886543582 0 0
 394.72154907525 -0.00944144323195638 0 0
 398.10741405 -0.00925659680558463 0 0
 401.49362354375 -0.00924476416882107 0 0
 404.880163392 -0.00869999364231133 0 0
 408.26701943025 -0.00848341128545166 0 0
 411.654177494 -0.00808451476838185 0 0
 415.04162341875 -0.00657914820850603 0 0
 418.42934304 -0.0072820340927175 0 0
 421.81732219325 -0.00590514999011556 0 0
 425.205546714 -0.00557929746873936 0 0
 428.59400243775 -0.00621604124300173 0 0
 431.9826752 -0.00563603746076755 0 0
 435.37155083625 -0.00508744163690478 0 0
 438.760615182 -0.00466797428340207 0 0
 442.14985407275 -0.00508420844984052 0 0
 445.539253344 -0.00468638341264399 0 0
 448.92879883125 -0.00527502836487391 0 0
 452.31847637 -0.00535439790446171 0 0
 455.70827179575 -0.00456405222022258 0 0
 459.098170944 -0.00531115540365576 0 0
 462.48815965025 -0.00573683590569457 0 0
 465.87822375 -0.00645076871014966 0 0
 469.26834907875 -0.00581829994157673 0 0
 472.658521472 -0.00629773757253519 0 0
 476.04872676525 -0.00595154611226017 0 0
 479.438950794 -0.00637647600059955 0 0
 482.82917939375 -0.00698110173360289 0 0
 486.2193984 -0.00600465409147751 0 0
 489.60959364825 -0.00628150496659653 0 0
 492.999750974 -0.00655835436754658 0 0
 496.38985621275 -0.00653955077318004 0 0
 499.7798952 -0.00691037628858339 0 0
 503.16985377125 -0.00694948357215498 0 0
 506.559717762 -0.00627569795830942 0 0
 509.94947300775 -0.00664701154626162 0 0
 513.339105344 -0.00610915380585995 0 0
 516.72860060625 -0.0061612648094223 0 0
 520.11794463 -0.00558525839885451 0 0
 523.50712325075 -0.00438931715338319 0 0
 526.896122304 -0.00522456840974223 0 0
 530.28492762525 -0.00510863881503447 0 0
 533.67352505 -0.00507005512954962 0 0
 537.06190041375 -0.00485571215312911 0 0
 540.450039552 -0.00478373098366915 0 0
 543.83792830025 -0.00428440164092863 0 0
 547.225552494 -0.00525785095495012 0 0
 550.61289796875 -0.00506548668579566 0 0
 553.99995056 -0.00488424061923193 0 0
 557.38669610325 -0.00504962653749216 0 0
 560.773120434 -0.00471622194256888 0 0
 564.15920938775 -0.00476187680704517 0 0
 567.5449488 -0.0050589205631066 0 0
 570.93032450625 -0.00522393495356867 0 0
 574.315322342 -0.00530929115937351 0 0
 577.69992814275 -0.00575664939150865 0 0
 581.084127744 -0.00572795630253613 0 0
 584.46790698125 -0.00598025623649285 0 0
 587.85125169 -0.00611734808734108 0 0
 591.23414770575 -0.00650148305080728 0 0
 594.616580864 -0.00626918768048807 0 0
 597.99853700025 -0.00673248236925746 0 0
 601.38000195 -0.00604015497251579 0 0
 604.76096154875 -0.00691148029353576 0 0
 608.141401632 -0.00721612784115478 0 0
 611.52130803525 -0.00718528370482383 0 0
 614.900666594 -0.00699891945383212 0 0
 618.27946314375 -0.00696327853955189 0 0
 621.65768352 -0.00731794700680974 0 0
 625.03531355825 -0.00785343861191089 0 0
 628.412339094 -0.00700112292873653 0 0
 631.78874596275 -0.00723733534688659 0 0
 635.16452 -0.00791010835400105 0 0
 638.53964704125 -0.00780894781203339 0 0
 641.914112922 -0.00821353898334681 0 0
 645.28790347775 -0.0086230728578307 0 0
 648.661004544 -0.00835461979921282 0 0
 652.03340195625 -0.009148165614768 0 0
 655.40508155 -0.00887937553557483 0 0
 658.77602916075 -0.0082169016849062 0 0
 662.146230624 -0.00869782864736392 0 0
 665.51567177525 -0.00851507936288126 0 0
 668.88433845 -0.00840996417649087 0 0
 672.25221648375 -0.00809408736730991 0 0
 675.619291712 -0.00591359169066409 0 0
 678.98554997025 -0.00740079027267616 0 0
 682.350977094 -0.00851882117847179 0 0
 685.71555891875 -0.00784275478475655 0 0
 689.07928128 -0.00686531479534976 0 0
 692.44213001325 -0.00774047693709158 0 0
 695.804090954 -0.00759310254664146 0 0
 699.16514993775 -0.00783998010382848 0 0
 702.5252928 -0.00831942162208983 0 0
 705.88450537625 -0.00793412324365164 0 0
 709.242773502 -0.00761147449286324 0 0
 712.60008301275 -0.00869704839478693 0 0
 715.956419744 -0.00957795000899768 0 0
 719.31176953125 -0.00785508560274532 0 0
 722.66611821 -0.00824666549642857 0 0
 726.01945161575 -0.0068941352985625 0 0
 729.371755584 -0.00672075766878104 0 0
 732.72301595025 -0.00679405269568167 0 0
 736.07321855 -0.00803994075612907 0 0
 739.42234921875 -0.00735449649031348 0 0
 742.770393792 -0.00771873233151159 0 0
 746.11733810525 -0.00727531886755171 0 0
 749.463167994 -0.00846157357743323 0 0
 752.80786929375 -0.00727067124607655 0 0
 756.15142784 -0.00768732025115594 0 0
 759.49382946825 -0.00767446047171466 0 0
 762.835060014 -0.00827898260004406 0 0
 766.17510531275 -0.00802809718729306 0 0
 769.5139512 -0.00781803021050029 0 0
 772.85158351125 -0.00792649267081857 0 0
 776.187988082 -0.00837179535643497 0 0
 779.52315074775 -0.00616396534829707 0 0
 782.857057344 -0.00816875925236038 0 0
 786.18969370625 -0.00783482860684482 0 0
 789.52104567 -0.00706164927610219 0 0
 792.85109907075 -0.00695728181226729 0 0
 796.179839744 -0.00938456374996191 0 0
 799.50725352525 -0.00788605841933704 0 0
 802.83332625 -0.0111016287280316 0 0
 806.15804375375 -0.00906922229516506 0 0
 809.481391872 -0.00902421179465923 0 0
 812.80335644025 -0.00779923119302599 0 0
 816.123923294 -0.0114557322358749 0 0
 819.44307826875 -0.0101783408531708 0 0
 822.7608072 -0.0111610627150761 0 0
 826.07709592325 -0.00895693542803125 0 0
 829.391930274 -0.0111141064033556 0 0
 832.70529608775 -0.0100295861668316 0 0
 836.0171792 -0.0106463273382069 0 0
 839.32756544625 -0.011629289331825 0 0
 842.636440662 -0.0110225282775334 0 0
 845.94379068275 -0.0137422608201709 0 0
 849.249601344 -0.0103283215626212 0 0
 852.55385848125 -0.014334182345761 0 0
 855.85654793 -0.0119052095564162 0 0
 859.15765552575 -0.0125497108913702 0 0
 862.457167104 -0.0155498820421749 0 0
 865.75506850025 -0.010491650448489 0 0
 869.05134555 -0.0124884239814733 0 0
 872.34598408875 -0.0153583095787828 0 0
 875.638969952 -0.0144616026452492 0 0
 878.93028897525 -0.0175955177963569 0 0
 882.219926994 -0.0146729914534974 0 0
 885.50786984375 -0.0160422125509494 0 0
 888.79410336 -0.011906572184078 0 0
 892.07861337825 -0.015858595680038 0 0
 895.361385734 -0.0146059598466817 0 0
 898.64240626275 -0.0162425512169078 0 0
 901.9216608 -0.0162306910300047 0 0
 905.19913518125 -0.0217082685151662 0 0
 908.474815242 -0.019464569241751 0 0
 911.74868681775 -0.0239114205415311 0 0
 915.020735744 -0.0224608747142146 0 0
 918.29094785625 -0.0160371316970425 0 0
 921.55930899 -0.0181023042853127 0 0
 924.82580498075 -0.029869477781307 0 0
 928.090421664 -0.022745103872799 0 0
 931.35314487525 -0.0260424245790345 0 0
 934.61396045 -0.017441856349528 0 0
 937.87285422375 -0.0154712241571981 0 0
 941.129812032 -0.0226465603615293 0 0
 944.38481971025 -0.0187927485949673 0 0
 947.637863094 -0.0250074089799706 0 0
 950.88892801875 -0.0248858098485781 0 0
 954.13800032 0 0 0
 957.38506583325 0 0 0
 960.630110394 0 0 0
 963.87311983775 0 0 0
 967.11408 0 0 0
 970.35297671625 0 0 0
 973.589795822 0 0 0
 976.82452315275 0 0 0
 980.057144544 0 0 0
 983.28764583125 0 0 0
 986.51601285 0 0 0
 989.74223143575 0 0 0
 992.966287424 0 0 0
 996.18816665025 0 0 0
 999.40785495 0 0 0
 1002.62533815875 0 0 0
 1005.840602112 0 0 0
 1009.05363264525 0 0 0
 1012.264415594 0 0 0
 1015.47293679375 0 0 0
 1018.67918208 0 0 0
 1021.88313728825 0 0 0
 1025.084788254 0 0 0
 1028.28412081275 0 0 0
 1031.4811208 0 0 0
 1034.67577405125 0 0 0
 1037.868066402 0 0 0
 1041.05798368775 0 0 0
 1044.245511744 0 0 0
 1047.43063640625 0 0 0
 1050.61334351 0 0 0
 1053.79361889075 0 0 0
 1056.971448384 0 0 0
 1060.14681782525 0 0 0
 1063.31971305 0 0 0
 1066.49011989375 0 0 0
 1069.658024192 0 0 0
 1072.82341178025 0 0 0
 1075.986268494 0 0 0
 1079.14658016875 0 0 0
 1082.30433264 0 0 0
 1085.45951174325 0 0 0
 1088.612103314 0 0 0
 1091.76209318775 0 0 0
 1094.9094672 0 0 0
 1098.05421118625 0 0 0
 1101.196310982 0 0 0
 1104.33575242275 0 0 0
 1107.472521344 0 0 0
 1110.60660358125 0 0 0
 1113.73798497 0 0 0
 1116.86665134575 0 0 0
 1119.992588544 0 0 0
 1123.11578240025 0 0 0
 1126.23621875 0 0 0
 1129.35388342875 0 0 0
 1132.468762272 0 0 0
 1135.58084111525 0 0 0
 1138.690105794 0 0 0
 1141.79654214375 0 0 0
 1144.900136 0 0 0
[END] of [DATA]
[END] of [Spectrum]


#TBID:2021-08-24 03:00:00;SAM_84DC;RAW;

[Spectrum]
Version            = 1
IDData             = 96B1_2021-08-24_03-00-00_000_462
IDDevice           = SAM_84DC
IDDataType         = SPECTRUM
IDDataTypeSub1     = RAW
IDDataTypeSub2     = 
IDDataTypeSub3     = 
DateTime           = 2021-08-24 03:00:00
PositionLatitude   = 0
PositionLongitude  = 0
Comment            = 
CommentSub1        = 
CommentSub2        = 
CommentSub3        = 
IDMethodType       = SAM Control
MethodName         = SAM_84DC
Mission            = No Mission
MissionSub         = 1
RecordType         = 0
[Attributes]
CalFactor = 1
IDBasisSpec = 
IDDataBack = DLAB_2015-08-21_13-19-54_137_939
IDDataCal = DLAB_2015-08-24_10-46-55_592_608
IntegrationTime = 4096
P31 = -1
P31e = 0
PathLength = +INF
PathLengthCustomOn = 0
RAWDynamic = 65535
Salinity = 0
Temperature = -NAN
Unit1 = $05 $00 Pixel 
Unit2 = $03 $05 Intensity counts
Unit3 = $f0 $05 Error counts
Unit4 = $f1 $00 Status 
p999 = 2145
[END] of [Attributes]
[DATA]
 0 11 0 0
 1 2066 0 0
 2 2050 0 0
 3 2066 0 0
 4 2083 0 0
 5 2085 0 0
 6 2074 0 0
 7 2088 0 0
 8 2087 0 0
 9 2097 0 0
 10 2089 0 0
 11 2094 0 0
 12 2092 0 0
 13 2090 0 0
 14 2107 0 0
 15 2100 0 0
 16 2110 0 0
 17 2114 0 0
 18 2097 0 0
 19 2106 0 0
 20 2103 0 0
 21 2097 0 0
 22 2104 0 0
 23 2107 0 0
 24 2115 0 0
 25 2105 0 0
 26 2116 0 0
 27 2118 0 0
 28 2109 0 0
 29 2114 0 0
 30 2110 0 0
 31 2121 0 0
 32 2116 0 0
 33 2117 0 0
 34 2121 0 0
 35 2115 0 0
 36 2122 0 0
 37 2126 0 0
 38 2122 0 0
 39 2116 0 0
 40 2128 0 0
 41 2119 0 0
 42 2123 0 0
 43 2123 0 0
 44 2118 0 0
 45 2117 0 0
 46 2130 0 0
 47 2132 0 0
 48 2116 0 0
 49 2116 0 0
 50 2119 0 0
 51 2118 0 0
 52 2119 0 0
 53 2113 0 0
 54 2114 0 0
 55 2116 0 0
 56 2121 0 0
 57 2124 0 0
 58 2124 0 0
 59 2132 0 0
 60 2122 0 0
 61 2119 0 0
 62 2118 0 0
 63 2117 0 0
 64 2118 0 0
 65 2117 0 0
 66 2104 0 0
 67 2122 0 0
 68 2122 0 0
 69 2118 0 0
 70 2120 0 0
 71 2128 0 0
 72 2119 0 0
 73 2124 0 0
 74 2124 0 0
 75 2117 0 0
 76 2123 0 0
 77 2123 0 0
 78 2110 0 0
 79 2119 0 0
 80 2117 0 0
 81 2124 0 0
 82 2120 0 0
 83 2122 0 0
 84 2124 0 0
 85 2132 0 0
 86 2120 0 0
 87 2128 0 0
 88 2123 0 0
 89 2117 0 0
 90 2107 0 0
 91 2090 0 0
 92 2095 0 0
 93 2096 0 0
 94 2106 0 0
 95 2098 0 0
 96 2099 0 0
 97 2106 0 0
 98 2116 0 0
 99 2110 0 0
 100 2117 0 0
 101 2107 0 0
 102 2117 0 0
 103 2118 0 0
 104 2113 0 0
 105 2110 0 0
 106 2113 0 0
 107 2123 0 0
 108 2118 0 0
 109 2120 0 0
 110 2118 0 0
 111 2121 0 0
 112 2116 0 0
 113 2113 0 0
 114 2116 0 0
 115 2118 0 0
 116 2111 0 0
 117 2111 0 0
 118 2105 0 0
 119 2103 0 0
 120 2097 0 0
 121 2112 0 0
 122 2109 0 0
 123 2116 0 0
 124 2116 0 0
 125 2103 0 0
 126 2116 0 0
 127 2114 0 0
 128 2111 0 0
 129 2110 0 0
 130 2114 0 0
 131 2107 0 0
 132 2115 0 0
 133 2114 0 0
 134 2119 0 0
 135 2116 0 0
 136 2103 0 0
 137 2111 0 0
 138 2104 0 0
 139 2109 0 0
 140 2108 0 0
 141 2114 0 0
 142 2105 0 0
 143 2114 0 0
 144 2106 0 0
 145 2102 0 0
 146 2106 0 0
 147 2108 0 0
 148 2113 0 0
 149 2108 0 0
 150 2108 0 0
 151 2118 0 0
 152 2105 0 0
 153 2134 0 0
 154 2124 0 0
 155 2123 0 0
 156 2111 0 0
 157 2122 0 0
 158 2120 0 0
 159 2119 0 0
 160 2095 0 0
 161 2096 0 0
 162 2093 0 0
 163 2098 0 0
 164 2102 0 0
 165 2109 0 0
 166 2112 0 0
 167 2111 0 0
 168 2109 0 0
 169 2109 0 0
 170 2105 0 0
 171 2114 0 0
 172 2098 0 0
 173 2116 0 0
 174 2125 0 0
 175 2114 0 0
 176 2119 0 0
 177 2115 0 0
 178 2114 0 0
 179 2113 0 0
 180 2109 0 0
 181 2105 0 0
 182 2108 0 0
 183 2114 0 0
 184 2106 0 0
 185 2108 0 0
 186 2114 0 0
 187 2110 0 0
 188 2104 0 0
 189 2107 0 0
 190 2101 0 0
 191 2099 0 0
 192 2121 0 0
 193 2106 0 0
 194 2107 0 0
 195 2101 0 0
 196 2106 0 0
 197 2106 0 0
 198 2099 0 0
 199 2112 0 0
 200 2100 0 0
 201 2109 0 0
 202 2098 0 0
 203 2116 0 0
 204 2104 0 0
 205 2108 0 0
 206 2110 0 0
 207 2106 0 0
 208 2106 0 0
 209 2106 0 0
 210 2093 0 0
 211 2103 0 0
 212 2101 0 0
 213 2094 0 0
 214 2097 0 0
 215 2104 0 0
 216 2106 0 0
 217 2114 0 0
 218 2106 0 0
 219 2099 0 0
 220 2108 0 0
 221 2106 0 0
 222 2104 0 0
 223 2114 0 0
 224 2101 0 0
 225 2112 0 0
 226 2103 0 0
 227 2098 0 0
 228 2110 0 0
 229 2096 0 0
 230 2091 0 0
 231 2099 0 0
 232 2102 0 0
 233 2093 0 0
 234 2098 0 0
 235 2106 0 0
 236 2093 0 0
 237 2107 0 0
 238 2104 0 0
 239 2108 0 0
 240 2111 0 0
 241 2103 0 0
 242 2106 0 0
 243 2119 0 0
 244 2119 0 0
 245 2112 0 0
 246 2110 0 0
 247 2111 0 0
 248 2118 0 0
 249 2104 0 0
 250 2092 0 0
 251 2097 0 0
 252 2091 0 0
 253 2071 0 0
 254 2053 0 0
 255 2110 0 0
[END] of [DATA]
[END] of [Spectrum]


#TBID:2021-08-24 03:00:00;SAM_84DC;CALIBRATED;

[Spectrum]
Version            = 1
IDData             = 96B1_2021-08-24_03-00-00_000_463
IDDevice           = SAM_84DC
IDDataType         = SPECTRUM
IDDataTypeSub1     = CALIBRATED
IDDataTypeSub2     = 
IDDataTypeSub3     = 
DateTime           = 2021-08-24 03:00:00
PositionLatitude   = 0
PositionLongitude  = 0
Comment            = 
CommentSub1        = 
CommentSub2        = 
CommentSub3        = 
IDMethodType       = SAM Control
MethodName         = SAM_84DC
Mission            = No Mission
MissionSub         = 1
RecordType         = 0
[Attributes]
CalFactor = 1
IDBasisSpec = 
IDDataBack = DLAB_2015-08-21_13-19-54_137_939
IDDataCal = DLAB_2015-08-24_10-46-55_592_608
IntegrationTime = 4096
P31 = -1
P31e = 0
PathLength = +INF
PathLengthCustomOn = 0
RAWDynamic = 65535
Salinity = 0
Temperature = -NAN
Unit1 = $01 $01 Wavelength nm
Unit2 = $03 $03 Intensity mW/(m^2 nm Sr)
Unit3 = $f0 $03 Error mW/(m^2 nm Sr)
Unit4 = $f1 $00 Status 
p999 = 2145
[END] of [Attributes]
[DATA]
 0 11 0 0
 305.71650776488 0 0 0
 309.04007505697 0 0 0
 312.36416914304 0 0 0
 315.68877841375 0 0 0
 319.01389125976 -0.00019147799735009 0 0
 322.33949607173 -0.000354567040730329 0 0
 325.66558124032 -0.000239614555659588 0 0
 328.99213515619 -0.000171646175286078 0 0
 332.31914621 2.81700340357708e-005 0 0
 335.64660279241 -0.000120790660815001 0 0
 338.97449329408 -4.11599325115619e-005 0 0
 342.30280610567 6.94396107278096e-005 0 0
 345.63152961784 4.83672124151294e-006 0 0
 348.96065222125 0.000147045188791435 0 0
 352.29016230656 0.000272778285758535 0 0
 355.62004826443 0.000278066533948257 0 0
 358.95029848552 0.000246741260846803 0 0
 362.28090136049 9.48141328336432e-005 0 0
 365.61184528 0.000214285034254041 0 0
 368.94311863471 0.00021459358654427 0 0
 372.27470981528 0.00016697344199639 0 0
 375.60660721237 0.000138902472555281 0 0
 378.93879921664 0.00021167371638154 0 0
 382.27127421875 0.000395260479745864 0 0
 385.60402060936 0.000333485499497874 0 0
 388.93702677913 0.000416518334750656 0 0
 392.27028111872 0.000441372141419059 0 0
 395.60377201879 0.000386391668069191 0 0
 398.93748787 0.000468510587725253 0 0
 402.27141706301 0.000400754125319774 0 0
 405.60554798848 0.000398512697301902 0 0
 408.93986903707 0.00033404959988392 0 0
 412.27436859944 0.000393821766176274 0 0
 415.60903506625 0.00033985566191015 0 0
 418.94385682816 0.000319075074063802 0 0
 422.27882227583 0.000257403974236111 0 0
 425.61391979992 0.00031401035779689 0 0
 428.94913779109 0.000293243045053884 0 0
 432.28446464 0.000262301310408713 0 0
 435.61988873731 0.000253389206569734 0 0
 438.95539847368 0.0002298380671687 0 0
 442.29098223977 0.000285160103324572 0 0
 445.62662842624 0.000262991885759195 0 0
 448.96232542375 0.000192548984870301 0 0
 452.29806162296 0.000199901255172131 0 0
 455.63382541453 0.000302797421392769 0 0
 458.96960518912 0.000314251957305235 0 0
 462.30538933739 0.000234231762142515 0 0
 465.64116625 0.000230791352289745 0 0
 468.97692431761 0.000293274221895414 0 0
 472.31265193088 0.000257954510685784 0 0
 475.64833748047 0.000260689684358427 0 0
 478.98396935704 0.000222478377929135 0 0
 482.31953595125 0.000234521271432154 0 0
 485.65502565376 0.000207311067560489 0 0
 488.99042685523 0.000300646009516577 0 0
 492.32572794632 0.000287917137419677 0 0
 495.66091731769 0.000293353256002685 0 0
 498.99598336 0.000310166300721113 0 0
 502.33091446391 0.000267257479514111 0 0
 505.66569902008 0.000190650788464727 0 0
 509.00032541917 0.000266208634472648 0 0
 512.33478205184 0.000206062848716217 0 0
 515.66905730875 0.00019799239071197 0 0
 519.00313958056 0.000222184784238081 0 0
 522.33701725793 0.000160163338204214 0 0
 525.67067873152 0.000225105009671354 0 0
 529.00411239199 0.000203194636560243 0 0
 532.33730663 0.000207492089196425 0 0
 535.67024983621 0.000174132302784532 0 0
 539.00293040128 0.000220299897899229 0 0
 542.33533671587 0.000202865209189638 0 0
 545.66745717064 0.000207737865588198 0 0
 548.99928015625 0.000194593768198718 0 0
 552.33079406336 0.000205218296141785 0 0
 555.66198728263 0.000209464170017014 0 0
 558.99284820472 0.000222344217617535 0 0
 562.32336522029 0.000161835701290175 0 0
 565.65352672 0.000152704797489984 0 0
 568.98332109451 0.000207806215516104 0 0
 572.31273673448 0.000208986104210483 0 0
 575.64176203057 0.000252966564376994 0 0
 578.97038537344 0.000241071551800219 0 0
 582.29859515375 0.000362141650625778 0 0
 585.62637976216 0.000293952305416253 0 0
 588.95372758933 0.000221602917014443 0 0
 592.28062702592 0.000316563501135024 0 0
 595.60706646259 0.000320084539724516 0 0
 598.93303429 0.000153218981011847 0 0
 602.25851889881 0.000157380898231667 0 0
 605.58350867968 -0.000172159503116156 0 0
 608.90799202327 -0.000102012160565451 0 0
 612.23195732024 -7.70889614858997e-005 0 0
 615.55539296125 1.15991308483321e-005 0 0
 618.87828733696 -9.43847186246042e-005 0 0
 622.20062883803 7.13807458103517e-006 0 0
 625.52240585512 -1.25031628794831e-005 0 0
 628.84360677889 0.000267485255507905 0 0
 632.16422 0.000130441387369175 0 0
 635.48423390911 0.000224585780773847 0 0
 638.80363689688 0.000132771705682212 0 0
 642.12241735397 0.000246666968216517 0 0
 645.44056367104 0.000303247923554425 0 0
 648.75806423875 0.000220281274550828 0 0
 652.07490744776 0.000104240053733239 0 0
 655.39108168873 0.00018933756750273 0 0
 658.70657535232 0.000244406176504444 0 0
 662.02137682919 0.000278779051013741 0 0
 665.33547451 0.000303087073765705 0 0
 668.64885678541 0.000330998502976802 0 0
 671.96151204608 0.000329089273476186 0 0
 675.27342868267 0.000254970233432759 0 0
 678.58459508584 0.000324282367192597 0 0
 681.89499964625 0.000237581697783497 0 0
 685.20463075456 0.000231857226284526 0 0
 688.51347680143 0.000210365595475711 0 0
 691.82152617752 0.000218994833745571 0 0
 695.12876727349 0.0001475363032435 0 0
 698.43518848 5.30256650698075e-005 0 0
 701.74077818771 0.000101402303282022 0 0
 705.04552478728 7.88396163980489e-005 0 0
 708.34941666937 0.000230285592143295 0 0
 711.65244222464 0.000246550752820334 0 0
 714.95458984375 0.000247654404601908 0 0
 718.25584791736 0.000105045643052885 0 0
 721.55620483613 0.000251924153337746 0 0
 724.85564899072 0.000235406287518606 0 0
 728.15416877179 0.00024148237880144 0 0
 731.45175257 0.000236160060298769 0 0
 734.74838877601 0.000170577337694583 0 0
 738.04406578048 0.000167749184892333 0 0
 741.33877197407 0.000266031283778723 0 0
 744.63249574744 0.000287502220335851 0 0
 747.92522549125 0.000444558961268953 0 0
 751.21694959616 0.000301131925457353 0 0
 754.50765645283 0.000171662692601627 0 0
 757.79733445192 0.000217243073113685 0 0
 761.08597198409 0.000175151424878271 0 0
 764.37355744 0.00021978017611524 0 0
 767.66007921031 0.000266710897121624 0 0
 770.94552568568 0.000256675886690599 0 0
 774.22988525677 0.000208554276705582 0 0
 777.51314631424 0.000321557749777229 0 0
 780.79529724875 0.00017286442166874 0 0
 784.07632645096 0.000188596200945113 0 0
 787.35622231153 0.000251445604113502 0 0
 790.63497322112 0.000281156401641375 0 0
 793.91256757039 0.000319375373925875 0 0
 797.18899375 0.000228650789127486 0 0
 800.46424015061 0.000386412112854344 0 0
 803.73829516288 0.000543551174510756 0 0
 807.01114717747 0.000179144560568564 0 0
 810.28278458504 0.00108408298344606 0 0
 813.55319577625 0.000834071098802379 0 0
 816.82236914176 0.000883629123957196 0 0
 820.09029307223 0.000616334186482776 0 0
 823.35695595832 0.000749026618287203 0 0
 826.62234619069 0.000915742733926956 0 0
 829.88645216 0.000759167491781367 0 0
 833.14926225691 -0.000305018991426159 0 0
 836.41076487208 2.85296543138525e-005 0 0
 839.67094839617 5.76789364372823e-005 0 0
 842.92980121984 0.000102125192953356 0 0
 846.18731173375 0.000228802224422201 0 0
 849.44346832856 0.000517907832200526 0 0
 852.69825939493 0.000407457217834662 0 0
 855.95167332352 0.000526405207731903 0 0
 859.20369850499 0.000546580942475559 0 0
 862.45432333 0.000545254512042875 0 0
 865.70353618921 0.000344017239544592 0 0
 868.95132547328 0.000657640160290022 0 0
 872.19767957287 0.00046694576609004 0 0
 875.44258687864 0.00107054666554222 0 0
 878.68603578125 0.00208102616177256 0 0
 881.92801467136 0.00146161245672569 0 0
 885.16851193963 0.00164620792683767 0 0
 888.40751597672 0.00167956315886255 0 0
 891.64501517329 0.00134419341250602 0 0
 894.88099792 0.00187500891240583 0 0
 898.11545260751 0.0013874519845459 0 0
 901.34836762648 0.00106164950568451 0 0
 904.57973136757 0.00105833831249655 0 0
 907.80953222144 0.00171775769158453 0 0
 911.03775857875 0.00100735892183361 0 0
 914.26439883016 0.00116147694625756 0 0
 917.48944136633 0.0018135341427782 0 0
 920.71287457792 0.00135813973829976 0 0
 923.93468685559 0.00139412728598114 0 0
 927.15486659 0.00202588583082969 0 0
 930.37340217181 0.000860462402510384 0 0
 933.59028199168 0.000135243198802405 0 0
 936.80549444027 0.00239217816849845 0 0
 940.01902790824 0.000928748512202141 0 0
 943.23087078625 0.00173185084945052 0 0
 946.44101146496 0.0013751538023013 0 0
 949.64943833503 0.000429417253214346 0 0
 952.85613978712 0.00134331005421625 0 0
 956.06110421189 0 0 0
 959.26432 0 0 0
 962.46577554211 0 0 0
 965.66545922888 0 0 0
 968.86335945097 0 0 0
 972.05946459904 0 0 0
 975.25376306375 0 0 0
 978.44624323576 0 0 0
 981.63689350573 0 0 0
 984.82570226432 0 0 0
 988.01265790219 0 0 0
 991.19774881 0 0 0
 994.38096337841 0 0 0
 997.56228999808 0 0 0
 1000.74171705967 0 0 0
 1003.91923295384 0 0 0
 1007.09482607125 0 0 0
 1010.26848480256 0 0 0
 1013.44019753843 0 0 0
 1016.60995266952 0 0 0
 1019.77773858649 0 0 0
 1022.94354368 0 0 0
 1026.10735634071 0 0 0
 1029.26916495928 0 0 0
 1032.42895792637 0 0 0
 1035.58672363264 0 0 0
 1038.74245046875 0 0 0
 1041.89612682536 0 0 0
 1045.04774109313 0 0 0
 1048.19728166272 0 0 0
 1051.34473692479 0 0 0
 1054.49009527 0 0 0
 1057.63334508901 0 0 0
 1060.77447477248 0 0 0
 1063.91347271107 0 0 0
 1067.05032729544 0 0 0
 1070.18502691625 0 0 0
 1073.31755996416 0 0 0
 1076.44791482983 0 0 0
 1079.57607990392 0 0 0
 1082.70204357709 0 0 0
 1085.82579424 0 0 0
 1088.94732028331 0 0 0
 1092.06661009768 0 0 0
 1095.18365207377 0 0 0
 1098.29843460224 0 0 0
 1101.41094607375 0 0 0
 1104.52117487896 0 0 0
 1107.62910940853 0 0 0
 1110.73473805312 0 0 0
 1113.83804920339 0 0 0
 1116.93903125 0 0 0
 1120.03767258361 0 0 0
 1123.13396159488 0 0 0
 1126.22788667447 0 0 0
 1129.31943621304 0 0 0
 1132.40859860125 0 0 0
 1135.49536222976 0 0 0
[END] of [DATA]
[END] of [Spectrum]


#TBID:2021-08-24 03:00:00;SAM_84C8;RAW;

[Spectrum]
Version            = 1
IDData             = 96B1_2021-08-24_03-00-00_000_465
IDDevice           = SAM_84C8
IDDataType         = SPECTRUM
IDDataTypeSub1     = RAW
IDDataTypeSub2     = 
IDDataTypeSub3     = 
DateTime           = 2021-08-24 03:00:00
PositionLatitude   = 0
PositionLongitude  = 0
Comment            = 
CommentSub1        = 
CommentSub2        = 
CommentSub3        = 
IDMethodType       = SAM Control
MethodName         = SAM_84C8
Mission            = No Mission
MissionSub         = 1
RecordType         = 0
[Attributes]
CalFactor = 1
IDBasisSpec = 
IDDataBack = DLAB_2015-08-21_12-14-03_013_778
IDDataCal = DLAB_2015-08-24_11-04-47_772_747
IntegrationTime = 4096
P31 = -1
P31e = 0
PathLength = +INF
PathLengthCustomOn = 0
RAWDynamic = 65535
Salinity = 0
Temperature = -NAN
Unit1 = $05 $00 Pixel 
Unit2 = $03 $05 Intensity counts
Unit3 = $f0 $05 Error counts
Unit4 = $f1 $00 Status 
p999 = 2145
[END] of [Attributes]
[DATA]
 0 11 0 0
 1 1936 0 0
 2 1928 0 0
 3 1921 0 0
 4 1925 0 0
 5 1928 0 0
 6 1929 0 0
 7 1929 0 0
 8 1925 0 0
 9 1933 0 0
 10 1943 0 0
 11 1948 0 0
 12 1952 0 0
 13 1945 0 0
 14 1946 0 0
 15 1951 0 0
 16 1953 0 0
 17 1937 0 0
 18 1944 0 0
 19 1949 0 0
 20 1955 0 0
 21 1973 0 0
 22 1974 0 0
 23 1972 0 0
 24 1978 0 0
 25 1972 0 0
 26 1967 0 0
 27 1970 0 0
 28 1975 0 0
 29 1978 0 0
 30 1973 0 0
 31 1972 0 0
 32 1970 0 0
 33 1967 0 0
 34 1952 0 0
 35 1948 0 0
 36 1961 0 0
 37 1973 0 0
 38 1961 0 0
 39 1957 0 0
 40 1966 0 0
 41 1966 0 0
 42 1966 0 0
 43 1968 0 0
 44 1959 0 0
 45 1971 0 0
 46 1965 0 0
 47 1964 0 0
 48 1991 0 0
 49 1992 0 0
 50 1976 0 0
 51 1979 0 0
 52 1980 0 0
 53 1976 0 0
 54 1966 0 0
 55 1945 0 0
 56 1965 0 0
 57 1966 0 0
 58 1970 0 0
 59 1960 0 0
 60 1959 0 0
 61 1963 0 0
 62 2005 0 0
 63 1989 0 0
 64 1977 0 0
 65 1971 0 0
 66 1982 0 0
 67 1979 0 0
 68 1984 0 0
 69 1950 0 0
 70 1964 0 0
 71 1966 0 0
 72 1978 0 0
 73 1967 0 0
 74 1975 0 0
 75 1973 0 0
 76 1994 0 0
 77 1992 0 0
 78 1987 0 0
 79 2008 0 0
 80 1998 0 0
 81 1994 0 0
 82 1995 0 0
 83 1992 0 0
 84 1994 0 0
 85 1986 0 0
 86 1964 0 0
 87 1973 0 0
 88 1972 0 0
 89 1975 0 0
 90 1978 0 0
 91 1977 0 0
 92 1977 0 0
 93 1990 0 0
 94 1998 0 0
 95 1990 0 0
 96 1991 0 0
 97 1969 0 0
 98 1969 0 0
 99 1971 0 0
 100 1984 0 0
 101 1992 0 0
 102 1978 0 0
 103 1976 0 0
 104 1980 0 0
 105 1985 0 0
 106 1977 0 0
 107 1983 0 0
 108 1972 0 0
 109 1976 0 0
 110 1990 0 0
 111 1994 0 0
 112 1985 0 0
 113 1984 0 0
 114 1965 0 0
 115 1976 0 0
 116 1980 0 0
 117 1967 0 0
 118 1969 0 0
 119 1982 0 0
 120 1968 0 0
 121 1978 0 0
 122 1969 0 0
 123 1972 0 0
 124 1970 0 0
 125 1982 0 0
 126 1979 0 0
 127 1990 0 0
 128 1976 0 0
 129 1984 0 0
 130 1982 0 0
 131 1994 0 0
 132 2002 0 0
 133 2066 0 0
 134 1995 0 0
 135 1991 0 0
 136 1991 0 0
 137 1993 0 0
 138 1969 0 0
 139 1980 0 0
 140 1974 0 0
 141 1979 0 0
 142 1982 0 0
 143 1982 0 0
 144 1989 0 0
 145 1991 0 0
 146 1983 0 0
 147 1974 0 0
 148 2000 0 0
 149 1999 0 0
 150 2001 0 0
 151 1994 0 0
 152 2003 0 0
 153 1989 0 0
 154 1988 0 0
 155 1966 0 0
 156 1972 0 0
 157 1977 0 0
 158 1982 0 0
 159 2002 0 0
 160 1996 0 0
 161 1996 0 0
 162 1993 0 0
 163 1989 0 0
 164 1985 0 0
 165 1989 0 0
 166 1964 0 0
 167 1978 0 0
 168 1979 0 0
 169 2003 0 0
 170 2005 0 0
 171 1994 0 0
 172 1996 0 0
 173 2006 0 0
 174 1998 0 0
 175 2006 0 0
 176 1998 0 0
 177 1994 0 0
 178 1990 0 0
 179 1993 0 0
 180 1974 0 0
 181 1975 0 0
 182 1982 0 0
 183 1985 0 0
 184 1975 0 0
 185 1981 0 0
 186 1975 0 0
 187 2017 0 0
 188 1994 0 0
 189 1991 0 0
 190 1982 0 0
 191 1992 0 0
 192 1994 0 0
 193 1981 0 0
 194 1966 0 0
 195 1977 0 0
 196 1967 0 0
 197 1974 0 0
 198 1984 0 0
 199 1972 0 0
 200 1978 0 0
 201 2000 0 0
 202 1995 0 0
 203 1993 0 0
 204 1994 0 0
 205 1984 0 0
 206 1992 0 0
 207 1984 0 0
 208 1968 0 0
 209 1967 0 0
 210 1968 0 0
 211 1977 0 0
 212 1977 0 0
 213 1981 0 0
 214 1978 0 0
 215 1999 0 0
 216 1993 0 0
 217 1991 0 0
 218 1991 0 0
 219 1993 0 0
 220 1992 0 0
 221 1994 0 0
 222 1991 0 0
 223 1984 0 0
 224 1992 0 0
 225 1976 0 0
 226 1977 0 0
 227 1981 0 0
 228 1979 0 0
 229 1975 0 0
 230 1976 0 0
 231 1987 0 0
 232 1985 0 0
 233 1979 0 0
 234 1985 0 0
 235 1973 0 0
 236 1971 0 0
 237 1969 0 0
 238 1974 0 0
 239 1994 0 0
 240 1995 0 0
 241 1993 0 0
 242 1992 0 0
 243 1989 0 0
 244 1993 0 0
 245 1988 0 0
 246 1980 0 0
 247 1982 0 0
 248 1986 0 0
 249 1976 0 0
 250 1971 0 0
 251 1959 0 0
 252 1952 0 0
 253 1951 0 0
 254 1943 0 0
 255 1981 0 0
[END] of [DATA]
[END] of [Spectrum]


#TBID:2021-08-24 03:00:00;SAM_84C8;CALIBRATED;

[Spectrum]
Version            = 1
IDData             = 96B1_2021-08-24_03-00-00_000_466
IDDevice           = SAM_84C8
IDDataType         = SPECTRUM
IDDataTypeSub1     = CALIBRATED
IDDataTypeSub2     = 
IDDataTypeSub3     = 
DateTime           = 2021-08-24 03:00:00
PositionLatitude   = 0
PositionLongitude  = 0
Comment            = 
CommentSub1        = 
CommentSub2        = 
CommentSub3        = 
IDMethodType       = SAM Control
MethodName         = SAM_84C8
Mission            = No Mission
MissionSub         = 1
RecordType         = 0
[Attributes]
CalFactor = 1
IDBasisSpec = 
IDDataBack = DLAB_2015-08-21_12-14-03_013_778
IDDataCal = DLAB_2015-08-24_11-04-47_772_747
IntegrationTime = 4096
P31 = -1
P31e = 0
PathLength = +INF
PathLengthCustomOn = 0
RAWDynamic = 65535
Salinity = 0
Temperature = -NAN
Unit1 = $01 $01 Wavelength nm
Unit2 = $03 $03 Intensity mW/(m^2 nm Sr)
Unit3 = $f0 $03 Error mW/(m^2 nm Sr)
Unit4 = $f1 $00 Status 
p999 = 2145
[END] of [Attributes]
[DATA]
 0 11 0 0
 303.516048156 0 0 0
 306.890006053 0 0 0
 310.26457112 0 0 0
 313.639731825 0 0 0
 317.015476636 -0.00193101369001414 0 0
 320.391794021 -0.00179592449682345 0 0
 323.768672448 -0.00151310904486812 0 0
 327.146100385 -0.00148903271320835 0 0
 330.5240663 -0.00120622728809924 0 0
 333.902558661 -0.000614963949013172 0 0
 337.281565936 -0.000718260250312385 0 0
 340.661076593 -0.000656527243182594 0 0
 344.0410791 -0.000577642919438231 0 0
 347.421561925 -0.000512019750672052 0 0
 350.802513536 -0.000424233714828802 0 0
 354.183922401 -0.000357015705798251 0 0
 357.565776988 -0.000695751061967435 0 0
 360.948065765 -0.000499530603921037 0 0
 364.3307772 -0.000406389843003809 0 0
 367.713899761 -0.000230729466833278 0 0
 371.097421916 5.00856953885991e-005 0 0
 374.481332133 3.77914336534603e-005 0 0
 377.86561888 -1.01164581256264e-005 0 0
 381.250270625 7.51751280425873e-005 0 0
 384.635275836 2.30503985693292e-005 0 0
 388.020622981 7.13728419226208e-005 0 0
 391.406300528 3.19323700255462e-005 0 0
 394.792296945 5.48312449265746e-005 0 0
 398.1786007 0.000159542672244192 0 0
 401.565200261 -1.26118428446298e-005 0 0
 404.952084096 2.42785725342233e-005 0 0
 408.339240673 -1.18617227706426e-005 0 0
 411.72665846 1.03034588076325e-005 0 0
 415.114325925 -0.000235197514409143 0 0
 418.502231536 -0.000255709727744171 0 0
 421.890363761 -0.000137375362731041 0 0
 425.278711068 -0.000118990724836457 0 0
 428.667261925 -0.000134239143448418 0 0
 432.0560048 -8.94155122580293e-005 0 0
 435.444928161 -1.46095171676754e-005 0 0
 438.834020476 -5.56667097701952e-005 0 0
 442.223270213 -1.85615570404759e-005 0 0
 445.61266584 -3.69588214715658e-005 0 0
 449.002195825 -7.96531925361813e-005 0 0
 452.391848636 -4.68273328235366e-005 0 0
 455.781612741 -7.15703325125406e-005 0 0
 459.171476608 -6.33189403503105e-005 0 0
 462.561428705 0.000226193778941164 0 0
 465.9514575 0.000197348257715102 0 0
 469.341551461 0.000110512744876754 0 0
 472.731699056 7.22272624886999e-005 0 0
 476.121888753 9.43539053460605e-005 0 0
 479.51210902 7.59941898304248e-005 0 0
 482.902348325 8.17651654515491e-005 0 0
 486.292595136 -0.000361807443982154 0 0
 489.682837921 -0.000110879299635793 0 0
 493.073065148 -0.000153544033469308 0 0
 496.463265285 -7.55631665102296e-007 0 0
 499.8534268 -6.87490591756104e-005 0 0
 503.243538161 -0.000122666434680089 0 0
 506.633587836 -0.000110179537752457 0 0
 510.023564293 0.000309752609021829 0 0
 513.413456 0.000187154929583817 0 0
 516.803251425 0.00016188189935919 0 0
 520.192939036 3.32798113796149e-005 0 0
 523.582507301 9.2157098316706e-005 0 0
 526.971944688 8.3539182133474e-005 0 0
 530.361239665 8.82288411612371e-005 0 0
 533.7503807 -0.000232262246093294 0 0
 537.139356261 -0.000147842620751153 0 0
 540.528154816 -8.04749071418706e-005 0 0
 543.916764833 -7.31104038977987e-006 0 0
 547.30517478 -6.05496246967992e-005 0 0
 550.693373125 4.24988351696977e-005 0 0
 554.081348336 -9.01103171266082e-006 0 0
 557.469088881 0.000238820768773464 0 0
 560.856583228 0.000215590756795465 0 0
 564.243819845 0.00015936526652678 0 0
 567.6307872 0.000404252310068651 0 0
 571.017473761 0.000294570338528007 0 0
 574.403867996 0.000282383634421138 0 0
 577.789958373 0.000204435328967963 0 0
 581.17573336 0.000204469446578283 0 0
 584.561181425 0.000215223987761131 0 0
 587.946291036 0.000201988071494511 0 0
 591.331050661 -0.000115653264394147 0 0
 594.715448768 -4.93619710111579e-005 0 0
 598.099473825 -1.15336102563299e-005 0 0
 601.4831143 5.62736419926406e-005 0 0
 604.866358661 -3.30414360884485e-005 0 0
 608.249195376 4.14159844952961e-006 0 0
 611.631612913 1.16244240305736e-005 0 0
 615.01359974 0.000311910695954804 0 0
 618.395144325 0.00028174207507525 0 0
 621.776235136 0.00025788819138952 0 0
 625.156860641 0.000183142906413284 0 0
 628.537009308 -8.97739331452364e-005 0 0
 631.916669605 -7.19335529040874e-005 0 0
 635.29583 -1.04503576088954e-005 0 0
 638.674478961 4.55530866116862e-005 0 0
 642.052604956 0.000125206005060259 0 0
 645.430196453 -8.66981815757623e-006 0 0
 648.80724192 4.6635815024452e-005 0 0
 652.183729825 0.000116327099584515 0 0
 655.559648636 6.45553910062501e-005 0 0
 658.934986821 9.22365122720098e-005 0 0
 662.309732848 0.000169365506399699 0 0
 665.683875185 4.52152857937633e-005 0 0
 669.0574023 8.5266463370175e-005 0 0
 672.430302661 0.000167964325755668 0 0
 675.802564736 0.000108981276717651 0 0
 679.174176993 0.000160472711488445 0 0
 682.5451279 0.000141710502668717 0 0
 685.915405925 -0.000246725621907043 0 0
 689.284999536 -0.000140811703224263 0 0
 692.653897201 -0.000110489409450465 0 0
 696.022087388 -0.000164047084730559 0 0
 699.389558565 -9.85912602794083e-005 0 0
 702.7562992 3.96401278703324e-006 0 0
 706.122297761 -5.36227966645474e-005 0 0
 709.487542716 3.64167227758397e-005 0 0
 712.852022533 -3.29680252004056e-005 0 0
 716.21572568 -2.17903884015752e-005 0 0
 719.578640625 -4.11267598966306e-005 0 0
 722.940755836 0.000130622350274991 0 0
 726.302059781 6.17151850105407e-005 0 0
 729.662540928 0.000105142967201342 0 0
 733.022187745 6.54115504291161e-005 0 0
 736.3809887 0.000132335839716117 0 0
 739.738932261 0.000245054589476466 0 0
 743.096006896 0.000363350129081986 0 0
 746.452201073 0.000596160599109765 0 0
 749.80750326 0.000719422701856128 0 0
 753.161901925 0.000360469141832915 0 0
 756.515385536 0.000395895330330458 0 0
 759.867942561 0.000388465623666169 0 0
 763.219561468 0.000364601293675147 0 0
 766.570230725 -0.000119145123394262 0 0
 769.9199388 -7.25677420688004e-005 0 0
 773.268674161 -8.09751995414772e-005 0 0
 776.616425276 0.000146862149069917 0 0
 779.963180613 7.31828941615833e-005 0 0
 783.30892864 0.000165329037067189 0 0
 786.653657825 0.000157599416104685 0 0
 789.997356636 0.000349030255282726 0 0
 793.340013541 0.000103061903191571 0 0
 796.681617008 9.71773898149844e-006 0 0
 800.022155505 0.000703763481916158 0 0
 803.3616175 0.000879920288034581 0 0
 806.699991461 0.000926232097120339 0 0
 810.037265856 0.000633877036322067 0 0
 813.373429153 0.000850906417270875 0 0
 816.70846982 0.000548031403387743 0 0
 820.042376325 0.000635107740766735 0 0
 823.375137136 -0.000216749267168276 0 0
 826.706740721 -0.000265312360162246 0 0
 830.037175548 -0.000134026600775555 0 0
 833.366430085 0.000191956374124683 0 0
 836.6944928 0.00142512235336661 0 0
 840.021352161 0.000872278203067851 0 0
 843.346996636 0.00115191467048509 0 0
 846.671414693 0.000847362550890654 0 0
 849.9945948 0.000775326958950128 0 0
 853.316525425 0.000941123567239794 0 0
 856.637195036 0.000570838795512421 0 0
 859.956592101 -0.00100594867731706 0 0
 863.274705088 -0.000276822068299088 0 0
 866.591522465 -1.40880698452202e-005 0 0
 869.9070327 0.00226572504675661 0 0
 873.221224261 0.00209583707711636 0 0
 876.534085616 0.00164810662650972 0 0
 879.845605233 0.00160394205735532 0 0
 883.15577158 0.00373174008758065 0 0
 886.464573125 0.00248282285257051 0 0
 889.771998336 0.00227360149806634 0 0
 893.078035681 0.0024737661260685 0 0
 896.382673628 0.0019831925916574 0 0
 899.685900645 0.0019615253672478 0 0
 902.9877052 0.00175618733132565 0 0
 906.288075761 -0.000835935678038591 0 0
 909.587000796 -0.000470748936322943 0 0
 912.884468773 0.000470827319440058 0 0
 916.18046816 0.0010289074865672 0 0
 919.474987425 0.000481804775345047 0 0
 922.768015036 0.000413975089368016 0 0
 926.059539461 0.000153002075630095 0 0
 929.349549168 0.00567357624431893 0 0
 932.638032625 0.00330551351476072 0 0
 935.9249783 0.00287782458594235 0 0
 939.210374661 0.00257092163897627 0 0
 942.494210176 0.00320970973384381 0 0
 945.776473313 0.00282565083376177 0 0
 949.05715254 0.00288189797352918 0 0
 952.336236325 -0.00310627062640276 0 0
 955.613713136 0 0 0
 958.889571441 0 0 0
 962.163799708 0 0 0
 965.436386405 0 0 0
 968.70732 0 0 0
 971.976588961 0 0 0
 975.244181756 0 0 0
 978.510086853 0 0 0
 981.77429272 0 0 0
 985.036787825 0 0 0
 988.297560636 0 0 0
 991.556599621 0 0 0
 994.813893248 0 0 0
 998.069429985 0 0 0
 1001.3231983 0 0 0
 1004.575186661 0 0 0
 1007.825383536 0 0 0
 1011.073777393 0 0 0
 1014.3203567 0 0 0
 1017.565109925 0 0 0
 1020.808025536 0 0 0
 1024.049092001 0 0 0
 1027.288297788 0 0 0
 1030.525631365 0 0 0
 1033.7610812 0 0 0
 1036.994635761 0 0 0
 1040.226283516 0 0 0
 1043.456012933 0 0 0
 1046.68381248 0 0 0
 1049.909670625 0 0 0
 1053.133575836 0 0 0
 1056.355516581 0 0 0
 1059.575481328 0 0 0
 1062.793458545 0 0 0
 1066.0094367 0 0 0
 1069.223404261 0 0 0
 1072.435349696 0 0 0
 1075.645261473 0 0 0
 1078.85312806 0 0 0
 1082.058937925 0 0 0
 1085.262679536 0 0 0
 1088.464341361 0 0 0
 1091.663911868 0 0 0
 1094.861379525 0 0 0
 1098.0567328 0 0 0
 1101.249960161 0 0 0
 1104.441050076 0 0 0
 1107.629991013 0 0 0
 1110.81677144 0 0 0
 1114.001379825 0 0 0
 1117.183804636 0 0 0
 1120.364034341 0 0 0
 1123.542057408 0 0 0
 1126.717862305 0 0 0
 1129.8914375 0 0 0
 1133.062771461 0 0 0
 1136.231852656 0 0 0
 1139.398669553 0 0 0
 1142.56321062 0 0 0
 1145.725464325 0 0 0
 1148.885419136 0 0 0
[END] of [DATA]
[END] of [Spectrum]

