
#TBID:2021-07-22 02:30:00;SAM_84DC;CALIBRATED;

[Spectrum]
Version            = 1
IDData             = 96B1_2021-07-22_02-30-00_000_616
IDDevice           = SAM_84DC
IDDataType         = SPECTRUM
IDDataTypeSub1     = CALIBRATED
IDDataTypeSub2     = 
IDDataTypeSub3     = 
DateTime           = 2021-07-22 02:30:00
PositionLatitude   = 0
PositionLongitude  = 0
Comment            = 
CommentSub1        = 
CommentSub2        = 
CommentSub3        = 
IDMethodType       = SAM Control
MethodName         = SAM_84DC
Mission            = No Mission
MissionSub         = 1
RecordType         = 0
[Attributes]
CalFactor = 1
IDBasisSpec = 
IDDataBack = DLAB_2015-08-21_13-19-54_137_939
IDDataCal = DLAB_2015-08-24_10-46-55_592_608
IntegrationTime = 4096
P31 = -1
P31e = 0
PathLength = +INF
PathLengthCustomOn = 0
RAWDynamic = 65535
Salinity = 0
Temperature = -NAN
Unit1 = $01 $01 Wavelength nm
Unit2 = $03 $03 Intensity mW/(m^2 nm Sr)
Unit3 = $f0 $03 Error mW/(m^2 nm Sr)
Unit4 = $f1 $00 Status 
p999 = 560
[END] of [Attributes]
[DATA]
 0 11 0 0
 305.71650776488 0 0 0
 309.04007505697 0 0 0
 312.36416914304 0 0 0
 315.68877841375 0 0 0
 319.01389125976 -0.000924076882673565 0 0
 322.33949607173 -0.000686042742327452 0 0
 325.66558124032 -0.000698752169056351 0 0
 328.99213515619 -0.000394912934580894 0 0
 332.31914621 -0.000501743743461054 0 0
 335.64660279241 -0.000494324839241264 0 0
 338.97449329408 -0.000412393813475571 0 0
 342.30280610567 -0.000391878934844774 0 0
 345.63152961784 -0.00030418867600687 0 0
 348.96065222125 -0.000281092508861028 0 0
 352.29016230656 -0.000121532378690661 0 0
 355.62004826443 -0.000254453677209673 0 0
 358.95029848552 -0.000265946989874626 0 0
 362.28090136049 -0.000173317184147337 0 0
 365.61184528 -0.000180096583117014 0 0
 368.94311863471 -0.000101416088818185 0 0
 372.27470981528 -4.89860779602675e-005 0 0
 375.60660721237 -0.000122910104453183 0 0
 378.93879921664 3.49452294837135e-006 0 0
 382.27127421875 8.45229600997799e-005 0 0
 385.60402060936 0.000122558861536797 0 0
 388.93702677913 3.02849612985128e-005 0 0
 392.27028111872 -5.20692300943667e-005 0 0
 395.60377201879 0.000151681366169032 0 0
 398.93748787 0.000261236046639013 0 0
 402.27141706301 0.000135065985598182 0 0
 405.60554798848 0.000114274548370059 0 0
 408.93986903707 9.72032714959222e-005 0 0
 412.27436859944 0.000143171946340286 0 0
 415.60903506625 5.08704812548847e-005 0 0
 418.94385682816 0.000148410525756854 0 0
 422.27882227583 6.07100402868817e-005 0 0
 425.61391979992 2.50372544309582e-005 0 0
 428.94913779109 5.93171111522755e-005 0 0
 432.28446464 1.41450839885651e-005 0 0
 435.61988873731 9.99208285074613e-006 0 0
 438.95539847368 6.02672366293103e-005 0 0
 442.29098223977 3.31816440364733e-005 0 0
 445.62662842624 3.90259949494479e-005 0 0
 448.96232542375 -2.5254754428885e-005 0 0
 452.29806162296 5.2524425309739e-005 0 0
 455.63382541453 3.95046469231088e-005 0 0
 458.96960518912 -5.96608917911118e-005 0 0
 462.30538933739 4.09800900433897e-006 0 0
 465.64116625 -1.6194616905712e-005 0 0
 468.97692431761 5.92014165413249e-006 0 0
 472.31265193088 -7.45024940739141e-006 0 0
 475.64833748047 1.82524928742404e-005 0 0
 478.98396935704 1.59749580037208e-005 0 0
 482.31953595125 -4.93457436222232e-005 0 0
 485.65502565376 -4.12480455864636e-005 0 0
 488.99042685523 -2.66463258640836e-005 0 0
 492.32572794632 -2.8270526805391e-005 0 0
 495.66091731769 -8.76392164769463e-005 0 0
 498.99598336 -5.62164459836392e-005 0 0
 502.33091446391 -3.16197270282557e-005 0 0
 505.66569902008 8.71754926686291e-006 0 0
 509.00032541917 3.89097348367093e-005 0 0
 512.33478205184 -8.80098986294362e-005 0 0
 515.66905730875 -4.19952546938162e-005 0 0
 519.00313958056 5.69109212360289e-005 0 0
 522.33701725793 3.25486927829699e-005 0 0
 525.67067873152 3.62835762572959e-005 0 0
 529.00411239199 -6.51692320106269e-005 0 0
 532.33730663 3.6849140007016e-005 0 0
 535.67024983621 1.58897923178383e-005 0 0
 539.00293040128 -2.74765448220972e-005 0 0
 542.33533671587 -1.42016709324042e-005 0 0
 545.66745717064 -6.03560178399813e-005 0 0
 548.99928015625 -4.46957956909913e-005 0 0
 552.33079406336 -2.61533554727309e-005 0 0
 555.66198728263 -0.000107781189235802 0 0
 558.99284820472 -5.7488200608411e-005 0 0
 562.32336522029 -9.06942345597848e-005 0 0
 565.65352672 -4.98746107102716e-005 0 0
 568.98332109451 -4.33527621384688e-005 0 0
 572.31273673448 -8.17753126262387e-005 0 0
 575.64176203057 -5.58735412307032e-005 0 0
 578.97038537344 -2.71937327827307e-005 0 0
 582.29859515375 -9.69250471096815e-006 0 0
 585.62637976216 -0.000111238365247275 0 0
 588.95372758933 -0.000103496251013065 0 0
 592.28062702592 -6.78131965420325e-005 0 0
 595.60706646259 -0.000179115616185404 0 0
 598.93303429 -0.000139290918875876 0 0
 602.25851889881 -0.000127173058312381 0 0
 605.58350867968 -0.000179982810900105 0 0
 608.90799202327 -0.000238834175020142 0 0
 612.23195732024 -0.000259739917115612 0 0
 615.55539296125 -0.000306226098433902 0 0
 618.87828733696 -0.000281239453715399 0 0
 622.20062883803 -0.000256692805557547 0 0
 625.52240585512 -0.000295329347923267 0 0
 628.84360677889 -0.000239559595904109 0 0
 632.16422 -0.000214415165988776 0 0
 635.48423390911 -0.000245690261796227 0 0
 638.80363689688 -0.000130892214216687 0 0
 642.12241735397 -0.000232677592039729 0 0
 645.44056367104 -0.000221744760639411 0 0
 648.75806423875 -0.000314192164931565 0 0
 652.07490744776 -0.000199552281412245 0 0
 655.39108168873 -0.000191950068121578 0 0
 658.70657535232 -0.00021553755857124 0 0
 662.02137682919 -0.000297321874687961 0 0
 665.33547451 -0.000256624422885291 0 0
 668.64885678541 -0.000192630751640209 0 0
 671.96151204608 -0.000232899952831594 0 0
 675.27342868267 -0.000249934823287928 0 0
 678.58459508584 -0.000143487252543172 0 0
 681.89499964625 -0.000253070144041977 0 0
 685.20463075456 -0.000187013180284807 0 0
 688.51347680143 -0.000272658901893023 0 0
 691.82152617752 -0.00026929844767423 0 0
 695.12876727349 -0.000265558923050273 0 0
 698.43518848 -0.000202005989649381 0 0
 701.74077818771 -0.000155910875150471 0 0
 705.04552478728 -0.000180310104045695 0 0
 708.34941666937 -0.000196494682246781 0 0
 711.65244222464 -9.88649305123625e-005 0 0
 714.95458984375 -9.91472186054971e-005 0 0
 718.25584791736 -0.000158782411192196 0 0
 721.55620483613 -0.000159748116081488 0 0
 724.85564899072 -9.27237487894627e-005 0 0
 728.15416877179 -0.000151157334924858 0 0
 731.45175257 -0.000115693232381584 0 0
 734.74838877601 -0.000183552915756954 0 0
 738.04406578048 -0.000146400706590416 0 0
 741.33877197407 -2.98215929843683e-005 0 0
 744.63249574744 -0.000144820454246263 0 0
 747.92522549125 -6.13904004864177e-005 0 0
 751.21694959616 -0.000234786519157418 0 0
 754.50765645283 -0.000118306560859916 0 0
 757.79733445192 -7.69425061374829e-005 0 0
 761.08597198409 -4.23924497486944e-006 0 0
 764.37355744 -0.000178604776329652 0 0
 767.66007921031 -0.000210194236209625 0 0
 770.94552568568 -5.39346275291121e-005 0 0
 774.22988525677 -0.000132427065746235 0 0
 777.51314631424 2.53739076514914e-005 0 0
 780.79529724875 -5.14009709011529e-005 0 0
 784.07632645096 -9.55562912977187e-005 0 0
 787.35622231153 -0.000291150757959403 0 0
 790.63497322112 -0.000250633088868179 0 0
 793.91256757039 -0.000290868870478172 0 0
 797.18899375 -0.000250528229059967 0 0
 800.46424015061 -0.000142920473077783 0 0
 803.73829516288 -0.000271617364806343 0 0
 807.01114717747 -0.000391101081305354 0 0
 810.28278458504 -0.000259138772855105 0 0
 813.55319577625 -0.000300488825304428 0 0
 816.82236914176 -0.000370200454691151 0 0
 820.09029307223 -0.000285429958816753 0 0
 823.35695595832 -0.000478531984307824 0 0
 826.62234619069 -0.000187218471381735 0 0
 829.88645216 -0.000254558447328285 0 0
 833.14926225691 -0.000284226431038859 0 0
 836.41076487208 -0.00048593887668629 0 0
 839.67094839617 -0.00032708966649995 0 0
 842.92980121984 -0.000513147549875868 0 0
 846.18731173375 -0.000247951432346613 0 0
 849.44346832856 -0.000740028893248672 0 0
 852.69825939493 -0.000481716159700797 0 0
 855.95167332352 -0.000595444106117116 0 0
 859.20369850499 -0.000559039866447428 0 0
 862.45432333 -0.00046974307299385 0 0
 865.70353618921 -0.00071315437911859 0 0
 868.95132547328 -0.000443724081180432 0 0
 872.19767957287 -0.000363064182092412 0 0
 875.44258687864 -0.000199560559801516 0 0
 878.68603578125 -0.000759617478340991 0 0
 881.92801467136 -0.000602897022896228 0 0
 885.16851193963 -0.00121460747469851 0 0
 888.40751597672 -0.000530258243406961 0 0
 891.64501517329 -0.000939128550366703 0 0
 894.88099792 -0.000587276957996357 0 0
 898.11545260751 -0.000643924318395987 0 0
 901.34836762648 -0.000291050908197517 0 0
 904.57973136757 -0.000234853519462317 0 0
 907.80953222144 -9.45444888707901e-005 0 0
 911.03775857875 -0.00087546291785654 0 0
 914.26439883016 -0.000800904890698736 0 0
 917.48944136633 -0.000758008302057336 0 0
 920.71287457792 -0.000500493190094471 0 0
 923.93468685559 0.000309231874948897 0 0
 927.15486659 -0.000161561569297831 0 0
 930.37340217181 -0.00190728923416034 0 0
 933.59028199168 -0.000785312729462819 0 0
 936.80549444027 -0.00119388300590073 0 0
 940.01902790824 -0.00119062973218692 0 0
 943.23087078625 -0.000702909738710695 0 0
 946.44101146496 -0.00159358568319411 0 0
 949.64943833503 -0.00268361241799851 0 0
 952.85613978712 -0.000342605367564895 0 0
 956.06110421189 0 0 0
 959.26432 0 0 0
 962.46577554211 0 0 0
 965.66545922888 0 0 0
 968.86335945097 0 0 0
 972.05946459904 0 0 0
 975.25376306375 0 0 0
 978.44624323576 0 0 0
 981.63689350573 0 0 0
 984.82570226432 0 0 0
 988.01265790219 0 0 0
 991.19774881 0 0 0
 994.38096337841 0 0 0
 997.56228999808 0 0 0
 1000.74171705967 0 0 0
 1003.91923295384 0 0 0
 1007.09482607125 0 0 0
 1010.26848480256 0 0 0
 1013.44019753843 0 0 0
 1016.60995266952 0 0 0
 1019.77773858649 0 0 0
 1022.94354368 0 0 0
 1026.10735634071 0 0 0
 1029.26916495928 0 0 0
 1032.42895792637 0 0 0
 1035.58672363264 0 0 0
 1038.74245046875 0 0 0
 1041.89612682536 0 0 0
 1045.04774109313 0 0 0
 1048.19728166272 0 0 0
 1051.34473692479 0 0 0
 1054.49009527 0 0 0
 1057.63334508901 0 0 0
 1060.77447477248 0 0 0
 1063.91347271107 0 0 0
 1067.05032729544 0 0 0
 1070.18502691625 0 0 0
 1073.31755996416 0 0 0
 1076.44791482983 0 0 0
 1079.57607990392 0 0 0
 1082.70204357709 0 0 0
 1085.82579424 0 0 0
 1088.94732028331 0 0 0
 1092.06661009768 0 0 0
 1095.18365207377 0 0 0
 1098.29843460224 0 0 0
 1101.41094607375 0 0 0
 1104.52117487896 0 0 0
 1107.62910940853 0 0 0
 1110.73473805312 0 0 0
 1113.83804920339 0 0 0
 1116.93903125 0 0 0
 1120.03767258361 0 0 0
 1123.13396159488 0 0 0
 1126.22788667447 0 0 0
 1129.31943621304 0 0 0
 1132.40859860125 0 0 0
 1135.49536222976 0 0 0
[END] of [DATA]
[END] of [Spectrum]


#TBID:2021-07-22 03:00:00;SAM_84CE;RAW;

[Spectrum]
Version            = 1
IDData             = 96B1_2021-07-22_03-00-00_000_619
IDDevice           = SAM_84CE
IDDataType         = SPECTRUM
IDDataTypeSub1     = RAW
IDDataTypeSub2     = 
IDDataTypeSub3     = 
DateTime           = 2021-07-22 03:00:00
PositionLatitude   = 0
PositionLongitude  = 0
Comment            = 
CommentSub1        = 
CommentSub2        = 
CommentSub3        = 
IDMethodType       = SAM Control
MethodName         = SAM_84CE
Mission            = No Mission
MissionSub         = 1
RecordType         = 0
[Attributes]
CalFactor = 1
IDBasisSpec = 
IDDataBack = DLAB_2015-08-21_11-56-43_233_004
IDDataCal = DLAB_2015-08-26_10-05-37_585_478
IntegrationTime = 4096
P31 = -1
P31e = 0
PathLength = +INF
PathLengthCustomOn = 0
RAWDynamic = 65535
Salinity = 0
Temperature = -NAN
Unit1 = $05 $00 Pixel 
Unit2 = $03 $05 Intensity counts
Unit3 = $f0 $05 Error counts
Unit4 = $f1 $00 Status 
p999 = 561
[END] of [Attributes]
[DATA]
 0 11 0 0
 1 1488 0 0
 2 1492 0 0
 3 1489 0 0
 4 1507 0 0
 5 1504 0 0
 6 1500 0 0
 7 1500 0 0
 8 1510 0 0
 9 1514 0 0
 10 1514 0 0
 11 1512 0 0
 12 1514 0 0
 13 1516 0 0
 14 1523 0 0
 15 1514 0 0
 16 1521 0 0
 17 1511 0 0
 18 1520 0 0
 19 1519 0 0
 20 1527 0 0
 21 1524 0 0
 22 1524 0 0
 23 1539 0 0
 24 1530 0 0
 25 1529 0 0
 26 1538 0 0
 27 1537 0 0
 28 1523 0 0
 29 1529 0 0
 30 1528 0 0
 31 1541 0 0
 32 1531 0 0
 33 1528 0 0
 34 1527 0 0
 35 1528 0 0
 36 1535 0 0
 37 1528 0 0
 38 1532 0 0
 39 1532 0 0
 40 1534 0 0
 41 1535 0 0
 42 1535 0 0
 43 1533 0 0
 44 1526 0 0
 45 1536 0 0
 46 1531 0 0
 47 1539 0 0
 48 1534 0 0
 49 1538 0 0
 50 1536 0 0
 51 1530 0 0
 52 1534 0 0
 53 1530 0 0
 54 1538 0 0
 55 1531 0 0
 56 1534 0 0
 57 1532 0 0
 58 1535 0 0
 59 1530 0 0
 60 1533 0 0
 61 1536 0 0
 62 1536 0 0
 63 1533 0 0
 64 1536 0 0
 65 1528 0 0
 66 1540 0 0
 67 1533 0 0
 68 1542 0 0
 69 1526 0 0
 70 1527 0 0
 71 1536 0 0
 72 1536 0 0
 73 1538 0 0
 74 1532 0 0
 75 1536 0 0
 76 1541 0 0
 77 1536 0 0
 78 1530 0 0
 79 1538 0 0
 80 1541 0 0
 81 1542 0 0
 82 1534 0 0
 83 1532 0 0
 84 1537 0 0
 85 1533 0 0
 86 1536 0 0
 87 1543 0 0
 88 1532 0 0
 89 1533 0 0
 90 1541 0 0
 91 1538 0 0
 92 1532 0 0
 93 1544 0 0
 94 1535 0 0
 95 1531 0 0
 96 1537 0 0
 97 1538 0 0
 98 1539 0 0
 99 1541 0 0
 100 1537 0 0
 101 1530 0 0
 102 1539 0 0
 103 1548 0 0
 104 1540 0 0
 105 1538 0 0
 106 1537 0 0
 107 1538 0 0
 108 1544 0 0
 109 1544 0 0
 110 1539 0 0
 111 1543 0 0
 112 1537 0 0
 113 1539 0 0
 114 1546 0 0
 115 1540 0 0
 116 1535 0 0
 117 1543 0 0
 118 1543 0 0
 119 1539 0 0
 120 1541 0 0
 121 1539 0 0
 122 1541 0 0
 123 1539 0 0
 124 1540 0 0
 125 1542 0 0
 126 1544 0 0
 127 1534 0 0
 128 1535 0 0
 129 1540 0 0
 130 1536 0 0
 131 1542 0 0
 132 1538 0 0
 133 1540 0 0
 134 1542 0 0
 135 1544 0 0
 136 1534 0 0
 137 1541 0 0
 138 1531 0 0
 139 1540 0 0
 140 1533 0 0
 141 1537 0 0
 142 1540 0 0
 143 1539 0 0
 144 1536 0 0
 145 1546 0 0
 146 1540 0 0
 147 1533 0 0
 148 1539 0 0
 149 1541 0 0
 150 1539 0 0
 151 1536 0 0
 152 1536 0 0
 153 1537 0 0
 154 1535 0 0
 155 1536 0 0
 156 1538 0 0
 157 1539 0 0
 158 1530 0 0
 159 1539 0 0
 160 1540 0 0
 161 1543 0 0
 162 1536 0 0
 163 1533 0 0
 164 1535 0 0
 165 1536 0 0
 166 1540 0 0
 167 1539 0 0
 168 1536 0 0
 169 1540 0 0
 170 1538 0 0
 171 1547 0 0
 172 1537 0 0
 173 1539 0 0
 174 1538 0 0
 175 1540 0 0
 176 1539 0 0
 177 1541 0 0
 178 1537 0 0
 179 1538 0 0
 180 1539 0 0
 181 1537 0 0
 182 1536 0 0
 183 1528 0 0
 184 1534 0 0
 185 1537 0 0
 186 1537 0 0
 187 1542 0 0
 188 1536 0 0
 189 1536 0 0
 190 1534 0 0
 191 1536 0 0
 192 1535 0 0
 193 1539 0 0
 194 1534 0 0
 195 1533 0 0
 196 1530 0 0
 197 1535 0 0
 198 1540 0 0
 199 1534 0 0
 200 1530 0 0
 201 1543 0 0
 202 1534 0 0
 203 1533 0 0
 204 1538 0 0
 205 1536 0 0
 206 1542 0 0
 207 1534 0 0
 208 1531 0 0
 209 1531 0 0
 210 1533 0 0
 211 1531 0 0
 212 1531 0 0
 213 1534 0 0
 214 1541 0 0
 215 1542 0 0
 216 1536 0 0
 217 1536 0 0
 218 1533 0 0
 219 1538 0 0
 220 1530 0 0
 221 1533 0 0
 222 1536 0 0
 223 1537 0 0
 224 1532 0 0
 225 1535 0 0
 226 1532 0 0
 227 1537 0 0
 228 1532 0 0
 229 1542 0 0
 230 1530 0 0
 231 1537 0 0
 232 1533 0 0
 233 1540 0 0
 234 1534 0 0
 235 1540 0 0
 236 1531 0 0
 237 1538 0 0
 238 1536 0 0
 239 1532 0 0
 240 1533 0 0
 241 1534 0 0
 242 1530 0 0
 243 1544 0 0
 244 1531 0 0
 245 1536 0 0
 246 1521 0 0
 247 1534 0 0
 248 1529 0 0
 249 1528 0 0
 250 1516 0 0
 251 1523 0 0
 252 1513 0 0
 253 1508 0 0
 254 1504 0 0
 255 1551 0 0
[END] of [DATA]
[END] of [Spectrum]


#TBID:2021-07-22 03:00:00;SAM_84CE;CALIBRATED;

[Spectrum]
Version            = 1
IDData             = 96B1_2021-07-22_03-00-00_000_620
IDDevice           = SAM_84CE
IDDataType         = SPECTRUM
IDDataTypeSub1     = CALIBRATED
IDDataTypeSub2     = 
IDDataTypeSub3     = 
DateTime           = 2021-07-22 03:00:00
PositionLatitude   = 0
PositionLongitude  = 0
Comment            = 
CommentSub1        = 
CommentSub2        = 
CommentSub3        = 
IDMethodType       = SAM Control
MethodName         = SAM_84CE
Mission            = No Mission
MissionSub         = 1
RecordType         = 0
[Attributes]
CalFactor = 1
IDBasisSpec = 
IDDataBack = DLAB_2015-08-21_11-56-43_233_004
IDDataCal = DLAB_2015-08-26_10-05-37_585_478
IntegrationTime = 4096
P31 = -1
P31e = 0
PathLength = +INF
PathLengthCustomOn = 0
RAWDynamic = 65535
Salinity = 0
Temperature = -NAN
Unit1 = $01 $01 Wavelength nm
Unit2 = $03 $06 Intensity mW/(m^2 nm)
Unit3 = $f0 $06 Error mW/(m^2 nm)
Unit4 = $f1 $00 Status 
p999 = 561
[END] of [Attributes]
[DATA]
 0 11 0 0
 303.485180022 0 0 0
 306.85638880275 0 0 0
 310.228324544 0 0 0
 313.60097308125 0 0 0
 316.97432025 -0.00636734983465302 0 0
 320.34835188575 -0.00484540168771559 0 0
 323.723053824 -0.00354265898405171 0 0
 327.09841190025 -0.000336714428087262 0 0
 330.47441195 -0.00139003344687289 0 0
 333.85103980875 -0.000400985536402764 0 0
 337.228281312 -0.00188613780458541 0 0
 340.60612229525 -0.00116505161119046 0 0
 343.984548594 -0.000462299727477069 0 0
 347.36354604375 -2.89503312857574e-005 0 0
 350.74310048 -0.000173247238836726 0 0
 354.12319773825 0.000932393345964057 0 0
 357.503823654 -0.00024363770984025 0 0
 360.88496406275 0.00058938003498629 0 0
 364.2666048 0.00152627706272952 0 0
 367.64873170125 0.00106372879896003 0 0
 371.031330602 0.00110719415591129 0 0
 374.41438733775 0.00157736644048997 0 0
 377.797887744 0.00195337987641661 0 0
 381.18181765625 0.00204339484782582 0 0
 384.56616291 0.00181570673584818 0 0
 387.95090934075 0.00270287742837922 0 0
 391.336042784 0.0021702915801793 0 0
 394.72154907525 0.00173717799405036 0 0
 398.10741405 0.00238102353217894 0 0
 401.49362354375 0.00198517772187486 0 0
 404.880163392 0.00275747575641756 0 0
 408.26701943025 0.0015343435145 0 0
 411.654177494 0.00151564667040389 0 0
 415.04162341875 0.00169281241502498 0 0
 418.42934304 0.00205234046958235 0 0
 421.81732219325 0.0016661540943039 0 0
 425.205546714 0.00194569895977132 0 0
 428.59400243775 0.00104498514726243 0 0
 431.9826752 0.00143065390128531 0 0
 435.37155083625 0.00152736113412016 0 0
 438.760615182 0.00179915780686109 0 0
 442.14985407275 0.00153579354033189 0 0
 445.539253344 0.00141367920247599 0 0
 448.92879883125 0.00134428863320014 0 0
 452.31847637 0.00252972384022732 0 0
 455.70827179575 0.000767888534645322 0 0
 459.098170944 0.00134984833154128 0 0
 462.48815965025 0.00157623576523067 0 0
 465.87822375 0.00214300199288004 0 0
 469.26834907875 0.00166250005471091 0 0
 472.658521472 0.00179723567622354 0 0
 476.04872676525 0.00236814782111605 0 0
 479.438950794 0.000991253653187578 0 0
 482.82917939375 0.00168249309456256 0 0
 486.2193984 0.00185152403721431 0 0
 489.60959364825 0.00235095871494865 0 0
 492.999750974 0.00200876178662073 0 0
 496.38985621275 0.00176988387381456 0 0
 499.7798952 0.00150638320330999 0 0
 503.16985377125 0.00249187210486188 0 0
 506.559717762 0.00224212457213841 0 0
 509.94947300775 0.00119889898414758 0 0
 513.339105344 0.00130420177789201 0 0
 516.72860060625 0.0018094783845242 0 0
 520.11794463 0.0011848971504881 0 0
 523.50712325075 0.00147459692875891 0 0
 526.896122304 0.00140032377613208 0 0
 530.28492762525 0.0021475071379799 0 0
 533.67352505 0.00127861221735601 0 0
 537.06190041375 0.00205844350862381 0 0
 540.450039552 0.00217829329628261 0 0
 543.83792830025 0.00167739037004935 0 0
 547.225552494 0.00166442811600386 0 0
 550.61289796875 0.00145002535566634 0 0
 553.99995056 0.00166758903401547 0 0
 557.38669610325 0.00133936567638461 0 0
 560.773120434 0.00186623133670123 0 0
 564.15920938775 0.00159078744790359 0 0
 567.5449488 0.00175047212985707 0 0
 570.93032450625 0.0019552936818903 0 0
 574.315322342 0.00201205149715537 0 0
 577.69992814275 0.00171796186746498 0 0
 581.084127744 0.00178530480533575 0 0
 584.46790698125 0.00233786526979958 0 0
 587.85125169 0.00174416697276908 0 0
 591.23414770575 0.00194184599741484 0 0
 594.616580864 0.00275704509257988 0 0
 597.99853700025 0.0016333134384704 0 0
 601.38000195 0.00176477135672224 0 0
 604.76096154875 0.00185413718792845 0 0
 608.141401632 0.00165323548709965 0 0
 611.52130803525 0.00104568756071849 0 0
 614.900666594 0.00205201885443846 0 0
 618.27946314375 0.0019029624658038 0 0
 621.65768352 0.00186576565042801 0 0
 625.03531355825 0.00282732214621728 0 0
 628.412339094 0.00195578852706995 0 0
 631.78874596275 0.00155775549507465 0 0
 635.16452 0.00223000502242736 0 0
 638.53964704125 0.00176172886514682 0 0
 641.914112922 0.0012623762689195 0 0
 645.28790347775 0.00240149051938573 0 0
 648.661004544 0.00387454776885155 0 0
 652.03340195625 0.00310928558946698 0 0
 655.40508155 0.00176527886060441 0 0
 658.77602916075 0.0021606982683278 0 0
 662.146230624 0.00299725502622271 0 0
 665.51567177525 0.00427066138201587 0 0
 668.88433845 0.00237697469577266 0 0
 672.25221648375 0.00311861317373754 0 0
 675.619291712 0.00199553751555112 0 0
 678.98554997025 0.00212233450662602 0 0
 682.350977094 0.00341815443439943 0 0
 685.71555891875 0.00385621763066661 0 0
 689.07928128 0.0032398140283478 0 0
 692.44213001325 0.0028776562217747 0 0
 695.804090954 0.00297762885634274 0 0
 699.16514993775 0.00351431782401815 0 0
 702.5252928 0.00250439483164427 0 0
 705.88450537625 0.00275084298648729 0 0
 709.242773502 0.00314568513983946 0 0
 712.60008301275 0.00276686192809562 0 0
 715.956419744 0.00325445916669543 0 0
 719.31176953125 0.00326067928972475 0 0
 722.66611821 0.00399500594093709 0 0
 726.01945161575 0.00271567593260816 0 0
 729.371755584 0.00247527166228581 0 0
 732.72301595025 0.00199586542878375 0 0
 736.07321855 0.00349809923815813 0 0
 739.42234921875 0.00338156099342119 0 0
 742.770393792 0.00199442812955265 0 0
 746.11733810525 0.00325956761022801 0 0
 749.463167994 0.00363069545414499 0 0
 752.80786929375 0.00403962243451706 0 0
 756.15142784 0.00426286490915475 0 0
 759.49382946825 0.00224491223239314 0 0
 762.835060014 0.00252907080621029 0 0
 766.17510531275 0.00319965031677753 0 0
 769.5139512 0.0025669462390945 0 0
 772.85158351125 0.00315311102647977 0 0
 776.187988082 0.00291875234673704 0 0
 779.52315074775 0.00454715232364442 0 0
 782.857057344 0.00391061914663128 0 0
 786.18969370625 0.00287740890500859 0 0
 789.52104567 0.00337943631215395 0 0
 792.85109907075 0.00290975906550002 0 0
 796.179839744 0.00426551880238262 0 0
 799.50725352525 0.00365116469434338 0 0
 802.83332625 0.00590725990440511 0 0
 806.15804375375 0.00576628935414175 0 0
 809.481391872 0.00526719498869771 0 0
 812.80335644025 0.00514623026544344 0 0
 816.123923294 0.00353413484694813 0 0
 819.44307826875 0.00375862320883219 0 0
 822.7608072 0.00453908106110218 0 0
 826.07709592325 0.00605440635494284 0 0
 829.391930274 0.00539734655666959 0 0
 832.70529608775 0.00433720533339828 0 0
 836.0171792 0.00579589096640982 0 0
 839.32756544625 0.00604899848428828 0 0
 842.636440662 0.0069535917304562 0 0
 845.94379068275 0.00452959439565361 0 0
 849.249601344 0.00351878142622041 0 0
 852.55385848125 0.00450614239309059 0 0
 855.85654793 0.00721406214133054 0 0
 859.15765552575 0.0108859737752508 0 0
 862.457167104 0.008993244536493 0 0
 865.75506850025 0.00769612108818351 0 0
 869.05134555 0.00805967572250146 0 0
 872.34598408875 0.00605629557514511 0 0
 875.638969952 0.0128420005099784 0 0
 878.93028897525 0.0072735624218716 0 0
 882.219926994 0.0102224485603325 0 0
 885.50786984375 0.0134663381924478 0 0
 888.79410336 0.010915477833083 0 0
 892.07861337825 0.0107539772450358 0 0
 895.361385734 0.0129633849035245 0 0
 898.64240626275 0.00590056605902507 0 0
 901.9216608 0.00899774479398581 0 0
 905.19913518125 0.0091933580324546 0 0
 908.474815242 0.00908461766859381 0 0
 911.74868681775 0.00971713543256491 0 0
 915.020735744 0.0100160210070805 0 0
 918.29094785625 0.0165497278335089 0 0
 921.55930899 0.0131833999838568 0 0
 924.82580498075 0.00901627909062598 0 0
 928.090421664 0.0149448871375288 0 0
 931.35314487525 0.0152588483140574 0 0
 934.61396045 0.0153886743254822 0 0
 937.87285422375 0.0116022763185137 0 0
 941.129812032 0.0097947382260075 0 0
 944.38481971025 0.015367922425604 0 0
 947.637863094 0.0236537013329805 0 0
 950.88892801875 0.0169859894947809 0 0
 954.13800032 0 0 0
 957.38506583325 0 0 0
 960.630110394 0 0 0
 963.87311983775 0 0 0
 967.11408 0 0 0
 970.35297671625 0 0 0
 973.589795822 0 0 0
 976.82452315275 0 0 0
 980.057144544 0 0 0
 983.28764583125 0 0 0
 986.51601285 0 0 0
 989.74223143575 0 0 0
 992.966287424 0 0 0
 996.18816665025 0 0 0
 999.40785495 0 0 0
 1002.62533815875 0 0 0
 1005.840602112 0 0 0
 1009.05363264525 0 0 0
 1012.264415594 0 0 0
 1015.47293679375 0 0 0
 1018.67918208 0 0 0
 1021.88313728825 0 0 0
 1025.084788254 0 0 0
 1028.28412081275 0 0 0
 1031.4811208 0 0 0
 1034.67577405125 0 0 0
 1037.868066402 0 0 0
 1041.05798368775 0 0 0
 1044.245511744 0 0 0
 1047.43063640625 0 0 0
 1050.61334351 0 0 0
 1053.79361889075 0 0 0
 1056.971448384 0 0 0
 1060.14681782525 0 0 0
 1063.31971305 0 0 0
 1066.49011989375 0 0 0
 1069.658024192 0 0 0
 1072.82341178025 0 0 0
 1075.986268494 0 0 0
 1079.14658016875 0 0 0
 1082.30433264 0 0 0
 1085.45951174325 0 0 0
 1088.612103314 0 0 0
 1091.76209318775 0 0 0
 1094.9094672 0 0 0
 1098.05421118625 0 0 0
 1101.196310982 0 0 0
 1104.33575242275 0 0 0
 1107.472521344 0 0 0
 1110.60660358125 0 0 0
 1113.73798497 0 0 0
 1116.86665134575 0 0 0
 1119.992588544 0 0 0
 1123.11578240025 0 0 0
 1126.23621875 0 0 0
 1129.35388342875 0 0 0
 1132.468762272 0 0 0
 1135.58084111525 0 0 0
 1138.690105794 0 0 0
 1141.79654214375 0 0 0
 1144.900136 0 0 0
[END] of [DATA]
[END] of [Spectrum]


#TBID:2021-07-22 03:00:00;SAM_84DC;RAW;

[Spectrum]
Version            = 1
IDData             = 96B1_2021-07-22_03-00-00_000_622
IDDevice           = SAM_84DC
IDDataType         = SPECTRUM
IDDataTypeSub1     = RAW
IDDataTypeSub2     = 
IDDataTypeSub3     = 
DateTime           = 2021-07-22 03:00:00
PositionLatitude   = 0
PositionLongitude  = 0
Comment            = 
CommentSub1        = 
CommentSub2        = 
CommentSub3        = 
IDMethodType       = SAM Control
MethodName         = SAM_84DC
Mission            = No Mission
MissionSub         = 1
RecordType         = 0
[Attributes]
CalFactor = 1
IDBasisSpec = 
IDDataBack = DLAB_2015-08-21_13-19-54_137_939
IDDataCal = DLAB_2015-08-24_10-46-55_592_608
IntegrationTime = 4096
P31 = -1
P31e = 0
PathLength = +INF
PathLengthCustomOn = 0
RAWDynamic = 65535
Salinity = 0
Temperature = -NAN
Unit1 = $05 $00 Pixel 
Unit2 = $03 $05 Intensity counts
Unit3 = $f0 $05 Error counts
Unit4 = $f1 $00 Status 
p999 = 561
[END] of [Attributes]
[DATA]
 0 11 0 0
 1 1499 0 0
 2 1494 0 0
 3 1502 0 0
 4 1516 0 0
 5 1508 0 0
 6 1506 0 0
 7 1515 0 0
 8 1513 0 0
 9 1521 0 0
 10 1516 0 0
 11 1514 0 0
 12 1513 0 0
 13 1516 0 0
 14 1523 0 0
 15 1514 0 0
 16 1523 0 0
 17 1530 0 0
 18 1520 0 0
 19 1526 0 0
 20 1518 0 0
 21 1518 0 0
 22 1528 0 0
 23 1532 0 0
 24 1528 0 0
 25 1527 0 0
 26 1534 0 0
 27 1531 0 0
 28 1527 0 0
 29 1529 0 0
 30 1520 0 0
 31 1533 0 0
 32 1535 0 0
 33 1529 0 0
 34 1534 0 0
 35 1529 0 0
 36 1530 0 0
 37 1534 0 0
 38 1532 0 0
 39 1526 0 0
 40 1531 0 0
 41 1531 0 0
 42 1529 0 0
 43 1532 0 0
 44 1533 0 0
 45 1532 0 0
 46 1529 0 0
 47 1535 0 0
 48 1531 0 0
 49 1522 0 0
 50 1526 0 0
 51 1523 0 0
 52 1525 0 0
 53 1524 0 0
 54 1517 0 0
 55 1524 0 0
 56 1523 0 0
 57 1528 0 0
 58 1522 0 0
 59 1532 0 0
 60 1525 0 0
 61 1533 0 0
 62 1521 0 0
 63 1522 0 0
 64 1526 0 0
 65 1521 0 0
 66 1512 0 0
 67 1525 0 0
 68 1529 0 0
 69 1519 0 0
 70 1525 0 0
 71 1524 0 0
 72 1519 0 0
 73 1525 0 0
 74 1527 0 0
 75 1516 0 0
 76 1521 0 0
 77 1525 0 0
 78 1517 0 0
 79 1529 0 0
 80 1512 0 0
 81 1520 0 0
 82 1525 0 0
 83 1527 0 0
 84 1518 0 0
 85 1530 0 0
 86 1520 0 0
 87 1522 0 0
 88 1522 0 0
 89 1519 0 0
 90 1508 0 0
 91 1511 0 0
 92 1508 0 0
 93 1509 0 0
 94 1515 0 0
 95 1502 0 0
 96 1501 0 0
 97 1521 0 0
 98 1511 0 0
 99 1512 0 0
 100 1513 0 0
 101 1517 0 0
 102 1514 0 0
 103 1517 0 0
 104 1516 0 0
 105 1521 0 0
 106 1512 0 0
 107 1520 0 0
 108 1514 0 0
 109 1522 0 0
 110 1518 0 0
 111 1518 0 0
 112 1523 0 0
 113 1517 0 0
 114 1518 0 0
 115 1520 0 0
 116 1514 0 0
 117 1515 0 0
 118 1515 0 0
 119 1518 0 0
 120 1507 0 0
 121 1518 0 0
 122 1514 0 0
 123 1521 0 0
 124 1516 0 0
 125 1508 0 0
 126 1514 0 0
 127 1516 0 0
 128 1518 0 0
 129 1519 0 0
 130 1515 0 0
 131 1512 0 0
 132 1520 0 0
 133 1516 0 0
 134 1514 0 0
 135 1522 0 0
 136 1513 0 0
 137 1517 0 0
 138 1507 0 0
 139 1516 0 0
 140 1514 0 0
 141 1517 0 0
 142 1510 0 0
 143 1514 0 0
 144 1516 0 0
 145 1516 0 0
 146 1511 0 0
 147 1514 0 0
 148 1518 0 0
 149 1514 0 0
 150 1510 0 0
 151 1514 0 0
 152 1519 0 0
 153 1521 0 0
 154 1520 0 0
 155 1519 0 0
 156 1515 0 0
 157 1519 0 0
 158 1513 0 0
 159 1512 0 0
 160 1513 0 0
 161 1511 0 0
 162 1512 0 0
 163 1509 0 0
 164 1515 0 0
 165 1512 0 0
 166 1516 0 0
 167 1519 0 0
 168 1515 0 0
 169 1514 0 0
 170 1515 0 0
 171 1522 0 0
 172 1506 0 0
 173 1518 0 0
 174 1512 0 0
 175 1516 0 0
 176 1517 0 0
 177 1512 0 0
 178 1518 0 0
 179 1518 0 0
 180 1515 0 0
 181 1518 0 0
 182 1510 0 0
 183 1515 0 0
 184 1515 0 0
 185 1512 0 0
 186 1512 0 0
 187 1518 0 0
 188 1512 0 0
 189 1520 0 0
 190 1514 0 0
 191 1518 0 0
 192 1519 0 0
 193 1519 0 0
 194 1521 0 0
 195 1515 0 0
 196 1517 0 0
 197 1525 0 0
 198 1513 0 0
 199 1524 0 0
 200 1520 0 0
 201 1523 0 0
 202 1520 0 0
 203 1523 0 0
 204 1526 0 0
 205 1523 0 0
 206 1522 0 0
 207 1520 0 0
 208 1520 0 0
 209 1519 0 0
 210 1516 0 0
 211 1521 0 0
 212 1520 0 0
 213 1521 0 0
 214 1512 0 0
 215 1522 0 0
 216 1519 0 0
 217 1526 0 0
 218 1523 0 0
 219 1522 0 0
 220 1519 0 0
 221 1525 0 0
 222 1524 0 0
 223 1526 0 0
 224 1524 0 0
 225 1527 0 0
 226 1521 0 0
 227 1527 0 0
 228 1525 0 0
 229 1523 0 0
 230 1523 0 0
 231 1524 0 0
 232 1528 0 0
 233 1525 0 0
 234 1528 0 0
 235 1527 0 0
 236 1522 0 0
 237 1535 0 0
 238 1527 0 0
 239 1534 0 0
 240 1534 0 0
 241 1530 0 0
 242 1539 0 0
 243 1533 0 0
 244 1528 0 0
 245 1534 0 0
 246 1534 0 0
 247 1540 0 0
 248 1538 0 0
 249 1533 0 0
 250 1521 0 0
 251 1529 0 0
 252 1521 0 0
 253 1514 0 0
 254 1495 0 0
 255 1549 0 0
[END] of [DATA]
[END] of [Spectrum]


#TBID:2021-07-22 03:00:00;SAM_84DC;CALIBRATED;

[Spectrum]
Version            = 1
IDData             = 96B1_2021-07-22_03-00-00_000_623
IDDevice           = SAM_84DC
IDDataType         = SPECTRUM
IDDataTypeSub1     = CALIBRATED
IDDataTypeSub2     = 
IDDataTypeSub3     = 
DateTime           = 2021-07-22 03:00:00
PositionLatitude   = 0
PositionLongitude  = 0
Comment            = 
CommentSub1        = 
CommentSub2        = 
CommentSub3        = 
IDMethodType       = SAM Control
MethodName         = SAM_84DC
Mission            = No Mission
MissionSub         = 1
RecordType         = 0
[Attributes]
CalFactor = 1
IDBasisSpec = 
IDDataBack = DLAB_2015-08-21_13-19-54_137_939
IDDataCal = DLAB_2015-08-24_10-46-55_592_608
IntegrationTime = 4096
P31 = -1
P31e = 0
PathLength = +INF
PathLengthCustomOn = 0
RAWDynamic = 65535
Salinity = 0
Temperature = -NAN
Unit1 = $01 $01 Wavelength nm
Unit2 = $03 $03 Intensity mW/(m^2 nm Sr)
Unit3 = $f0 $03 Error mW/(m^2 nm Sr)
Unit4 = $f1 $00 Status 
p999 = 561
[END] of [Attributes]
[DATA]
 0 11 0 0
 305.71650776488 0 0 0
 309.04007505697 0 0 0
 312.36416914304 0 0 0
 315.68877841375 0 0 0
 319.01389125976 -0.000351444209651729 0 0
 322.33949607173 -0.000154390155999597 0 0
 325.66558124032 -0.000233519808579096 0 0
 328.99213515619 -0.000200027542993043 0 0
 332.31914621 -6.25199077505955e-005 0 0
 335.64660279241 -0.000115832242517303 0 0
 338.97449329408 -0.000228298323325385 0 0
 342.30280610567 -7.5585680545005e-005 0 0
 345.63152961784 -1.41607417040816e-005 0 0
 348.96065222125 -7.85949491605377e-005 0 0
 352.29016230656 2.66005466024162e-005 0 0
 355.62004826443 2.88230516581742e-005 0 0
 358.95029848552 5.88198155635685e-005 0 0
 362.28090136049 2.87389154347602e-005 0 0
 365.61184528 9.4804889089905e-005 0 0
 368.94311863471 1.58706486008422e-006 0 0
 372.27470981528 5.79554150951936e-005 0 0
 375.60660721237 8.41793519510543e-005 0 0
 378.93879921664 0.000175516277522097 0 0
 382.27127421875 0.000118926042632024 0 0
 385.60402060936 0.000236903302115698 0 0
 388.93702677913 0.000242054964356076 0 0
 392.27028111872 0.000174270181621571 0 0
 395.60377201879 0.000221263623812 0 0
 398.93748787 0.00025625348555521 0 0
 402.27141706301 0.000113241602692479 0 0
 405.60554798848 0.000158349451210755 0 0
 408.93986903707 0.000214780555945676 0 0
 412.27436859944 0.000182038532327512 0 0
 415.60903506625 0.000154398677417465 0 0
 418.94385682816 0.000157503309068289 0 0
 422.27882227583 3.36481231999076e-005 0 0
 425.61391979992 0.00010104974466417 0 0
 428.94913779109 0.000110563771929689 0 0
 432.28446464 8.49632523773326e-005 0 0
 435.61988873731 7.1218337502863e-006 0 0
 438.95539847368 7.79071552424679e-005 0 0
 442.29098223977 7.13774738380623e-005 0 0
 445.62662842624 7.77005173315427e-005 0 0
 448.96232542375 6.71646700845518e-005 0 0
 452.29806162296 7.12485307430752e-005 0 0
 455.63382541453 -8.3103144782204e-006 0 0
 458.96960518912 4.05171240930619e-005 0 0
 462.30538933739 9.49746899310603e-005 0 0
 465.64116625 -1.95322651380831e-005 0 0
 468.97692431761 5.13275081073531e-005 0 0
 472.31265193088 -1.08704138415819e-005 0 0
 475.64833748047 2.41142638521696e-006 0 0
 478.98396935704 2.49834964568426e-005 0 0
 482.31953595125 -6.54268799430375e-005 0 0
 485.65502565376 -3.20683056122866e-005 0 0
 488.99042685523 -1.73967598641956e-005 0 0
 492.32572794632 -6.09446890725319e-006 0 0
 495.66091731769 -7.83292500441735e-005 0 0
 498.99598336 -3.41194320773218e-005 0 0
 502.33091446391 -3.51442223884252e-005 0 0
 505.66569902008 3.02440012330218e-005 0 0
 509.00032541917 -2.57411497902782e-005 0 0
 512.33478205184 -5.54090736974526e-005 0 0
 515.66905730875 -2.18881817003589e-005 0 0
 519.00313958056 -3.70807031429989e-005 0 0
 522.33701725793 -4.7823992554449e-005 0 0
 525.67067873152 -3.12380122736792e-005 0 0
 529.00411239199 -5.07906143932418e-006 0 0
 532.33730663 -5.87796268206042e-005 0 0
 535.67024983621 -4.79723636919331e-005 0 0
 539.00293040128 -9.08221059703088e-005 0 0
 542.33533671587 -6.7349489518986e-005 0 0
 545.66745717064 -5.30647615961189e-005 0 0
 548.99928015625 -4.75176065859172e-005 0 0
 552.33079406336 -8.02920424268656e-005 0 0
 555.66198728263 -8.99000871688257e-005 0 0
 558.99284820472 -3.93400730665613e-005 0 0
 562.32336522029 -5.07897399797202e-005 0 0
 565.65352672 -3.10723303084518e-005 0 0
 568.98332109451 -0.000146661996789486 0 0
 572.31273673448 -0.000141823866103387 0 0
 575.64176203057 -9.54275589167846e-007 0 0
 578.97038537344 -1.86039576606168e-005 0 0
 582.29859515375 -3.74110508360709e-005 0 0
 585.62637976216 -6.4911104266975e-005 0 0
 588.95372758933 -0.00011975120941444 0 0
 592.28062702592 -0.000110441439329525 0 0
 595.60706646259 -4.98848065933404e-005 0 0
 598.93303429 -0.000183770517054679 0 0
 602.25851889881 -0.000200234209316934 0 0
 605.58350867968 -0.000254304234847631 0 0
 608.90799202327 -0.000300085890793464 0 0
 612.23195732024 -0.000278328288706247 0 0
 615.55539296125 -0.000251343906779495 0 0
 618.87828733696 -0.000434195763413622 0 0
 622.20062883803 -0.000366065733716268 0 0
 625.52240585512 -0.000192868364718782 0 0
 628.84360677889 -0.000228311160633877 0 0
 632.16422 -0.000266854693432382 0 0
 635.48423390911 -0.000283202553129637 0 0
 638.80363689688 -0.000152550321922668 0 0
 642.12241735397 -0.000272300831899621 0 0
 645.44056367104 -0.000191153081673229 0 0
 648.75806423875 -0.000210713284731028 0 0
 652.07490744776 -0.000186299595650864 0 0
 655.39108168873 -0.000326946501275048 0 0
 658.70657535232 -0.000314394243711941 0 0
 662.02137682919 -0.000302559155830704 0 0
 665.33547451 -0.000167196834134663 0 0
 668.64885678541 -0.00017890659778936 0 0
 671.96151204608 -0.000238181806462306 0 0
 675.27342868267 -0.000122124129013446 0 0
 678.58459508584 -0.000110679881023243 0 0
 681.89499964625 -0.000239203896338214 0 0
 685.20463075456 -0.000250707391593029 0 0
 688.51347680143 -0.000258452299029237 0 0
 691.82152617752 -0.000235051633818995 0 0
 695.12876727349 -0.000190755192883562 0 0
 698.43518848 -0.000187336027209782 0 0
 701.74077818771 -0.000243579524439419 0 0
 705.04552478728 -0.000351165450709935 0 0
 708.34941666937 -0.000223024266871029 0 0
 711.65244222464 -0.000208980668487549 0 0
 714.95458984375 -0.000314443528314788 0 0
 718.25584791736 -0.000353734999948519 0 0
 721.55620483613 -0.000355058539357087 0 0
 724.85564899072 -0.000288429877587485 0 0
 728.15416877179 -0.000178195399043735 0 0
 731.45175257 -0.000142849694568323 0 0
 734.74838877601 -0.000382008460476435 0 0
 738.04406578048 -0.000303475652331791 0 0
 741.33877197407 -0.000210485849696252 0 0
 744.63249574744 -0.000261498448806775 0 0
 747.92522549125 -0.000269502576380865 0 0
 751.21694959616 -0.000172852547963731 0 0
 754.50765645283 -0.000217101395003894 0 0
 757.79733445192 -0.000270896715466795 0 0
 761.08597198409 -0.00039072061458495 0 0
 764.37355744 -0.000257479649464715 0 0
 767.66007921031 -0.00024135565117161 0 0
 770.94552568568 -0.000332934337204332 0 0
 774.22988525677 -0.000340649278964765 0 0
 777.51314631424 -0.00036621530669743 0 0
 780.79529724875 -0.000268385019556442 0 0
 784.07632645096 -0.000156873408044857 0 0
 787.35622231153 -0.000354350902405395 0 0
 790.63497322112 -0.000315912637104382 0 0
 793.91256757039 -0.000328802972157342 0 0
 797.18899375 -0.000413106824516425 0 0
 800.46424015061 -0.000407586766043848 0 0
 803.73829516288 -0.000480020181419082 0 0
 807.01114717747 -0.000262891490682694 0 0
 810.28278458504 -0.00034060636458343 0 0
 813.55319577625 -0.000310803006432672 0 0
 816.82236914176 -0.000303871586196103 0 0
 820.09029307223 -0.000296535428586452 0 0
 823.35695595832 -0.000490069189219431 0 0
 826.62234619069 -0.00054448199223172 0 0
 829.88645216 -0.000761421416883104 0 0
 833.14926225691 -0.000718271129123633 0 0
 836.41076487208 -0.000548216646228413 0 0
 839.67094839617 -0.000341235571019702 0 0
 842.92980121984 -0.000740916786403996 0 0
 846.18731173375 -0.000542052714119587 0 0
 849.44346832856 -0.000872955196711089 0 0
 852.69825939493 -0.000987391095780128 0 0
 855.95167332352 -0.000677097695416255 0 0
 859.20369850499 -0.000844720411034915 0 0
 862.45432333 -0.000977241865512218 0 0
 865.70353618921 -0.000878589632420845 0 0
 868.95132547328 -0.000767407465124033 0 0
 872.19767957287 -0.00101396672040392 0 0
 875.44258687864 -0.00095708879777437 0 0
 878.68603578125 -0.0012910623977662 0 0
 881.92801467136 -0.000714886923913454 0 0
 885.16851193963 -0.000967811779847684 0 0
 888.40751597672 -0.0011191964944835 0 0
 891.64501517329 -0.000869121037354098 0 0
 894.88099792 -0.000314308614897476 0 0
 898.11545260751 -0.000776656292735942 0 0
 901.34836762648 -0.000428715109610292 0 0
 904.57973136757 -0.00172078067253045 0 0
 907.80953222144 -0.00129195842952874 0 0
 911.03775857875 -0.00115116183009689 0 0
 914.26439883016 -0.00171901925013187 0 0
 917.48944136633 -0.00197802985969236 0 0
 920.71287457792 -0.00122414125647748 0 0
 923.93468685559 -0.00131013406945955 0 0
 927.15486659 -5.30241028792901e-005 0 0
 930.37340217181 -0.00132045581752446 0 0
 933.59028199168 -0.00116274066005157 0 0
 936.80549444027 -0.00263799953288848 0 0
 940.01902790824 -0.00160839178997515 0 0
 943.23087078625 -0.000756776123404529 0 0
 946.44101146496 -0.00124232261429961 0 0
 949.64943833503 -0.00295689364867751 0 0
 952.85613978712 -0.000404587552189205 0 0
 956.06110421189 0 0 0
 959.26432 0 0 0
 962.46577554211 0 0 0
 965.66545922888 0 0 0
 968.86335945097 0 0 0
 972.05946459904 0 0 0
 975.25376306375 0 0 0
 978.44624323576 0 0 0
 981.63689350573 0 0 0
 984.82570226432 0 0 0
 988.01265790219 0 0 0
 991.19774881 0 0 0
 994.38096337841 0 0 0
 997.56228999808 0 0 0
 1000.74171705967 0 0 0
 1003.91923295384 0 0 0
 1007.09482607125 0 0 0
 1010.26848480256 0 0 0
 1013.44019753843 0 0 0
 1016.60995266952 0 0 0
 1019.77773858649 0 0 0
 1022.94354368 0 0 0
 1026.10735634071 0 0 0
 1029.26916495928 0 0 0
 1032.42895792637 0 0 0
 1035.58672363264 0 0 0
 1038.74245046875 0 0 0
 1041.89612682536 0 0 0
 1045.04774109313 0 0 0
 1048.19728166272 0 0 0
 1051.34473692479 0 0 0
 1054.49009527 0 0 0
 1057.63334508901 0 0 0
 1060.77447477248 0 0 0
 1063.91347271107 0 0 0
 1067.05032729544 0 0 0
 1070.18502691625 0 0 0
 1073.31755996416 0 0 0
 1076.44791482983 0 0 0
 1079.57607990392 0 0 0
 1082.70204357709 0 0 0
 1085.82579424 0 0 0
 1088.94732028331 0 0 0
 1092.06661009768 0 0 0
 1095.18365207377 0 0 0
 1098.29843460224 0 0 0
 1101.41094607375 0 0 0
 1104.52117487896 0 0 0
 1107.62910940853 0 0 0
 1110.73473805312 0 0 0
 1113.83804920339 0 0 0
 1116.93903125 0 0 0
 1120.03767258361 0 0 0
 1123.13396159488 0 0 0
 1126.22788667447 0 0 0
 1129.31943621304 0 0 0
 1132.40859860125 0 0 0
 1135.49536222976 0 0 0
[END] of [DATA]
[END] of [Spectrum]


#TBID:2021-07-22 03:00:00;SAM_84C8;RAW;

[Spectrum]
Version            = 1
IDData             = 96B1_2021-07-22_03-00-00_000_625
IDDevice           = SAM_84C8
IDDataType         = SPECTRUM
IDDataTypeSub1     = RAW
IDDataTypeSub2     = 
IDDataTypeSub3     = 
DateTime           = 2021-07-22 03:00:00
PositionLatitude   = 0
PositionLongitude  = 0
Comment            = 
CommentSub1        = 
CommentSub2        = 
CommentSub3        = 
IDMethodType       = SAM Control
MethodName         = SAM_84C8
Mission            = No Mission
MissionSub         = 1
RecordType         = 0
[Attributes]
CalFactor = 1
IDBasisSpec = 
IDDataBack = DLAB_2015-08-21_12-14-03_013_778
IDDataCal = DLAB_2015-08-24_11-04-47_772_747
IntegrationTime = 4096
P31 = -1
P31e = 0
PathLength = +INF
PathLengthCustomOn = 0
RAWDynamic = 65535
Salinity = 0
Temperature = -NAN
Unit1 = $05 $00 Pixel 
Unit2 = $03 $05 Intensity counts
Unit3 = $f0 $05 Error counts
Unit4 = $f1 $00 Status 
p999 = 561
[END] of [Attributes]
[DATA]
 0 11 0 0
 1 1482 0 0
 2 1473 0 0
 3 1467 0 0
 4 1472 0 0
 5 1473 0 0
 6 1473 0 0
 7 1466 0 0
 8 1471 0 0
 9 1480 0 0
 10 1469 0 0
 11 1478 0 0
 12 1496 0 0
 13 1489 0 0
 14 1489 0 0
 15 1493 0 0
 16 1500 0 0
 17 1497 0 0
 18 1501 0 0
 19 1505 0 0
 20 1503 0 0
 21 1502 0 0
 22 1508 0 0
 23 1508 0 0
 24 1509 0 0
 25 1508 0 0
 26 1496 0 0
 27 1496 0 0
 28 1504 0 0
 29 1500 0 0
 30 1505 0 0
 31 1507 0 0
 32 1507 0 0
 33 1513 0 0
 34 1510 0 0
 35 1505 0 0
 36 1516 0 0
 37 1516 0 0
 38 1515 0 0
 39 1510 0 0
 40 1499 0 0
 41 1500 0 0
 42 1496 0 0
 43 1504 0 0
 44 1500 0 0
 45 1508 0 0
 46 1507 0 0
 47 1507 0 0
 48 1513 0 0
 49 1521 0 0
 50 1512 0 0
 51 1517 0 0
 52 1515 0 0
 53 1508 0 0
 54 1504 0 0
 55 1512 0 0
 56 1516 0 0
 57 1518 0 0
 58 1509 0 0
 59 1506 0 0
 60 1508 0 0
 61 1515 0 0
 62 1517 0 0
 63 1518 0 0
 64 1510 0 0
 65 1507 0 0
 66 1512 0 0
 67 1510 0 0
 68 1510 0 0
 69 1504 0 0
 70 1513 0 0
 71 1507 0 0
 72 1509 0 0
 73 1509 0 0
 74 1511 0 0
 75 1518 0 0
 76 1517 0 0
 77 1518 0 0
 78 1518 0 0
 79 1520 0 0
 80 1520 0 0
 81 1529 0 0
 82 1519 0 0
 83 1518 0 0
 84 1520 0 0
 85 1519 0 0
 86 1517 0 0
 87 1525 0 0
 88 1506 0 0
 89 1517 0 0
 90 1523 0 0
 91 1523 0 0
 92 1517 0 0
 93 1516 0 0
 94 1524 0 0
 95 1516 0 0
 96 1521 0 0
 97 1514 0 0
 98 1516 0 0
 99 1517 0 0
 100 1523 0 0
 101 1524 0 0
 102 1528 0 0
 103 1519 0 0
 104 1519 0 0
 105 1524 0 0
 106 1515 0 0
 107 1526 0 0
 108 1515 0 0
 109 1517 0 0
 110 1529 0 0
 111 1533 0 0
 112 1524 0 0
 113 1518 0 0
 114 1522 0 0
 115 1528 0 0
 116 1519 0 0
 117 1512 0 0
 118 1510 0 0
 119 1519 0 0
 120 1516 0 0
 121 1514 0 0
 122 1511 0 0
 123 1516 0 0
 124 1518 0 0
 125 1516 0 0
 126 1520 0 0
 127 1527 0 0
 128 1514 0 0
 129 1520 0 0
 130 1531 0 0
 131 1530 0 0
 132 1527 0 0
 133 1570 0 0
 134 1527 0 0
 135 1529 0 0
 136 1532 0 0
 137 1516 0 0
 138 1517 0 0
 139 1530 0 0
 140 1522 0 0
 141 1520 0 0
 142 1524 0 0
 143 1520 0 0
 144 1532 0 0
 145 1538 0 0
 146 1530 0 0
 147 1524 0 0
 148 1531 0 0
 149 1522 0 0
 150 1531 0 0
 151 1529 0 0
 152 1532 0 0
 153 1522 0 0
 154 1526 0 0
 155 1521 0 0
 156 1525 0 0
 157 1523 0 0
 158 1523 0 0
 159 1517 0 0
 160 1520 0 0
 161 1517 0 0
 162 1517 0 0
 163 1518 0 0
 164 1516 0 0
 165 1518 0 0
 166 1518 0 0
 167 1523 0 0
 168 1517 0 0
 169 1524 0 0
 170 1522 0 0
 171 1526 0 0
 172 1536 0 0
 173 1529 0 0
 174 1539 0 0
 175 1539 0 0
 176 1531 0 0
 177 1531 0 0
 178 1526 0 0
 179 1525 0 0
 180 1524 0 0
 181 1519 0 0
 182 1522 0 0
 183 1528 0 0
 184 1516 0 0
 185 1523 0 0
 186 1531 0 0
 187 1530 0 0
 188 1525 0 0
 189 1531 0 0
 190 1528 0 0
 191 1524 0 0
 192 1527 0 0
 193 1519 0 0
 194 1528 0 0
 195 1529 0 0
 196 1519 0 0
 197 1518 0 0
 198 1524 0 0
 199 1526 0 0
 200 1517 0 0
 201 1524 0 0
 202 1523 0 0
 203 1520 0 0
 204 1524 0 0
 205 1524 0 0
 206 1511 0 0
 207 1514 0 0
 208 1517 0 0
 209 1511 0 0
 210 1506 0 0
 211 1517 0 0
 212 1516 0 0
 213 1525 0 0
 214 1528 0 0
 215 1522 0 0
 216 1522 0 0
 217 1528 0 0
 218 1526 0 0
 219 1526 0 0
 220 1515 0 0
 221 1518 0 0
 222 1515 0 0
 223 1517 0 0
 224 1521 0 0
 225 1516 0 0
 226 1518 0 0
 227 1520 0 0
 228 1513 0 0
 229 1518 0 0
 230 1516 0 0
 231 1522 0 0
 232 1521 0 0
 233 1517 0 0
 234 1513 0 0
 235 1508 0 0
 236 1515 0 0
 237 1508 0 0
 238 1508 0 0
 239 1514 0 0
 240 1517 0 0
 241 1526 0 0
 242 1523 0 0
 243 1526 0 0
 244 1525 0 0
 245 1517 0 0
 246 1522 0 0
 247 1518 0 0
 248 1514 0 0
 249 1510 0 0
 250 1509 0 0
 251 1501 0 0
 252 1492 0 0
 253 1486 0 0
 254 1477 0 0
 255 1511 0 0
[END] of [DATA]
[END] of [Spectrum]


#TBID:2021-07-22 03:00:00;SAM_84C8;CALIBRATED;

[Spectrum]
Version            = 1
IDData             = 96B1_2021-07-22_03-00-00_000_626
IDDevice           = SAM_84C8
IDDataType         = SPECTRUM
IDDataTypeSub1     = CALIBRATED
IDDataTypeSub2     = 
IDDataTypeSub3     = 
DateTime           = 2021-07-22 03:00:00
PositionLatitude   = 0
PositionLongitude  = 0
Comment            = 
CommentSub1        = 
CommentSub2        = 
CommentSub3        = 
IDMethodType       = SAM Control
MethodName         = SAM_84C8
Mission            = No Mission
MissionSub         = 1
RecordType         = 0
[Attributes]
CalFactor = 1
IDBasisSpec = 
IDDataBack = DLAB_2015-08-21_12-14-03_013_778
IDDataCal = DLAB_2015-08-24_11-04-47_772_747
IntegrationTime = 4096
P31 = -1
P31e = 0
PathLength = +INF
PathLengthCustomOn = 0
RAWDynamic = 65535
Salinity = 0
Temperature = -NAN
Unit1 = $01 $01 Wavelength nm
Unit2 = $03 $03 Intensity mW/(m^2 nm Sr)
Unit3 = $f0 $03 Error mW/(m^2 nm Sr)
Unit4 = $f1 $00 Status 
p999 = 561
[END] of [Attributes]
[DATA]
 0 11 0 0
 303.516048156 0 0 0
 306.890006053 0 0 0
 310.26457112 0 0 0
 313.639731825 0 0 0
 317.015476636 -0.00141384872378001 0 0
 320.391794021 -0.0013736698774454 0 0
 323.768672448 -0.00138562888215145 0 0
 327.146100385 -0.0010470198220863 0 0
 330.5240663 -0.000746874257765487 0 0
 333.902558661 -0.000866798121382671 0 0
 337.281565936 -0.000833774369915037 0 0
 340.661076593 -0.000354884175114056 0 0
 344.0410791 -0.000297170000660036 0 0
 347.421561925 -0.000279036575363451 0 0
 350.802513536 -0.000233689349899333 0 0
 354.183922401 -7.40933701942771e-005 0 0
 357.565776988 -0.000175765876632367 0 0
 360.948065765 -6.19516791834242e-005 0 0
 364.3307772 2.25480037383666e-006 0 0
 367.713899761 3.09472315067868e-005 0 0
 371.097421916 -3.63890710906873e-005 0 0
 374.481332133 4.41379865364044e-005 0 0
 377.86561888 3.55856087463998e-005 0 0
 381.250270625 2.15886419118136e-005 0 0
 384.635275836 7.09143503092046e-005 0 0
 388.020622981 -2.50444705721603e-005 0 0
 391.406300528 -0.000125790134696731 0 0
 394.792296945 -4.01000079761192e-005 0 0
 398.1786007 -7.21908909043872e-005 0 0
 401.565200261 -4.46653689768438e-005 0 0
 404.952084096 4.89056132878778e-005 0 0
 408.339240673 4.6639850023297e-005 0 0
 411.72665846 0.000215443903229586 0 0
 415.114325925 0.000146656362830322 0 0
 418.502231536 8.86319238048956e-005 0 0
 421.890363761 0.000159150828106536 0 0
 425.278711068 3.50446078970393e-006 0 0
 428.667261925 0.000118945212144928 0 0
 432.0560048 0.000140849591740449 0 0
 435.444928161 -2.22731730903684e-005 0 0
 438.834020476 -5.1931542594747e-005 0 0
 442.223270213 -5.92034041729159e-005 0 0
 445.61266584 -1.10849737694511e-005 0 0
 449.002195825 2.56957491641655e-006 0 0
 452.391848636 -8.67971959671902e-006 0 0
 455.781612741 2.62262262149913e-005 0 0
 459.171476608 4.92240855088094e-005 0 0
 462.561428705 8.17268864593636e-005 0 0
 465.9514575 0.000138230974471479 0 0
 469.341551461 0.000140651541686944 0 0
 472.731699056 0.000129059268342096 0 0
 476.121888753 0.000112048068693852 0 0
 479.51210902 5.35997589875213e-005 0 0
 482.902348325 0.000140926519738083 0 0
 486.292595136 0.000100657148166762 0 0
 489.682837921 0.000133040215225507 0 0
 493.073065148 0.000107571947694009 0 0
 496.463265285 7.56468556269403e-005 0 0
 499.8534268 0.000108029628789129 0 0
 503.243538161 9.58212636245271e-005 0 0
 506.633587836 0.000148042871609956 0 0
 510.023564293 9.3706265256404e-006 0 0
 513.413456 0.000123768260403611 0 0
 516.803251425 0.000153053289664648 0 0
 520.192939036 6.33423684272268e-005 0 0
 523.582507301 4.62186646389636e-005 0 0
 526.971944688 5.10225949995464e-005 0 0
 530.361239665 -3.16259854098364e-006 0 0
 533.7503807 5.75343357010182e-006 0 0
 537.139356261 2.9244812014594e-005 0 0
 540.528154816 3.51550845220596e-006 0 0
 543.916764833 -3.77109537390688e-005 0 0
 547.30517478 3.43290605744869e-005 0 0
 550.693373125 6.91208846609216e-005 0 0
 554.081348336 0.000120871770570418 0 0
 557.469088881 0.000115679447836347 0 0
 560.856583228 0.000126114967295638 0 0
 564.243819845 0.000127810958175484 0 0
 567.6307872 0.000143716063619189 0 0
 571.017473761 0.000151666484407843 0 0
 574.403867996 0.000299030453727053 0 0
 577.789958373 8.1254821190043e-005 0 0
 581.17573336 0.000104681998337834 0 0
 584.561181425 0.000113160251413889 0 0
 587.946291036 0.000192902680183297 0 0
 591.331050661 0.000154284806899357 0 0
 594.715448768 0.000212936697939556 0 0
 598.099473825 -6.64581062139672e-006 0 0
 601.4831143 0.00018158762239702 0 0
 604.866358661 0.000141312240397261 0 0
 608.249195376 0.00019706795759041 0 0
 611.631612913 0.000111475497529042 0 0
 615.01359974 0.000190464430019171 0 0
 618.395144325 0.000159395967225715 0 0
 621.776235136 0.00013432734660989 0 0
 625.156860641 0.000123235990493676 0 0
 628.537009308 9.93309335477222e-005 0 0
 631.916669605 0.000156704445514481 0 0
 635.29583 0.000207501231362489 0 0
 638.674478961 0.000142791185754283 0 0
 642.052604956 9.39356845685277e-005 0 0
 645.430196453 0.000305473438475712 0 0
 648.80724192 0.000230225816384384 0 0
 652.183729825 0.00022324566615877 0 0
 655.559648636 0.00017317208446889 0 0
 658.934986821 0.000181661757426424 0 0
 662.309732848 0.000363723420141504 0 0
 665.683875185 0.000240616725074059 0 0
 669.0574023 0.000239397581042321 0 0
 672.430302661 0.000280654846850468 0 0
 675.802564736 0.000222894885248305 0 0
 679.174176993 0.000275910888544282 0 0
 682.5451279 0.000149004823760932 0 0
 685.915405925 0.00026827917550218 0 0
 689.284999536 0.00026728192835415 0 0
 692.653897201 9.02858654253071e-006 0 0
 696.022087388 9.17177989438746e-005 0 0
 699.389558565 6.83527525093884e-005 0 0
 702.7562992 8.04035534125201e-005 0 0
 706.122297761 0.000277185630507125 0 0
 709.487542716 9.05826848420133e-005 0 0
 712.852022533 0.000161415124281296 0 0
 716.21572568 0.00021998274414267 0 0
 719.578640625 0.000294841240694692 0 0
 722.940755836 0.000138446415239423 0 0
 726.302059781 0.000233995592722947 0 0
 729.662540928 0.000183674802231998 0 0
 733.022187745 0.000167878546548227 0 0
 736.3809887 0.000187839167100918 0 0
 739.738932261 0.000613018938074588 0 0
 743.096006896 0.000419938080917409 0 0
 746.452201073 0.000383135561552492 0 0
 749.80750326 -2.00447570692858e-005 0 0
 753.161901925 0.000318363831058161 0 0
 756.515385536 0.000506905102804068 0 0
 759.867942561 0.000579022415314636 0 0
 763.219561468 8.35300645643217e-005 0 0
 766.570230725 0.000264213152893284 0 0
 769.9199388 0.000371369575290666 0 0
 773.268674161 0.000315121742605922 0 0
 776.616425276 0.000353454941153569 0 0
 779.963180613 0.000312948910028617 0 0
 783.30892864 0.000293019932565157 0 0
 786.653657825 0.000440214438198045 0 0
 789.997356636 0.000764610179412792 0 0
 793.340013541 0.000532108231607696 0 0
 796.681617008 0.000553480077015377 0 0
 800.022155505 0.000611844572191711 0 0
 803.3616175 0.000499354099559739 0 0
 806.699991461 0.000790702598663372 0 0
 810.037265856 0.000684933799579713 0 0
 813.373429153 0.000665788677124135 0 0
 816.70846982 0.000520623858496452 0 0
 820.042376325 0.000819676268175697 0 0
 823.375137136 0.000725573325080861 0 0
 826.706740721 0.000621650551465428 0 0
 830.037175548 0.000454153382105844 0 0
 833.366430085 0.000555703376363788 0 0
 836.6944928 0.000460538216269272 0 0
 840.021352161 0.000350995602781442 0 0
 843.346996636 0.000437163118090933 0 0
 846.671414693 0.000275880822098321 0 0
 849.9945948 0.000486197409512271 0 0
 853.316525425 0.000768165314153654 0 0
 856.637195036 0.000253700974249136 0 0
 859.956592101 0.000440159472246725 0 0
 863.274705088 0.000566497040994519 0 0
 866.591522465 0.00032245729792674 0 0
 869.9070327 0.00123999831005433 0 0
 873.221224261 0.000690335485062415 0 0
 876.534085616 0.00150204002548296 0 0
 879.845605233 0.00217991440125848 0 0
 883.15577158 0.00272550426191483 0 0
 886.464573125 0.00319913974230466 0 0
 889.771998336 0.00220620624180752 0 0
 893.078035681 0.00240401021214265 0 0
 896.382673628 0.00234425691738339 0 0
 899.685900645 0.00222384321509221 0 0
 902.9877052 0.00156161482612281 0 0
 906.288075761 0.00114807901763082 0 0
 909.587000796 0.000838439133821225 0 0
 912.884468773 0.00130873110849645 0 0
 916.18046816 0.00231995005239576 0 0
 919.474987425 0.00154264810562162 0 0
 922.768015036 0.00168089470532491 0 0
 926.059539461 0.00371001887297021 0 0
 929.349549168 0.0022137496732862 0 0
 932.638032625 0.00283682509400298 0 0
 935.9249783 0.00405019687521421 0 0
 939.210374661 0.00497581743387723 0 0
 942.494210176 0.00286654232398487 0 0
 945.776473313 0.00268131676741183 0 0
 949.05715254 0.00386658379111599 0 0
 952.336236325 0.00361101601779011 0 0
 955.613713136 0 0 0
 958.889571441 0 0 0
 962.163799708 0 0 0
 965.436386405 0 0 0
 968.70732 0 0 0
 971.976588961 0 0 0
 975.244181756 0 0 0
 978.510086853 0 0 0
 981.77429272 0 0 0
 985.036787825 0 0 0
 988.297560636 0 0 0
 991.556599621 0 0 0
 994.813893248 0 0 0
 998.069429985 0 0 0
 1001.3231983 0 0 0
 1004.575186661 0 0 0
 1007.825383536 0 0 0
 1011.073777393 0 0 0
 1014.3203567 0 0 0
 1017.565109925 0 0 0
 1020.808025536 0 0 0
 1024.049092001 0 0 0
 1027.288297788 0 0 0
 1030.525631365 0 0 0
 1033.7610812 0 0 0
 1036.994635761 0 0 0
 1040.226283516 0 0 0
 1043.456012933 0 0 0
 1046.68381248 0 0 0
 1049.909670625 0 0 0
 1053.133575836 0 0 0
 1056.355516581 0 0 0
 1059.575481328 0 0 0
 1062.793458545 0 0 0
 1066.0094367 0 0 0
 1069.223404261 0 0 0
 1072.435349696 0 0 0
 1075.645261473 0 0 0
 1078.85312806 0 0 0
 1082.058937925 0 0 0
 1085.262679536 0 0 0
 1088.464341361 0 0 0
 1091.663911868 0 0 0
 1094.861379525 0 0 0
 1098.0567328 0 0 0
 1101.249960161 0 0 0
 1104.441050076 0 0 0
 1107.629991013 0 0 0
 1110.81677144 0 0 0
 1114.001379825 0 0 0
 1117.183804636 0 0 0
 1120.364034341 0 0 0
 1123.542057408 0 0 0
 1126.717862305 0 0 0
 1129.8914375 0 0 0
 1133.062771461 0 0 0
 1136.231852656 0 0 0
 1139.398669553 0 0 0
 1142.56321062 0 0 0
 1145.725464325 0 0 0
 1148.885419136 0 0 0
[END] of [DATA]
[END] of [Spectrum]

