
#TBID:2021-12-12 00:30:00;SAM_84DC;RAW;

[Spectrum]
Version            = 1
IDData             = 96B1_2021-12-12_00-30-00_000_282
IDDevice           = SAM_84DC
IDDataType         = SPECTRUM
IDDataTypeSub1     = RAW
IDDataTypeSub2     = 
IDDataTypeSub3     = 
DateTime           = 2021-12-12 00:30:00
PositionLatitude   = 0
PositionLongitude  = 0
Comment            = 
CommentSub1        = 
CommentSub2        = 
CommentSub3        = 
IDMethodType       = SAM Control
MethodName         = SAM_84DC
Mission            = No Mission
MissionSub         = 1
RecordType         = 0
[Attributes]
CalFactor = 1
IDBasisSpec = 
IDDataBack = DLAB_2015-08-21_13-19-54_137_939
IDDataCal = DLAB_2015-08-24_10-46-55_592_608
IntegrationTime = 4096
P31 = -1
P31e = 0
PathLength = +INF
PathLengthCustomOn = 0
RAWDynamic = 65535
Salinity = 0
Temperature = -NAN
Unit1 = $05 $00 Pixel 
Unit2 = $03 $05 Intensity counts
Unit3 = $f0 $05 Error counts
Unit4 = $f1 $00 Status 
p999 = 1427
[END] of [Attributes]
[DATA]
 0 11 0 0
 1 1255 0 0
 2 1244 0 0
 3 1256 0 0
 4 1257 0 0
 5 1253 0 0
 6 1252 0 0
 7 1249 0 0
 8 1257 0 0
 9 1258 0 0
 10 1256 0 0
 11 1261 0 0
 12 1255 0 0
 13 1254 0 0
 14 1259 0 0
 15 1255 0 0
 16 1253 0 0
 17 1255 0 0
 18 1254 0 0
 19 1262 0 0
 20 1259 0 0
 21 1254 0 0
 22 1254 0 0
 23 1259 0 0
 24 1257 0 0
 25 1256 0 0
 26 1258 0 0
 27 1253 0 0
 28 1256 0 0
 29 1256 0 0
 30 1256 0 0
 31 1262 0 0
 32 1258 0 0
 33 1258 0 0
 34 1256 0 0
 35 1257 0 0
 36 1258 0 0
 37 1259 0 0
 38 1258 0 0
 39 1256 0 0
 40 1263 0 0
 41 1259 0 0
 42 1261 0 0
 43 1266 0 0
 44 1263 0 0
 45 1267 0 0
 46 1261 0 0
 47 1264 0 0
 48 1259 0 0
 49 1260 0 0
 50 1264 0 0
 51 1260 0 0
 52 1259 0 0
 53 1261 0 0
 54 1259 0 0
 55 1268 0 0
 56 1266 0 0
 57 1264 0 0
 58 1260 0 0
 59 1271 0 0
 60 1268 0 0
 61 1262 0 0
 62 1263 0 0
 63 1259 0 0
 64 1262 0 0
 65 1262 0 0
 66 1257 0 0
 67 1259 0 0
 68 1258 0 0
 69 1259 0 0
 70 1263 0 0
 71 1273 0 0
 72 1262 0 0
 73 1262 0 0
 74 1267 0 0
 75 1262 0 0
 76 1266 0 0
 77 1261 0 0
 78 1263 0 0
 79 1269 0 0
 80 1270 0 0
 81 1268 0 0
 82 1267 0 0
 83 1268 0 0
 84 1263 0 0
 85 1265 0 0
 86 1264 0 0
 87 1262 0 0
 88 1261 0 0
 89 1265 0 0
 90 1265 0 0
 91 1264 0 0
 92 1261 0 0
 93 1261 0 0
 94 1266 0 0
 95 1263 0 0
 96 1265 0 0
 97 1266 0 0
 98 1264 0 0
 99 1265 0 0
 100 1260 0 0
 101 1269 0 0
 102 1264 0 0
 103 1265 0 0
 104 1266 0 0
 105 1269 0 0
 106 1266 0 0
 107 1266 0 0
 108 1264 0 0
 109 1264 0 0
 110 1263 0 0
 111 1263 0 0
 112 1262 0 0
 113 1258 0 0
 114 1265 0 0
 115 1266 0 0
 116 1267 0 0
 117 1266 0 0
 118 1258 0 0
 119 1270 0 0
 120 1264 0 0
 121 1266 0 0
 122 1267 0 0
 123 1267 0 0
 124 1264 0 0
 125 1264 0 0
 126 1267 0 0
 127 1270 0 0
 128 1260 0 0
 129 1264 0 0
 130 1268 0 0
 131 1265 0 0
 132 1261 0 0
 133 1262 0 0
 134 1267 0 0
 135 1269 0 0
 136 1260 0 0
 137 1261 0 0
 138 1262 0 0
 139 1270 0 0
 140 1266 0 0
 141 1268 0 0
 142 1261 0 0
 143 1268 0 0
 144 1262 0 0
 145 1268 0 0
 146 1265 0 0
 147 1261 0 0
 148 1265 0 0
 149 1271 0 0
 150 1268 0 0
 151 1264 0 0
 152 1260 0 0
 153 1263 0 0
 154 1268 0 0
 155 1265 0 0
 156 1267 0 0
 157 1273 0 0
 158 1266 0 0
 159 1265 0 0
 160 1270 0 0
 161 1268 0 0
 162 1259 0 0
 163 1261 0 0
 164 1264 0 0
 165 1262 0 0
 166 1275 0 0
 167 1271 0 0
 168 1266 0 0
 169 1267 0 0
 170 1268 0 0
 171 1267 0 0
 172 1261 0 0
 173 1266 0 0
 174 1259 0 0
 175 1269 0 0
 176 1270 0 0
 177 1269 0 0
 178 1266 0 0
 179 1269 0 0
 180 1263 0 0
 181 1269 0 0
 182 1272 0 0
 183 1263 0 0
 184 1263 0 0
 185 1269 0 0
 186 1262 0 0
 187 1272 0 0
 188 1261 0 0
 189 1259 0 0
 190 1263 0 0
 191 1267 0 0
 192 1267 0 0
 193 1272 0 0
 194 1264 0 0
 195 1265 0 0
 196 1266 0 0
 197 1267 0 0
 198 1260 0 0
 199 1270 0 0
 200 1266 0 0
 201 1271 0 0
 202 1264 0 0
 203 1268 0 0
 204 1269 0 0
 205 1272 0 0
 206 1264 0 0
 207 1268 0 0
 208 1262 0 0
 209 1269 0 0
 210 1266 0 0
 211 1272 0 0
 212 1264 0 0
 213 1263 0 0
 214 1263 0 0
 215 1271 0 0
 216 1265 0 0
 217 1269 0 0
 218 1264 0 0
 219 1269 0 0
 220 1270 0 0
 221 1271 0 0
 222 1269 0 0
 223 1273 0 0
 224 1270 0 0
 225 1272 0 0
 226 1269 0 0
 227 1266 0 0
 228 1269 0 0
 229 1270 0 0
 230 1269 0 0
 231 1271 0 0
 232 1269 0 0
 233 1267 0 0
 234 1270 0 0
 235 1272 0 0
 236 1268 0 0
 237 1269 0 0
 238 1266 0 0
 239 1273 0 0
 240 1272 0 0
 241 1271 0 0
 242 1261 0 0
 243 1267 0 0
 244 1268 0 0
 245 1271 0 0
 246 1268 0 0
 247 1268 0 0
 248 1271 0 0
 249 1274 0 0
 250 1268 0 0
 251 1273 0 0
 252 1266 0 0
 253 1270 0 0
 254 1276 0 0
 255 1326 0 0
[END] of [DATA]
[END] of [Spectrum]


#TBID:2021-12-12 00:30:00;SAM_84DC;CALIBRATED;

[Spectrum]
Version            = 1
IDData             = 96B1_2021-12-12_00-30-00_000_283
IDDevice           = SAM_84DC
IDDataType         = SPECTRUM
IDDataTypeSub1     = CALIBRATED
IDDataTypeSub2     = 
IDDataTypeSub3     = 
DateTime           = 2021-12-12 00:30:00
PositionLatitude   = 0
PositionLongitude  = 0
Comment            = 
CommentSub1        = 
CommentSub2        = 
CommentSub3        = 
IDMethodType       = SAM Control
MethodName         = SAM_84DC
Mission            = No Mission
MissionSub         = 1
RecordType         = 0
[Attributes]
CalFactor = 1
IDBasisSpec = 
IDDataBack = DLAB_2015-08-21_13-19-54_137_939
IDDataCal = DLAB_2015-08-24_10-46-55_592_608
IntegrationTime = 4096
P31 = -1
P31e = 0
PathLength = +INF
PathLengthCustomOn = 0
RAWDynamic = 65535
Salinity = 0
Temperature = -NAN
Unit1 = $01 $01 Wavelength nm
Unit2 = $03 $03 Intensity mW/(m^2 nm Sr)
Unit3 = $f0 $03 Error mW/(m^2 nm Sr)
Unit4 = $f1 $00 Status 
p999 = 1427
[END] of [Attributes]
[DATA]
 0 11 0 0
 305.71650776488 0 0 0
 309.04007505697 0 0 0
 312.36416914304 0 0 0
 315.68877841375 0 0 0
 319.01389125976 -0.000172931190126705 0 0
 322.33949607173 5.00916079726536e-005 0 0
 325.66558124032 -0.000479341274158775 0 0
 328.99213515619 -8.83941633456309e-005 0 0
 332.31914621 -0.000181661595979747 0 0
 335.64660279241 -0.000137318721807308 0 0
 338.97449329408 -5.6374435829755e-005 0 0
 342.30280610567 -4.38182357900059e-005 0 0
 345.63152961784 -7.62191206596982e-005 0 0
 348.96065222125 -0.000176950906729346 0 0
 352.29016230656 3.19290690949736e-005 0 0
 355.62004826443 -0.000164365671562654 0 0
 358.95029848552 -0.000213907205026962 0 0
 362.28090136049 -8.71321179748781e-005 0 0
 365.61184528 1.22373090984281e-005 0 0
 368.94311863471 6.58721795126302e-006 0 0
 372.27470981528 -3.0297273348633e-005 0 0
 375.60660721237 -0.000200166274717976 0 0
 378.93879921664 -9.51166739410251e-005 0 0
 382.27127421875 -0.000115236873958412 0 0
 385.60402060936 2.66371995892116e-006 0 0
 388.93702677913 -8.82184601015739e-005 0 0
 392.27028111872 -0.000187229257943694 0 0
 395.60377201879 2.13143929459359e-006 0 0
 398.93748787 1.01149680153082e-005 0 0
 402.27141706301 3.25862745627099e-005 0 0
 405.60554798848 -3.14424773481614e-005 0 0
 408.93986903707 -5.50550824677871e-005 0 0
 412.27436859944 1.46742538927258e-005 0 0
 415.60903506625 -9.66013377392945e-005 0 0
 418.94385682816 -2.66956618699803e-006 0 0
 422.27882227583 -0.000117502584432215 0 0
 425.61391979992 -7.6731534145738e-005 0 0
 428.94913779109 -4.9205229317541e-005 0 0
 432.28446464 -2.79946525733459e-005 0 0
 435.61988873731 -8.30039880041487e-005 0 0
 438.95539847368 -5.24006306418255e-005 0 0
 442.29098223977 -1.81261870402879e-005 0 0
 445.62662842624 7.85548437283443e-006 0 0
 448.96232542375 -4.64464696039403e-005 0 0
 452.29806162296 9.03618043231312e-006 0 0
 455.63382541453 -0.000105803157854956 0 0
 458.96960518912 -9.41170246429929e-005 0 0
 462.30538933739 -5.47430074230343e-005 0 0
 465.64116625 -5.22412178153184e-005 0 0
 468.97692431761 1.81191356266399e-005 0 0
 472.31265193088 -5.67006172597321e-005 0 0
 475.64833748047 -8.09263581874703e-005 0 0
 478.98396935704 -2.14451248015545e-005 0 0
 482.31953595125 -4.93457436222228e-005 0 0
 485.65502565376 9.59359119359439e-006 0 0
 488.99042685523 1.17749482892983e-005 0 0
 492.32572794632 -6.68997889505341e-005 0 0
 495.66091731769 -0.000113420661983086 0 0
 498.99598336 -5.62164459836388e-005 0 0
 502.33091446391 -6.2433604350359e-006 0 0
 505.66569902008 -0.000116274752472124 0 0
 509.00032541917 -1.00888303542703e-005 0 0
 512.33478205184 -9.99857118697564e-005 0 0
 515.66905730875 -7.70204786179031e-005 0 0
 519.00313958056 -3.39266217879975e-005 0 0
 522.33701725793 -5.82032470622262e-007 0 0
 525.67067873152 -0.000103539890258174 0 0
 529.00411239199 -0.000128176401153352 0 0
 532.33730663 -6.62237823221551e-005 0 0
 535.67024983621 -7.56648030236034e-005 0 0
 539.00293040128 -7.29565808461354e-006 0 0
 542.33533671587 -4.44120099184609e-005 0 0
 545.66745717064 -9.06427745452562e-005 0 0
 548.99928015625 -5.48543149127239e-005 0 0
 552.33079406336 -2.61533554727306e-005 0 0
 555.66198728263 -4.54857368734315e-005 0 0
 558.99284820472 -8.9101067939375e-005 0 0
 562.32336522029 5.79125979798382e-006 0 0
 565.65352672 -3.89571575737307e-005 0 0
 568.98332109451 4.57282545666002e-005 0 0
 572.31273673448 -5.90200713085822e-005 0 0
 575.64176203057 1.39062315844245e-005 0 0
 578.97038537344 -1.53001979982648e-005 0 0
 582.29859515375 1.46457309110735e-005 0 0
 585.62637976216 -0.000136130624878481 0 0
 588.95372758933 -7.80537074283035e-005 0 0
 592.28062702592 -0.000119834102994566 0 0
 595.60706646259 -7.27771214353627e-005 0 0
 598.93303429 -0.00011215082507186 0 0
 602.25851889881 2.51017616760568e-005 0 0
 605.58350867968 -8.14091328223334e-005 0 0
 608.90799202327 -0.000124285511755748 0 0
 612.23195732024 -0.000114265704667167 0 0
 615.55539296125 -9.98035268382224e-005 0 0
 618.87828733696 -0.000132417098333348 0 0
 622.20062883803 -1.62393451780776e-005 0 0
 625.52240585512 -0.000127665920861382 0 0
 628.84360677889 -3.70877610399277e-005 0 0
 632.16422 -7.04286669063313e-005 0 0
 635.48423390911 -0.000179815018479018 0 0
 638.80363689688 3.86060200040358e-005 0 0
 642.12241735397 -0.000110908611006894 0 0
 645.44056367104 -6.18785673322667e-005 0 0
 648.75806423875 -4.29368479010298e-005 0 0
 652.07490744776 -5.27533006708013e-005 0 0
 655.39108168873 -8.06552988042141e-005 0 0
 658.70657535232 -0.00021553755857124 0 0
 662.02137682919 -0.000127633965663098 0 0
 665.33547451 -0.000142998780708022 0 0
 668.64885678541 -9.7617378826639e-005 0 0
 671.96151204608 -0.000156841260549338 0 0
 675.27342868267 -0.000154869017629222 0 0
 678.58459508584 -0.00010538836948777 0 0
 681.89499964625 -0.000118674204759348 0 0
 685.20463075456 -0.000148148915757755 0 0
 688.51347680143 -1.69400503448682e-005 0 0
 691.82152617752 -3.06754866183978e-005 0 0
 695.12876727349 -0.000144979775915873 0 0
 698.43518848 4.17410785778109e-005 0 0
 701.74077818771 9.00167644133307e-005 0 0
 705.04552478728 -0.000200950347266878 0 0
 708.34941666937 3.18904375619643e-005 0 0
 711.65244222464 -9.88649305123619e-005 0 0
 714.95458984375 -0.000161990465763884 0 0
 718.25584791736 -3.27052879246336e-005 0 0
 721.55620483613 -9.6593847477401e-005 0 0
 724.85564899072 -8.34745373881774e-006 0 0
 728.15416877179 -0.000151157334924857 0 0
 731.45175257 -5.19345820301097e-005 0 0
 734.74838877601 -0.000119381661775803 0 0
 738.04406578048 -3.84866217299281e-005 0 0
 741.33877197407 -0.000204423290746188 0 0
 744.63249574744 -0.000144820454246262 0 0
 747.92522549125 5.9033569884342e-006 0 0
 751.21694959616 -3.00252266395122e-005 0 0
 754.50765645283 -7.21167682731204e-005 0 0
 757.79733445192 -0.000194096055396798 0 0
 761.08597198409 -5.17250105242301e-005 0 0
 764.37355744 6.20304298451175e-005 0 0
 767.66007921031 3.36777069711298e-005 0 0
 770.94552568568 -7.86735180421851e-005 0 0
 774.22988525677 -8.21183430894087e-005 0 0
 777.51314631424 -2.58886804087303e-005 0 0
 780.79529724875 -0.000130039485178908 0 0
 784.07632645096 0.00014672109682512 0 0
 787.35622231153 1.4059695706609e-005 0 0
 790.63497322112 -0.000135995833428992 0 0
 793.91256757039 -0.000142431081298811 0 0
 797.18899375 8.83197909440211e-005 0 0
 800.46424015061 0.000144837509878611 0 0
 803.73829516288 -0.00017202663828344 0 0
 807.01114717747 -0.000253323610785479 0 0
 810.28278458504 -0.000294905032638271 0 0
 813.55319577625 -4.05714608726884e-005 0 0
 816.82236914176 -0.000100605698872566 0 0
 820.09029307223 0.000154346644063316 0 0
 823.35695595832 6.14092055553973e-005 0 0
 826.62234619069 -1.45810653334194e-005 0 0
 829.88645216 -0.000209614932786477 0 0
 833.14926225691 4.32563950610314e-005 0 0
 836.41076487208 0.000245147983156027 0 0
 839.67094839617 -2.1538128873318e-005 0 0
 842.92980121984 -0.000140434253738929 0 0
 846.18731173375 -8.07780721809209e-005 0 0
 849.44346832856 -0.000331523667973929 0 0
 852.69825939493 0.000129166313415174 0 0
 855.95167332352 4.35839840500533e-005 0 0
 859.20369850499 -0.000158345076636408 0 0
 862.45432333 -0.000121079780423978 0 0
 865.70353618921 1.31467329400931e-005 0 0
 868.95132547328 -0.00044372408118043 0 0
 872.19767957287 0.000108730946348148 0 0
 875.44258687864 -0.000362860060202848 0 0
 878.68603578125 -0.000759617478340989 0 0
 881.92801467136 0.000361189951078147 0 0
 885.16851193963 0.000145287170397899 0 0
 888.40751597672 0.000407873483971593 0 0
 891.64501517329 -0.000163660713919371 0 0
 894.88099792 0.000716286149863609 0 0
 898.11545260751 -2.06611345388102e-005 0 0
 901.34836762648 0.000678583901753331 0 0
 904.57973136757 0.000660433133432294 0 0
 907.80953222144 -0.000444059909387162 0 0
 911.03775857875 -0.000270270183670411 0 0
 914.26439883016 0.000334473172111704 0 0
 917.48944136633 -0.000758008302057332 0 0
 920.71287457792 0.000596404931580829 0 0
 923.93468685559 -0.000121535420608025 0 0
 927.15486659 -0.000311844215108116 0 0
 930.37340217181 -1.54083685879293e-005 0 0
 933.59028199168 0.00020888767306365 0 0
 936.80549444027 -0.00136834003600662 0 0
 940.01902790824 0.000643447594688254 0 0
 943.23087078625 -0.000315071768915094 0 0
 946.44101146496 0.00064996553103527 0 0
 949.64943833503 -0.00118650654558315 0 0
 952.85613978712 -0.00011946950291738 0 0
 956.06110421189 0 0 0
 959.26432 0 0 0
 962.46577554211 0 0 0
 965.66545922888 0 0 0
 968.86335945097 0 0 0
 972.05946459904 0 0 0
 975.25376306375 0 0 0
 978.44624323576 0 0 0
 981.63689350573 0 0 0
 984.82570226432 0 0 0
 988.01265790219 0 0 0
 991.19774881 0 0 0
 994.38096337841 0 0 0
 997.56228999808 0 0 0
 1000.74171705967 0 0 0
 1003.91923295384 0 0 0
 1007.09482607125 0 0 0
 1010.26848480256 0 0 0
 1013.44019753843 0 0 0
 1016.60995266952 0 0 0
 1019.77773858649 0 0 0
 1022.94354368 0 0 0
 1026.10735634071 0 0 0
 1029.26916495928 0 0 0
 1032.42895792637 0 0 0
 1035.58672363264 0 0 0
 1038.74245046875 0 0 0
 1041.89612682536 0 0 0
 1045.04774109313 0 0 0
 1048.19728166272 0 0 0
 1051.34473692479 0 0 0
 1054.49009527 0 0 0
 1057.63334508901 0 0 0
 1060.77447477248 0 0 0
 1063.91347271107 0 0 0
 1067.05032729544 0 0 0
 1070.18502691625 0 0 0
 1073.31755996416 0 0 0
 1076.44791482983 0 0 0
 1079.57607990392 0 0 0
 1082.70204357709 0 0 0
 1085.82579424 0 0 0
 1088.94732028331 0 0 0
 1092.06661009768 0 0 0
 1095.18365207377 0 0 0
 1098.29843460224 0 0 0
 1101.41094607375 0 0 0
 1104.52117487896 0 0 0
 1107.62910940853 0 0 0
 1110.73473805312 0 0 0
 1113.83804920339 0 0 0
 1116.93903125 0 0 0
 1120.03767258361 0 0 0
 1123.13396159488 0 0 0
 1126.22788667447 0 0 0
 1129.31943621304 0 0 0
 1132.40859860125 0 0 0
 1135.49536222976 0 0 0
[END] of [DATA]
[END] of [Spectrum]


#TBID:2021-12-12 00:30:00;SAM_84C8;RAW;

[Spectrum]
Version            = 1
IDData             = 96B1_2021-12-12_00-30-00_000_285
IDDevice           = SAM_84C8
IDDataType         = SPECTRUM
IDDataTypeSub1     = RAW
IDDataTypeSub2     = 
IDDataTypeSub3     = 
DateTime           = 2021-12-12 00:30:00
PositionLatitude   = 0
PositionLongitude  = 0
Comment            = 
CommentSub1        = 
CommentSub2        = 
CommentSub3        = 
IDMethodType       = SAM Control
MethodName         = SAM_84C8
Mission            = No Mission
MissionSub         = 1
RecordType         = 0
[Attributes]
CalFactor = 1
IDBasisSpec = 
IDDataBack = DLAB_2015-08-21_12-14-03_013_778
IDDataCal = DLAB_2015-08-24_11-04-47_772_747
IntegrationTime = 4096
P31 = -1
P31e = 0
PathLength = +INF
PathLengthCustomOn = 0
RAWDynamic = 65535
Salinity = 0
Temperature = -NAN
Unit1 = $05 $00 Pixel 
Unit2 = $03 $05 Intensity counts
Unit3 = $f0 $05 Error counts
Unit4 = $f1 $00 Status 
p999 = 1427
[END] of [Attributes]
[DATA]
 0 11 0 0
 1 1155 0 0
 2 1144 0 0
 3 1142 0 0
 4 1156 0 0
 5 1146 0 0
 6 1149 0 0
 7 1150 0 0
 8 1154 0 0
 9 1154 0 0
 10 1145 0 0
 11 1149 0 0
 12 1151 0 0
 13 1150 0 0
 14 1152 0 0
 15 1153 0 0
 16 1153 0 0
 17 1149 0 0
 18 1154 0 0
 19 1154 0 0
 20 1150 0 0
 21 1150 0 0
 22 1154 0 0
 23 1156 0 0
 24 1153 0 0
 25 1156 0 0
 26 1152 0 0
 27 1156 0 0
 28 1155 0 0
 29 1154 0 0
 30 1155 0 0
 31 1150 0 0
 32 1155 0 0
 33 1153 0 0
 34 1152 0 0
 35 1155 0 0
 36 1154 0 0
 37 1158 0 0
 38 1154 0 0
 39 1155 0 0
 40 1152 0 0
 41 1155 0 0
 42 1158 0 0
 43 1158 0 0
 44 1156 0 0
 45 1158 0 0
 46 1150 0 0
 47 1155 0 0
 48 1158 0 0
 49 1157 0 0
 50 1150 0 0
 51 1162 0 0
 52 1160 0 0
 53 1157 0 0
 54 1151 0 0
 55 1156 0 0
 56 1155 0 0
 57 1159 0 0
 58 1157 0 0
 59 1157 0 0
 60 1158 0 0
 61 1157 0 0
 62 1166 0 0
 63 1161 0 0
 64 1157 0 0
 65 1157 0 0
 66 1158 0 0
 67 1158 0 0
 68 1160 0 0
 69 1164 0 0
 70 1158 0 0
 71 1157 0 0
 72 1161 0 0
 73 1164 0 0
 74 1160 0 0
 75 1162 0 0
 76 1165 0 0
 77 1162 0 0
 78 1159 0 0
 79 1163 0 0
 80 1161 0 0
 81 1156 0 0
 82 1163 0 0
 83 1162 0 0
 84 1159 0 0
 85 1165 0 0
 86 1158 0 0
 87 1158 0 0
 88 1158 0 0
 89 1153 0 0
 90 1161 0 0
 91 1165 0 0
 92 1162 0 0
 93 1162 0 0
 94 1163 0 0
 95 1160 0 0
 96 1166 0 0
 97 1165 0 0
 98 1163 0 0
 99 1159 0 0
 100 1161 0 0
 101 1167 0 0
 102 1161 0 0
 103 1163 0 0
 104 1159 0 0
 105 1165 0 0
 106 1165 0 0
 107 1164 0 0
 108 1157 0 0
 109 1156 0 0
 110 1159 0 0
 111 1168 0 0
 112 1161 0 0
 113 1163 0 0
 114 1156 0 0
 115 1168 0 0
 116 1165 0 0
 117 1163 0 0
 118 1157 0 0
 119 1164 0 0
 120 1158 0 0
 121 1165 0 0
 122 1162 0 0
 123 1159 0 0
 124 1165 0 0
 125 1166 0 0
 126 1164 0 0
 127 1168 0 0
 128 1155 0 0
 129 1161 0 0
 130 1168 0 0
 131 1164 0 0
 132 1163 0 0
 133 1189 0 0
 134 1163 0 0
 135 1168 0 0
 136 1165 0 0
 137 1168 0 0
 138 1162 0 0
 139 1161 0 0
 140 1164 0 0
 141 1164 0 0
 142 1159 0 0
 143 1166 0 0
 144 1160 0 0
 145 1168 0 0
 146 1164 0 0
 147 1158 0 0
 148 1164 0 0
 149 1164 0 0
 150 1162 0 0
 151 1162 0 0
 152 1172 0 0
 153 1164 0 0
 154 1162 0 0
 155 1164 0 0
 156 1157 0 0
 157 1167 0 0
 158 1162 0 0
 159 1161 0 0
 160 1164 0 0
 161 1161 0 0
 162 1167 0 0
 163 1163 0 0
 164 1166 0 0
 165 1162 0 0
 166 1164 0 0
 167 1164 0 0
 168 1157 0 0
 169 1161 0 0
 170 1169 0 0
 171 1164 0 0
 172 1155 0 0
 173 1161 0 0
 174 1164 0 0
 175 1164 0 0
 176 1159 0 0
 177 1164 0 0
 178 1157 0 0
 179 1168 0 0
 180 1166 0 0
 181 1160 0 0
 182 1164 0 0
 183 1161 0 0
 184 1162 0 0
 185 1162 0 0
 186 1162 0 0
 187 1164 0 0
 188 1163 0 0
 189 1167 0 0
 190 1164 0 0
 191 1155 0 0
 192 1166 0 0
 193 1163 0 0
 194 1163 0 0
 195 1166 0 0
 196 1161 0 0
 197 1158 0 0
 198 1163 0 0
 199 1164 0 0
 200 1163 0 0
 201 1163 0 0
 202 1159 0 0
 203 1163 0 0
 204 1166 0 0
 205 1164 0 0
 206 1163 0 0
 207 1163 0 0
 208 1164 0 0
 209 1160 0 0
 210 1161 0 0
 211 1163 0 0
 212 1161 0 0
 213 1164 0 0
 214 1158 0 0
 215 1165 0 0
 216 1163 0 0
 217 1163 0 0
 218 1165 0 0
 219 1164 0 0
 220 1166 0 0
 221 1163 0 0
 222 1161 0 0
 223 1163 0 0
 224 1169 0 0
 225 1159 0 0
 226 1162 0 0
 227 1166 0 0
 228 1165 0 0
 229 1160 0 0
 230 1159 0 0
 231 1166 0 0
 232 1163 0 0
 233 1161 0 0
 234 1164 0 0
 235 1158 0 0
 236 1160 0 0
 237 1166 0 0
 238 1161 0 0
 239 1165 0 0
 240 1162 0 0
 241 1165 0 0
 242 1163 0 0
 243 1167 0 0
 244 1163 0 0
 245 1160 0 0
 246 1161 0 0
 247 1165 0 0
 248 1164 0 0
 249 1164 0 0
 250 1165 0 0
 251 1157 0 0
 252 1156 0 0
 253 1164 0 0
 254 1165 0 0
 255 1208 0 0
[END] of [DATA]
[END] of [Spectrum]


#TBID:2021-12-12 00:30:00;SAM_84C8;CALIBRATED;

[Spectrum]
Version            = 1
IDData             = 96B1_2021-12-12_00-30-00_000_286
IDDevice           = SAM_84C8
IDDataType         = SPECTRUM
IDDataTypeSub1     = CALIBRATED
IDDataTypeSub2     = 
IDDataTypeSub3     = 
DateTime           = 2021-12-12 00:30:00
PositionLatitude   = 0
PositionLongitude  = 0
Comment            = 
CommentSub1        = 
CommentSub2        = 
CommentSub3        = 
IDMethodType       = SAM Control
MethodName         = SAM_84C8
Mission            = No Mission
MissionSub         = 1
RecordType         = 0
[Attributes]
CalFactor = 1
IDBasisSpec = 
IDDataBack = DLAB_2015-08-21_12-14-03_013_778
IDDataCal = DLAB_2015-08-24_11-04-47_772_747
IntegrationTime = 4096
P31 = -1
P31e = 0
PathLength = +INF
PathLengthCustomOn = 0
RAWDynamic = 65535
Salinity = 0
Temperature = -NAN
Unit1 = $01 $01 Wavelength nm
Unit2 = $03 $03 Intensity mW/(m^2 nm Sr)
Unit3 = $f0 $03 Error mW/(m^2 nm Sr)
Unit4 = $f1 $00 Status 
p999 = 1427
[END] of [Attributes]
[DATA]
 0 11 0 0
 303.516048156 0 0 0
 306.890006053 0 0 0
 310.26457112 0 0 0
 313.639731825 0 0 0
 317.015476636 -0.000465712952350775 0 0
 320.391794021 -0.000402030215650739 0 0
 323.768672448 -0.000170317997585869 0 0
 327.146100385 5.60213566596955e-005 0 0
 330.5240663 3.40235844630481e-006 0 0
 333.902558661 -8.57472099758219e-005 0 0
 337.281565936 -0.000242202060434793 0 0
 340.661076593 -0.000273797328859072 0 0
 344.0410791 -5.89188115903867e-005 0 0
 347.421561925 -9.99648006661207e-006 0 0
 350.802513536 -5.58479426318286e-005 0 0
 354.183922401 -5.75895672840447e-005 0 0
 357.565776988 -0.000180153937268106 0 0
 360.948065765 -4.73657150255036e-005 0 0
 364.3307772 -5.67038795164738e-005 0 0
 367.713899761 -6.43923407566491e-005 0 0
 371.097421916 -0.000114628145524323 0 0
 374.481332133 -7.4331000611898e-005 0 0
 377.86561888 -4.71133694029863e-005 0 0
 381.250270625 -0.000143636356991408 0 0
 384.635275836 -1.5696609982004e-005 0 0
 388.020622981 5.30076395426584e-005 0 0
 391.406300528 3.42182034273132e-005 0 0
 394.792296945 -6.49629551649242e-005 0 0
 398.1786007 -3.68791098531758e-005 0 0
 401.565200261 -8.74034038197992e-005 0 0
 404.952084096 -0.000121431418591574 0 0
 408.339240673 -2.74621421823643e-005 0 0
 411.72665846 1.21515709195379e-005 0 0
 415.114325925 -1.37571381104599e-005 0 0
 418.502231536 5.58374808002197e-005 0 0
 421.890363761 -3.8533299118519e-005 0 0
 425.278711068 -0.000130656932991333 0 0
 428.667261925 -4.56937950441907e-005 0 0
 432.0560048 5.48310184076815e-005 0 0
 435.444928161 -1.33322411805633e-005 0 0
 438.834020476 -2.08051494659874e-005 0 0
 442.223270213 4.91748548469168e-005 0 0
 445.61266584 8.62843400358659e-006 0 0
 449.002195825 4.49267581495746e-005 0 0
 452.391848636 -3.41114617479335e-005 0 0
 455.781612741 -8.20019654434803e-005 0 0
 459.171476608 -1.68823571317618e-006 0 0
 462.561428705 -7.70499936270588e-006 0 0
 465.9514575 -6.72719625182593e-005 0 0
 469.341551461 -4.30516007751759e-005 0 0
 472.731699056 3.43392585864326e-005 0 0
 476.121888753 1.62046838933099e-005 0 0
 479.51210902 1.03038593579057e-005 0 0
 482.902348325 6.96295030337951e-005 0 0
 486.292595136 -1.34174512299729e-005 0 0
 489.682837921 -5.30265941879241e-005 0 0
 493.073065148 -5.22626831999036e-005 0 0
 496.463265285 1.51615531874031e-005 0 0
 499.8534268 9.05110200718994e-005 0 0
 503.243538161 6.41563798122607e-005 0 0
 506.633587836 4.06431608666787e-006 0 0
 510.023564293 -3.53015657430265e-005 0 0
 513.413456 -1.49587154774917e-006 0 0
 516.803251425 8.38958470574014e-005 0 0
 520.192939036 3.47113617152123e-005 0 0
 523.582507301 -3.17374652384196e-005 0 0
 526.971944688 -4.62001295840949e-007 0 0
 530.361239665 -2.96528709184414e-005 0 0
 533.7503807 9.67976826216707e-005 0 0
 537.139356261 -5.41659353026084e-005 0 0
 540.528154816 -2.19361326369108e-005 0 0
 543.916764833 -4.0244279851512e-005 0 0
 547.30517478 6.59552889982465e-005 0 0
 550.693373125 3.23571020301808e-005 0 0
 554.081348336 2.66430708748482e-005 0 0
 557.469088881 6.69360082987359e-005 0 0
 560.856583228 3.01554249335015e-005 0 0
 564.243819845 -4.98008946955529e-006 0 0
 567.6307872 3.28211484637741e-005 0 0
 571.017473761 1.42065866351118e-005 0 0
 574.403867996 -1.5871878143179e-005 0 0
 577.789958373 -2.3519403816466e-005 0 0
 581.17573336 -2.33642441279433e-006 0 0
 584.561181425 -6.28627141704857e-005 0 0
 587.946291036 0.000108105694611966 0 0
 591.331050661 -2.40338390894474e-006 0 0
 594.715448768 -6.20794822330142e-005 0 0
 598.099473825 -9.90434371135567e-006 0 0
 601.4831143 -6.23569261235099e-005 0 0
 604.866358661 -7.74845300946135e-005 0 0
 608.249195376 3.71650292934603e-005 0 0
 611.631612913 -2.38976172360131e-006 0 0
 615.01359974 9.18993446221335e-005 0 0
 618.395144325 -5.1606740514789e-005 0 0
 621.776235136 1.81281742593591e-006 0 0
 625.156860641 5.23751974293025e-006 0 0
 628.537009308 7.89372714533798e-005 0 0
 631.916669605 6.7154562800538e-005 0 0
 635.29583 2.685667113395e-005 0 0
 638.674478961 -0.000116510411959314 0 0
 642.052604956 -7.90934221523863e-005 0 0
 645.430196453 -6.42325710314961e-005 0 0
 648.80724192 6.84917675672963e-005 0 0
 652.183729825 -2.17760489072368e-005 0 0
 655.559648636 -5.53755413587539e-005 0 0
 658.934986821 0.000135802657347233 0 0
 662.309732848 6.75589801539863e-005 0 0
 665.683875185 2.66056249099204e-005 0 0
 669.0574023 -3.85054947604937e-005 0 0
 672.430302661 -0.000188888991044539 0 0
 675.802564736 -0.000144951142298606 0 0
 679.174176993 -5.35689084692604e-005 0 0
 682.5451279 -9.0387999037409e-006 0 0
 685.915405925 -0.000133915047236456 0 0
 689.284999536 -4.78049269813098e-006 0 0
 692.653897201 -0.000130409075449303 0 0
 696.022087388 6.41353114887837e-005 0 0
 699.389558565 -5.05316202341541e-005 0 0
 702.7562992 -8.52154512760411e-005 0 0
 706.122297761 4.12602405862368e-005 0 0
 709.487542716 6.22100380454408e-005 0 0
 712.852022533 0.000132905595690642 0 0
 716.21572568 4.20672262468206e-006 0 0
 719.578640625 0.00017243429474281 0 0
 722.940755836 8.62859821432018e-005 0 0
 726.302059781 4.0832711348425e-005 0 0
 729.662540928 -8.07157090378823e-005 0 0
 733.022187745 -9.74846998115291e-005 0 0
 736.3809887 -7.91054074640865e-005 0 0
 739.738932261 0.000247720997799635 0 0
 743.096006896 -2.19868762735257e-005 0 0
 746.452201073 -1.56036113111256e-005 0 0
 749.80750326 -0.000848137529423967 0 0
 753.161901925 -9.14611938161136e-005 0 0
 756.515385536 0.00016818297653843 0 0
 759.867942561 7.95326432663738e-005 0 0
 763.219561468 7.76744139578404e-005 0 0
 766.570230725 7.10481299576924e-005 0 0
 769.9199388 -0.000205446939101573 0 0
 773.268674161 3.26340009193981e-005 0 0
 776.616425276 0.000121820598514316 0 0
 779.963180613 -0.00018256752276326 0 0
 783.30892864 0.000109668903132169 0 0
 786.653657825 -0.000293238833425208 0 0
 789.997356636 7.19769725293403e-005 0 0
 793.340013541 -5.42550838943495e-005 0 0
 796.681617008 -5.31663409271897e-005 0 0
 800.022155505 -5.0737568738675e-005 0 0
 803.3616175 0.000134644835604676 0 0
 806.699991461 6.2742894124441e-006 0 0
 810.037265856 -5.11345373847057e-005 0 0
 813.373429153 0.000180956500549335 0 0
 816.70846982 0.000100374836830005 0 0
 820.042376325 0.000128727421978031 0 0
 823.375137136 0.000318215121139818 0 0
 826.706740721 -0.000306092264145139 0 0
 830.037175548 6.20333935182334e-005 0 0
 833.366430085 -0.000100143491309763 0 0
 836.6944928 3.56618701668637e-005 0 0
 840.021352161 -9.23941951633304e-005 0 0
 843.346996636 -2.67984159193222e-005 0 0
 846.671414693 0.000144505712031105 0 0
 849.9945948 3.87350115727201e-005 0 0
 853.316525425 0.000624033436581858 0 0
 856.637195036 -0.000305065663214759 0 0
 859.956592101 -2.36542598045907e-006 0 0
 863.274705088 -0.000268554233894267 0 0
 866.591522465 -0.0006267732265583 0 0
 869.9070327 7.3267054208863e-006 0 0
 873.221224261 0.000249944986218827 0 0
 876.534085616 0.000255605030054615 0 0
 879.845605233 -0.000841414209742323 0 0
 883.15577158 0.000817848842423384 0 0
 886.464573125 0.000540084621321818 0 0
 889.771998336 -0.000545766722094158 0 0
 893.078035681 -0.00013045466049644 0 0
 896.382673628 0.000262119305696821 0 0
 899.685900645 -0.000162000067683257 0 0
 902.9877052 0.000484980297333786 0 0
 906.288075761 -9.36172544888393e-005 0 0
 909.587000796 -0.000583367264937527 0 0
 912.884468773 -4.36750071735524e-005 0 0
 916.18046816 -0.000338982851036916 0 0
 919.474987425 0.000642538613265705 0 0
 922.768015036 -0.000329284418660067 0 0
 926.059539461 0.000329968085447972 0 0
 929.349549168 -0.000836850099022232 0 0
 932.638032625 0.000337153516628407 0 0
 935.9249783 0.00104727837988624 0 0
 939.210374661 0.00181262116310655 0 0
 942.494210176 -0.00150312269488567 0 0
 945.776473313 -0.000181308881861957 0 0
 949.05715254 0.0019982055731307 0 0
 952.336236325 -0.000472040569856595 0 0
 955.613713136 0 0 0
 958.889571441 0 0 0
 962.163799708 0 0 0
 965.436386405 0 0 0
 968.70732 0 0 0
 971.976588961 0 0 0
 975.244181756 0 0 0
 978.510086853 0 0 0
 981.77429272 0 0 0
 985.036787825 0 0 0
 988.297560636 0 0 0
 991.556599621 0 0 0
 994.813893248 0 0 0
 998.069429985 0 0 0
 1001.3231983 0 0 0
 1004.575186661 0 0 0
 1007.825383536 0 0 0
 1011.073777393 0 0 0
 1014.3203567 0 0 0
 1017.565109925 0 0 0
 1020.808025536 0 0 0
 1024.049092001 0 0 0
 1027.288297788 0 0 0
 1030.525631365 0 0 0
 1033.7610812 0 0 0
 1036.994635761 0 0 0
 1040.226283516 0 0 0
 1043.456012933 0 0 0
 1046.68381248 0 0 0
 1049.909670625 0 0 0
 1053.133575836 0 0 0
 1056.355516581 0 0 0
 1059.575481328 0 0 0
 1062.793458545 0 0 0
 1066.0094367 0 0 0
 1069.223404261 0 0 0
 1072.435349696 0 0 0
 1075.645261473 0 0 0
 1078.85312806 0 0 0
 1082.058937925 0 0 0
 1085.262679536 0 0 0
 1088.464341361 0 0 0
 1091.663911868 0 0 0
 1094.861379525 0 0 0
 1098.0567328 0 0 0
 1101.249960161 0 0 0
 1104.441050076 0 0 0
 1107.629991013 0 0 0
 1110.81677144 0 0 0
 1114.001379825 0 0 0
 1117.183804636 0 0 0
 1120.364034341 0 0 0
 1123.542057408 0 0 0
 1126.717862305 0 0 0
 1129.8914375 0 0 0
 1133.062771461 0 0 0
 1136.231852656 0 0 0
 1139.398669553 0 0 0
 1142.56321062 0 0 0
 1145.725464325 0 0 0
 1148.885419136 0 0 0
[END] of [DATA]
[END] of [Spectrum]


#TBID:2021-12-12 01:00:00;SAM_84CE;RAW;

[Spectrum]
Version            = 1
IDData             = 96B1_2021-12-12_01-00-00_000_289
IDDevice           = SAM_84CE
IDDataType         = SPECTRUM
IDDataTypeSub1     = RAW
IDDataTypeSub2     = 
IDDataTypeSub3     = 
DateTime           = 2021-12-12 01:00:00
PositionLatitude   = 0
PositionLongitude  = 0
Comment            = 
CommentSub1        = 
CommentSub2        = 
CommentSub3        = 
IDMethodType       = SAM Control
MethodName         = SAM_84CE
Mission            = No Mission
MissionSub         = 1
RecordType         = 0
[Attributes]
CalFactor = 1
IDBasisSpec = 
IDDataBack = DLAB_2015-08-21_11-56-43_233_004
IDDataCal = DLAB_2015-08-26_10-05-37_585_478
IntegrationTime = 4096
P31 = -1
P31e = 0
PathLength = +INF
PathLengthCustomOn = 0
RAWDynamic = 65535
Salinity = 0
Temperature = -NAN
Unit1 = $05 $00 Pixel 
Unit2 = $03 $05 Intensity counts
Unit3 = $f0 $05 Error counts
Unit4 = $f1 $00 Status 
p999 = 1428
[END] of [Attributes]
[DATA]
 0 11 0 0
 1 1170 0 0
 2 1158 0 0
 3 1170 0 0
 4 1174 0 0
 5 1181 0 0
 6 1170 0 0
 7 1165 0 0
 8 1174 0 0
 9 1176 0 0
 10 1170 0 0
 11 1172 0 0
 12 1178 0 0
 13 1176 0 0
 14 1178 0 0
 15 1174 0 0
 16 1172 0 0
 17 1177 0 0
 18 1173 0 0
 19 1178 0 0
 20 1178 0 0
 21 1180 0 0
 22 1170 0 0
 23 1184 0 0
 24 1180 0 0
 25 1181 0 0
 26 1180 0 0
 27 1189 0 0
 28 1177 0 0
 29 1180 0 0
 30 1176 0 0
 31 1182 0 0
 32 1176 0 0
 33 1175 0 0
 34 1176 0 0
 35 1182 0 0
 36 1185 0 0
 37 1178 0 0
 38 1182 0 0
 39 1184 0 0
 40 1181 0 0
 41 1183 0 0
 42 1175 0 0
 43 1179 0 0
 44 1180 0 0
 45 1182 0 0
 46 1184 0 0
 47 1182 0 0
 48 1180 0 0
 49 1182 0 0
 50 1178 0 0
 51 1182 0 0
 52 1182 0 0
 53 1182 0 0
 54 1185 0 0
 55 1183 0 0
 56 1178 0 0
 57 1184 0 0
 58 1189 0 0
 59 1180 0 0
 60 1182 0 0
 61 1180 0 0
 62 1188 0 0
 63 1182 0 0
 64 1181 0 0
 65 1184 0 0
 66 1186 0 0
 67 1185 0 0
 68 1180 0 0
 69 1179 0 0
 70 1180 0 0
 71 1179 0 0
 72 1182 0 0
 73 1181 0 0
 74 1185 0 0
 75 1184 0 0
 76 1186 0 0
 77 1185 0 0
 78 1178 0 0
 79 1182 0 0
 80 1186 0 0
 81 1189 0 0
 82 1179 0 0
 83 1182 0 0
 84 1181 0 0
 85 1183 0 0
 86 1182 0 0
 87 1180 0 0
 88 1183 0 0
 89 1183 0 0
 90 1188 0 0
 91 1183 0 0
 92 1185 0 0
 93 1185 0 0
 94 1181 0 0
 95 1182 0 0
 96 1180 0 0
 97 1186 0 0
 98 1186 0 0
 99 1182 0 0
 100 1181 0 0
 101 1189 0 0
 102 1184 0 0
 103 1185 0 0
 104 1186 0 0
 105 1188 0 0
 106 1184 0 0
 107 1186 0 0
 108 1184 0 0
 109 1190 0 0
 110 1182 0 0
 111 1189 0 0
 112 1181 0 0
 113 1186 0 0
 114 1186 0 0
 115 1182 0 0
 116 1182 0 0
 117 1192 0 0
 118 1189 0 0
 119 1186 0 0
 120 1188 0 0
 121 1180 0 0
 122 1185 0 0
 123 1182 0 0
 124 1184 0 0
 125 1188 0 0
 126 1186 0 0
 127 1182 0 0
 128 1190 0 0
 129 1186 0 0
 130 1182 0 0
 131 1182 0 0
 132 1182 0 0
 133 1187 0 0
 134 1185 0 0
 135 1188 0 0
 136 1184 0 0
 137 1186 0 0
 138 1185 0 0
 139 1191 0 0
 140 1181 0 0
 141 1184 0 0
 142 1184 0 0
 143 1190 0 0
 144 1186 0 0
 145 1188 0 0
 146 1186 0 0
 147 1186 0 0
 148 1186 0 0
 149 1180 0 0
 150 1186 0 0
 151 1184 0 0
 152 1183 0 0
 153 1187 0 0
 154 1185 0 0
 155 1183 0 0
 156 1184 0 0
 157 1180 0 0
 158 1182 0 0
 159 1188 0 0
 160 1180 0 0
 161 1186 0 0
 162 1184 0 0
 163 1187 0 0
 164 1185 0 0
 165 1179 0 0
 166 1181 0 0
 167 1183 0 0
 168 1188 0 0
 169 1182 0 0
 170 1184 0 0
 171 1187 0 0
 172 1190 0 0
 173 1187 0 0
 174 1182 0 0
 175 1180 0 0
 176 1184 0 0
 177 1186 0 0
 178 1187 0 0
 179 1182 0 0
 180 1178 0 0
 181 1186 0 0
 182 1184 0 0
 183 1181 0 0
 184 1182 0 0
 185 1186 0 0
 186 1188 0 0
 187 1185 0 0
 188 1180 0 0
 189 1182 0 0
 190 1185 0 0
 191 1186 0 0
 192 1182 0 0
 193 1185 0 0
 194 1181 0 0
 195 1180 0 0
 196 1184 0 0
 197 1187 0 0
 198 1180 0 0
 199 1179 0 0
 200 1181 0 0
 201 1186 0 0
 202 1183 0 0
 203 1184 0 0
 204 1182 0 0
 205 1185 0 0
 206 1185 0 0
 207 1182 0 0
 208 1182 0 0
 209 1184 0 0
 210 1181 0 0
 211 1184 0 0
 212 1182 0 0
 213 1185 0 0
 214 1187 0 0
 215 1184 0 0
 216 1184 0 0
 217 1185 0 0
 218 1181 0 0
 219 1184 0 0
 220 1173 0 0
 221 1184 0 0
 222 1185 0 0
 223 1182 0 0
 224 1179 0 0
 225 1183 0 0
 226 1180 0 0
 227 1187 0 0
 228 1173 0 0
 229 1185 0 0
 230 1183 0 0
 231 1181 0 0
 232 1186 0 0
 233 1182 0 0
 234 1189 0 0
 235 1187 0 0
 236 1183 0 0
 237 1182 0 0
 238 1179 0 0
 239 1185 0 0
 240 1182 0 0
 241 1179 0 0
 242 1182 0 0
 243 1186 0 0
 244 1184 0 0
 245 1184 0 0
 246 1174 0 0
 247 1189 0 0
 248 1183 0 0
 249 1184 0 0
 250 1176 0 0
 251 1184 0 0
 252 1184 0 0
 253 1189 0 0
 254 1187 0 0
 255 1232 0 0
[END] of [DATA]
[END] of [Spectrum]


#TBID:2021-12-12 01:00:00;SAM_84CE;CALIBRATED;

[Spectrum]
Version            = 1
IDData             = 96B1_2021-12-12_01-00-00_000_290
IDDevice           = SAM_84CE
IDDataType         = SPECTRUM
IDDataTypeSub1     = CALIBRATED
IDDataTypeSub2     = 
IDDataTypeSub3     = 
DateTime           = 2021-12-12 01:00:00
PositionLatitude   = 0
PositionLongitude  = 0
Comment            = 
CommentSub1        = 
CommentSub2        = 
CommentSub3        = 
IDMethodType       = SAM Control
MethodName         = SAM_84CE
Mission            = No Mission
MissionSub         = 1
RecordType         = 0
[Attributes]
CalFactor = 1
IDBasisSpec = 
IDDataBack = DLAB_2015-08-21_11-56-43_233_004
IDDataCal = DLAB_2015-08-26_10-05-37_585_478
IntegrationTime = 4096
P31 = -1
P31e = 0
PathLength = +INF
PathLengthCustomOn = 0
RAWDynamic = 65535
Salinity = 0
Temperature = -NAN
Unit1 = $01 $01 Wavelength nm
Unit2 = $03 $06 Intensity mW/(m^2 nm)
Unit3 = $f0 $06 Error mW/(m^2 nm)
Unit4 = $f1 $00 Status 
p999 = 1428
[END] of [Attributes]
[DATA]
 0 11 0 0
 303.485180022 0 0 0
 306.85638880275 0 0 0
 310.228324544 0 0 0
 313.60097308125 0 0 0
 316.97432025 0.00352206710904269 0 0
 320.34835188575 0.00126441956337403 0 0
 323.723053824 7.05178359428246e-005 0 0
 327.09841190025 0.00278787929674884 0 0
 330.47441195 0.000826216793544454 0 0
 333.85103980875 -0.000305598243028177 0 0
 337.228281312 -0.000511534567201103 0 0
 340.60612229525 0.00130526551757777 0 0
 343.984548594 0.000725120543136954 0 0
 347.36354604375 -0.000212474974150918 0 0
 350.74310048 0.000817418183502116 0 0
 354.12319773825 -7.2412117684817e-005 0 0
 357.503823654 0.00179243363703877 0 0
 360.88496406275 7.79234549309054e-005 0 0
 364.2666048 0.00212953248948932 0 0
 367.64873170125 0.000195242707307281 0 0
 371.031330602 0.00115915749665916 0 0
 374.41438733775 -0.000295555387022312 0 0
 377.797887744 -0.000173842288840773 0 0
 381.18181765625 0.000884845494128178 0 0
 384.56616291 0.00105064427961929 0 0
 387.95090934075 -0.000125453055415177 0 0
 391.336042784 0.00140974449065579 0 0
 394.72154907525 0.00139029385190201 0 0
 398.10741405 0.00145740287045168 0 0
 401.49362354375 0.000527696934940481 0 0
 404.880163392 0.000101107085671153 0 0
 408.26701943025 -0.000301769188625035 0 0
 411.654177494 0.000108340091608976 0 0
 415.04162341875 0.000672519616403939 0 0
 418.42934304 0.00180690738100619 0 0
 421.81732219325 0.000899345519382401 0 0
 425.205546714 0.00122200649279037 0 0
 428.59400243775 0.000358221402361419 0 0
 431.9826752 0.00100294990737606 0 0
 435.37155083625 0.000557684163951246 0 0
 438.760615182 0.000959819468348885 0 0
 442.14985407275 -0.000156582758872068 0 0
 445.539253344 0.000364012577455354 0 0
 448.92879883125 0.00115585995832384 0 0
 452.31847637 0.00144247300861142 0 0
 455.70827179575 0.000455743854850193 0 0
 459.098170944 -0.000150023699294626 0 0
 462.48815965025 0.000401040593135252 0 0
 465.87822375 0.000693533073344265 0 0
 469.26834907875 -6.27638099791312e-005 0 0
 472.658521472 0.0013227271830767 0 0
 476.04872676525 0.00137207766027256 0 0
 479.438950794 0.000505867333813211 0 0
 482.82917939375 0.00052881676884421 0 0
 486.2193984 0.00135165325409718 0 0
 489.60959364825 0.000757389303919761 0 0
 492.999750974 0.00149854242455033 0 0
 496.38985621275 0.00153334349359712 0 0
 499.7798952 0.000723252013007364 0 0
 503.16985377125 0.00157867942946697 0 0
 506.559717762 0.000669718138258719 0 0
 509.94947300775 0.000708071714738263 0 0
 513.339105344 0.000437519627521016 0 0
 516.72860060625 0.000463587364024058 0 0
 520.11794463 0.00121878181289723 0 0
 523.50712325075 0.000322874185352807 0 0
 526.896122304 0.0009714660211045 0 0
 530.28492762525 0.000153785726255894 0 0
 533.67352505 0.000978047289821353 0 0
 537.06190041375 0.00176203613554779 0 0
 540.450039552 0.00080507748223529 0 0
 543.83792830025 0.00063303241016833 0 0
 547.225552494 0.00029905179623775 0 0
 550.61289796875 0.00115685722891555 0 0
 553.99995056 0.000831313256420082 0 0
 557.38669610325 0.000168353808124231 0 0
 560.773120434 0.00112255547601808 0 0
 564.15920938775 0.000722527534985333 0 0
 567.5449488 0.000408939115650415 0 0
 570.93032450625 0.000703630514190623 0 0
 574.315322342 0.000973703893654926 0 0
 577.69992814275 0.000414800193587926 0 0
 581.084127744 0.00107468414958663 0 0
 584.46790698125 0.000849210784788811 0 0
 587.85125169 0.00100060769711129 0 0
 591.23414770575 0.000649122827302099 0 0
 594.616580864 0.000215825005258338 0 0
 597.99853700025 0.000980335804258409 0 0
 601.38000195 0.000960059232686697 0 0
 604.76096154875 0.000610955666167084 0 0
 608.141401632 0.000106905656609051 0 0
 611.52130803525 0.000649111757363985 0 0
 614.900666594 -0.000114646594244151 0 0
 618.27946314375 0.000454230275386212 0 0
 621.65768352 0.001148946939808 0 0
 625.03531355825 0.000843628542315139 0 0
 628.412339094 0.00070953157776359 0 0
 631.78874596275 9.65605086324577e-005 0 0
 635.16452 -0.000321875361953942 0 0
 638.53964704125 -0.000335272982085797 0 0
 641.914112922 0.00186548198616195 0 0
 645.28790347775 0.000380844050437243 0 0
 648.661004544 0.00026892268535407 0 0
 652.03340195625 0.00120257095769715 0 0
 655.40508155 0.000626754039413954 0 0
 658.77602916075 0.000403111221232087 0 0
 662.146230624 0.00142661093865896 0 0
 665.51567177525 0.00105433726574398 0 0
 668.88433845 0.00037939342313133 0 0
 672.25221648375 0.000501173394023117 0 0
 675.619291712 -1.71733450317157e-006 0 0
 678.98554997025 -0.000278357642039151 0 0
 682.350977094 0.0016383774436865 0 0
 685.71555891875 0.000657368168285268 0 0
 689.07928128 0.00043850446667184 0 0
 692.44213001325 0.00107933161989553 0 0
 695.804090954 0.00157052379609958 0 0
 699.16514993775 0.00145097188697443 0 0
 702.5252928 0.000634934784079697 0 0
 705.88450537625 0.00086808238252348 0 0
 709.242773502 -5.36945488992595e-005 0 0
 712.60008301275 0.000207195178753656 0 0
 715.956419744 0.000463745300376625 0 0
 719.31176953125 0.000680452235477042 0 0
 722.66611821 0.00185056900245969 0 0
 726.01945161575 -0.000315771543891344 0 0
 729.371755584 0.000764096191043129 0 0
 732.72301595025 0.00183514962622678 0 0
 736.07321855 0.00131993634819028 0 0
 739.42234921875 0.00118412232715972 0 0
 742.770393792 -0.00159880639395216 0 0
 746.11733810525 0.000545451557955109 0 0
 749.463167994 0.00158270598493494 0 0
 752.80786929375 0.00101031570603066 0 0
 756.15142784 0.00143291084762222 0 0
 759.49382946825 0.000843409641826482 0 0
 762.835060014 -0.000134983226238026 0 0
 766.17510531275 0.00276511826605826 0 0
 769.5139512 0.00135607792878516 0 0
 772.85158351125 0.00113995427625172 0 0
 776.187988082 0.000601607262556659 0 0
 779.52315074775 0.00136846620721735 0 0
 782.857057344 0.00259932008671528 0 0
 786.18969370625 0.00124280081060734 0 0
 789.52104567 -0.00065647627047394 0 0
 792.85109907075 -4.19198295585019e-005 0 0
 796.179839744 0.00341129907688477 0 0
 799.50725352525 0.000816510502093342 0 0
 802.83332625 0.000275053657580653 0 0
 806.15804375375 0.00272161572153902 0 0
 809.481391872 0.00247323501276719 0 0
 812.80335644025 0.00187338413182074 0 0
 816.123923294 0.00130620366436415 0 0
 819.44307826875 0.00144701725329879 0 0
 822.7608072 0.00088734391612446 0 0
 826.07709592325 0.0018241570602239 0 0
 829.391930274 -0.00126252411974848 0 0
 832.70529608775 0.00258388105194948 0 0
 836.0171792 0.00249654036133759 0 0
 839.32756544625 -0.00200729048827221 0 0
 842.636440662 0.000126839687621158 0 0
 845.94379068275 0.000188076660611568 0 0
 849.249601344 0.00250398191640002 0 0
 852.55385848125 0.000971436658843549 0 0
 855.85654793 -0.00103134881683143 0 0
 859.15765552575 0.000885238772586477 0 0
 862.457167104 0.000654114571760448 0 0
 865.75506850025 0.00493289956220398 0 0
 869.05134555 -0.00258053523532191 0 0
 872.34598408875 -0.00180021574967119 0 0
 875.638969952 -0.000366409221524696 0 0
 878.93028897525 0.00489815320024767 0 0
 882.219926994 0.00323160782917645 0 0
 885.50786984375 0.00248520202515186 0 0
 888.79410336 -0.00435317501527763 0 0
 892.07861337825 -1.37933514825252e-005 0 0
 895.361385734 0.00180849279285431 0 0
 898.64240626275 -0.000280304074907142 0 0
 901.9216608 -0.00414595880814257 0 0
 905.19913518125 -0.0103064105017883 0 0
 908.474815242 0.000918065384547496 0 0
 911.74868681775 -8.23808785447994e-005 0 0
 915.020735744 0.00640747703804772 0 0
 918.29094785625 0.00584151630928514 0 0
 921.55930899 0.003401564798923 0 0
 924.82580498075 0.00181521300323138 0 0
 928.090421664 -0.00545938695553245 0 0
 931.35314487525 -0.0045020781722065 0 0
 934.61396045 -0.0018646075607844 0 0
 937.87285422375 0.00278523593370382 0 0
 941.129812032 -0.0014559478161344 0 0
 944.38481971025 -0.00269007538661718 0 0
 947.637863094 0.00262729564219964 0 0
 950.88892801875 -0.00275536935479074 0 0
 954.13800032 0 0 0
 957.38506583325 0 0 0
 960.630110394 0 0 0
 963.87311983775 0 0 0
 967.11408 0 0 0
 970.35297671625 0 0 0
 973.589795822 0 0 0
 976.82452315275 0 0 0
 980.057144544 0 0 0
 983.28764583125 0 0 0
 986.51601285 0 0 0
 989.74223143575 0 0 0
 992.966287424 0 0 0
 996.18816665025 0 0 0
 999.40785495 0 0 0
 1002.62533815875 0 0 0
 1005.840602112 0 0 0
 1009.05363264525 0 0 0
 1012.264415594 0 0 0
 1015.47293679375 0 0 0
 1018.67918208 0 0 0
 1021.88313728825 0 0 0
 1025.084788254 0 0 0
 1028.28412081275 0 0 0
 1031.4811208 0 0 0
 1034.67577405125 0 0 0
 1037.868066402 0 0 0
 1041.05798368775 0 0 0
 1044.245511744 0 0 0
 1047.43063640625 0 0 0
 1050.61334351 0 0 0
 1053.79361889075 0 0 0
 1056.971448384 0 0 0
 1060.14681782525 0 0 0
 1063.31971305 0 0 0
 1066.49011989375 0 0 0
 1069.658024192 0 0 0
 1072.82341178025 0 0 0
 1075.986268494 0 0 0
 1079.14658016875 0 0 0
 1082.30433264 0 0 0
 1085.45951174325 0 0 0
 1088.612103314 0 0 0
 1091.76209318775 0 0 0
 1094.9094672 0 0 0
 1098.05421118625 0 0 0
 1101.196310982 0 0 0
 1104.33575242275 0 0 0
 1107.472521344 0 0 0
 1110.60660358125 0 0 0
 1113.73798497 0 0 0
 1116.86665134575 0 0 0
 1119.992588544 0 0 0
 1123.11578240025 0 0 0
 1126.23621875 0 0 0
 1129.35388342875 0 0 0
 1132.468762272 0 0 0
 1135.58084111525 0 0 0
 1138.690105794 0 0 0
 1141.79654214375 0 0 0
 1144.900136 0 0 0
[END] of [DATA]
[END] of [Spectrum]


#TBID:2021-12-12 01:00:00;SAM_84DC;RAW;

[Spectrum]
Version            = 1
IDData             = 96B1_2021-12-12_01-00-00_000_292
IDDevice           = SAM_84DC
IDDataType         = SPECTRUM
IDDataTypeSub1     = RAW
IDDataTypeSub2     = 
IDDataTypeSub3     = 
DateTime           = 2021-12-12 01:00:00
PositionLatitude   = 0
PositionLongitude  = 0
Comment            = 
CommentSub1        = 
CommentSub2        = 
CommentSub3        = 
IDMethodType       = SAM Control
MethodName         = SAM_84DC
Mission            = No Mission
MissionSub         = 1
RecordType         = 0
[Attributes]
CalFactor = 1
IDBasisSpec = 
IDDataBack = DLAB_2015-08-21_13-19-54_137_939
IDDataCal = DLAB_2015-08-24_10-46-55_592_608
IntegrationTime = 4096
P31 = -1
P31e = 0
PathLength = +INF
PathLengthCustomOn = 0
RAWDynamic = 65535
Salinity = 0
Temperature = -NAN
Unit1 = $05 $00 Pixel 
Unit2 = $03 $05 Intensity counts
Unit3 = $f0 $05 Error counts
Unit4 = $f1 $00 Status 
p999 = 1428
[END] of [Attributes]
[DATA]
 0 11 0 0
 1 1258 0 0
 2 1242 0 0
 3 1252 0 0
 4 1265 0 0
 5 1257 0 0
 6 1249 0 0
 7 1255 0 0
 8 1254 0 0
 9 1255 0 0
 10 1254 0 0
 11 1255 0 0
 12 1250 0 0
 13 1258 0 0
 14 1256 0 0
 15 1250 0 0
 16 1264 0 0
 17 1262 0 0
 18 1253 0 0
 19 1256 0 0
 20 1261 0 0
 21 1259 0 0
 22 1257 0 0
 23 1258 0 0
 24 1258 0 0
 25 1258 0 0
 26 1260 0 0
 27 1267 0 0
 28 1261 0 0
 29 1258 0 0
 30 1259 0 0
 31 1261 0 0
 32 1260 0 0
 33 1261 0 0
 34 1256 0 0
 35 1256 0 0
 36 1265 0 0
 37 1263 0 0
 38 1260 0 0
 39 1254 0 0
 40 1264 0 0
 41 1259 0 0
 42 1257 0 0
 43 1265 0 0
 44 1260 0 0
 45 1265 0 0
 46 1263 0 0
 47 1267 0 0
 48 1261 0 0
 49 1262 0 0
 50 1259 0 0
 51 1264 0 0
 52 1260 0 0
 53 1263 0 0
 54 1259 0 0
 55 1269 0 0
 56 1260 0 0
 57 1264 0 0
 58 1263 0 0
 59 1265 0 0
 60 1262 0 0
 61 1265 0 0
 62 1260 0 0
 63 1260 0 0
 64 1269 0 0
 65 1261 0 0
 66 1262 0 0
 67 1268 0 0
 68 1266 0 0
 69 1260 0 0
 70 1266 0 0
 71 1262 0 0
 72 1262 0 0
 73 1262 0 0
 74 1270 0 0
 75 1264 0 0
 76 1265 0 0
 77 1262 0 0
 78 1263 0 0
 79 1269 0 0
 80 1262 0 0
 81 1262 0 0
 82 1264 0 0
 83 1267 0 0
 84 1261 0 0
 85 1272 0 0
 86 1260 0 0
 87 1265 0 0
 88 1265 0 0
 89 1265 0 0
 90 1264 0 0
 91 1268 0 0
 92 1261 0 0
 93 1266 0 0
 94 1262 0 0
 95 1266 0 0
 96 1268 0 0
 97 1262 0 0
 98 1259 0 0
 99 1263 0 0
 100 1265 0 0
 101 1269 0 0
 102 1260 0 0
 103 1269 0 0
 104 1262 0 0
 105 1264 0 0
 106 1262 0 0
 107 1265 0 0
 108 1266 0 0
 109 1264 0 0
 110 1264 0 0
 111 1273 0 0
 112 1265 0 0
 113 1260 0 0
 114 1263 0 0
 115 1269 0 0
 116 1264 0 0
 117 1268 0 0
 118 1266 0 0
 119 1270 0 0
 120 1265 0 0
 121 1270 0 0
 122 1265 0 0
 123 1266 0 0
 124 1268 0 0
 125 1262 0 0
 126 1268 0 0
 127 1272 0 0
 128 1262 0 0
 129 1267 0 0
 130 1265 0 0
 131 1261 0 0
 132 1265 0 0
 133 1266 0 0
 134 1270 0 0
 135 1269 0 0
 136 1267 0 0
 137 1265 0 0
 138 1260 0 0
 139 1263 0 0
 140 1261 0 0
 141 1269 0 0
 142 1269 0 0
 143 1268 0 0
 144 1263 0 0
 145 1266 0 0
 146 1263 0 0
 147 1265 0 0
 148 1267 0 0
 149 1266 0 0
 150 1267 0 0
 151 1270 0 0
 152 1266 0 0
 153 1271 0 0
 154 1267 0 0
 155 1270 0 0
 156 1264 0 0
 157 1265 0 0
 158 1267 0 0
 159 1266 0 0
 160 1264 0 0
 161 1263 0 0
 162 1266 0 0
 163 1264 0 0
 164 1265 0 0
 165 1267 0 0
 166 1270 0 0
 167 1267 0 0
 168 1269 0 0
 169 1273 0 0
 170 1267 0 0
 171 1269 0 0
 172 1265 0 0
 173 1267 0 0
 174 1265 0 0
 175 1270 0 0
 176 1270 0 0
 177 1266 0 0
 178 1264 0 0
 179 1266 0 0
 180 1266 0 0
 181 1269 0 0
 182 1264 0 0
 183 1262 0 0
 184 1269 0 0
 185 1267 0 0
 186 1268 0 0
 187 1270 0 0
 188 1267 0 0
 189 1262 0 0
 190 1269 0 0
 191 1263 0 0
 192 1270 0 0
 193 1262 0 0
 194 1265 0 0
 195 1271 0 0
 196 1268 0 0
 197 1268 0 0
 198 1264 0 0
 199 1270 0 0
 200 1266 0 0
 201 1275 0 0
 202 1265 0 0
 203 1274 0 0
 204 1269 0 0
 205 1272 0 0
 206 1270 0 0
 207 1271 0 0
 208 1265 0 0
 209 1263 0 0
 210 1267 0 0
 211 1266 0 0
 212 1267 0 0
 213 1272 0 0
 214 1266 0 0
 215 1269 0 0
 216 1269 0 0
 217 1273 0 0
 218 1267 0 0
 219 1267 0 0
 220 1264 0 0
 221 1277 0 0
 222 1269 0 0
 223 1268 0 0
 224 1270 0 0
 225 1268 0 0
 226 1268 0 0
 227 1269 0 0
 228 1265 0 0
 229 1268 0 0
 230 1266 0 0
 231 1272 0 0
 232 1270 0 0
 233 1273 0 0
 234 1271 0 0
 235 1272 0 0
 236 1268 0 0
 237 1269 0 0
 238 1265 0 0
 239 1272 0 0
 240 1274 0 0
 241 1273 0 0
 242 1272 0 0
 243 1269 0 0
 244 1274 0 0
 245 1272 0 0
 246 1269 0 0
 247 1273 0 0
 248 1273 0 0
 249 1273 0 0
 250 1275 0 0
 251 1271 0 0
 252 1272 0 0
 253 1274 0 0
 254 1274 0 0
 255 1333 0 0
[END] of [DATA]
[END] of [Spectrum]


#TBID:2021-12-12 01:00:00;SAM_84DC;CALIBRATED;

[Spectrum]
Version            = 1
IDData             = 96B1_2021-12-12_01-00-00_000_293
IDDevice           = SAM_84DC
IDDataType         = SPECTRUM
IDDataTypeSub1     = CALIBRATED
IDDataTypeSub2     = 
IDDataTypeSub3     = 
DateTime           = 2021-12-12 01:00:00
PositionLatitude   = 0
PositionLongitude  = 0
Comment            = 
CommentSub1        = 
CommentSub2        = 
CommentSub3        = 
IDMethodType       = SAM Control
MethodName         = SAM_84DC
Mission            = No Mission
MissionSub         = 1
RecordType         = 0
[Attributes]
CalFactor = 1
IDBasisSpec = 
IDDataBack = DLAB_2015-08-21_13-19-54_137_939
IDDataCal = DLAB_2015-08-24_10-46-55_592_608
IntegrationTime = 4096
P31 = -1
P31e = 0
PathLength = +INF
PathLengthCustomOn = 0
RAWDynamic = 65535
Salinity = 0
Temperature = -NAN
Unit1 = $01 $01 Wavelength nm
Unit2 = $03 $03 Intensity mW/(m^2 nm Sr)
Unit3 = $f0 $03 Error mW/(m^2 nm Sr)
Unit4 = $f1 $00 Status 
p999 = 1428
[END] of [Attributes]
[DATA]
 0 11 0 0
 305.71650776488 0 0 0
 309.04007505697 0 0 0
 312.36416914304 0 0 0
 315.68877841375 0 0 0
 319.01389125976 -0.000103380663039033 0 0
 322.33949607173 -0.000156542595620356 0 0
 325.66558124032 -0.00034525683838804 0 0
 328.99213515619 -0.000270034916670231 0 0
 332.31914621 -0.000352372074636443 0 0
 335.64660279241 -0.000266237597547345 0 0
 338.97449329408 -0.000284591985602714 0 0
 342.30280610567 -0.000226135744818691 0 0
 345.63152961784 -3.82241947685038e-005 0 0
 348.96065222125 -0.000288035282336472 0 0
 352.29016230656 -0.000108743924708524 0 0
 355.62004826443 -8.21312844115505e-006 0 0
 358.95029848552 -0.000132956428597264 0 0
 362.28090136049 -0.000144588828756517 0 0
 365.61184528 -0.000133470185004179 0 0
 368.94311863471 5.87034241849275e-007 0 0
 372.27470981528 1.95395389490577e-005 0 0
 375.60660721237 -0.00018729024634051 0 0
 378.93879921664 -0.00016085747186729 0 0
 382.27127421875 -0.000141871518499505 0 0
 385.60402060936 -3.99712123984976e-006 0 0
 388.93702677913 -9.48019835126898e-005 0 0
 392.27028111872 3.80374551385192e-005 0 0
 395.60377201879 5.19814149194065e-005 0 0
 398.93748787 4.13589471474381e-006 0 0
 402.27141706301 4.39729091222068e-005 0 0
 405.60554798848 -8.54117461326876e-005 0 0
 408.93986903707 -6.01303609332441e-005 0 0
 412.27436859944 2.4192601481434e-005 0 0
 415.60903506625 -0.00012788323873806 0 0
 418.94385682816 -4.46362583936236e-005 0 0
 422.27882227583 -6.20586567418293e-005 0 0
 425.61391979992 -5.78854621870905e-005 0 0
 428.94913779109 -5.28226406665349e-005 0 0
 432.28446464 -7.36460338487498e-005 0 0
 435.61988873731 -9.67811836863554e-005 0 0
 438.95539847368 -7.62998752144907e-005 0 0
 442.29098223977 -8.31161064041858e-005 0 0
 445.62662842624 -2.67784162678476e-005 0 0
 448.96232542375 -0.000102957710070755 0 0
 452.29806162296 -3.80760848515653e-005 0 0
 455.63382541453 -0.000109528999003111 0 0
 458.96960518912 -8.64601062314637e-005 0 0
 462.30538933739 -5.86657418515259e-005 0 0
 465.64116625 -5.62463956941636e-005 0 0
 468.97692431761 -7.13401535050785e-005 0 0
 472.31265193088 -3.617963065459e-005 0 0
 475.64833748047 -9.74561666977555e-005 0 0
 478.98396935704 -2.56029117799185e-005 0 0
 482.31953595125 -7.87112969037097e-005 0 0
 485.65502565376 -7.35362106642482e-006 0 0
 488.99042685523 -9.49508132478725e-005 0 0
 492.32572794632 -9.6944770618979e-005 0 0
 495.66091731769 -0.000104826846814373 0 0
 498.99598336 -0.000163137481014207 0 0
 502.33091446391 -0.000111978221240117 0 0
 505.66569902008 -0.000107941932356192 0 0
 509.00032541917 -7.54202506089102e-005 0 0
 512.33478205184 -0.00011595346285685 0 0
 515.66905730875 -2.25367969582119e-005 0 0
 519.00313958056 -7.17755980480086e-005 0 0
 522.33701725793 2.88675010881266e-005 0 0
 525.67067873152 -3.18355484553689e-005 0 0
 529.00411239199 -6.86696302963335e-005 0 0
 532.33730663 -7.99668386327113e-005 0 0
 535.67024983621 -6.88829811464596e-005 0 0
 539.00293040128 -0.000141834903001169 0 0
 542.33533671587 -6.79089402409496e-005 0 0
 545.66745717064 -0.000114199140871581 0 0
 548.99928015625 -4.8081968764902e-005 0 0
 552.33079406336 -2.95726409645707e-005 0 0
 555.66198728263 -8.00943215191929e-005 0 0
 558.99284820472 -0.000103151231197581 0 0
 562.32336522029 -1.92234979984746e-005 0 0
 565.65352672 -6.44312148923253e-005 0 0
 568.98332109451 -6.93347253441136e-005 0 0
 572.31273673448 -0.000153833576798816 0 0
 575.64176203057 -4.81202331401331e-005 0 0
 578.97038537344 -5.49453139464833e-005 0 0
 582.29859515375 -3.80871129366827e-005 0 0
 585.62637976216 -7.80486857390001e-005 0 0
 588.95372758933 -0.000158621762113381 0 0
 592.28062702592 -0.000111163951919143 0 0
 595.60706646259 -5.06232683624374e-005 0 0
 598.93303429 -0.000143814267843211 0 0
 602.25851889881 -2.10421231689242e-005 0 0
 605.58350867968 -5.79392094704831e-005 0 0
 608.90799202327 -0.000157695538541196 0 0
 612.23195732024 -7.54725813475814e-005 0 0
 615.55539296125 -0.000193185166369601 0 0
 618.87828733696 -0.000122495607974545 0 0
 622.20062883803 -6.22045099559972e-006 0 0
 625.52240585512 -0.00022419940916974 0 0
 628.84360677889 -0.000151302642245363 0 0
 632.16422 -0.000139755499797879 0 0
 635.48423390911 -0.00013589818960088 0 0
 638.80363689688 -9.4356798079939e-007 0 0
 642.12241735397 -0.000221080546227078 0 0
 645.44056367104 -3.22737167198326e-005 0 0
 648.75806423875 -0.000157466870647256 0 0
 652.07490744776 -0.000187319033017124 0 0
 655.39108168873 -0.000198133110861431 0 0
 658.70657535232 -0.000277973359712735 0 0
 662.02137682919 -0.000133918703034389 0 0
 665.33547451 -0.000187186530443626 0 0
 668.64885678541 -0.000122954278243591 0 0
 671.96151204608 -1.10621003416826e-005 0 0
 675.27342868267 -0.000142193576874727 0 0
 678.58459508584 -0.000111738183330337 0 0
 681.89499964625 -0.000201871690981928 0 0
 685.20463075456 -0.000135194160915405 0 0
 688.51347680143 -0.000121850348415906 0 0
 691.82152617752 -3.73039022032821e-005 0 0
 695.12876727349 -3.10994702889403e-005 0 0
 698.43518848 -5.65418468858742e-006 0 0
 701.74077818771 6.2691471128464e-005 0 0
 705.04552478728 -0.000166549941898239 0 0
 708.34941666937 -5.80794581202683e-005 0 0
 711.65244222464 -0.000168411712391427 0 0
 714.95458984375 -0.000127077550675891 0 0
 718.25584791736 -0.000123760988062317 0 0
 721.55620483613 -0.000124662411301439 0 0
 724.85564899072 -1.53788116597048e-005 0 0
 728.15416877179 -0.000158210742955869 0 0
 731.45175257 -3.77659930631156e-005 0 0
 734.74838877601 -0.000233463891075625 0 0
 738.04406578048 -0.000175177795886545 0 0
 741.33877197407 -0.000168047937045808 0 0
 744.63249574744 -0.000107974771753469 0 0
 747.92522549125 2.08575253161789e-005 0 0
 751.21694959616 -8.31114876626727e-005 0 0
 754.50765645283 3.56594144294013e-005 0 0
 757.79733445192 -0.000155044872310359 0 0
 761.08597198409 -0.00015461083588118 0 0
 764.37355744 -0.000162562429251333 0 0
 767.66007921031 -0.00014516171802809 0 0
 770.94552568568 -0.00011165870539295 0 0
 774.22988525677 6.04230377715981e-005 0 0
 777.51314631424 -8.56950331456564e-005 0 0
 780.79529724875 -0.000164989935969022 0 0
 784.07632645096 3.00690210622721e-005 0 0
 787.35622231153 -0.000106174725434547 0 0
 790.63497322112 -8.82303103293311e-005 0 0
 793.91256757039 -0.000152326933910768 0 0
 797.18899375 -0.000137578889058637 0 0
 800.46424015061 3.8260479154021e-005 0 0
 803.73829516288 -5.03046391998926e-005 0 0
 807.01114717747 -0.000127027596142261 0 0
 810.28278458504 -9.22295605336593e-005 0 0
 813.55319577625 -0.000164341634411611 0 0
 816.82236914176 2.09706524879909e-006 0 0
 820.09029307223 -5.88783755148986e-005 0 0
 823.35695595832 -0.000367774817156393 0 0
 826.62234619069 -7.21268673495243e-005 0 0
 829.88645216 -0.00026953961884222 0 0
 833.14926225691 -0.000346604112200741 0 0
 836.41076487208 -0.000112272259433549 0 0
 839.67094839617 0.000216113067058506 0 0
 842.92980121984 -0.000104937749344935 0 0
 846.18731173375 -0.000155077343365672 0 0
 849.44346832856 -0.000175902629774027 0 0
 852.69825939493 -0.00031881416686987 0 0
 855.95167332352 -0.000361133806389153 0 0
 859.20369850499 -0.000113823433324072 0 0
 862.45432333 0.000134606634127261 0 0
 865.70353618921 -0.000228953637746134 0 0
 868.95132547328 -0.000468946163046165 0 0
 872.19767957287 0.000239785148692747 0 0
 875.44258687864 -0.000471726393803737 0 0
 878.68603578125 -0.000449216020977591 0 0
 881.92801467136 0.000244330923929738 0 0
 885.16851193963 -6.62519966170981e-005 0 0
 888.40751597672 -9.24634372969675e-005 0 0
 891.64501517329 -0.000583705791995008 0 0
 894.88099792 0.000181491028690291 0 0
 898.11545260751 4.85903303342092e-005 0 0
 901.34836762648 0.000427197099173483 0 0
 904.57973136757 -0.000495978793223241 0 0
 907.80953222144 -0.00083241037662758 0 0
 911.03775857875 0.000173537821399414 0 0
 914.26439883016 -0.000212190339611839 0 0
 917.48944136633 -0.000275844093650678 0 0
 920.71287457792 2.25178234004335e-006 0 0
 923.93468685559 0.000404957940628218 0 0
 927.15486659 -0.000211655784567923 0 0
 930.37340217181 0.000562666340336973 0 0
 933.59028199168 -0.000840546085158729 0 0
 936.80549444027 -0.00125203534926936 0 0
 940.01902790824 -0.00161858110845778 0 0
 943.23087078625 -0.000573630415445491 0 0
 946.44101146496 0.00139781593577839 0 0
 949.64943833503 -0.00125779730141245 0 0
 952.85613978712 -0.000416983989114059 0 0
 956.06110421189 0 0 0
 959.26432 0 0 0
 962.46577554211 0 0 0
 965.66545922888 0 0 0
 968.86335945097 0 0 0
 972.05946459904 0 0 0
 975.25376306375 0 0 0
 978.44624323576 0 0 0
 981.63689350573 0 0 0
 984.82570226432 0 0 0
 988.01265790219 0 0 0
 991.19774881 0 0 0
 994.38096337841 0 0 0
 997.56228999808 0 0 0
 1000.74171705967 0 0 0
 1003.91923295384 0 0 0
 1007.09482607125 0 0 0
 1010.26848480256 0 0 0
 1013.44019753843 0 0 0
 1016.60995266952 0 0 0
 1019.77773858649 0 0 0
 1022.94354368 0 0 0
 1026.10735634071 0 0 0
 1029.26916495928 0 0 0
 1032.42895792637 0 0 0
 1035.58672363264 0 0 0
 1038.74245046875 0 0 0
 1041.89612682536 0 0 0
 1045.04774109313 0 0 0
 1048.19728166272 0 0 0
 1051.34473692479 0 0 0
 1054.49009527 0 0 0
 1057.63334508901 0 0 0
 1060.77447477248 0 0 0
 1063.91347271107 0 0 0
 1067.05032729544 0 0 0
 1070.18502691625 0 0 0
 1073.31755996416 0 0 0
 1076.44791482983 0 0 0
 1079.57607990392 0 0 0
 1082.70204357709 0 0 0
 1085.82579424 0 0 0
 1088.94732028331 0 0 0
 1092.06661009768 0 0 0
 1095.18365207377 0 0 0
 1098.29843460224 0 0 0
 1101.41094607375 0 0 0
 1104.52117487896 0 0 0
 1107.62910940853 0 0 0
 1110.73473805312 0 0 0
 1113.83804920339 0 0 0
 1116.93903125 0 0 0
 1120.03767258361 0 0 0
 1123.13396159488 0 0 0
 1126.22788667447 0 0 0
 1129.31943621304 0 0 0
 1132.40859860125 0 0 0
 1135.49536222976 0 0 0
[END] of [DATA]
[END] of [Spectrum]


#TBID:2021-12-12 01:00:00;SAM_84C8;RAW;

[Spectrum]
Version            = 1
IDData             = 96B1_2021-12-12_01-00-00_000_295
IDDevice           = SAM_84C8
IDDataType         = SPECTRUM
IDDataTypeSub1     = RAW
IDDataTypeSub2     = 
IDDataTypeSub3     = 
DateTime           = 2021-12-12 01:00:00
PositionLatitude   = 0
PositionLongitude  = 0
Comment            = 
CommentSub1        = 
CommentSub2        = 
CommentSub3        = 
IDMethodType       = SAM Control
MethodName         = SAM_84C8
Mission            = No Mission
MissionSub         = 1
RecordType         = 0
[Attributes]
CalFactor = 1
IDBasisSpec = 
IDDataBack = DLAB_2015-08-21_12-14-03_013_778
IDDataCal = DLAB_2015-08-24_11-04-47_772_747
IntegrationTime = 4096
P31 = -1
P31e = 0
PathLength = +INF
PathLengthCustomOn = 0
RAWDynamic = 65535
Salinity = 0
Temperature = -NAN
Unit1 = $05 $00 Pixel 
Unit2 = $03 $05 Intensity counts
Unit3 = $f0 $05 Error counts
Unit4 = $f1 $00 Status 
p999 = 1428
[END] of [Attributes]
[DATA]
 0 11 0 0
 1 1163 0 0
 2 1159 0 0
 3 1161 0 0
 4 1163 0 0
 5 1160 0 0
 6 1160 0 0
 7 1160 0 0
 8 1161 0 0
 9 1160 0 0
 10 1156 0 0
 11 1167 0 0
 12 1164 0 0
 13 1164 0 0
 14 1159 0 0
 15 1159 0 0
 16 1162 0 0
 17 1167 0 0
 18 1163 0 0
 19 1164 0 0
 20 1162 0 0
 21 1164 0 0
 22 1162 0 0
 23 1171 0 0
 24 1164 0 0
 25 1164 0 0
 26 1164 0 0
 27 1163 0 0
 28 1162 0 0
 29 1166 0 0
 30 1169 0 0
 31 1165 0 0
 32 1168 0 0
 33 1163 0 0
 34 1164 0 0
 35 1165 0 0
 36 1173 0 0
 37 1171 0 0
 38 1170 0 0
 39 1164 0 0
 40 1166 0 0
 41 1165 0 0
 42 1163 0 0
 43 1171 0 0
 44 1163 0 0
 45 1172 0 0
 46 1167 0 0
 47 1164 0 0
 48 1169 0 0
 49 1176 0 0
 50 1166 0 0
 51 1170 0 0
 52 1173 0 0
 53 1169 0 0
 54 1165 0 0
 55 1174 0 0
 56 1172 0 0
 57 1175 0 0
 58 1167 0 0
 59 1165 0 0
 60 1169 0 0
 61 1173 0 0
 62 1178 0 0
 63 1169 0 0
 64 1170 0 0
 65 1171 0 0
 66 1169 0 0
 67 1171 0 0
 68 1170 0 0
 69 1171 0 0
 70 1169 0 0
 71 1168 0 0
 72 1173 0 0
 73 1172 0 0
 74 1171 0 0
 75 1178 0 0
 76 1177 0 0
 77 1173 0 0
 78 1172 0 0
 79 1175 0 0
 80 1169 0 0
 81 1171 0 0
 82 1172 0 0
 83 1168 0 0
 84 1177 0 0
 85 1170 0 0
 86 1171 0 0
 87 1178 0 0
 88 1177 0 0
 89 1176 0 0
 90 1170 0 0
 91 1175 0 0
 92 1168 0 0
 93 1170 0 0
 94 1174 0 0
 95 1175 0 0
 96 1171 0 0
 97 1174 0 0
 98 1174 0 0
 99 1170 0 0
 100 1174 0 0
 101 1182 0 0
 102 1170 0 0
 103 1174 0 0
 104 1174 0 0
 105 1178 0 0
 106 1174 0 0
 107 1176 0 0
 108 1174 0 0
 109 1174 0 0
 110 1182 0 0
 111 1179 0 0
 112 1169 0 0
 113 1180 0 0
 114 1173 0 0
 115 1178 0 0
 116 1179 0 0
 117 1176 0 0
 118 1173 0 0
 119 1178 0 0
 120 1170 0 0
 121 1171 0 0
 122 1172 0 0
 123 1168 0 0
 124 1172 0 0
 125 1176 0 0
 126 1175 0 0
 127 1175 0 0
 128 1171 0 0
 129 1180 0 0
 130 1173 0 0
 131 1177 0 0
 132 1179 0 0
 133 1200 0 0
 134 1179 0 0
 135 1172 0 0
 136 1176 0 0
 137 1177 0 0
 138 1177 0 0
 139 1177 0 0
 140 1172 0 0
 141 1173 0 0
 142 1180 0 0
 143 1175 0 0
 144 1177 0 0
 145 1176 0 0
 146 1176 0 0
 147 1177 0 0
 148 1172 0 0
 149 1178 0 0
 150 1174 0 0
 151 1169 0 0
 152 1179 0 0
 153 1176 0 0
 154 1172 0 0
 155 1170 0 0
 156 1168 0 0
 157 1178 0 0
 158 1174 0 0
 159 1174 0 0
 160 1174 0 0
 161 1174 0 0
 162 1172 0 0
 163 1175 0 0
 164 1169 0 0
 165 1178 0 0
 166 1174 0 0
 167 1181 0 0
 168 1172 0 0
 169 1174 0 0
 170 1177 0 0
 171 1171 0 0
 172 1176 0 0
 173 1168 0 0
 174 1172 0 0
 175 1180 0 0
 176 1175 0 0
 177 1175 0 0
 178 1167 0 0
 179 1173 0 0
 180 1176 0 0
 181 1173 0 0
 182 1182 0 0
 183 1177 0 0
 184 1175 0 0
 185 1173 0 0
 186 1173 0 0
 187 1177 0 0
 188 1172 0 0
 189 1171 0 0
 190 1171 0 0
 191 1173 0 0
 192 1174 0 0
 193 1171 0 0
 194 1175 0 0
 195 1177 0 0
 196 1170 0 0
 197 1172 0 0
 198 1174 0 0
 199 1172 0 0
 200 1170 0 0
 201 1174 0 0
 202 1169 0 0
 203 1173 0 0
 204 1172 0 0
 205 1174 0 0
 206 1172 0 0
 207 1173 0 0
 208 1171 0 0
 209 1172 0 0
 210 1169 0 0
 211 1175 0 0
 212 1174 0 0
 213 1171 0 0
 214 1174 0 0
 215 1173 0 0
 216 1172 0 0
 217 1172 0 0
 218 1169 0 0
 219 1170 0 0
 220 1174 0 0
 221 1174 0 0
 222 1173 0 0
 223 1170 0 0
 224 1175 0 0
 225 1176 0 0
 226 1177 0 0
 227 1172 0 0
 228 1171 0 0
 229 1168 0 0
 230 1170 0 0
 231 1173 0 0
 232 1167 0 0
 233 1172 0 0
 234 1178 0 0
 235 1173 0 0
 236 1172 0 0
 237 1175 0 0
 238 1172 0 0
 239 1172 0 0
 240 1175 0 0
 241 1172 0 0
 242 1170 0 0
 243 1175 0 0
 244 1175 0 0
 245 1171 0 0
 246 1173 0 0
 247 1172 0 0
 248 1169 0 0
 249 1178 0 0
 250 1174 0 0
 251 1174 0 0
 252 1172 0 0
 253 1174 0 0
 254 1176 0 0
 255 1221 0 0
[END] of [DATA]
[END] of [Spectrum]


#TBID:2021-12-12 01:00:00;SAM_84C8;CALIBRATED;

[Spectrum]
Version            = 1
IDData             = 96B1_2021-12-12_01-00-00_000_296
IDDevice           = SAM_84C8
IDDataType         = SPECTRUM
IDDataTypeSub1     = CALIBRATED
IDDataTypeSub2     = 
IDDataTypeSub3     = 
DateTime           = 2021-12-12 01:00:00
PositionLatitude   = 0
PositionLongitude  = 0
Comment            = 
CommentSub1        = 
CommentSub2        = 
CommentSub3        = 
IDMethodType       = SAM Control
MethodName         = SAM_84C8
Mission            = No Mission
MissionSub         = 1
RecordType         = 0
[Attributes]
CalFactor = 1
IDBasisSpec = 
IDDataBack = DLAB_2015-08-21_12-14-03_013_778
IDDataCal = DLAB_2015-08-24_11-04-47_772_747
IntegrationTime = 4096
P31 = -1
P31e = 0
PathLength = +INF
PathLengthCustomOn = 0
RAWDynamic = 65535
Salinity = 0
Temperature = -NAN
Unit1 = $01 $01 Wavelength nm
Unit2 = $03 $03 Intensity mW/(m^2 nm Sr)
Unit3 = $f0 $03 Error mW/(m^2 nm Sr)
Unit4 = $f1 $00 Status 
p999 = 1428
[END] of [Attributes]
[DATA]
 0 11 0 0
 303.516048156 0 0 0
 306.890006053 0 0 0
 310.26457112 0 0 0
 313.639731825 0 0 0
 317.015476636 -0.000298394875039733 0 0
 320.391794021 -0.000374787982142477 0 0
 323.768672448 -0.000183066013857536 0 0
 327.146100385 -6.34415868868025e-005 0 0
 330.5240663 -0.000145887376412164 0 0
 333.902558661 -6.38485862915177e-005 0 0
 337.281565936 -6.72537629249279e-007 0 0
 340.661076593 -0.000195953956454288 0 0
 344.0410791 4.06038370083276e-005 0 0
 347.421561925 -9.32047569625415e-005 0 0
 350.802513536 -0.000154931012395153 0 0
 354.183922401 -8.58818008444427e-005 0 0
 357.565776988 -2.87658453351108e-005 0 0
 360.948065765 -7.23702250105101e-005 0 0
 364.3307772 -6.28030532982297e-005 0 0
 367.713899761 -3.39648176938503e-005 0 0
 371.097421916 -4.66836861477445e-005 0 0
 374.481332133 -0.00011875687079251 0 0
 377.86561888 4.42907643410674e-005 0 0
 381.250270625 -0.000130239735458715 0 0
 384.635275836 -6.356056172188e-005 0 0
 388.020622981 8.74423940050784e-005 0 0
 391.406300528 -3.43567986258483e-005 0 0
 394.792296945 -0.000132770992952562 0 0
 398.1786007 -3.77431511766523e-006 0 0
 401.565200261 -1.68856463289296e-005 0 0
 404.952084096 -3.52367759537809e-005 0 0
 408.339240673 1.93391160527878e-005 0 0
 411.72665846 6.60723458380945e-006 0 0
 415.114325925 1.23972370429279e-005 0 0
 418.502231536 5.09183143495187e-005 0 0
 421.890363761 8.19304659092469e-005 0 0
 425.278711068 -9.56583085267153e-005 0 0
 428.667261925 2.48657794654304e-005 0 0
 432.0560048 3.89506664077864e-005 0 0
 435.444928161 2.88178663942318e-005 0 0
 438.834020476 -2.45403166414385e-005 0 0
 442.223270213 -9.94055916390099e-006 0 0
 445.61266584 3.81985456631467e-005 0 0
 449.002195825 7.552772943847e-006 0 0
 452.391848636 7.85091280156626e-006 0 0
 455.781612741 -3.76471846145445e-006 0 0
 459.171476608 -1.77658108359076e-005 0 0
 462.561428705 5.50251636254126e-007 0 0
 465.9514575 4.25172777913256e-005 0 0
 469.341551461 3.0142620049574e-005 0 0
 472.731699056 3.7374092807578e-006 0 0
 476.121888753 5.15930105888936e-005 0 0
 479.51210902 3.26982902008088e-005 0 0
 482.902348325 0.000119689110507017 0 0
 486.292595136 9.29494049642773e-005 0 0
 489.682837921 4.07886038356532e-005 0 0
 493.073065148 2.84458927960308e-005 0 0
 496.463265285 1.03863977316504e-005 0 0
 499.8534268 5.70664034299216e-005 0 0
 503.243538161 7.36558449559397e-005 0 0
 506.633587836 8.3878515344141e-005 0 0
 510.023564293 -1.21952593971659e-005 0 0
 513.413456 -3.31892061378517e-005 0 0
 516.803251425 0.000119210285835568 0 0
 520.192939036 8.19525227900316e-005 0 0
 523.582507301 -2.33850227515574e-005 0 0
 526.971944688 3.20545858380862e-005 0 0
 530.361239665 -3.36264117750597e-005 0 0
 533.7503807 5.77787187424258e-005 0 0
 537.139356261 -4.64664817040976e-005 0 0
 540.528154816 -1.43006403101765e-005 0 0
 543.916764833 -2.12443340082066e-005 0 0
 547.30517478 3.93892571222863e-005 0 0
 550.693373125 3.99634018848164e-005 0 0
 554.081348336 9.15844720163877e-005 0 0
 557.469088881 8.61768396951604e-005 0 0
 560.856583228 3.7935928368269e-005 0 0
 564.243819845 2.65742188817406e-005 0 0
 567.6307872 5.28623981906558e-005 0 0
 571.017473761 -1.43741841889208e-005 0 0
 574.403867996 4.23919894275242e-005 0 0
 577.789958373 -4.05098186823859e-005 0 0
 581.17573336 -5.87380255921781e-005 0 0
 584.561181425 3.92010221767552e-005 0 0
 587.946291036 3.5422564122257e-005 0 0
 591.331050661 3.4829453510849e-005 0 0
 594.715448768 7.6223452304635e-005 0 0
 598.099473825 0.000117178446796919 0 0
 601.4831143 0.000128120324091148 0 0
 604.866358661 -9.79967273282263e-005 0 0
 608.249195376 3.19508033707338e-005 0 0
 611.631612913 -7.07089172751853e-005 0 0
 615.01359974 5.49374375982456e-005 0 0
 618.395144325 -4.0967948527873e-005 0 0
 621.776235136 7.70237664222322e-005 0 0
 625.156860641 -8.18998125037715e-005 0 0
 628.537009308 5.66896400777376e-005 0 0
 631.916669605 7.85864627214665e-005 0 0
 635.29583 3.86378381053762e-005 0 0
 638.674478961 -6.78913623880155e-005 0 0
 642.052604956 8.46347522445965e-006 0 0
 645.430196453 -8.98769185117646e-005 0 0
 648.80724192 8.16053390930058e-005 0 0
 652.183729825 7.17776968452368e-005 0 0
 655.559648636 -1.06719462743361e-006 0 0
 658.934986821 0.00010828719729972 0 0
 662.309732848 0.000102265750465023 0 0
 665.683875185 0.000166178081538704 0 0
 669.0574023 0.000122631582805842 0 0
 672.430302661 7.87509965556124e-005 0 0
 675.802564736 -0.000130711941232274 0 0
 679.174176993 -0.00010407311093119 0 0
 682.5451279 0.000136847621940568 0 0
 685.915405925 1.32291805947503e-005 0 0
 689.284999536 -1.22003769086476e-005 0 0
 692.653897201 -4.82404532041183e-005 0 0
 696.022087388 0.000124315284118062 0 0
 699.389558565 7.84705714662802e-005 0 0
 702.7562992 -1.13195658800491e-006 0 0
 706.122297761 7.97263367689895e-005 0 0
 709.487542716 -3.83838915060256e-005 0 0
 712.852022533 0.000125130269711373 0 0
 716.21572568 -2.69898106068336e-005 0 0
 719.578640625 9.43022015820367e-005 0 0
 722.940755836 7.84619171787694e-005 0 0
 726.302059781 5.64945665950074e-005 0 0
 729.662540928 -0.000159247544068538 0 0
 733.022187745 3.6510602805771e-005 0 0
 736.3809887 0.000127049808536606 0 0
 739.738932261 0.000119733398287244 0 0
 743.096006896 4.26850686812445e-005 0 0
 746.452201073 0.000123681990168629 0 0
 749.80750326 -0.00083152028315598 0 0
 753.161901925 5.16968628180488e-005 0 0
 756.515385536 5.93792446161425e-006 0 0
 759.867942561 9.68559879616891e-005 0 0
 763.219561468 4.25405103189873e-005 0 0
 766.570230725 0.000195862452469917 0 0
 769.9199388 -5.14278698135944e-005 0 0
 773.268674161 -3.18468966394809e-005 0 0
 776.616425276 8.42582726809244e-005 0 0
 779.963180613 0.000124332977546544 0 0
 783.30892864 7.03793968251017e-005 0 0
 786.653657825 -9.13709605013784e-005 0 0
 789.997356636 -7.49514193421484e-007 0 0
 793.340013541 -6.2429284233378e-007 0 0
 796.681617008 0.00023536061394793 0 0
 800.022155505 -0.000131166614747565 0 0
 803.3616175 0.000265464462892902 0 0
 806.699991461 6.78786068928829e-005 0 0
 810.037265856 -0.000178776445528823 0 0
 813.373429153 4.87295433016641e-005 0 0
 816.70846982 0.000168893699058229 0 0
 820.042376325 0.000114529842946572 0 0
 823.375137136 0.000126805844589211 0 0
 826.706740721 -0.000275507336157978 0 0
 830.037175548 9.38269061064172e-005 0 0
 833.366430085 -1.74737180736026e-005 0 0
 836.6944928 0.000173459604037911 0 0
 840.021352161 -0.000110369457242172 0 0
 843.346996636 0.000123675595111027 0 0
 846.671414693 -0.000170794552130181 0 0
 849.9945948 0.000141995564943383 0 0
 853.316525425 0.000148398240594979 0 0
 856.637195036 8.0030262604942e-005 0 0
 859.956592101 -2.60721169569145e-005 0 0
 863.274705088 0.000227515830396091 0 0
 866.591522465 -0.000264339753573109 0 0
 869.9070327 0.000223269176305575 0 0
 873.221224261 5.31747633312752e-005 0 0
 876.534085616 -3.65281719988986e-005 0 0
 879.845605233 0.000128644474726154 0 0
 883.15577158 0.000503400146902819 0 0
 886.464573125 0.000312165610951862 0 0
 889.771998336 2.70929561057786e-005 0 0
 893.078035681 0.00046247060787325 0 0
 896.382673628 0.00033433217084202 0 0
 899.685900645 -0.000199474045946745 0 0
 902.9877052 -0.000137651719315275 0 0
 906.288075761 -0.000134107350318827 0 0
 909.587000796 -0.00024551227909387 0 0
 912.884468773 0.000970629579578929 0 0
 916.18046816 0.000444864421073287 0 0
 919.474987425 0.00102829982427537 0 0
 922.768015036 -0.000227930849383516 0 0
 926.059539461 0.000436147691338722 0 0
 929.349549168 -0.000390420864050272 0 0
 932.638032625 0.000102809306249544 0 0
 935.9249783 -0.00012509390938563 0 0
 939.210374661 0.00116264932664683 0 0
 942.494210176 7.54473904654496e-005 0 0
 945.776473313 -0.000686478114086734 0 0
 949.05715254 0.00146799013289164 0 0
 952.336236325 -7.69060613746609e-005 0 0
 955.613713136 0 0 0
 958.889571441 0 0 0
 962.163799708 0 0 0
 965.436386405 0 0 0
 968.70732 0 0 0
 971.976588961 0 0 0
 975.244181756 0 0 0
 978.510086853 0 0 0
 981.77429272 0 0 0
 985.036787825 0 0 0
 988.297560636 0 0 0
 991.556599621 0 0 0
 994.813893248 0 0 0
 998.069429985 0 0 0
 1001.3231983 0 0 0
 1004.575186661 0 0 0
 1007.825383536 0 0 0
 1011.073777393 0 0 0
 1014.3203567 0 0 0
 1017.565109925 0 0 0
 1020.808025536 0 0 0
 1024.049092001 0 0 0
 1027.288297788 0 0 0
 1030.525631365 0 0 0
 1033.7610812 0 0 0
 1036.994635761 0 0 0
 1040.226283516 0 0 0
 1043.456012933 0 0 0
 1046.68381248 0 0 0
 1049.909670625 0 0 0
 1053.133575836 0 0 0
 1056.355516581 0 0 0
 1059.575481328 0 0 0
 1062.793458545 0 0 0
 1066.0094367 0 0 0
 1069.223404261 0 0 0
 1072.435349696 0 0 0
 1075.645261473 0 0 0
 1078.85312806 0 0 0
 1082.058937925 0 0 0
 1085.262679536 0 0 0
 1088.464341361 0 0 0
 1091.663911868 0 0 0
 1094.861379525 0 0 0
 1098.0567328 0 0 0
 1101.249960161 0 0 0
 1104.441050076 0 0 0
 1107.629991013 0 0 0
 1110.81677144 0 0 0
 1114.001379825 0 0 0
 1117.183804636 0 0 0
 1120.364034341 0 0 0
 1123.542057408 0 0 0
 1126.717862305 0 0 0
 1129.8914375 0 0 0
 1133.062771461 0 0 0
 1136.231852656 0 0 0
 1139.398669553 0 0 0
 1142.56321062 0 0 0
 1145.725464325 0 0 0
 1148.885419136 0 0 0
[END] of [DATA]
[END] of [Spectrum]

