
#TBID:2021-12-01 00:30:00;SAM_84CE;RAW;

[Spectrum]
Version            = 1
IDData             = 96B1_2021-12-01_00-30-00_000_002
IDDevice           = SAM_84CE
IDDataType         = SPECTRUM
IDDataTypeSub1     = RAW
IDDataTypeSub2     = 
IDDataTypeSub3     = 
DateTime           = 2021-12-01 00:30:00
PositionLatitude   = 0
PositionLongitude  = 0
Comment            = 
CommentSub1        = 
CommentSub2        = 
CommentSub3        = 
IDMethodType       = SAM Control
MethodName         = SAM_84CE
Mission            = No Mission
MissionSub         = 1
RecordType         = 0
[Attributes]
CalFactor = 1
IDBasisSpec = 
IDDataBack = DLAB_2015-08-21_11-56-43_233_004
IDDataCal = DLAB_2015-08-26_10-05-37_585_478
IntegrationTime = 4096
P31 = -1
P31e = 0
PathLength = +INF
PathLengthCustomOn = 0
RAWDynamic = 65535
Salinity = 0
Temperature = -NAN
Unit1 = $05 $00 Pixel 
Unit2 = $03 $05 Intensity counts
Unit3 = $f0 $05 Error counts
Unit4 = $f1 $00 Status 
p999 = 899
[END] of [Attributes]
[DATA]
 0 11 0 0
 1 1042 0 0
 2 1033 0 0
 3 1043 0 0
 4 1049 0 0
 5 1050 0 0
 6 1044 0 0
 7 1047 0 0
 8 1052 0 0
 9 1046 0 0
 10 1053 0 0
 11 1048 0 0
 12 1044 0 0
 13 1048 0 0
 14 1048 0 0
 15 1045 0 0
 16 1045 0 0
 17 1048 0 0
 18 1045 0 0
 19 1045 0 0
 20 1050 0 0
 21 1048 0 0
 22 1048 0 0
 23 1057 0 0
 24 1050 0 0
 25 1046 0 0
 26 1046 0 0
 27 1051 0 0
 28 1050 0 0
 29 1049 0 0
 30 1049 0 0
 31 1053 0 0
 32 1051 0 0
 33 1054 0 0
 34 1051 0 0
 35 1051 0 0
 36 1058 0 0
 37 1052 0 0
 38 1051 0 0
 39 1056 0 0
 40 1056 0 0
 41 1055 0 0
 42 1052 0 0
 43 1053 0 0
 44 1058 0 0
 45 1053 0 0
 46 1054 0 0
 47 1050 0 0
 48 1050 0 0
 49 1057 0 0
 50 1056 0 0
 51 1054 0 0
 52 1056 0 0
 53 1055 0 0
 54 1057 0 0
 55 1058 0 0
 56 1054 0 0
 57 1061 0 0
 58 1058 0 0
 59 1058 0 0
 60 1057 0 0
 61 1058 0 0
 62 1059 0 0
 63 1061 0 0
 64 1057 0 0
 65 1056 0 0
 66 1056 0 0
 67 1053 0 0
 68 1060 0 0
 69 1056 0 0
 70 1057 0 0
 71 1060 0 0
 72 1060 0 0
 73 1062 0 0
 74 1062 0 0
 75 1062 0 0
 76 1057 0 0
 77 1056 0 0
 78 1060 0 0
 79 1063 0 0
 80 1064 0 0
 81 1061 0 0
 82 1059 0 0
 83 1062 0 0
 84 1065 0 0
 85 1059 0 0
 86 1058 0 0
 87 1059 0 0
 88 1062 0 0
 89 1061 0 0
 90 1067 0 0
 91 1058 0 0
 92 1061 0 0
 93 1066 0 0
 94 1060 0 0
 95 1054 0 0
 96 1059 0 0
 97 1062 0 0
 98 1066 0 0
 99 1063 0 0
 100 1058 0 0
 101 1066 0 0
 102 1062 0 0
 103 1064 0 0
 104 1060 0 0
 105 1059 0 0
 106 1062 0 0
 107 1068 0 0
 108 1063 0 0
 109 1064 0 0
 110 1066 0 0
 111 1069 0 0
 112 1070 0 0
 113 1061 0 0
 114 1061 0 0
 115 1062 0 0
 116 1064 0 0
 117 1060 0 0
 118 1066 0 0
 119 1066 0 0
 120 1061 0 0
 121 1066 0 0
 122 1063 0 0
 123 1060 0 0
 124 1065 0 0
 125 1067 0 0
 126 1065 0 0
 127 1063 0 0
 128 1069 0 0
 129 1062 0 0
 130 1066 0 0
 131 1072 0 0
 132 1062 0 0
 133 1064 0 0
 134 1064 0 0
 135 1068 0 0
 136 1071 0 0
 137 1069 0 0
 138 1068 0 0
 139 1064 0 0
 140 1065 0 0
 141 1068 0 0
 142 1066 0 0
 143 1070 0 0
 144 1061 0 0
 145 1071 0 0
 146 1067 0 0
 147 1068 0 0
 148 1064 0 0
 149 1069 0 0
 150 1070 0 0
 151 1066 0 0
 152 1066 0 0
 153 1061 0 0
 154 1072 0 0
 155 1067 0 0
 156 1067 0 0
 157 1066 0 0
 158 1067 0 0
 159 1071 0 0
 160 1070 0 0
 161 1068 0 0
 162 1066 0 0
 163 1066 0 0
 164 1068 0 0
 165 1071 0 0
 166 1066 0 0
 167 1066 0 0
 168 1069 0 0
 169 1074 0 0
 170 1066 0 0
 171 1065 0 0
 172 1069 0 0
 173 1070 0 0
 174 1068 0 0
 175 1071 0 0
 176 1069 0 0
 177 1070 0 0
 178 1065 0 0
 179 1074 0 0
 180 1071 0 0
 181 1069 0 0
 182 1064 0 0
 183 1068 0 0
 184 1064 0 0
 185 1071 0 0
 186 1069 0 0
 187 1071 0 0
 188 1068 0 0
 189 1074 0 0
 190 1072 0 0
 191 1066 0 0
 192 1070 0 0
 193 1069 0 0
 194 1070 0 0
 195 1073 0 0
 196 1069 0 0
 197 1070 0 0
 198 1078 0 0
 199 1076 0 0
 200 1069 0 0
 201 1070 0 0
 202 1073 0 0
 203 1069 0 0
 204 1073 0 0
 205 1074 0 0
 206 1070 0 0
 207 1078 0 0
 208 1074 0 0
 209 1071 0 0
 210 1070 0 0
 211 1075 0 0
 212 1068 0 0
 213 1075 0 0
 214 1076 0 0
 215 1072 0 0
 216 1077 0 0
 217 1076 0 0
 218 1071 0 0
 219 1077 0 0
 220 1073 0 0
 221 1076 0 0
 222 1077 0 0
 223 1074 0 0
 224 1076 0 0
 225 1081 0 0
 226 1076 0 0
 227 1076 0 0
 228 1074 0 0
 229 1080 0 0
 230 1080 0 0
 231 1074 0 0
 232 1073 0 0
 233 1077 0 0
 234 1077 0 0
 235 1078 0 0
 236 1078 0 0
 237 1080 0 0
 238 1082 0 0
 239 1076 0 0
 240 1077 0 0
 241 1078 0 0
 242 1078 0 0
 243 1086 0 0
 244 1081 0 0
 245 1080 0 0
 246 1084 0 0
 247 1084 0 0
 248 1086 0 0
 249 1078 0 0
 250 1080 0 0
 251 1084 0 0
 252 1083 0 0
 253 1089 0 0
 254 1091 0 0
 255 1136 0 0
[END] of [DATA]
[END] of [Spectrum]


#TBID:2021-12-01 00:30:00;SAM_84CE;CALIBRATED;

[Spectrum]
Version            = 1
IDData             = 96B1_2021-12-01_00-30-00_000_003
IDDevice           = SAM_84CE
IDDataType         = SPECTRUM
IDDataTypeSub1     = CALIBRATED
IDDataTypeSub2     = 
IDDataTypeSub3     = 
DateTime           = 2021-12-01 00:30:00
PositionLatitude   = 0
PositionLongitude  = 0
Comment            = 
CommentSub1        = 
CommentSub2        = 
CommentSub3        = 
IDMethodType       = SAM Control
MethodName         = SAM_84CE
Mission            = No Mission
MissionSub         = 1
RecordType         = 0
[Attributes]
CalFactor = 1
IDBasisSpec = 
IDDataBack = DLAB_2015-08-21_11-56-43_233_004
IDDataCal = DLAB_2015-08-26_10-05-37_585_478
IntegrationTime = 4096
P31 = -1
P31e = 0
PathLength = +INF
PathLengthCustomOn = 0
RAWDynamic = 65535
Salinity = 0
Temperature = -NAN
Unit1 = $01 $01 Wavelength nm
Unit2 = $03 $06 Intensity mW/(m^2 nm)
Unit3 = $f0 $06 Error mW/(m^2 nm)
Unit4 = $f1 $00 Status 
p999 = 899
[END] of [Attributes]
[DATA]
 0 11 0 0
 303.485180022 0 0 0
 306.85638880275 0 0 0
 310.228324544 0 0 0
 313.60097308125 0 0 0
 316.97432025 -0.0104728780175451 0 0
 320.34835188575 -0.00948125827900918 0 0
 323.723053824 -0.00659330528117275 0 0
 327.09841190025 -0.00518088322296745 0 0
 330.47441195 -0.00945090821511654 0 0
 333.85103980875 -0.00583806125875356 0 0
 337.228281312 -0.00793796244709556 0 0
 340.60612229525 -0.00857600299749519 0 0
 343.984548594 -0.00680034818491037 0 0
 347.36354604375 -0.00760992980963938 0 0
 350.74310048 -0.00569266887758171 0 0
 354.12319773825 -0.00562839526962575 0 0
 357.503823654 -0.00377649664145199 0 0
 360.88496406275 -0.00501576656684529 0 0
 364.2666048 -0.00378032575910662 0 0
 367.64873170125 -0.0047908892071227 0 0
 371.031330602 -0.00466073666710169 0 0
 374.41438733775 -0.00436247135533477 0 0
 377.797887744 -0.0053541242456852 0 0
 381.18181765625 -0.00500913374215895 0 0
 384.56616291 -0.00596052509537387 0 0
 387.95090934075 -0.00695008855477339 0 0
 391.336042784 -0.00617302350638521 0 0
 394.72154907525 -0.0038689173355086 0 0
 398.10741405 -0.0044320371137387 0 0
 401.49362354375 -0.00440047551008952 0 0
 404.880163392 -0.00497105347054657 0 0
 408.26701943025 -0.00443064438632594 0 0
 411.654177494 -0.00313653240217298 0 0
 415.04162341875 -0.00298704298360879 0 0
 418.42934304 -0.00248421307087383 0 0
 421.81732219325 -0.00259968390016251 0 0
 425.205546714 -0.00195380899337849 0 0
 428.59400243775 -0.00325562276983619 0 0
 431.9826752 -0.00211226724229134 0 0
 435.37155083625 -0.00212282414849025 0 0
 438.760615182 -0.00198692232441343 0 0
 442.14985407275 -0.00253667380863597 0 0
 445.539253344 -0.00234712636259799 0 0
 448.92879883125 -0.0011539108949986 0 0
 452.31847637 -0.00170123511023229 0 0
 455.70827179575 -0.00288229312908146 0 0
 459.098170944 -0.00381783303234316 0 0
 462.48815965025 -0.00311782952216764 0 0
 465.87822375 -0.00228783901707531 0 0
 469.26834907875 -0.00271701590950232 0 0
 472.658521472 -0.00213339437894804 0 0
 476.04872676525 -0.00186694185556385 0 0
 479.438950794 -0.00289908147373839 0 0
 482.82917939375 -0.00305713257479003 0 0
 486.2193984 -0.00188631569922879 0 0
 489.60959364825 -0.00238443474815621 0 0
 492.999750974 -0.00153231289043508 0 0
 496.38985621275 -0.0026022979927859 0 0
 499.7798952 -0.00216596985412857 0 0
 503.16985377125 -0.00169673892690818 0 0
 506.559717762 -0.00216210387536348 0 0
 509.94947300775 -0.00299877303632344 0 0
 513.339105344 -0.00215536416119223 0 0
 516.72860060625 -0.00243740053508508 0 0
 520.11794463 -0.00208836123823312 0 0
 523.50712325075 -0.00312571277204618 0 0
 526.896122304 -0.00261301670748454 0 0
 530.28492762525 -0.00199618344500762 0 0
 533.67352505 -0.00146327599913368 0 0
 537.06190041375 -0.000645517629437037 0 0
 540.450039552 -0.00114980616570982 0 0
 543.83792830025 -0.00163471630271618 0 0
 547.225552494 -0.00164467169827646 0 0
 550.61289796875 -0.00122438592306048 0 0
 553.99995056 -0.00145490829384072 0 0
 557.38669610325 -0.0029017602091803 0 0
 560.773120434 -0.00198736175956616 0 0
 564.15920938775 -0.0012013865166609 0 0
 567.5449488 -0.00166376118118073 0 0
 570.93032450625 -0.00176078401288655 0 0
 574.315322342 -0.00225377145990074 0 0
 577.69992814275 -0.00190793356710487 0 0
 581.084127744 -0.00129865085602212 0 0
 584.46790698125 -0.00106981300631512 0 0
 587.85125169 -0.00200250549389498 0 0
 591.23414770575 -0.00242386482279449 0 0
 594.616580864 -0.00251391289269538 0 0
 597.99853700025 -0.00180058070850328 0 0
 601.38000195 -0.00200878161326971 0 0
 604.76096154875 -0.0022554883521618 0 0
 608.141401632 -0.00337033344407967 0 0
 611.52130803525 -0.00271773587927872 0 0
 614.900666594 -0.00278005390092549 0 0
 618.27946314375 -0.00254257574136333 0 0
 621.65768352 -0.00296643577528113 0 0
 625.03531355825 -0.00229216658699743 0 0
 628.412339094 -0.00302027339282252 0 0
 631.78874596275 -0.00310503869733019 0 0
 635.16452 -0.00346116972160794 0 0
 638.53964704125 -0.00429075513942507 0 0
 641.914112922 -0.00220292607252416 0 0
 645.28790347775 -0.00359763086251835 0 0
 648.661004544 -0.00360418200374422 0 0
 652.03340195625 -0.00372220054835996 0 0
 655.40508155 -0.00496638731517248 0 0
 658.77602916075 -0.00385092112205692 0 0
 662.146230624 -0.00205366516903643 0 0
 665.51567177525 -0.0030598299783918 0 0
 668.88433845 -0.00478007363534819 0 0
 672.25221648375 -0.00260775071113989 0 0
 675.619291712 -0.0039277497254672 0 0
 678.98554997025 -0.00234909684136173 0 0
 682.350977094 -0.00328151563892143 0 0
 685.71555891875 -0.00424828789769898 0 0
 689.07928128 -0.00346291451801049 0 0
 692.44213001325 -0.00244859180289931 0 0
 695.804090954 -0.00494169797031537 0 0
 699.16514993775 -0.00324166630127375 0 0
 702.5252928 -0.00346120697618936 0 0
 705.88450537625 -0.00476820732361045 0 0
 709.242773502 -0.00290295344151187 0 0
 712.60008301275 -0.004402631194469 0 0
 715.956419744 -0.0041671336044319 0 0
 719.31176953125 -0.00330605970615688 0 0
 722.66611821 -0.00258535197884803 0 0
 726.01945161575 -0.00475862169163569 0 0
 729.371755584 -0.00324916426669152 0 0
 732.72301595025 -0.00264016733728449 0 0
 736.07321855 -0.00385786800739065 0 0
 739.42234921875 -0.00223132519982955 0 0
 742.770393792 -0.00368110484573587 0 0
 746.11733810525 -0.00387945802489742 0 0
 749.463167994 -0.00360901254210732 0 0
 752.80786929375 -0.00377837003943709 0 0
 756.15142784 -0.00318085311999498 0 0
 759.49382946825 -0.00212287739451851 0 0
 762.835060014 -0.00413796596929524 0 0
 766.17510531275 -0.00129985898260655 0 0
 769.5139512 -0.00533931155174928 0 0
 772.85158351125 -0.00279946037167657 0 0
 776.187988082 -0.00341280969857116 0 0
 779.52315074775 -0.00327151163097954 0 0
 782.857057344 -0.00270758434400397 0 0
 786.18969370625 -0.00564477115997697 0 0
 789.52104567 -0.00539499711647447 0 0
 792.85109907075 -0.00554047594263918 0 0
 796.179839744 -0.00195808205481658 0 0
 799.50725352525 -0.00604443595048666 0 0
 802.83332625 -0.00313046639863881 0 0
 806.15804375375 -0.00255323286488125 0 0
 809.481391872 -0.00371769788353931 0 0
 812.80335644025 -0.00417200044620848 0 0
 816.123923294 -0.00847073705920882 0 0
 819.44307826875 -0.00344550797297612 0 0
 822.7608072 -0.00543923253886883 0 0
 826.07709592325 -0.00518597034245323 0 0
 829.391930274 -0.00719357875987933 0 0
 832.70529608775 -0.00406304980608041 0 0
 836.0171792 -0.00541099414668718 0 0
 839.32756544625 -0.00667595264904935 0 0
 842.636440662 -0.00905499275427085 0 0
 845.94379068275 -0.0094319770256687 0 0
 849.249601344 -0.00934625752085942 0 0
 852.55385848125 -0.00898064744728952 0 0
 855.85654793 -0.00564013747466873 0 0
 859.15765552575 -0.00870037138091072 0 0
 862.457167104 -0.0108072488868768 0 0
 865.75506850025 -0.00851202905674234 0 0
 869.05134555 -0.00809449071144096 0 0
 872.34598408875 -0.0156276756813479 0 0
 875.638969952 -0.0181020830659463 0 0
 878.93028897525 -0.0126507883962413 0 0
 882.219926994 -0.0113535994516535 0 0
 885.50786984375 -0.00979701662642095 0 0
 888.79410336 -0.012230289205598 0 0
 892.07861337825 -0.0141848489551907 0 0
 895.361385734 -0.0139123914252929 0 0
 898.64240626275 -0.0230835142777652 0 0
 901.9216608 -0.0121193903772063 0 0
 905.19913518125 -0.0174325717601496 0 0
 908.474815242 -0.01865466323011 0 0
 911.74868681775 -0.0243344212456078 0 0
 915.020735744 -0.00964686143642478 0 0
 918.29094785625 -0.0178860315285633 0 0
 921.55930899 -0.0171322049281293 0 0
 924.82580498075 -0.0258029934025428 0 0
 928.090421664 -0.0264873724837537 0 0
 931.35314487525 -0.023232814178144 0 0
 934.61396045 -0.0144841508833109 0 0
 937.87285422375 -0.0198278794061634 0 0
 941.129812032 -0.0390310545976591 0 0
 944.38481971025 -0.0256938942556889 0 0
 947.637863094 -0.0300537463457583 0 0
 950.88892801875 -0.0256402566835937 0 0
 954.13800032 0 0 0
 957.38506583325 0 0 0
 960.630110394 0 0 0
 963.87311983775 0 0 0
 967.11408 0 0 0
 970.35297671625 0 0 0
 973.589795822 0 0 0
 976.82452315275 0 0 0
 980.057144544 0 0 0
 983.28764583125 0 0 0
 986.51601285 0 0 0
 989.74223143575 0 0 0
 992.966287424 0 0 0
 996.18816665025 0 0 0
 999.40785495 0 0 0
 1002.62533815875 0 0 0
 1005.840602112 0 0 0
 1009.05363264525 0 0 0
 1012.264415594 0 0 0
 1015.47293679375 0 0 0
 1018.67918208 0 0 0
 1021.88313728825 0 0 0
 1025.084788254 0 0 0
 1028.28412081275 0 0 0
 1031.4811208 0 0 0
 1034.67577405125 0 0 0
 1037.868066402 0 0 0
 1041.05798368775 0 0 0
 1044.245511744 0 0 0
 1047.43063640625 0 0 0
 1050.61334351 0 0 0
 1053.79361889075 0 0 0
 1056.971448384 0 0 0
 1060.14681782525 0 0 0
 1063.31971305 0 0 0
 1066.49011989375 0 0 0
 1069.658024192 0 0 0
 1072.82341178025 0 0 0
 1075.986268494 0 0 0
 1079.14658016875 0 0 0
 1082.30433264 0 0 0
 1085.45951174325 0 0 0
 1088.612103314 0 0 0
 1091.76209318775 0 0 0
 1094.9094672 0 0 0
 1098.05421118625 0 0 0
 1101.196310982 0 0 0
 1104.33575242275 0 0 0
 1107.472521344 0 0 0
 1110.60660358125 0 0 0
 1113.73798497 0 0 0
 1116.86665134575 0 0 0
 1119.992588544 0 0 0
 1123.11578240025 0 0 0
 1126.23621875 0 0 0
 1129.35388342875 0 0 0
 1132.468762272 0 0 0
 1135.58084111525 0 0 0
 1138.690105794 0 0 0
 1141.79654214375 0 0 0
 1144.900136 0 0 0
[END] of [DATA]
[END] of [Spectrum]


#TBID:2021-12-01 00:30:00;SAM_84C8;RAW;

[Spectrum]
Version            = 1
IDData             = 96B1_2021-12-01_00-30-00_000_005
IDDevice           = SAM_84C8
IDDataType         = SPECTRUM
IDDataTypeSub1     = RAW
IDDataTypeSub2     = 
IDDataTypeSub3     = 
DateTime           = 2021-12-01 00:30:00
PositionLatitude   = 0
PositionLongitude  = 0
Comment            = 
CommentSub1        = 
CommentSub2        = 
CommentSub3        = 
IDMethodType       = SAM Control
MethodName         = SAM_84C8
Mission            = No Mission
MissionSub         = 1
RecordType         = 0
[Attributes]
CalFactor = 1
IDBasisSpec = 
IDDataBack = DLAB_2015-08-21_12-14-03_013_778
IDDataCal = DLAB_2015-08-24_11-04-47_772_747
IntegrationTime = 4096
P31 = -1
P31e = 0
PathLength = +INF
PathLengthCustomOn = 0
RAWDynamic = 65535
Salinity = 0
Temperature = -NAN
Unit1 = $05 $00 Pixel 
Unit2 = $03 $05 Intensity counts
Unit3 = $f0 $05 Error counts
Unit4 = $f1 $00 Status 
p999 = 899
[END] of [Attributes]
[DATA]
 0 11 0 0
 1 1058 0 0
 2 1052 0 0
 3 1061 0 0
 4 1058 0 0
 5 1055 0 0
 6 1056 0 0
 7 1060 0 0
 8 1065 0 0
 9 1062 0 0
 10 1061 0 0
 11 1055 0 0
 12 1061 0 0
 13 1055 0 0
 14 1062 0 0
 15 1052 0 0
 16 1060 0 0
 17 1065 0 0
 18 1064 0 0
 19 1064 0 0
 20 1058 0 0
 21 1064 0 0
 22 1062 0 0
 23 1066 0 0
 24 1061 0 0
 25 1060 0 0
 26 1059 0 0
 27 1063 0 0
 28 1063 0 0
 29 1063 0 0
 30 1059 0 0
 31 1060 0 0
 32 1062 0 0
 33 1064 0 0
 34 1060 0 0
 35 1063 0 0
 36 1060 0 0
 37 1063 0 0
 38 1065 0 0
 39 1060 0 0
 40 1064 0 0
 41 1065 0 0
 42 1061 0 0
 43 1062 0 0
 44 1069 0 0
 45 1069 0 0
 46 1066 0 0
 47 1063 0 0
 48 1064 0 0
 49 1072 0 0
 50 1060 0 0
 51 1065 0 0
 52 1074 0 0
 53 1060 0 0
 54 1061 0 0
 55 1067 0 0
 56 1066 0 0
 57 1065 0 0
 58 1067 0 0
 59 1067 0 0
 60 1067 0 0
 61 1066 0 0
 62 1070 0 0
 63 1072 0 0
 64 1068 0 0
 65 1061 0 0
 66 1069 0 0
 67 1064 0 0
 68 1067 0 0
 69 1065 0 0
 70 1074 0 0
 71 1067 0 0
 72 1067 0 0
 73 1073 0 0
 74 1068 0 0
 75 1069 0 0
 76 1068 0 0
 77 1068 0 0
 78 1065 0 0
 79 1070 0 0
 80 1069 0 0
 81 1068 0 0
 82 1067 0 0
 83 1070 0 0
 84 1067 0 0
 85 1066 0 0
 86 1072 0 0
 87 1073 0 0
 88 1069 0 0
 89 1073 0 0
 90 1070 0 0
 91 1071 0 0
 92 1069 0 0
 93 1074 0 0
 94 1075 0 0
 95 1065 0 0
 96 1071 0 0
 97 1073 0 0
 98 1070 0 0
 99 1071 0 0
 100 1076 0 0
 101 1068 0 0
 102 1075 0 0
 103 1067 0 0
 104 1070 0 0
 105 1070 0 0
 106 1074 0 0
 107 1074 0 0
 108 1072 0 0
 109 1070 0 0
 110 1074 0 0
 111 1076 0 0
 112 1068 0 0
 113 1074 0 0
 114 1069 0 0
 115 1074 0 0
 116 1069 0 0
 117 1073 0 0
 118 1072 0 0
 119 1079 0 0
 120 1070 0 0
 121 1070 0 0
 122 1073 0 0
 123 1069 0 0
 124 1073 0 0
 125 1074 0 0
 126 1073 0 0
 127 1074 0 0
 128 1071 0 0
 129 1072 0 0
 130 1069 0 0
 131 1075 0 0
 132 1073 0 0
 133 1086 0 0
 134 1072 0 0
 135 1076 0 0
 136 1072 0 0
 137 1075 0 0
 138 1070 0 0
 139 1071 0 0
 140 1072 0 0
 141 1067 0 0
 142 1073 0 0
 143 1072 0 0
 144 1068 0 0
 145 1076 0 0
 146 1069 0 0
 147 1075 0 0
 148 1076 0 0
 149 1073 0 0
 150 1070 0 0
 151 1071 0 0
 152 1070 0 0
 153 1070 0 0
 154 1070 0 0
 155 1068 0 0
 156 1072 0 0
 157 1068 0 0
 158 1068 0 0
 159 1071 0 0
 160 1068 0 0
 161 1076 0 0
 162 1073 0 0
 163 1066 0 0
 164 1071 0 0
 165 1078 0 0
 166 1067 0 0
 167 1073 0 0
 168 1069 0 0
 169 1070 0 0
 170 1073 0 0
 171 1070 0 0
 172 1071 0 0
 173 1065 0 0
 174 1072 0 0
 175 1070 0 0
 176 1069 0 0
 177 1072 0 0
 178 1072 0 0
 179 1073 0 0
 180 1072 0 0
 181 1074 0 0
 182 1068 0 0
 183 1070 0 0
 184 1071 0 0
 185 1071 0 0
 186 1074 0 0
 187 1069 0 0
 188 1069 0 0
 189 1075 0 0
 190 1072 0 0
 191 1076 0 0
 192 1073 0 0
 193 1067 0 0
 194 1072 0 0
 195 1073 0 0
 196 1068 0 0
 197 1072 0 0
 198 1071 0 0
 199 1076 0 0
 200 1070 0 0
 201 1069 0 0
 202 1071 0 0
 203 1068 0 0
 204 1067 0 0
 205 1070 0 0
 206 1070 0 0
 207 1069 0 0
 208 1075 0 0
 209 1073 0 0
 210 1065 0 0
 211 1067 0 0
 212 1069 0 0
 213 1072 0 0
 214 1070 0 0
 215 1071 0 0
 216 1070 0 0
 217 1072 0 0
 218 1070 0 0
 219 1072 0 0
 220 1069 0 0
 221 1072 0 0
 222 1073 0 0
 223 1068 0 0
 224 1074 0 0
 225 1072 0 0
 226 1073 0 0
 227 1071 0 0
 228 1071 0 0
 229 1072 0 0
 230 1070 0 0
 231 1075 0 0
 232 1071 0 0
 233 1070 0 0
 234 1074 0 0
 235 1074 0 0
 236 1072 0 0
 237 1073 0 0
 238 1069 0 0
 239 1072 0 0
 240 1071 0 0
 241 1071 0 0
 242 1068 0 0
 243 1075 0 0
 244 1075 0 0
 245 1072 0 0
 246 1070 0 0
 247 1075 0 0
 248 1077 0 0
 249 1072 0 0
 250 1072 0 0
 251 1071 0 0
 252 1074 0 0
 253 1076 0 0
 254 1078 0 0
 255 1122 0 0
[END] of [DATA]
[END] of [Spectrum]


#TBID:2021-12-01 00:30:00;SAM_84C8;CALIBRATED;

[Spectrum]
Version            = 1
IDData             = 96B1_2021-12-01_00-30-00_000_006
IDDevice           = SAM_84C8
IDDataType         = SPECTRUM
IDDataTypeSub1     = CALIBRATED
IDDataTypeSub2     = 
IDDataTypeSub3     = 
DateTime           = 2021-12-01 00:30:00
PositionLatitude   = 0
PositionLongitude  = 0
Comment            = 
CommentSub1        = 
CommentSub2        = 
CommentSub3        = 
IDMethodType       = SAM Control
MethodName         = SAM_84C8
Mission            = No Mission
MissionSub         = 1
RecordType         = 0
[Attributes]
CalFactor = 1
IDBasisSpec = 
IDDataBack = DLAB_2015-08-21_12-14-03_013_778
IDDataCal = DLAB_2015-08-24_11-04-47_772_747
IntegrationTime = 4096
P31 = -1
P31e = 0
PathLength = +INF
PathLengthCustomOn = 0
RAWDynamic = 65535
Salinity = 0
Temperature = -NAN
Unit1 = $01 $01 Wavelength nm
Unit2 = $03 $03 Intensity mW/(m^2 nm Sr)
Unit3 = $f0 $03 Error mW/(m^2 nm Sr)
Unit4 = $f1 $00 Status 
p999 = 899
[END] of [Attributes]
[DATA]
 0 11 0 0
 303.516048156 0 0 0
 306.890006053 0 0 0
 310.26457112 0 0 0
 313.639731825 0 0 0
 317.015476636 -0.000506274910486789 0 0
 320.391794021 -0.000520079894186542 0 0
 323.768672448 -0.000166068658828641 0 0
 327.146100385 9.5842337841867e-005 0 0
 330.5240663 -6.16726541843046e-005 0 0
 333.902558661 0.000114990173796971 0 0
 337.281565936 -0.00036471703577094 0 0
 340.661076593 -0.000270553855008869 0 0
 344.0410791 -0.000191615676388675 0 0
 347.421561925 -7.22287083674397e-006 0 0
 350.802513536 -0.000304825912806337 0 0
 354.183922401 -0.000118889406664904 0 0
 357.565776988 -5.94822697852807e-005 0 0
 360.948065765 -4.52820058600836e-005 0 0
 364.3307772 -5.46708215892191e-005 0 0
 367.713899761 -9.88768668944849e-005 0 0
 371.097421916 -3.84479941020958e-005 0 0
 374.481332133 -0.000110294800281914 0 0
 377.86561888 -4.49370805043154e-005 0 0
 381.250270625 -0.000181593451334036 0 0
 384.635275836 -0.000136496107230259 0 0
 388.020622981 -6.67926819219968e-006 0 0
 391.406300528 -2.5213465018757e-005 0 0
 394.792296945 -0.000103387509911249 0 0
 398.1786007 -5.45350003787784e-005 0 0
 401.565200261 -0.000200659196153617 0 0
 404.952084096 -0.000119379165195433 0 0
 408.339240673 -7.81635052704431e-005 0 0
 411.72665846 3.06326920386354e-005 0 0
 415.114325925 -4.33987632842971e-005 0 0
 418.502231536 2.79622042462501e-005 0 0
 421.890363761 -9.25875526566169e-005 0 0
 425.278711068 -0.00019482107784313 0 0
 428.667261925 -3.18585843560278e-005 0 0
 432.0560048 -3.39693892526535e-006 0 0
 435.444928161 1.09360025746235e-005 0 0
 438.834020476 -1.95600937408353e-005 0 0
 442.223270213 -2.71825549170545e-005 0 0
 445.61266584 -5.66722292446069e-005 0 0
 449.002195825 7.98091443415887e-005 0 0
 452.391848636 -2.13955906723258e-005 0 0
 455.781612741 -1.02844890432882e-005 0 0
 459.171476608 -2.44648004703773e-005 0 0
 462.561428705 -5.58606301899707e-005 0 0
 465.9514575 -2.52446182286115e-006 0 0
 469.341551461 -4.16164199746886e-005 0 0
 472.731699056 -5.6009058411272e-005 0 0
 476.121888753 7.07616875490034e-005 0 0
 479.51210902 -8.22597881260919e-005 0 0
 482.902348325 7.1146460836016e-005 0 0
 486.292595136 1.99803517499301e-006 0 0
 489.682837921 -3.7390727850659e-005 0 0
 493.073065148 -0.000107650921628484 0 0
 496.463265285 1.67532716726562e-005 0 0
 499.8534268 9.21036208643767e-005 0 0
 503.243538161 5.14904262873575e-005 0 0
 506.633587836 -8.45555830665912e-006 0 0
 510.023564293 -0.000116943848165065 0 0
 513.413456 1.35961925427779e-005 0 0
 516.803251425 9.86101965483063e-005 0 0
 520.192939036 -4.11608060716167e-005 0 0
 523.582507301 -1.7816727760314e-005 0 0
 526.971944688 -4.78820241994829e-005 0 0
 530.361239665 -6.40902250091314e-005 0 0
 533.7503807 -7.25288772298059e-006 0 0
 537.139356261 1.64123893504087e-005 0 0
 540.528154816 -2.06635505824533e-005 0 0
 543.916764833 -8.45774868192228e-005 0 0
 547.30517478 5.58348959026444e-005 0 0
 550.693373125 1.08059191087153e-005 0 0
 554.081348336 -6.4643100992682e-006 0 0
 557.469088881 -1.25927614731504e-005 0 0
 560.856583228 -1.52308451026411e-005 0 0
 564.243819845 -5.09967891485267e-005 0 0
 567.6307872 -1.91701772948561e-006 0 0
 571.017473761 -8.93022784148419e-006 0 0
 574.403867996 1.04855857578553e-005 0 0
 577.789958373 -9.85604028076104e-005 0 0
 581.17573336 -2.69217377473956e-005 0 0
 584.561181425 -8.80088521111083e-005 0 0
 587.946291036 -1.30328562042139e-005 0 0
 591.331050661 5.49972404465728e-005 0 0
 594.715448768 1.10462072926416e-005 0 0
 598.099473825 6.38832173842532e-006 0 0
 601.4831143 8.96907034338072e-005 0 0
 604.866358661 -9.11593282503531e-005 0 0
 608.249195376 -2.366760647168e-005 0 0
 611.631612913 -4.79358654246549e-005 0 0
 615.01359974 0.000125341070024701 0 0
 618.395144325 -1.79172325562192e-005 0 0
 621.776235136 -7.69796053320863e-005 0 0
 625.156860641 -7.46383681498772e-005 0 0
 628.537009308 4.74197936712225e-005 0 0
 631.916669605 1.76163298098506e-005 0 0
 635.29583 6.41636998768023e-005 0 0
 638.674478961 -2.33239002809888e-005 0 0
 642.052604956 -0.000245868464774947 0 0
 645.430196453 1.48375003660014e-005 0 0
 648.80724192 -4.73447809098013e-005 0 0
 652.183729825 4.98652462402802e-007 0 0
 655.559648636 -0.000154940843699505 0 0
 658.934986821 0.000117459017315561 0 0
 662.309732848 6.98727648413919e-005 0 0
 665.683875185 0.000133611174991991 0 0
 669.0574023 4.7901343934501e-005 0 0
 672.430302661 -8.08939083286849e-005 0 0
 675.802564736 -0.000185295545319877 0 0
 679.174176993 -0.000116097921041169 0 0
 682.5451279 1.52756037369805e-005 0 0
 685.915405925 -6.52477409152233e-005 0 0
 689.284999536 -9.1345808487488e-005 0 0
 692.653897201 -0.000262376862691567 0 0
 696.022087388 6.66428103483404e-005 0 0
 699.389558565 6.58232977701627e-005 0 0
 702.7562992 3.19918443497098e-005 0 0
 706.122297761 8.9983962417727e-005 0 0
 709.487542716 -5.12805491408255e-005 0 0
 712.852022533 0.000158823348954872 0 0
 716.21572568 6.80643372731191e-006 0 0
 719.578640625 0.000128159441951709 0 0
 722.940755836 4.19496140114215e-005 0 0
 726.302059781 1.99502376863186e-005 0 0
 729.662540928 -0.000172336183240311 0 0
 733.022187745 4.70200383051707e-005 0 0
 736.3809887 -5.26752515665582e-005 0 0
 739.738932261 3.44083319456542e-005 0 0
 743.096006896 4.95976745763219e-006 0 0
 746.452201073 -1.28725210860286e-005 0 0
 749.80750326 -0.00116940429060505 0 0
 753.161901925 -0.000113917359562645 0 0
 756.515385536 0.000119794101357629 0 0
 759.867942561 4.46481625334495e-006 0 0
 763.219561468 1.55095607366263e-006 0 0
 766.570230725 2.05280470360818e-005 0 0
 769.9199388 -0.000202426957350824 0 0
 773.268674161 -1.9564820913976e-005 0 0
 776.616425276 -7.22514182915356e-005 0 0
 779.963180613 -6.42829549355189e-005 0 0
 783.30892864 -4.92549026343987e-006 0 0
 786.653657825 -0.000350434730753621 0 0
 789.997356636 1.31031499442521e-005 0 0
 793.340013541 -0.000211572070980257 0 0
 796.681617008 0.000183573724611375 0 0
 800.022155505 2.20315681265163e-005 0 0
 803.3616175 0.000102930986565111 0 0
 806.699991461 -6.35439370653809e-005 0 0
 810.037265856 -8.51723795564646e-005 0 0
 813.373429153 -0.000290652980300684 0 0
 816.70846982 -5.9502508369177e-005 0 0
 820.042376325 4.82744741331047e-005 0 0
 823.375137136 5.80948222377184e-005 0 0
 826.706740721 -7.16078162435624e-005 0 0
 830.037175548 -0.000361880107657544 0 0
 833.366430085 -0.000293039628860797 0 0
 836.6944928 4.14034424114986e-005 0 0
 840.021352161 -0.000409957158556191 0 0
 843.346996636 0.000261610105222189 0 0
 846.671414693 -8.54007305864904e-005 0 0
 849.9945948 -0.000388075275692676 0 0
 853.316525425 0.000306943305923948 0 0
 856.637195036 0.000110233864630027 0 0
 859.956592101 -0.000492303706160527 0 0
 863.274705088 -0.00033469690913297 0 0
 866.591522465 -0.000462815226874511 0 0
 869.9070327 -6.46541182073309e-005 0 0
 873.221224261 -0.000246665576306887 0 0
 876.534085616 -8.52170390078042e-005 0 0
 879.845605233 -0.000285651421765577 0 0
 883.15577158 0.0002623228136704 0 0
 886.464573125 0.00035557875578425 0 0
 889.771998336 -0.000938905716937236 0 0
 893.078035681 -0.000118828674842116 0 0
 896.382673628 5.75161877854431e-005 0 0
 899.685900645 0.00041260093235692 0 0
 902.9877052 -8.5765717927836e-005 0 0
 906.288075761 -0.000566001705838682 0 0
 909.587000796 -6.25074950952026e-005 0 0
 912.884468773 -0.000822778530331236 0 0
 916.18046816 -0.000461939285877712 0 0
 919.474987425 0.000513951542929172 0 0
 922.768015036 -0.00046442251102878 0 0
 926.059539461 0.000666203504102038 0 0
 929.349549168 -0.0016553036964708 0 0
 932.638032625 -0.000346350430309916 0 0
 935.9249783 0.000697623486594655 0 0
 939.210374661 0.00144430378911274 0 0
 942.494210176 0.000784660037507289 0 0
 945.776473313 -0.000806756502711648 0 0
 949.05715254 0.000660042795384546 0 0
 952.336236325 -0.000682778974380257 0 0
 955.613713136 0 0 0
 958.889571441 0 0 0
 962.163799708 0 0 0
 965.436386405 0 0 0
 968.70732 0 0 0
 971.976588961 0 0 0
 975.244181756 0 0 0
 978.510086853 0 0 0
 981.77429272 0 0 0
 985.036787825 0 0 0
 988.297560636 0 0 0
 991.556599621 0 0 0
 994.813893248 0 0 0
 998.069429985 0 0 0
 1001.3231983 0 0 0
 1004.575186661 0 0 0
 1007.825383536 0 0 0
 1011.073777393 0 0 0
 1014.3203567 0 0 0
 1017.565109925 0 0 0
 1020.808025536 0 0 0
 1024.049092001 0 0 0
 1027.288297788 0 0 0
 1030.525631365 0 0 0
 1033.7610812 0 0 0
 1036.994635761 0 0 0
 1040.226283516 0 0 0
 1043.456012933 0 0 0
 1046.68381248 0 0 0
 1049.909670625 0 0 0
 1053.133575836 0 0 0
 1056.355516581 0 0 0
 1059.575481328 0 0 0
 1062.793458545 0 0 0
 1066.0094367 0 0 0
 1069.223404261 0 0 0
 1072.435349696 0 0 0
 1075.645261473 0 0 0
 1078.85312806 0 0 0
 1082.058937925 0 0 0
 1085.262679536 0 0 0
 1088.464341361 0 0 0
 1091.663911868 0 0 0
 1094.861379525 0 0 0
 1098.0567328 0 0 0
 1101.249960161 0 0 0
 1104.441050076 0 0 0
 1107.629991013 0 0 0
 1110.81677144 0 0 0
 1114.001379825 0 0 0
 1117.183804636 0 0 0
 1120.364034341 0 0 0
 1123.542057408 0 0 0
 1126.717862305 0 0 0
 1129.8914375 0 0 0
 1133.062771461 0 0 0
 1136.231852656 0 0 0
 1139.398669553 0 0 0
 1142.56321062 0 0 0
 1145.725464325 0 0 0
 1148.885419136 0 0 0
[END] of [DATA]
[END] of [Spectrum]


#TBID:2021-12-01 01:00:00;SAM_84DC;RAW;

[Spectrum]
Version            = 1
IDData             = 96B1_2021-12-01_01-00-00_000_009
IDDevice           = SAM_84DC
IDDataType         = SPECTRUM
IDDataTypeSub1     = RAW
IDDataTypeSub2     = 
IDDataTypeSub3     = 
DateTime           = 2021-12-01 01:00:00
PositionLatitude   = 0
PositionLongitude  = 0
Comment            = 
CommentSub1        = 
CommentSub2        = 
CommentSub3        = 
IDMethodType       = SAM Control
MethodName         = SAM_84DC
Mission            = No Mission
MissionSub         = 1
RecordType         = 0
[Attributes]
CalFactor = 1
IDBasisSpec = 
IDDataBack = DLAB_2015-08-21_13-19-54_137_939
IDDataCal = DLAB_2015-08-24_10-46-55_592_608
IntegrationTime = 4096
P31 = -1
P31e = 0
PathLength = +INF
PathLengthCustomOn = 0
RAWDynamic = 65535
Salinity = 0
Temperature = -NAN
Unit1 = $05 $00 Pixel 
Unit2 = $03 $05 Intensity counts
Unit3 = $f0 $05 Error counts
Unit4 = $f1 $00 Status 
p999 = 900
[END] of [Attributes]
[DATA]
 0 11 0 0
 1 1157 0 0
 2 1154 0 0
 3 1160 0 0
 4 1162 0 0
 5 1163 0 0
 6 1155 0 0
 7 1163 0 0
 8 1169 0 0
 9 1162 0 0
 10 1157 0 0
 11 1165 0 0
 12 1164 0 0
 13 1162 0 0
 14 1161 0 0
 15 1162 0 0
 16 1165 0 0
 17 1173 0 0
 18 1164 0 0
 19 1165 0 0
 20 1165 0 0
 21 1165 0 0
 22 1165 0 0
 23 1165 0 0
 24 1158 0 0
 25 1164 0 0
 26 1165 0 0
 27 1165 0 0
 28 1165 0 0
 29 1164 0 0
 30 1161 0 0
 31 1169 0 0
 32 1166 0 0
 33 1162 0 0
 34 1165 0 0
 35 1163 0 0
 36 1163 0 0
 37 1167 0 0
 38 1166 0 0
 39 1165 0 0
 40 1167 0 0
 41 1166 0 0
 42 1168 0 0
 43 1171 0 0
 44 1168 0 0
 45 1168 0 0
 46 1168 0 0
 47 1166 0 0
 48 1170 0 0
 49 1170 0 0
 50 1166 0 0
 51 1167 0 0
 52 1168 0 0
 53 1169 0 0
 54 1165 0 0
 55 1163 0 0
 56 1168 0 0
 57 1170 0 0
 58 1168 0 0
 59 1172 0 0
 60 1169 0 0
 61 1169 0 0
 62 1170 0 0
 63 1168 0 0
 64 1164 0 0
 65 1164 0 0
 66 1168 0 0
 67 1174 0 0
 68 1166 0 0
 69 1170 0 0
 70 1166 0 0
 71 1169 0 0
 72 1166 0 0
 73 1173 0 0
 74 1165 0 0
 75 1165 0 0
 76 1172 0 0
 77 1168 0 0
 78 1172 0 0
 79 1167 0 0
 80 1171 0 0
 81 1172 0 0
 82 1173 0 0
 83 1165 0 0
 84 1168 0 0
 85 1171 0 0
 86 1171 0 0
 87 1172 0 0
 88 1173 0 0
 89 1170 0 0
 90 1169 0 0
 91 1171 0 0
 92 1164 0 0
 93 1165 0 0
 94 1166 0 0
 95 1174 0 0
 96 1174 0 0
 97 1172 0 0
 98 1165 0 0
 99 1171 0 0
 100 1172 0 0
 101 1173 0 0
 102 1168 0 0
 103 1170 0 0
 104 1170 0 0
 105 1176 0 0
 106 1172 0 0
 107 1170 0 0
 108 1168 0 0
 109 1173 0 0
 110 1172 0 0
 111 1170 0 0
 112 1168 0 0
 113 1171 0 0
 114 1171 0 0
 115 1176 0 0
 116 1170 0 0
 117 1169 0 0
 118 1175 0 0
 119 1174 0 0
 120 1170 0 0
 121 1171 0 0
 122 1168 0 0
 123 1174 0 0
 124 1177 0 0
 125 1174 0 0
 126 1171 0 0
 127 1173 0 0
 128 1174 0 0
 129 1170 0 0
 130 1170 0 0
 131 1171 0 0
 132 1177 0 0
 133 1174 0 0
 134 1174 0 0
 135 1168 0 0
 136 1170 0 0
 137 1175 0 0
 138 1172 0 0
 139 1170 0 0
 140 1169 0 0
 141 1177 0 0
 142 1170 0 0
 143 1177 0 0
 144 1172 0 0
 145 1169 0 0
 146 1173 0 0
 147 1184 0 0
 148 1171 0 0
 149 1170 0 0
 150 1168 0 0
 151 1176 0 0
 152 1169 0 0
 153 1176 0 0
 154 1171 0 0
 155 1177 0 0
 156 1176 0 0
 157 1174 0 0
 158 1169 0 0
 159 1172 0 0
 160 1174 0 0
 161 1181 0 0
 162 1174 0 0
 163 1176 0 0
 164 1171 0 0
 165 1174 0 0
 166 1179 0 0
 167 1175 0 0
 168 1172 0 0
 169 1177 0 0
 170 1173 0 0
 171 1176 0 0
 172 1170 0 0
 173 1172 0 0
 174 1172 0 0
 175 1180 0 0
 176 1176 0 0
 177 1174 0 0
 178 1175 0 0
 179 1179 0 0
 180 1178 0 0
 181 1177 0 0
 182 1179 0 0
 183 1173 0 0
 184 1177 0 0
 185 1180 0 0
 186 1173 0 0
 187 1176 0 0
 188 1176 0 0
 189 1177 0 0
 190 1182 0 0
 191 1179 0 0
 192 1174 0 0
 193 1178 0 0
 194 1178 0 0
 195 1172 0 0
 196 1172 0 0
 197 1174 0 0
 198 1178 0 0
 199 1187 0 0
 200 1173 0 0
 201 1178 0 0
 202 1175 0 0
 203 1181 0 0
 204 1176 0 0
 205 1176 0 0
 206 1171 0 0
 207 1178 0 0
 208 1176 0 0
 209 1178 0 0
 210 1176 0 0
 211 1180 0 0
 212 1177 0 0
 213 1185 0 0
 214 1178 0 0
 215 1178 0 0
 216 1172 0 0
 217 1178 0 0
 218 1180 0 0
 219 1176 0 0
 220 1178 0 0
 221 1176 0 0
 222 1184 0 0
 223 1182 0 0
 224 1178 0 0
 225 1180 0 0
 226 1177 0 0
 227 1179 0 0
 228 1180 0 0
 229 1178 0 0
 230 1176 0 0
 231 1180 0 0
 232 1178 0 0
 233 1179 0 0
 234 1181 0 0
 235 1179 0 0
 236 1181 0 0
 237 1185 0 0
 238 1177 0 0
 239 1186 0 0
 240 1186 0 0
 241 1181 0 0
 242 1179 0 0
 243 1179 0 0
 244 1174 0 0
 245 1183 0 0
 246 1183 0 0
 247 1185 0 0
 248 1182 0 0
 249 1179 0 0
 250 1180 0 0
 251 1182 0 0
 252 1180 0 0
 253 1185 0 0
 254 1182 0 0
 255 1244 0 0
[END] of [DATA]
[END] of [Spectrum]


#TBID:2021-12-01 01:00:00;SAM_84DC;CALIBRATED;

[Spectrum]
Version            = 1
IDData             = 96B1_2021-12-01_01-00-00_000_010
IDDevice           = SAM_84DC
IDDataType         = SPECTRUM
IDDataTypeSub1     = CALIBRATED
IDDataTypeSub2     = 
IDDataTypeSub3     = 
DateTime           = 2021-12-01 01:00:00
PositionLatitude   = 0
PositionLongitude  = 0
Comment            = 
CommentSub1        = 
CommentSub2        = 
CommentSub3        = 
IDMethodType       = SAM Control
MethodName         = SAM_84DC
Mission            = No Mission
MissionSub         = 1
RecordType         = 0
[Attributes]
CalFactor = 1
IDBasisSpec = 
IDDataBack = DLAB_2015-08-21_13-19-54_137_939
IDDataCal = DLAB_2015-08-24_10-46-55_592_608
IntegrationTime = 4096
P31 = -1
P31e = 0
PathLength = +INF
PathLengthCustomOn = 0
RAWDynamic = 65535
Salinity = 0
Temperature = -NAN
Unit1 = $01 $01 Wavelength nm
Unit2 = $03 $03 Intensity mW/(m^2 nm Sr)
Unit3 = $f0 $03 Error mW/(m^2 nm Sr)
Unit4 = $f1 $00 Status 
p999 = 900
[END] of [Attributes]
[DATA]
 0 11 0 0
 305.71650776488 0 0 0
 309.04007505697 0 0 0
 312.36416914304 0 0 0
 315.68877841375 0 0 0
 319.01389125976 -0.000256391822631915 0 0
 322.33949607173 -0.000298603610590554 0 0
 325.66558124032 -0.000406204309192924 0 0
 328.99213515619 -8.83941633456348e-005 0 0
 332.31914621 -0.000437727313964795 0 0
 335.64660279241 -0.000464574329455098 0 0
 338.97449329408 -0.000275463283611798 0 0
 342.30280610567 -0.000118402671301743 0 0
 345.63152961784 -0.000167406942798567 0 0
 348.96065222125 -0.00038523411099271 0 0
 352.29016230656 -6.39843357710499e-005 0 0
 355.62004826443 -0.000164365671562656 0 0
 358.95029848552 -0.000109827635331638 0 0
 362.28090136049 -0.000121606144443863 0 0
 365.61184528 -0.00014512678453239 0 0
 368.94311863471 -0.000101416088818186 0 0
 372.27470981528 -4.89860779602691e-005 0 0
 375.60660721237 -0.000219480317284176 0 0
 378.93879921664 -0.000213450110208304 0 0
 382.27127421875 -0.000334972691422426 0 0
 385.60402060936 -7.72663744263322e-005 0 0
 388.93702677913 -0.000186971311268315 0 0
 392.27028111872 -0.000187229257943696 0 0
 395.60377201879 -5.39497832833231e-005 0 0
 398.93748787 -6.16339115914669e-005 0 0
 402.27141706301 -8.69733883120096e-005 0 0
 405.60554798848 -0.000112396380524953 0 0
 408.93986903707 -0.000115958424053273 0 0
 412.27436859944 -9.95459171717746e-005 0 0
 415.60903506625 -0.000136820924737709 0 0
 418.94385682816 -7.82096121589255e-005 0 0
 422.27882227583 -0.000200668475967795 0 0
 425.61391979992 -0.000121962106846493 0 0
 428.94913779109 -9.2614165505469e-005 0 0
 432.28446464 -5.95994549947806e-005 0 0
 435.61988873731 -0.00016566716209739 0 0
 438.95539847368 -0.000103613297583252 0 0
 442.29098223977 -6.94340181170505e-005 0 0
 445.62662842624 -6.48757069725989e-005 0 0
 448.96232542375 -0.000120617472716636 0 0
 452.29806162296 -0.00011055649298061 0 0
 455.63382541453 -0.00016169077507729 0 0
 458.96960518912 -0.000208970800815932 0 0
 462.30538933739 -6.65112107085104e-005 0 0
 465.64116625 -7.62722850883909e-005 0 0
 468.97692431761 -0.000103870804098432 0 0
 472.31265193088 -0.00011826357707516 0 0
 475.64833748047 -0.000118118427335613 0 0
 478.98396935704 -7.13385685419236e-005 0 0
 482.31953595125 -0.000124857166346048 0 0
 485.65502565376 -0.000206483365121652 0 0
 488.99042685523 -0.000116295965555308 0 0
 492.32572794632 -0.000144158313240823 0 0
 495.66091731769 -0.000164983552995368 0 0
 498.99598336 -0.000197352212223991 0 0
 502.33091446391 -0.000145813376697744 0 0
 505.66569902008 -0.00017877090334162 0 0
 509.00032541917 -7.13370368429966e-005 0 0
 512.33478205184 -0.000135913151590719 0 0
 515.66905730875 -0.000193771225031528 0 0
 519.00313958056 -0.000147473550568032 0 0
 522.33701725793 -1.16256075551543e-005 0 0
 525.67067873152 -7.1272936446913e-005 0 0
 529.00411239199 -0.000170181180581837 0 0
 532.33730663 -7.65310745550734e-005 0 0
 535.67024983621 -0.000167219398365047 0 0
 539.00293040128 -0.000168742751984481 0 0
 542.33533671587 -0.000124972913881281 0 0
 545.66745717064 -0.000100738360113682 0 0
 548.99928015625 -0.000197073584016984 0 0
 552.33079406336 -0.000118474063752414 0 0
 555.66198728263 -0.000107781189235803 0 0
 558.99284820472 -0.00014178918015765 0 0
 562.32336522029 -2.63705716546068e-005 0 0
 565.65352672 -0.0001918015014853 0 0
 568.98332109451 -7.67581434028706e-005 0 0
 572.31273673448 -0.000150041036579208 0 0
 575.64176203057 -5.58735412307042e-005 0 0
 578.97038537344 -0.00019370321976525 0 0
 582.29859515375 -7.05380937660725e-005 0 0
 585.62637976216 -0.000210807403772102 0 0
 588.95372758933 -0.000141660066390208 0 0
 592.28062702592 -0.000145844556220834 0 0
 595.60706646259 -7.27771214353642e-005 0 0
 598.93303429 -0.000207141153385915 0 0
 602.25851889881 -8.5643561951899e-005 0 0
 605.58350867968 -0.000151818902877886 0 0
 608.90799202327 -0.000253152757928193 0 0
 612.23195732024 -0.000230645074625924 0 0
 615.55539296125 -0.00027673715963452 0 0
 618.87828733696 -0.000147299333871555 0 0
 622.20062883803 -6.13243689992298e-005 0 0
 625.52240585512 -0.000219118699258775 0 0
 628.84360677889 -0.000208410082848083 0 0
 632.16422 -0.000166419666294629 0 0
 635.48423390911 -0.00017981501847902 0 0
 638.80363689688 -9.6992567372544e-005 0 0
 642.12241735397 -0.000250073160758707 0 0
 645.44056367104 -0.000186218939904492 0 0
 648.75806423875 -0.000187606350317317 0 0
 652.07490744776 -0.000144502663634205 0 0
 655.39108168873 -0.00019195006812158 0 0
 658.70657535232 -0.000365383481310829 0 0
 662.02137682919 -0.000278467662574089 0 0
 665.33547451 -0.000199811601796658 0 0
 668.64885678541 -0.000154625402514783 0 0
 671.96151204608 -0.000251914625902159 0 0
 675.27342868267 -0.00026894798441967 0 0
 678.58459508584 -8.63389279600716e-005 0 0
 681.89499964625 -0.00023387072414446 0 0
 685.20463075456 -0.000187013180284808 0 0
 688.51347680143 -0.000193976178339747 0 0
 691.82152617752 -0.000209642707410274 0 0
 695.12876727349 -4.44971533038758e-005 0 0
 698.43518848 -0.000120756966906986 0 0
 701.74077818771 -3.29470553685721e-005 0 0
 705.04552478728 -0.000345432049815164 0 0
 708.34941666937 -0.000196494682246782 0 0
 711.65244222464 -0.000203185103330962 0 0
 714.95458984375 -0.000141042716711091 0 0
 718.25584791736 -7.473099568049e-005 0 0
 721.55620483613 -0.000265005230421632 0 0
 724.85564899072 -0.00019819411760277 0 0
 728.15416877179 -0.000108836886738791 0 0
 731.45175257 -0.00017945188273306 0 0
 734.74838877601 -0.000333285841712972 0 0
 738.04406578048 -0.000167983523562515 0 0
 741.33877197407 -0.00011712244186528 0 0
 744.63249574744 -0.000144820454246265 0 0
 747.92522549125 -0.000106252905469654 0 0
 751.21694959616 -0.000325791538054266 0 0
 754.50765645283 -0.000118306560859918 0 0
 757.79733445192 -0.000147234635693074 0 0
 761.08597198409 -9.92107760735942e-005 0 0
 764.37355744 -0.000226731817564608 0 0
 767.66007921031 -0.000185807041891552 0 0
 770.94552568568 -0.000152890189581409 0 0
 774.22988525677 -0.000157581427074651 0 0
 777.51314631424 -0.000102782562499067 0 0
 780.79529724875 -0.000182465161364082 0 0
 784.07632645096 -0.000149395710880574 0 0
 787.35622231153 -9.69259238083072e-005 0 0
 790.63497322112 0.000179256619028767 0 0
 793.91256757039 -0.000320556428314046 0 0
 797.18899375 -0.000312136959969785 0 0
 800.46424015061 -0.000238839800729917 0 0
 803.73829516288 -0.000172026638283443 0 0
 807.01114717747 -0.000356656713675388 0 0
 810.28278458504 -0.000259138772855108 0 0
 813.55319577625 -0.000374750929427785 0 0
 816.82236914176 -0.000100605698872571 0 0
 820.09029307223 3.44075705505659e-005 0 0
 823.35695595832 -0.000395464108944255 0 0
 826.62234619069 -0.000403015228942132 0 0
 829.88645216 -0.000434332505495515 0 0
 833.14926225691 -0.000331009691910276 0 0
 836.41076487208 0.00029388710714551 0 0
 839.67094839617 0.000131237639939992 0 0
 842.92980121984 1.93000160340384e-005 0 0
 846.18731173375 -0.000359400339123745 0 0
 849.44346832856 -0.000331523667973935 0 0
 852.69825939493 -0.000359539665077608 0 0
 855.95167332352 -0.000467638488083688 0 0
 859.20369850499 -0.000559039866447434 0 0
 862.45432333 -0.000260545097451934 0 0
 865.70353618921 -0.000495264045500992 0 0
 868.95132547328 -0.000670722817972054 0 0
 872.19767957287 -0.00012716661787214 0 0
 875.44258687864 -0.000852758561406858 0 0
 878.68603578125 -0.000674962535423708 0 0
 881.92801467136 0.00027354568071683 0 0
 885.16851193963 -0.000398670687640675 0 0
 888.40751597672 -0.000248818725193403 0 0
 891.64501517329 -0.000454461152587131 0 0
 894.88099792 0.000515737979423604 0 0
 898.11545260751 0.000290970457389765 0 0
 901.34836762648 0.000247635097330721 0 0
 904.57973136757 0.000100878975373151 0 0
 907.80953222144 -0.000677070189731426 0 0
 911.03775857875 -2.81930899959749e-005 0 0
 914.26439883016 0.000208320054021641 0 0
 917.48944136633 -0.000889507631622798 0 0
 920.71287457792 -0.000500493190094483 0 0
 923.93468685559 0.000309231874948885 0 0
 927.15486659 0.000589851659753602 0 0
 930.37340217181 0.00108818880299596 0 0
 933.59028199168 0.000208887673063631 0 0
 936.80549444027 -0.00224062518653616 0 0
 940.01902790824 -0.000456998801436866 0 0
 943.23087078625 7.2766200880479e-005 0 0
 946.44101146496 -0.000369830475432648 0 0
 949.64943833503 -0.00246974015051062 0 0
 952.85613978712 -0.00123514882615495 0 0
 956.06110421189 0 0 0
 959.26432 0 0 0
 962.46577554211 0 0 0
 965.66545922888 0 0 0
 968.86335945097 0 0 0
 972.05946459904 0 0 0
 975.25376306375 0 0 0
 978.44624323576 0 0 0
 981.63689350573 0 0 0
 984.82570226432 0 0 0
 988.01265790219 0 0 0
 991.19774881 0 0 0
 994.38096337841 0 0 0
 997.56228999808 0 0 0
 1000.74171705967 0 0 0
 1003.91923295384 0 0 0
 1007.09482607125 0 0 0
 1010.26848480256 0 0 0
 1013.44019753843 0 0 0
 1016.60995266952 0 0 0
 1019.77773858649 0 0 0
 1022.94354368 0 0 0
 1026.10735634071 0 0 0
 1029.26916495928 0 0 0
 1032.42895792637 0 0 0
 1035.58672363264 0 0 0
 1038.74245046875 0 0 0
 1041.89612682536 0 0 0
 1045.04774109313 0 0 0
 1048.19728166272 0 0 0
 1051.34473692479 0 0 0
 1054.49009527 0 0 0
 1057.63334508901 0 0 0
 1060.77447477248 0 0 0
 1063.91347271107 0 0 0
 1067.05032729544 0 0 0
 1070.18502691625 0 0 0
 1073.31755996416 0 0 0
 1076.44791482983 0 0 0
 1079.57607990392 0 0 0
 1082.70204357709 0 0 0
 1085.82579424 0 0 0
 1088.94732028331 0 0 0
 1092.06661009768 0 0 0
 1095.18365207377 0 0 0
 1098.29843460224 0 0 0
 1101.41094607375 0 0 0
 1104.52117487896 0 0 0
 1107.62910940853 0 0 0
 1110.73473805312 0 0 0
 1113.83804920339 0 0 0
 1116.93903125 0 0 0
 1120.03767258361 0 0 0
 1123.13396159488 0 0 0
 1126.22788667447 0 0 0
 1129.31943621304 0 0 0
 1132.40859860125 0 0 0
 1135.49536222976 0 0 0
[END] of [DATA]
[END] of [Spectrum]


#TBID:2021-12-01 01:00:00;SAM_84CE;RAW;

[Spectrum]
Version            = 1
IDData             = 96B1_2021-12-01_01-00-00_000_012
IDDevice           = SAM_84CE
IDDataType         = SPECTRUM
IDDataTypeSub1     = RAW
IDDataTypeSub2     = 
IDDataTypeSub3     = 
DateTime           = 2021-12-01 01:00:00
PositionLatitude   = 0
PositionLongitude  = 0
Comment            = 
CommentSub1        = 
CommentSub2        = 
CommentSub3        = 
IDMethodType       = SAM Control
MethodName         = SAM_84CE
Mission            = No Mission
MissionSub         = 1
RecordType         = 0
[Attributes]
CalFactor = 1
IDBasisSpec = 
IDDataBack = DLAB_2015-08-21_11-56-43_233_004
IDDataCal = DLAB_2015-08-26_10-05-37_585_478
IntegrationTime = 4096
P31 = -1
P31e = 0
PathLength = +INF
PathLengthCustomOn = 0
RAWDynamic = 65535
Salinity = 0
Temperature = -NAN
Unit1 = $05 $00 Pixel 
Unit2 = $03 $05 Intensity counts
Unit3 = $f0 $05 Error counts
Unit4 = $f1 $00 Status 
p999 = 900
[END] of [Attributes]
[DATA]
 0 11 0 0
 1 1096 0 0
 2 1090 0 0
 3 1102 0 0
 4 1100 0 0
 5 1097 0 0
 6 1095 0 0
 7 1097 0 0
 8 1095 0 0
 9 1097 0 0
 10 1096 0 0
 11 1096 0 0
 12 1096 0 0
 13 1099 0 0
 14 1098 0 0
 15 1099 0 0
 16 1096 0 0
 17 1095 0 0
 18 1094 0 0
 19 1099 0 0
 20 1099 0 0
 21 1094 0 0
 22 1094 0 0
 23 1096 0 0
 24 1095 0 0
 25 1096 0 0
 26 1096 0 0
 27 1096 0 0
 28 1093 0 0
 29 1094 0 0
 30 1093 0 0
 31 1094 0 0
 32 1092 0 0
 33 1091 0 0
 34 1086 0 0
 35 1097 0 0
 36 1095 0 0
 37 1088 0 0
 38 1094 0 0
 39 1092 0 0
 40 1092 0 0
 41 1093 0 0
 42 1086 0 0
 43 1093 0 0
 44 1093 0 0
 45 1095 0 0
 46 1091 0 0
 47 1094 0 0
 48 1089 0 0
 49 1094 0 0
 50 1090 0 0
 51 1090 0 0
 52 1088 0 0
 53 1093 0 0
 54 1094 0 0
 55 1088 0 0
 56 1091 0 0
 57 1090 0 0
 58 1090 0 0
 59 1086 0 0
 60 1086 0 0
 61 1084 0 0
 62 1085 0 0
 63 1087 0 0
 64 1090 0 0
 65 1090 0 0
 66 1084 0 0
 67 1087 0 0
 68 1090 0 0
 69 1085 0 0
 70 1083 0 0
 71 1085 0 0
 72 1085 0 0
 73 1086 0 0
 74 1086 0 0
 75 1086 0 0
 76 1082 0 0
 77 1086 0 0
 78 1080 0 0
 79 1085 0 0
 80 1086 0 0
 81 1082 0 0
 82 1082 0 0
 83 1086 0 0
 84 1083 0 0
 85 1086 0 0
 86 1078 0 0
 87 1083 0 0
 88 1081 0 0
 89 1080 0 0
 90 1081 0 0
 91 1079 0 0
 92 1078 0 0
 93 1079 0 0
 94 1082 0 0
 95 1076 0 0
 96 1076 0 0
 97 1083 0 0
 98 1081 0 0
 99 1076 0 0
 100 1074 0 0
 101 1078 0 0
 102 1081 0 0
 103 1079 0 0
 104 1077 0 0
 105 1075 0 0
 106 1081 0 0
 107 1077 0 0
 108 1071 0 0
 109 1077 0 0
 110 1074 0 0
 111 1079 0 0
 112 1074 0 0
 113 1073 0 0
 114 1077 0 0
 115 1076 0 0
 116 1074 0 0
 117 1074 0 0
 118 1072 0 0
 119 1067 0 0
 120 1073 0 0
 121 1070 0 0
 122 1072 0 0
 123 1068 0 0
 124 1069 0 0
 125 1074 0 0
 126 1064 0 0
 127 1069 0 0
 128 1070 0 0
 129 1073 0 0
 130 1071 0 0
 131 1070 0 0
 132 1068 0 0
 133 1069 0 0
 134 1067 0 0
 135 1065 0 0
 136 1064 0 0
 137 1068 0 0
 138 1066 0 0
 139 1067 0 0
 140 1062 0 0
 141 1072 0 0
 142 1062 0 0
 143 1063 0 0
 144 1070 0 0
 145 1066 0 0
 146 1063 0 0
 147 1063 0 0
 148 1062 0 0
 149 1064 0 0
 150 1062 0 0
 151 1066 0 0
 152 1058 0 0
 153 1060 0 0
 154 1062 0 0
 155 1063 0 0
 156 1059 0 0
 157 1056 0 0
 158 1058 0 0
 159 1062 0 0
 160 1060 0 0
 161 1062 0 0
 162 1058 0 0
 163 1065 0 0
 164 1059 0 0
 165 1058 0 0
 166 1057 0 0
 167 1059 0 0
 168 1058 0 0
 169 1060 0 0
 170 1057 0 0
 171 1059 0 0
 172 1056 0 0
 173 1065 0 0
 174 1056 0 0
 175 1053 0 0
 176 1059 0 0
 177 1058 0 0
 178 1055 0 0
 179 1063 0 0
 180 1057 0 0
 181 1056 0 0
 182 1054 0 0
 183 1054 0 0
 184 1054 0 0
 185 1055 0 0
 186 1055 0 0
 187 1058 0 0
 188 1057 0 0
 189 1058 0 0
 190 1059 0 0
 191 1057 0 0
 192 1050 0 0
 193 1055 0 0
 194 1056 0 0
 195 1051 0 0
 196 1053 0 0
 197 1053 0 0
 198 1054 0 0
 199 1056 0 0
 200 1057 0 0
 201 1054 0 0
 202 1057 0 0
 203 1057 0 0
 204 1056 0 0
 205 1054 0 0
 206 1052 0 0
 207 1055 0 0
 208 1053 0 0
 209 1056 0 0
 210 1052 0 0
 211 1051 0 0
 212 1054 0 0
 213 1058 0 0
 214 1057 0 0
 215 1055 0 0
 216 1055 0 0
 217 1057 0 0
 218 1051 0 0
 219 1050 0 0
 220 1053 0 0
 221 1054 0 0
 222 1057 0 0
 223 1053 0 0
 224 1053 0 0
 225 1051 0 0
 226 1049 0 0
 227 1054 0 0
 228 1048 0 0
 229 1055 0 0
 230 1051 0 0
 231 1050 0 0
 232 1051 0 0
 233 1052 0 0
 234 1051 0 0
 235 1054 0 0
 236 1048 0 0
 237 1051 0 0
 238 1053 0 0
 239 1057 0 0
 240 1049 0 0
 241 1054 0 0
 242 1053 0 0
 243 1053 0 0
 244 1055 0 0
 245 1051 0 0
 246 1050 0 0
 247 1054 0 0
 248 1053 0 0
 249 1059 0 0
 250 1049 0 0
 251 1051 0 0
 252 1055 0 0
 253 1059 0 0
 254 1052 0 0
 255 1100 0 0
[END] of [DATA]
[END] of [Spectrum]


#TBID:2021-12-01 01:00:00;SAM_84CE;CALIBRATED;

[Spectrum]
Version            = 1
IDData             = 96B1_2021-12-01_01-00-00_000_013
IDDevice           = SAM_84CE
IDDataType         = SPECTRUM
IDDataTypeSub1     = CALIBRATED
IDDataTypeSub2     = 
IDDataTypeSub3     = 
DateTime           = 2021-12-01 01:00:00
PositionLatitude   = 0
PositionLongitude  = 0
Comment            = 
CommentSub1        = 
CommentSub2        = 
CommentSub3        = 
IDMethodType       = SAM Control
MethodName         = SAM_84CE
Mission            = No Mission
MissionSub         = 1
RecordType         = 0
[Attributes]
CalFactor = 1
IDBasisSpec = 
IDDataBack = DLAB_2015-08-21_11-56-43_233_004
IDDataCal = DLAB_2015-08-26_10-05-37_585_478
IntegrationTime = 4096
P31 = -1
P31e = 0
PathLength = +INF
PathLengthCustomOn = 0
RAWDynamic = 65535
Salinity = 0
Temperature = -NAN
Unit1 = $01 $01 Wavelength nm
Unit2 = $03 $06 Intensity mW/(m^2 nm)
Unit3 = $f0 $06 Error mW/(m^2 nm)
Unit4 = $f1 $00 Status 
p999 = 900
[END] of [Attributes]
[DATA]
 0 11 0 0
 303.485180022 0 0 0
 306.85638880275 0 0 0
 310.228324544 0 0 0
 313.60097308125 0 0 0
 316.97432025 0.024772694118603 0 0
 320.34835188575 0.024681438755293 0 0
 323.723053824 0.0241078797941094 0 0
 327.09841190025 0.0219338797717512 0 0
 330.47441195 0.0187327342227571 0 0
 333.85103980875 0.0188290928079114 0 0
 337.228281312 0.0167513398555342 0 0
 340.60612229525 0.0155468924545704 0 0
 343.984548594 0.0153596898523928 0 0
 347.36354604375 0.0124224908231051 0 0
 350.74310048 0.0134902161186158 0 0
 354.12319773825 0.0113587276864149 0 0
 357.503823654 0.011246408161196 0 0
 360.88496406275 0.00960771646698344 0 0
 364.2666048 0.0114646546018908 0 0
 367.64873170125 0.00952380508000103 0 0
 371.031330602 0.00933818733037303 0 0
 374.41438733775 0.0100536755112885 0 0
 377.797887744 0.00810358696560641 0 0
 381.18181765625 0.00993952733613413 0 0
 384.56616291 0.0102428125969963 0 0
 387.95090934075 0.00929849831366501 0 0
 391.336042784 0.00891305234401512 0 0
 394.72154907525 0.0105995083353891 0 0
 398.10741405 0.010009043585503 0 0
 401.49362354375 0.00934597996955793 0 0
 404.880163392 0.00762915565823932 0 0
 408.26701943025 0.0075278720272916 0 0
 411.654177494 0.00748549496006899 0 0
 415.04162341875 0.00670152251734654 0 0
 418.42934304 0.00818025048758073 0 0
 421.81732219325 0.00622233708315811 0 0
 425.205546714 0.00624569691892029 0 0
 428.59400243775 0.00536559589188244 0 0
 431.9826752 0.00533744262176983 0 0
 435.37155083625 0.00508490212021762 0 0
 438.760615182 0.0052772792671707 0 0
 442.14985407275 0.00422685125991419 0 0
 445.539253344 0.00508451334254821 0 0
 448.92879883125 0.00583010676412637 0 0
 452.31847637 0.00622016380582646 0 0
 455.70827179575 0.00466651188229068 0 0
 459.098170944 0.00476877060270437 0 0
 462.48815965025 0.00508167507856675 0 0
 465.87822375 0.00585254330354037 0 0
 469.26834907875 0.00518287652355218 0 0
 472.658521472 0.0061315520613857 0 0
 476.04872676525 0.00597979790072125 0 0
 479.438950794 0.00581613855920748 0 0
 482.82917939375 0.00565055179448568 0 0
 486.2193984 0.00601462697720487 0 0
 489.60959364825 0.00656523232326207 0 0
 492.999750974 0.00639512525755441 0 0
 496.38985621275 0.00575291866328306 0 0
 499.7798952 0.00561211954081898 0 0
 503.16985377125 0.00615973690024975 0 0
 506.559717762 0.00519318119686051 0 0
 509.94947300775 0.00423177196228897 0 0
 513.339105344 0.00491418362737124 0 0
 516.72860060625 0.0053241368007526 0 0
 520.11794463 0.00557634939871036 0 0
 523.50712325075 0.00360692932226515 0 0
 526.896122304 0.00462635823186219 0 0
 530.28492762525 0.0046224716490856 0 0
 533.67352505 0.00492219521644969 0 0
 537.06190041375 0.00532497374252284 0 0
 540.450039552 0.00466087559766078 0 0
 543.83792830025 0.00414804291513934 0 0
 547.225552494 0.00402551555105795 0 0
 550.61289796875 0.00446546894510332 0 0
 553.99995056 0.00426666195431198 0 0
 557.38669610325 0.00297756880814791 0 0
 560.773120434 0.00452133854178498 0 0
 564.15920938775 0.00428926429956326 0 0
 567.5449488 0.00415378719796191 0 0
 570.93032450625 0.00417326675625976 0 0
 574.315322342 0.00367869860595872 0 0
 577.69992814275 0.00439180654547183 0 0
 581.084127744 0.00526251655773929 0 0
 584.46790698125 0.00487774969920187 0 0
 587.85125169 0.00525261171033893 0 0
 591.23414770575 0.00406929898594327 0 0
 594.616580864 0.00465730462375211 0 0
 597.99853700025 0.00481369862157358 0 0
 601.38000195 0.00471798672454206 0 0
 604.76096154875 0.00384956230566017 0 0
 608.141401632 0.00381649483545442 0 0
 611.52130803525 0.00395930570781314 0 0
 614.900666594 0.00337654641174638 0 0
 618.27946314375 0.00503222399710583 0 0
 621.65768352 0.00474990681551097 0 0
 625.03531355825 0.0048543278375409 0 0
 628.412339094 0.00502211857500373 0 0
 631.78874596275 0.00423816413262477 0 0
 635.16452 0.00379002246495485 0 0
 638.53964704125 0.00372953154643625 0 0
 641.914112922 0.00531034006600416 0 0
 645.28790347775 0.00541675571657317 0 0
 648.661004544 0.00483747434901414 0 0
 652.03340195625 0.00526659700141237 0 0
 655.40508155 0.00395389939065999 0 0
 658.77602916075 0.00578782058207952 0 0
 662.146230624 0.00564136090025103 0 0
 665.51567177525 0.00447523323393427 0 0
 668.88433845 0.00381523321207451 0 0
 672.25221648375 0.00497025179519496 0 0
 675.619291712 0.00404985678989279 0 0
 678.98554997025 0.00437511671248248 0 0
 682.350977094 0.00505056135581776 0 0
 685.71555891875 0.00487351957983388 0 0
 689.07928128 0.00528125419475139 0 0
 692.44213001325 0.00555796167935264 0 0
 695.804090954 0.00402423592594518 0 0
 699.16514993775 0.00415100742744885 0 0
 702.5252928 0.002933060829812 0 0
 705.88450537625 0.00404599040832236 0 0
 709.242773502 0.00423226692092059 0 0
 712.60008301275 0.00385866291122734 0 0
 715.956419744 0.00391253143211564 0 0
 719.31176953125 0.00392102175858441 0 0
 722.66611821 0.0053184298801118 0 0
 726.01945161575 0.0013901847283088 0 0
 729.371755584 0.00446959127625215 0 0
 732.72301595025 0.00399863158372528 0 0
 736.07321855 0.00506637651893508 0 0
 739.42234921875 0.00541576135876043 0 0
 742.770393792 0.00245151803360279 0 0
 746.11733810525 0.0041857114764065 0 0
 749.463167994 0.00433509947540203 0 0
 752.80786929375 0.00380151098860988 0 0
 756.15142784 0.00305577549902242 0 0
 759.49382946825 0.00322460336366309 0 0
 762.835060014 0.00277753180405527 0 0
 766.17510531275 0.00547043071085927 0 0
 769.5139512 0.00282336541068949 0 0
 772.85158351125 0.00393520069923029 0 0
 776.187988082 0.00530969186034999 0 0
 779.52315074775 0.00346248217965041 0 0
 782.857057344 0.00335524542713748 0 0
 786.18969370625 0.00516268624087071 0 0
 789.52104567 0.00161474579019523 0 0
 792.85109907075 0.00199895529216772 0 0
 796.179839744 0.00552069880719598 0 0
 799.50725352525 0.00267618809318736 0 0
 802.83332625 0.00489683087673568 0 0
 806.15804375375 0.00471907676713194 0 0
 809.481391872 0.00671442605536684 0 0
 812.80335644025 0.00364530719779489 0 0
 816.123923294 0.0023660932560789 0 0
 819.44307826875 0.00416259318164396 0 0
 822.7608072 0.00495775156180036 0 0
 826.07709592325 0.00387884957480176 0 0
 829.391930274 0.00132602938844419 0 0
 832.70529608775 0.00527929002193806 0 0
 836.0171792 0.00432345350629499 0 0
 839.32756544625 0.00297451364670346 0 0
 842.636440662 0.00319738754968238 0 0
 845.94379068275 0.00228075067678303 0 0
 849.249601344 0.00705421197656309 0 0
 852.55385848125 0.00327071126267423 0 0
 855.85654793 0.00462161852129722 0 0
 859.15765552575 0.00477231690569766 0 0
 862.457167104 0.00472487469672483 0 0
 865.75506850025 0.00472668900056368 0 0
 869.05134555 0.00340727578952622 0 0
 872.34598408875 0.000399607421277538 0 0
 875.638969952 0.00108044838157281 0 0
 878.93028897525 0.00116536728055231 0 0
 882.219926994 0.0102224485603327 0 0
 885.50786984375 0.00597210308301359 0 0
 888.79410336 -0.00170948600619754 0 0
 892.07861337825 0.00472848903558534 0 0
 895.361385734 0.00360021121477543 0 0
 898.64240626275 -0.00274065043889997 0 0
 901.9216608 0.00787648097958649 0 0
 905.19913518125 -0.00013543488758163 0 0
 908.474815242 0.000580604546363429 0 0
 911.74868681775 -0.000434881465275414 0 0
 915.020735744 0.0100160210070805 0 0
 918.29094785625 0.00822967859166593 0 0
 921.55930899 0.00154220769765414 0 0
 924.82580498075 -0.00318317404566674 0 0
 928.090421664 -0.00109340690941887 0 0
 931.35314487525 0.00683001711138594 0 0
 934.61396045 0.00829018120656146 0 0
 937.87285422375 0.00973513835467195 0 0
 941.129812032 -3.59583156698968e-005 0 0
 944.38481971025 -0.00740585825477695 0 0
 947.637863094 0.00202654119389103 0 0
 950.88892801875 0.00793262747459512 0 0
 954.13800032 0 0 0
 957.38506583325 0 0 0
 960.630110394 0 0 0
 963.87311983775 0 0 0
 967.11408 0 0 0
 970.35297671625 0 0 0
 973.589795822 0 0 0
 976.82452315275 0 0 0
 980.057144544 0 0 0
 983.28764583125 0 0 0
 986.51601285 0 0 0
 989.74223143575 0 0 0
 992.966287424 0 0 0
 996.18816665025 0 0 0
 999.40785495 0 0 0
 1002.62533815875 0 0 0
 1005.840602112 0 0 0
 1009.05363264525 0 0 0
 1012.264415594 0 0 0
 1015.47293679375 0 0 0
 1018.67918208 0 0 0
 1021.88313728825 0 0 0
 1025.084788254 0 0 0
 1028.28412081275 0 0 0
 1031.4811208 0 0 0
 1034.67577405125 0 0 0
 1037.868066402 0 0 0
 1041.05798368775 0 0 0
 1044.245511744 0 0 0
 1047.43063640625 0 0 0
 1050.61334351 0 0 0
 1053.79361889075 0 0 0
 1056.971448384 0 0 0
 1060.14681782525 0 0 0
 1063.31971305 0 0 0
 1066.49011989375 0 0 0
 1069.658024192 0 0 0
 1072.82341178025 0 0 0
 1075.986268494 0 0 0
 1079.14658016875 0 0 0
 1082.30433264 0 0 0
 1085.45951174325 0 0 0
 1088.612103314 0 0 0
 1091.76209318775 0 0 0
 1094.9094672 0 0 0
 1098.05421118625 0 0 0
 1101.196310982 0 0 0
 1104.33575242275 0 0 0
 1107.472521344 0 0 0
 1110.60660358125 0 0 0
 1113.73798497 0 0 0
 1116.86665134575 0 0 0
 1119.992588544 0 0 0
 1123.11578240025 0 0 0
 1126.23621875 0 0 0
 1129.35388342875 0 0 0
 1132.468762272 0 0 0
 1135.58084111525 0 0 0
 1138.690105794 0 0 0
 1141.79654214375 0 0 0
 1144.900136 0 0 0
[END] of [DATA]
[END] of [Spectrum]


#TBID:2021-12-01 01:00:00;SAM_84C8;RAW;

[Spectrum]
Version            = 1
IDData             = 96B1_2021-12-01_01-00-00_000_015
IDDevice           = SAM_84C8
IDDataType         = SPECTRUM
IDDataTypeSub1     = RAW
IDDataTypeSub2     = 
IDDataTypeSub3     = 
DateTime           = 2021-12-01 01:00:00
PositionLatitude   = 0
PositionLongitude  = 0
Comment            = 
CommentSub1        = 
CommentSub2        = 
CommentSub3        = 
IDMethodType       = SAM Control
MethodName         = SAM_84C8
Mission            = No Mission
MissionSub         = 1
RecordType         = 0
[Attributes]
CalFactor = 1
IDBasisSpec = 
IDDataBack = DLAB_2015-08-21_12-14-03_013_778
IDDataCal = DLAB_2015-08-24_11-04-47_772_747
IntegrationTime = 4096
P31 = -1
P31e = 0
PathLength = +INF
PathLengthCustomOn = 0
RAWDynamic = 65535
Salinity = 0
Temperature = -NAN
Unit1 = $05 $00 Pixel 
Unit2 = $03 $05 Intensity counts
Unit3 = $f0 $05 Error counts
Unit4 = $f1 $00 Status 
p999 = 900
[END] of [Attributes]
[DATA]
 0 11 0 0
 1 1060 0 0
 2 1042 0 0
 3 1059 0 0
 4 1056 0 0
 5 1059 0 0
 6 1062 0 0
 7 1056 0 0
 8 1057 0 0
 9 1061 0 0
 10 1051 0 0
 11 1060 0 0
 12 1059 0 0
 13 1059 0 0
 14 1055 0 0
 15 1057 0 0
 16 1062 0 0
 17 1061 0 0
 18 1056 0 0
 19 1062 0 0
 20 1059 0 0
 21 1057 0 0
 22 1060 0 0
 23 1062 0 0
 24 1058 0 0
 25 1061 0 0
 26 1057 0 0
 27 1056 0 0
 28 1063 0 0
 29 1062 0 0
 30 1058 0 0
 31 1059 0 0
 32 1061 0 0
 33 1061 0 0
 34 1064 0 0
 35 1062 0 0
 36 1063 0 0
 37 1060 0 0
 38 1059 0 0
 39 1060 0 0
 40 1055 0 0
 41 1067 0 0
 42 1065 0 0
 43 1056 0 0
 44 1059 0 0
 45 1070 0 0
 46 1058 0 0
 47 1063 0 0
 48 1067 0 0
 49 1066 0 0
 50 1058 0 0
 51 1067 0 0
 52 1060 0 0
 53 1066 0 0
 54 1064 0 0
 55 1067 0 0
 56 1064 0 0
 57 1064 0 0
 58 1067 0 0
 59 1063 0 0
 60 1065 0 0
 61 1062 0 0
 62 1066 0 0
 63 1066 0 0
 64 1060 0 0
 65 1062 0 0
 66 1066 0 0
 67 1068 0 0
 68 1063 0 0
 69 1067 0 0
 70 1070 0 0
 71 1071 0 0
 72 1070 0 0
 73 1068 0 0
 74 1069 0 0
 75 1068 0 0
 76 1064 0 0
 77 1071 0 0
 78 1067 0 0
 79 1068 0 0
 80 1067 0 0
 81 1064 0 0
 82 1069 0 0
 83 1070 0 0
 84 1068 0 0
 85 1073 0 0
 86 1065 0 0
 87 1072 0 0
 88 1067 0 0
 89 1066 0 0
 90 1072 0 0
 91 1068 0 0
 92 1074 0 0
 93 1066 0 0
 94 1072 0 0
 95 1070 0 0
 96 1069 0 0
 97 1070 0 0
 98 1074 0 0
 99 1068 0 0
 100 1066 0 0
 101 1076 0 0
 102 1071 0 0
 103 1065 0 0
 104 1072 0 0
 105 1070 0 0
 106 1066 0 0
 107 1072 0 0
 108 1062 0 0
 109 1066 0 0
 110 1072 0 0
 111 1075 0 0
 112 1066 0 0
 113 1071 0 0
 114 1070 0 0
 115 1070 0 0
 116 1070 0 0
 117 1072 0 0
 118 1068 0 0
 119 1073 0 0
 120 1067 0 0
 121 1069 0 0
 122 1069 0 0
 123 1068 0 0
 124 1072 0 0
 125 1071 0 0
 126 1066 0 0
 127 1071 0 0
 128 1064 0 0
 129 1065 0 0
 130 1063 0 0
 131 1071 0 0
 132 1071 0 0
 133 1080 0 0
 134 1073 0 0
 135 1074 0 0
 136 1069 0 0
 137 1070 0 0
 138 1072 0 0
 139 1069 0 0
 140 1069 0 0
 141 1071 0 0
 142 1068 0 0
 143 1072 0 0
 144 1068 0 0
 145 1068 0 0
 146 1074 0 0
 147 1072 0 0
 148 1067 0 0
 149 1072 0 0
 150 1069 0 0
 151 1068 0 0
 152 1071 0 0
 153 1068 0 0
 154 1066 0 0
 155 1068 0 0
 156 1073 0 0
 157 1068 0 0
 158 1068 0 0
 159 1063 0 0
 160 1067 0 0
 161 1068 0 0
 162 1071 0 0
 163 1067 0 0
 164 1065 0 0
 165 1070 0 0
 166 1071 0 0
 167 1076 0 0
 168 1069 0 0
 169 1071 0 0
 170 1071 0 0
 171 1069 0 0
 172 1069 0 0
 173 1066 0 0
 174 1067 0 0
 175 1068 0 0
 176 1069 0 0
 177 1065 0 0
 178 1064 0 0
 179 1067 0 0
 180 1067 0 0
 181 1066 0 0
 182 1067 0 0
 183 1068 0 0
 184 1065 0 0
 185 1070 0 0
 186 1068 0 0
 187 1068 0 0
 188 1067 0 0
 189 1064 0 0
 190 1067 0 0
 191 1069 0 0
 192 1074 0 0
 193 1064 0 0
 194 1068 0 0
 195 1074 0 0
 196 1062 0 0
 197 1066 0 0
 198 1064 0 0
 199 1064 0 0
 200 1065 0 0
 201 1065 0 0
 202 1069 0 0
 203 1066 0 0
 204 1067 0 0
 205 1069 0 0
 206 1073 0 0
 207 1067 0 0
 208 1066 0 0
 209 1067 0 0
 210 1064 0 0
 211 1066 0 0
 212 1065 0 0
 213 1067 0 0
 214 1067 0 0
 215 1070 0 0
 216 1065 0 0
 217 1070 0 0
 218 1067 0 0
 219 1065 0 0
 220 1074 0 0
 221 1070 0 0
 222 1066 0 0
 223 1068 0 0
 224 1066 0 0
 225 1069 0 0
 226 1069 0 0
 227 1064 0 0
 228 1062 0 0
 229 1068 0 0
 230 1067 0 0
 231 1074 0 0
 232 1067 0 0
 233 1064 0 0
 234 1066 0 0
 235 1066 0 0
 236 1072 0 0
 237 1067 0 0
 238 1064 0 0
 239 1067 0 0
 240 1065 0 0
 241 1073 0 0
 242 1066 0 0
 243 1068 0 0
 244 1069 0 0
 245 1069 0 0
 246 1066 0 0
 247 1070 0 0
 248 1064 0 0
 249 1069 0 0
 250 1065 0 0
 251 1073 0 0
 252 1067 0 0
 253 1070 0 0
 254 1079 0 0
 255 1117 0 0
[END] of [DATA]
[END] of [Spectrum]


#TBID:2021-12-01 01:00:00;SAM_84C8;CALIBRATED;

[Spectrum]
Version            = 1
IDData             = 96B1_2021-12-01_01-00-00_000_016
IDDevice           = SAM_84C8
IDDataType         = SPECTRUM
IDDataTypeSub1     = CALIBRATED
IDDataTypeSub2     = 
IDDataTypeSub3     = 
DateTime           = 2021-12-01 01:00:00
PositionLatitude   = 0
PositionLongitude  = 0
Comment            = 
CommentSub1        = 
CommentSub2        = 
CommentSub3        = 
IDMethodType       = SAM Control
MethodName         = SAM_84C8
Mission            = No Mission
MissionSub         = 1
RecordType         = 0
[Attributes]
CalFactor = 1
IDBasisSpec = 
IDDataBack = DLAB_2015-08-21_12-14-03_013_778
IDDataCal = DLAB_2015-08-24_11-04-47_772_747
IntegrationTime = 4096
P31 = -1
P31e = 0
PathLength = +INF
PathLengthCustomOn = 0
RAWDynamic = 65535
Salinity = 0
Temperature = -NAN
Unit1 = $01 $01 Wavelength nm
Unit2 = $03 $03 Intensity mW/(m^2 nm Sr)
Unit3 = $f0 $03 Error mW/(m^2 nm Sr)
Unit4 = $f1 $00 Status 
p999 = 900
[END] of [Attributes]
[DATA]
 0 11 0 0
 303.516048156 0 0 0
 306.890006053 0 0 0
 310.26457112 0 0 0
 313.639731825 0 0 0
 317.015476636 -0.000120936308194685 0 0
 320.391794021 -9.32849025571048e-005 0 0
 323.768672448 -0.000149071303799764 0 0
 327.146100385 -3.1584801941067e-005 0 0
 330.5240663 5.69935453185783e-005 0 0
 333.902558661 -6.74983569055734e-005 0 0
 337.281565936 -6.718066709744e-005 0 0
 340.661076593 -0.000199197430304485 0 0
 344.0410791 3.7587999172005e-005 0 0
 347.421561925 -7.10158831236307e-005 0 0
 350.802513536 -8.88756325529349e-005 0 0
 354.183922401 1.78563888770182e-005 0 0
 357.565776988 -5.07061485138042e-005 0 0
 360.948065765 -0.00011196069915344 0 0
 364.3307772 -9.94354718967763e-006 0 0
 367.713899761 5.1970844398961e-007 0 0
 371.097421916 -8.5803223364561e-005 0 0
 374.481332133 -6.37534124736557e-005 0 0
 377.86561888 -3.62319249096451e-005 0 0
 381.250270625 -0.000152567438013202 0 0
 384.635275836 -2.48135531705503e-005 0 0
 388.020622981 4.38250383526814e-005 0 0
 391.406300528 -7.77876332595204e-005 0 0
 394.792296945 -1.29767928610669e-005 0 0
 398.1786007 1.38815754079419e-005 0 0
 401.565200261 -0.000134415242147044 0 0
 404.952084096 -5.57593099151587e-005 0 0
 408.339240673 -1.77118800500396e-005 0 0
 411.72665846 5.46581494934576e-005 0 0
 415.114325925 8.91167374928668e-005 0 0
 418.502231536 7.87935909034917e-005 0 0
 421.890363761 1.0887732687745e-005 0 0
 425.278711068 -0.000175863489591463 0 0
 428.667261925 -5.12278793194542e-005 0 0
 432.0560048 4.95375677410507e-005 0 0
 435.444928161 -4.14323128970951e-005 0 0
 438.834020476 5.26531383178857e-005 0 0
 442.223270213 6.64168506000728e-005 0 0
 445.61266584 -7.39214610460203e-005 0 0
 449.002195825 1.75191689987085e-005 0 0
 452.391848636 4.09121775981427e-005 0 0
 455.781612741 -5.20110207670361e-005 0 0
 459.171476608 2.91271166053934e-005 0 0
 462.561428705 3.63230059650818e-005 0 0
 465.9514575 -2.22302229040696e-005 0 0
 469.341551461 -1.00424423640132e-005 0 0
 472.731699056 2.85103349091622e-005 0 0
 476.121888753 -5.60464831101724e-005 0 0
 479.51210902 5.80786451561e-005 0 0
 482.902348325 0.000172782633584677 0 0
 486.292595136 6.36599807948471e-005 0 0
 489.682837921 -2.99182190868176e-006 0 0
 493.073065148 -5.85927675917405e-005 0 0
 496.463265285 8.04220110826909e-005 0 0
 499.8534268 9.84740240342761e-005 0 0
 503.243538161 8.63217984808461e-005 0 0
 506.633587836 -2.19562110999563e-006 0 0
 510.023564293 -0.000110782166472837 0 0
 513.413456 -7.53269718395814e-006 0 0
 516.803251425 5.15242781774159e-005 0 0
 520.192939036 2.89851603728109e-005 0 0
 523.582507301 2.80230961219776e-007 0 0
 526.971944688 5.50871683912856e-005 0 0
 530.361239665 -5.87921705336412e-005 0 0
 533.7503807 6.8183775776892e-005 0 0
 537.139356261 2.15453584160816e-005 0 0
 540.528154816 7.60526855561798e-005 0 0
 543.916764833 2.88937947540339e-007 0 0
 547.30517478 4.95096502178911e-005 0 0
 550.693373125 7.29240345882378e-005 0 0
 554.081348336 3.30098749083334e-005 0 0
 557.469088881 -7.46187310077139e-006 0 0
 560.856583228 7.16514432522628e-005 0 0
 564.243819845 2.52594560337708e-005 0 0
 567.6307872 2.74768152032733e-005 0 0
 571.017473761 2.10115320694063e-005 0 0
 574.403867996 1.60345255264927e-005 0 0
 577.789958373 -1.64400642889984e-005 0 0
 581.17573336 3.09260583340228e-005 0 0
 584.561181425 -1.55288074587208e-005 0 0
 587.946291036 0.00014293302797162 0 0
 591.331050661 1.93157712526027e-005 0 0
 594.715448768 6.03265632773201e-005 0 0
 598.099473825 4.22321857279375e-005 0 0
 601.4831143 5.12610827764628e-005 0 0
 604.866358661 7.98295837877468e-006 0 0
 608.249195376 -1.07262747319957e-006 0 0
 611.631612913 0.000100964858213412 0 0
 615.01359974 6.90181640835375e-005 0 0
 618.395144325 5.13348341543089e-006 0 0
 621.776235136 7.52330295413692e-005 0 0
 625.156860641 -3.47004242034735e-005 0 0
 628.537009308 7.1521394328167e-005 0 0
 631.916669605 0.000162420395474943 0 0
 635.29583 8.96895616482244e-005 0 0
 638.674478961 -0.000124613586887863 0 0
 642.052604956 -1.23834051033594e-005 0 0
 645.430196453 2.33856161927561e-005 0 0
 648.80724192 7.38314684465406e-007 0 0
 652.183729825 0.000129691920406293 0 0
 655.559648636 -6.44269324806391e-005 0 0
 658.934986821 4.40844571888598e-005 0 0
 662.309732848 0.000120776027964244 0 0
 665.683875185 1.73007944680031e-005 0 0
 669.0574023 5.72426237934174e-005 0 0
 672.430302661 -2.92440861602364e-005 0 0
 675.802564736 -0.000111726339810497 0 0
 679.174176993 -6.31887565572453e-005 0 0
 682.5451279 4.68843284699124e-005 0 0
 685.915405925 5.49200451469272e-005 0 0
 689.284999536 -8.14526295401342e-005 0 0
 692.653897201 -0.000140368908448718 0 0
 696.022087388 0.00014437527499449 0 0
 699.389558565 7.59411167270577e-005 0 0
 702.7562992 -3.67994127551942e-006 0 0
 706.122297761 0.000123321245776111 0 0
 709.487542716 2.86787281949538e-005 0 0
 712.852022533 0.000169190450260561 0 0
 716.21572568 8.73974779087255e-005 0 0
 719.578640625 0.000208895938217839 0 0
 722.940755836 7.58538955239603e-005 0 0
 726.302059781 -4.00868740922494e-005 0 0
 729.662540928 -0.000138305721393695 0 0
 733.022187745 -1.34092158163586e-005 0 0
 736.3809887 -0.000113464610130867 0 0
 739.738932261 -2.92138457879486e-006 0 0
 743.096006896 1.5738424950092e-005 0 0
 746.452201073 4.72114638660207e-005 0 0
 749.80750326 -0.00120817786523035 0 0
 753.161901925 2.36266556348816e-005 0 0
 756.515385536 0.000182414998650433 0 0
 759.867942561 4.19987297598594e-005 0 0
 763.219561468 -1.30881704425282e-005 0 0
 766.570230725 0.000192890682886295 0 0
 769.9199388 -0.000135987358834443 0 0
 773.268674161 2.03519251938994e-005 0 0
 776.616425276 0.000165643311986608 0 0
 779.963180613 -8.02673559933234e-005 0 0
 783.30892864 0.000126039530760116 0 0
 786.653657825 -0.000215856148804404 0 0
 789.997356636 -9.77181631571015e-005 0 0
 793.340013541 9.23357449811626e-005 0 0
 796.681617008 0.000231661550423892 0 0
 800.022155505 -0.000134996569319414 0 0
 803.3616175 0.000225822151593442 0 0
 806.699991461 6.37716523941897e-005 0 0
 810.037265856 -2.98608860273499e-005 0 0
 813.373429153 -7.46822834628253e-005 0 0
 816.70846982 4.09918228988812e-005 0 0
 820.042376325 6.72045795083798e-005 0 0
 823.375137136 0.000254412028956285 0 0
 826.706740721 0.000178169095651584 0 0
 830.037175548 -0.000149923357069655 0 0
 833.366430085 -7.25869002310393e-005 0 0
 836.6944928 -0.000142326869416569 0 0
 840.021352161 -0.000224212783741498 0 0
 843.346996636 6.09780905150524e-005 0 0
 846.671414693 5.91118904874281e-005 0 0
 849.9945948 -5.07574680151827e-005 0 0
 853.316525425 0.000206050991623696 0 0
 856.637195036 -0.000131394951570575 0 0
 859.956592101 0.000108265798576338 0 0
 863.274705088 0.000219247995991257 0 0
 866.591522465 -0.000117640490698145 0 0
 869.9070327 0.000376228426515569 0 0
 873.221224261 -4.0525342805648e-005 0 0
 876.534085616 0.000216653936447486 0 0
 879.845605233 -6.33463065748915e-005 0 0
 883.15577158 0.000775922349687316 0 0
 886.464573125 0.000301312324743777 0 0
 889.771998336 -0.000691789777321585 0 0
 893.078035681 0.000346210751330182 0 0
 896.382673628 -0.000219299795271158 0 0
 899.685900645 1.28784975463656e-005 0 0
 902.9877052 -0.000267366722783821 0 0
 906.288075761 -0.000633485198888671 0 0
 909.587000796 -0.000512980809553422 0 0
 912.884468773 -0.000367076469616363 0 0
 916.18046816 -0.000123809090065478 0 0
 919.474987425 0.00028892416984019 0 0
 922.768015036 5.92375969000592e-005 0 0
 926.059539461 0.000418451090356942 0 0
 929.349549168 -0.00107866593463203 0 0
 932.638032625 8.32806220513192e-005 0 0
 935.9249783 -0.000515884672476238 0 0
 939.210374661 0.00133597514970277 0 0
 942.494210176 0.0002584700090569 0 0
 945.776473313 0.000371971705812815 0 0
 949.05715254 0.000988271401246801 0 0
 952.336236325 -0.000577409772118426 0 0
 955.613713136 0 0 0
 958.889571441 0 0 0
 962.163799708 0 0 0
 965.436386405 0 0 0
 968.70732 0 0 0
 971.976588961 0 0 0
 975.244181756 0 0 0
 978.510086853 0 0 0
 981.77429272 0 0 0
 985.036787825 0 0 0
 988.297560636 0 0 0
 991.556599621 0 0 0
 994.813893248 0 0 0
 998.069429985 0 0 0
 1001.3231983 0 0 0
 1004.575186661 0 0 0
 1007.825383536 0 0 0
 1011.073777393 0 0 0
 1014.3203567 0 0 0
 1017.565109925 0 0 0
 1020.808025536 0 0 0
 1024.049092001 0 0 0
 1027.288297788 0 0 0
 1030.525631365 0 0 0
 1033.7610812 0 0 0
 1036.994635761 0 0 0
 1040.226283516 0 0 0
 1043.456012933 0 0 0
 1046.68381248 0 0 0
 1049.909670625 0 0 0
 1053.133575836 0 0 0
 1056.355516581 0 0 0
 1059.575481328 0 0 0
 1062.793458545 0 0 0
 1066.0094367 0 0 0
 1069.223404261 0 0 0
 1072.435349696 0 0 0
 1075.645261473 0 0 0
 1078.85312806 0 0 0
 1082.058937925 0 0 0
 1085.262679536 0 0 0
 1088.464341361 0 0 0
 1091.663911868 0 0 0
 1094.861379525 0 0 0
 1098.0567328 0 0 0
 1101.249960161 0 0 0
 1104.441050076 0 0 0
 1107.629991013 0 0 0
 1110.81677144 0 0 0
 1114.001379825 0 0 0
 1117.183804636 0 0 0
 1120.364034341 0 0 0
 1123.542057408 0 0 0
 1126.717862305 0 0 0
 1129.8914375 0 0 0
 1133.062771461 0 0 0
 1136.231852656 0 0 0
 1139.398669553 0 0 0
 1142.56321062 0 0 0
 1145.725464325 0 0 0
 1148.885419136 0 0 0
[END] of [DATA]
[END] of [Spectrum]

