
#TBID:2021-11-30 00:30:00;SAM_84DC;RAW;

[Spectrum]
Version            = 1
IDData             = 96B1_2021-11-30_00-30-00_000_522
IDDevice           = SAM_84DC
IDDataType         = SPECTRUM
IDDataTypeSub1     = RAW
IDDataTypeSub2     = 
IDDataTypeSub3     = 
DateTime           = 2021-11-30 00:30:00
PositionLatitude   = 0
PositionLongitude  = 0
Comment            = 
CommentSub1        = 
CommentSub2        = 
CommentSub3        = 
IDMethodType       = SAM Control
MethodName         = SAM_84DC
Mission            = No Mission
MissionSub         = 1
RecordType         = 0
[Attributes]
CalFactor = 1
IDBasisSpec = 
IDDataBack = DLAB_2015-08-21_13-19-54_137_939
IDDataCal = DLAB_2015-08-24_10-46-55_592_608
IntegrationTime = 4096
P31 = -1
P31e = 0
PathLength = +INF
PathLengthCustomOn = 0
RAWDynamic = 65535
Salinity = 0
Temperature = -NAN
Unit1 = $05 $00 Pixel 
Unit2 = $03 $05 Intensity counts
Unit3 = $f0 $05 Error counts
Unit4 = $f1 $00 Status 
p999 = 851
[END] of [Attributes]
[DATA]
 0 11 0 0
 1 1282 0 0
 2 1271 0 0
 3 1275 0 0
 4 1289 0 0
 5 1282 0 0
 6 1276 0 0
 7 1286 0 0
 8 1278 0 0
 9 1284 0 0
 10 1287 0 0
 11 1286 0 0
 12 1283 0 0
 13 1284 0 0
 14 1284 0 0
 15 1281 0 0
 16 1282 0 0
 17 1283 0 0
 18 1283 0 0
 19 1284 0 0
 20 1282 0 0
 21 1282 0 0
 22 1286 0 0
 23 1290 0 0
 24 1290 0 0
 25 1284 0 0
 26 1288 0 0
 27 1287 0 0
 28 1283 0 0
 29 1283 0 0
 30 1282 0 0
 31 1286 0 0
 32 1286 0 0
 33 1285 0 0
 34 1285 0 0
 35 1285 0 0
 36 1287 0 0
 37 1287 0 0
 38 1284 0 0
 39 1279 0 0
 40 1291 0 0
 41 1288 0 0
 42 1287 0 0
 43 1290 0 0
 44 1288 0 0
 45 1286 0 0
 46 1288 0 0
 47 1290 0 0
 48 1288 0 0
 49 1287 0 0
 50 1287 0 0
 51 1286 0 0
 52 1288 0 0
 53 1287 0 0
 54 1288 0 0
 55 1288 0 0
 56 1288 0 0
 57 1289 0 0
 58 1296 0 0
 59 1294 0 0
 60 1286 0 0
 61 1292 0 0
 62 1288 0 0
 63 1290 0 0
 64 1287 0 0
 65 1284 0 0
 66 1286 0 0
 67 1286 0 0
 68 1294 0 0
 69 1285 0 0
 70 1286 0 0
 71 1283 0 0
 72 1289 0 0
 73 1295 0 0
 74 1288 0 0
 75 1284 0 0
 76 1287 0 0
 77 1291 0 0
 78 1284 0 0
 79 1289 0 0
 80 1286 0 0
 81 1290 0 0
 82 1293 0 0
 83 1294 0 0
 84 1291 0 0
 85 1296 0 0
 86 1292 0 0
 87 1291 0 0
 88 1283 0 0
 89 1290 0 0
 90 1287 0 0
 91 1294 0 0
 92 1291 0 0
 93 1289 0 0
 94 1288 0 0
 95 1289 0 0
 96 1282 0 0
 97 1285 0 0
 98 1290 0 0
 99 1285 0 0
 100 1291 0 0
 101 1287 0 0
 102 1291 0 0
 103 1286 0 0
 104 1290 0 0
 105 1289 0 0
 106 1290 0 0
 107 1290 0 0
 108 1291 0 0
 109 1292 0 0
 110 1289 0 0
 111 1295 0 0
 112 1293 0 0
 113 1286 0 0
 114 1289 0 0
 115 1288 0 0
 116 1288 0 0
 117 1292 0 0
 118 1284 0 0
 119 1293 0 0
 120 1290 0 0
 121 1291 0 0
 122 1288 0 0
 123 1293 0 0
 124 1293 0 0
 125 1290 0 0
 126 1292 0 0
 127 1292 0 0
 128 1292 0 0
 129 1283 0 0
 130 1287 0 0
 131 1289 0 0
 132 1295 0 0
 133 1294 0 0
 134 1292 0 0
 135 1290 0 0
 136 1286 0 0
 137 1293 0 0
 138 1289 0 0
 139 1290 0 0
 140 1290 0 0
 141 1298 0 0
 142 1290 0 0
 143 1293 0 0
 144 1290 0 0
 145 1292 0 0
 146 1285 0 0
 147 1290 0 0
 148 1289 0 0
 149 1298 0 0
 150 1290 0 0
 151 1291 0 0
 152 1290 0 0
 153 1294 0 0
 154 1289 0 0
 155 1292 0 0
 156 1286 0 0
 157 1291 0 0
 158 1292 0 0
 159 1287 0 0
 160 1291 0 0
 161 1285 0 0
 162 1287 0 0
 163 1289 0 0
 164 1295 0 0
 165 1290 0 0
 166 1291 0 0
 167 1292 0 0
 168 1293 0 0
 169 1292 0 0
 170 1293 0 0
 171 1290 0 0
 172 1284 0 0
 173 1295 0 0
 174 1291 0 0
 175 1291 0 0
 176 1294 0 0
 177 1291 0 0
 178 1294 0 0
 179 1291 0 0
 180 1285 0 0
 181 1287 0 0
 182 1288 0 0
 183 1291 0 0
 184 1298 0 0
 185 1294 0 0
 186 1295 0 0
 187 1292 0 0
 188 1288 0 0
 189 1294 0 0
 190 1286 0 0
 191 1294 0 0
 192 1297 0 0
 193 1293 0 0
 194 1291 0 0
 195 1293 0 0
 196 1292 0 0
 197 1293 0 0
 198 1292 0 0
 199 1290 0 0
 200 1290 0 0
 201 1292 0 0
 202 1285 0 0
 203 1295 0 0
 204 1294 0 0
 205 1292 0 0
 206 1292 0 0
 207 1290 0 0
 208 1293 0 0
 209 1294 0 0
 210 1292 0 0
 211 1295 0 0
 212 1290 0 0
 213 1290 0 0
 214 1289 0 0
 215 1296 0 0
 216 1290 0 0
 217 1291 0 0
 218 1291 0 0
 219 1290 0 0
 220 1291 0 0
 221 1294 0 0
 222 1294 0 0
 223 1295 0 0
 224 1290 0 0
 225 1293 0 0
 226 1290 0 0
 227 1297 0 0
 228 1293 0 0
 229 1289 0 0
 230 1291 0 0
 231 1290 0 0
 232 1298 0 0
 233 1290 0 0
 234 1294 0 0
 235 1294 0 0
 236 1289 0 0
 237 1290 0 0
 238 1297 0 0
 239 1301 0 0
 240 1294 0 0
 241 1290 0 0
 242 1290 0 0
 243 1295 0 0
 244 1290 0 0
 245 1288 0 0
 246 1292 0 0
 247 1292 0 0
 248 1296 0 0
 249 1291 0 0
 250 1293 0 0
 251 1291 0 0
 252 1295 0 0
 253 1294 0 0
 254 1293 0 0
 255 1351 0 0
[END] of [DATA]
[END] of [Spectrum]


#TBID:2021-11-30 00:30:00;SAM_84DC;CALIBRATED;

[Spectrum]
Version            = 1
IDData             = 96B1_2021-11-30_00-30-00_000_523
IDDevice           = SAM_84DC
IDDataType         = SPECTRUM
IDDataTypeSub1     = CALIBRATED
IDDataTypeSub2     = 
IDDataTypeSub3     = 
DateTime           = 2021-11-30 00:30:00
PositionLatitude   = 0
PositionLongitude  = 0
Comment            = 
CommentSub1        = 
CommentSub2        = 
CommentSub3        = 
IDMethodType       = SAM Control
MethodName         = SAM_84DC
Mission            = No Mission
MissionSub         = 1
RecordType         = 0
[Attributes]
CalFactor = 1
IDBasisSpec = 
IDDataBack = DLAB_2015-08-21_13-19-54_137_939
IDDataCal = DLAB_2015-08-24_10-46-55_592_608
IntegrationTime = 4096
P31 = -1
P31e = 0
PathLength = +INF
PathLengthCustomOn = 0
RAWDynamic = 65535
Salinity = 0
Temperature = -NAN
Unit1 = $01 $01 Wavelength nm
Unit2 = $03 $03 Intensity mW/(m^2 nm Sr)
Unit3 = $f0 $03 Error mW/(m^2 nm Sr)
Unit4 = $f1 $00 Status 
p999 = 851
[END] of [Attributes]
[DATA]
 0 11 0 0
 305.71650776488 0 0 0
 309.04007505697 0 0 0
 312.36416914304 0 0 0
 315.68877841375 0 0 0
 319.01389125976 6.35406019713777e-005 0 0
 322.33949607173 7.59208834217798e-005 0 0
 325.66558124032 2.04279864412373e-005 0 0
 328.99213515619 -0.000167861992925143 0 0
 332.31914621 -9.63063566513988e-005 0 0
 335.64660279241 9.0768519886603e-005 0 0
 338.97449329408 -1.07309258751633e-005 0 0
 342.30280610567 7.2201997228248e-005 0 0
 345.63152961784 7.57605829050791e-005 0 0
 348.96065222125 -0.000142237039352119 0 0
 352.29016230656 8.30828850235183e-005 0 0
 355.62004826443 -6.22659318293663e-005 0 0
 358.95029848552 -0.000132956428597264 0 0
 362.28090136049 1.05442903539084e-005 0 0
 365.61184528 -1.10758899579891e-005 0 0
 368.94311863471 5.87034241849275e-007 0 0
 372.27470981528 5.69171481723257e-005 0 0
 375.60660721237 -3.27779058109237e-005 0 0
 378.93879921664 5.60871612893836e-005 0 0
 382.27127421875 7.78642989645074e-005 0 0
 385.60402060936 9.59154967417141e-005 0 0
 388.93702677913 4.34520081207453e-005 0 0
 392.27028111872 1.87288797314723e-005 0 0
 395.60377201879 7.06751557787114e-005 0 0
 398.93748787 7.58847743215169e-005 0 0
 402.27141706301 7.81328128006975e-005 0 0
 405.60554798848 -2.06486235912562e-005 0 0
 408.93986903707 1.59988160486108e-005 0 0
 412.27436859944 6.7025165630621e-005 0 0
 415.60903506625 -2.06310067422929e-005 0 0
 418.94385682816 5.60838029022778e-005 0 0
 422.27882227583 -5.01778150938895e-005 0 0
 425.61391979992 -2.3962532661525e-005 0 0
 428.94913779109 -2.02659385255899e-005 0 0
 432.28446464 -3.15062972868385e-005 0 0
 435.61988873731 -3.47838031164253e-005 0 0
 438.95539847368 5.6403918917901e-006 0 0
 442.29098223977 9.23798953398491e-006 0 0
 445.62662842624 1.47822645009708e-005 0 0
 448.96232542375 -2.87867069580606e-005 0 0
 452.29806162296 -3.80760848515653e-005 0 0
 455.63382541453 -6.48189052252452e-005 0 0
 458.96960518912 -6.34893509968761e-005 0 0
 462.30538933739 1.19434778613225e-005 0 0
 465.64116625 -8.18426114802127e-006 0 0
 468.97692431761 1.40528043024709e-005 0 0
 472.31265193088 -2.38670386915048e-005 0 0
 475.64833748047 -1.06746720187583e-005 0 0
 478.98396935704 1.18171710253572e-005 0 0
 482.31953595125 2.19706000613881e-005 0 0
 485.65502565376 -3.27744394564536e-005 0 0
 488.99042685523 -5.30117355664906e-006 0 0
 492.32572794632 -4.54390877587877e-005 0 0
 495.66091731769 4.98618262224684e-005 0 0
 498.99598336 -6.04932873848615e-005 0 0
 502.33091446391 -7.39136713502878e-005 0 0
 505.66569902008 -3.29465513127993e-005 0 0
 509.00032541917 1.03272384753047e-005 0 0
 512.33478205184 -8.17114369396553e-006 0 0
 515.66905730875 -5.75620208822991e-005 0 0
 519.00313958056 -4.9066212292002e-005 0 0
 522.33701725793 6.19982263417191e-005 0 0
 525.67067873152 -6.41025022666313e-005 0 0
 529.00411239199 4.8387337035126e-006 0 0
 532.33730663 -3.87376697010427e-005 0 0
 535.67024983621 -7.90557139621753e-005 0 0
 539.00293040128 -0.000141834903001169 0 0
 542.33533671587 -7.48826226883573e-006 0 0
 545.66745717064 6.94788594951923e-006 0 0
 548.99928015625 -7.85575264301004e-005 0 0
 552.33079406336 -3.9830497440091e-005 0 0
 555.66198728263 -6.97117461254645e-005 0 0
 558.99284820472 -1.88502516483433e-005 0 0
 562.32336522029 -1.92234979984746e-005 0 0
 565.65352672 -7.53486680288658e-005 0 0
 568.98332109451 -3.59293440797128e-005 0 0
 572.31273673448 -7.41902321870197e-005 0 0
 575.64176203057 4.49194639467034e-005 0 0
 578.97038537344 1.641589476031e-005 0 0
 582.29859515375 7.14349473625033e-005 0 0
 585.62637976216 -4.07102962921907e-005 0 0
 588.95372758933 -1.86877723971941e-005 0 0
 592.28062702592 -4.61378188534765e-005 0 0
 595.60706646259 -9.05002038937029e-005 0 0
 598.93303429 -8.95340802351811e-005 0 0
 602.25851889881 6.6442077380644e-006 0 0
 605.58350867968 1.24705605850675e-005 0 0
 608.90799202327 -2.88282923687523e-005 0 0
 612.23195732024 -4.63777388578924e-005 0 0
 615.55539296125 -0.000119462819371144 0 0
 618.87828733696 -9.27311368981347e-005 0 0
 622.20062883803 -0.000111418839911617 0 0
 625.52240585512 -0.000193715149703942 0 0
 628.84360677889 4.44492303477607e-006 0 0
 632.16422 -0.000123756999899829 0 0
 635.48423390911 -5.35541354543694e-005 0 0
 638.80363689688 -5.17930382470161e-005 0 0
 642.12241735397 -4.71248590373131e-005 0 0
 645.44056367104 -0.000103325358189674 0 0
 648.75806423875 -3.08810560330061e-005 0 0
 652.07490744776 -0.000113919542646402 0 0
 655.39108168873 -6.8289213324507e-005 0 0
 658.70657535232 -0.000203050398342941 0 0
 662.02137682919 -5.85018545788943e-005 0 0
 665.33547451 -5.46232812368131e-005 0 0
 668.64885678541 -4.69435799927354e-005 0 0
 671.96151204608 7.95257272888118e-006 0 0
 675.27342868267 -9.10144895253976e-006 0 0
 678.58459508584 -1.64909756918334e-005 0 0
 681.89499964625 -0.000105874591494336 0 0
 685.20463075456 -0.000174058425442456 0 0
 688.51347680143 -6.28383057509472e-005 0 0
 691.82152617752 2.23518380606759e-005 0 0
 695.12876727349 -9.13890438561399e-005 0 0
 698.43518848 3.49703266826112e-005 0 0
 701.74077818771 0.000144667350983064 0 0
 705.04552478728 -0.000166549941898239 0 0
 708.34941666937 -1.65548908823148e-005 0 0
 711.65244222464 -4.32275050091098e-005 0 0
 714.95458984375 -4.32865544647075e-005 0 0
 718.25584791736 2.33289890831717e-005 0 0
 721.55620483613 -6.15081426973533e-005 0 0
 724.85564899072 -3.64728854223659e-005 0 0
 728.15416877179 3.22312738814387e-005 0 0
 731.45175257 -0.000144030410315572 0 0
 734.74838877601 -0.000212073473081909 0 0
 738.04406578048 -2.40980770818632e-005 0 0
 741.33877197407 2.8378972936239e-005 0 0
 744.63249574744 4.67770947162619e-005 0 0
 747.92522549125 4.3288777807796e-005 0 0
 751.21694959616 -8.31114876626727e-005 0 0
 754.50765645283 -1.05303781573937e-005 0 0
 757.79733445192 8.97009665268255e-006 0 0
 761.08597198409 3.53322263162657e-005 0 0
 764.37355744 -1.81813055464721e-005 0 0
 767.66007921031 4.99358365165134e-005 0 0
 770.94552568568 8.62524187116395e-005 0 0
 774.22988525677 6.04230377715981e-005 0 0
 777.51314631424 1.68301429747884e-005 0 0
 780.79529724875 -7.71290741350996e-006 0 0
 784.07632645096 0.000164667570019404 0 0
 787.35622231153 -7.84283205558185e-005 0 0
 790.63497322112 2.6406945109855e-005 0 0
 793.91256757039 -0.000122639376074896 0 0
 797.18899375 0.00020126913094535 0 0
 800.46424015061 0.000102206697588775 0 0
 803.73829516288 -5.03046391998926e-005 0 0
 807.01114717747 -2.36944932523562e-005 0 0
 810.28278458504 -2.06970409673258e-005 0 0
 813.55319577625 -0.000127210582349934 0 0
 816.82236914176 4.06106017943111e-005 0 0
 820.09029307223 -1.88986843439833e-005 0 0
 823.35695595832 -0.000160105128747462 0 0
 826.62234619069 0.00010051053869879 0 0
 829.88645216 -0.00026953961884222 0 0
 833.14926225691 -6.5904546972265e-005 0 0
 836.41076487208 -6.35331354440614e-005 0 0
 839.67094839617 0.000216113067058506 0 0
 842.92980121984 0.000108041277019029 0 0
 846.18731173375 0.000346442737131399 0 0
 849.44346832856 -5.91868511241007e-005 0 0
 852.69825939493 -0.00031881416686987 0 0
 855.95167332352 -0.000105522570322286 0 0
 859.20369850499 8.6523961581437e-005 0 0
 862.45432333 -4.85868290068745e-006 0 0
 865.70353618921 0.000134196918283207 0 0
 868.95132547328 -0.000468946163046165 0 0
 872.19767957287 8.2520105879228e-005 0 0
 875.44258687864 9.9821857600931e-005 0 0
 878.68603578125 -2.59413063911395e-005 0 0
 881.92801467136 0.000244330923929738 0 0
 885.16851193963 0.000205726932402184 0 0
 888.40751597672 0.000282789253654453 0 0
 891.64501517329 0.000288695524008237 0 0
 894.88099792 0.00058258736957028 0 0
 898.11545260751 -0.000159164064284849 0 0
 901.34836762648 0.000103985495856534 0 0
 904.57973136757 -0.000160246298387763 0 0
 907.80953222144 9.96307447494218e-005 0 0
 911.03775857875 0.00114184619609721 0 0
 914.26439883016 0.000544728368928452 0 0
 917.48944136633 0.000513151883742028 0 0
 920.71287457792 0.000139364047549455 0 0
 923.93468685559 0.000404957940628218 0 0
 927.15486659 0.00144145331934526 0 0
 930.37340217181 -6.79606148538296e-005 0 0
 933.59028199168 0.000816454585718711 0 0
 936.80549444027 -0.000205293168633937 0 0
 940.01902790824 0.000215496218417382 0 0
 943.23087078625 0.000395964509043497 0 0
 946.44101146496 0.00160177513707197 0 0
 949.64943833503 -0.000616180498948727 0 0
 952.85613978712 0.000475559469475976 0 0
 956.06110421189 0 0 0
 959.26432 0 0 0
 962.46577554211 0 0 0
 965.66545922888 0 0 0
 968.86335945097 0 0 0
 972.05946459904 0 0 0
 975.25376306375 0 0 0
 978.44624323576 0 0 0
 981.63689350573 0 0 0
 984.82570226432 0 0 0
 988.01265790219 0 0 0
 991.19774881 0 0 0
 994.38096337841 0 0 0
 997.56228999808 0 0 0
 1000.74171705967 0 0 0
 1003.91923295384 0 0 0
 1007.09482607125 0 0 0
 1010.26848480256 0 0 0
 1013.44019753843 0 0 0
 1016.60995266952 0 0 0
 1019.77773858649 0 0 0
 1022.94354368 0 0 0
 1026.10735634071 0 0 0
 1029.26916495928 0 0 0
 1032.42895792637 0 0 0
 1035.58672363264 0 0 0
 1038.74245046875 0 0 0
 1041.89612682536 0 0 0
 1045.04774109313 0 0 0
 1048.19728166272 0 0 0
 1051.34473692479 0 0 0
 1054.49009527 0 0 0
 1057.63334508901 0 0 0
 1060.77447477248 0 0 0
 1063.91347271107 0 0 0
 1067.05032729544 0 0 0
 1070.18502691625 0 0 0
 1073.31755996416 0 0 0
 1076.44791482983 0 0 0
 1079.57607990392 0 0 0
 1082.70204357709 0 0 0
 1085.82579424 0 0 0
 1088.94732028331 0 0 0
 1092.06661009768 0 0 0
 1095.18365207377 0 0 0
 1098.29843460224 0 0 0
 1101.41094607375 0 0 0
 1104.52117487896 0 0 0
 1107.62910940853 0 0 0
 1110.73473805312 0 0 0
 1113.83804920339 0 0 0
 1116.93903125 0 0 0
 1120.03767258361 0 0 0
 1123.13396159488 0 0 0
 1126.22788667447 0 0 0
 1129.31943621304 0 0 0
 1132.40859860125 0 0 0
 1135.49536222976 0 0 0
[END] of [DATA]
[END] of [Spectrum]


#TBID:2021-11-30 00:30:00;SAM_84C8;RAW;

[Spectrum]
Version            = 1
IDData             = 96B1_2021-11-30_00-30-00_000_525
IDDevice           = SAM_84C8
IDDataType         = SPECTRUM
IDDataTypeSub1     = RAW
IDDataTypeSub2     = 
IDDataTypeSub3     = 
DateTime           = 2021-11-30 00:30:00
PositionLatitude   = 0
PositionLongitude  = 0
Comment            = 
CommentSub1        = 
CommentSub2        = 
CommentSub3        = 
IDMethodType       = SAM Control
MethodName         = SAM_84C8
Mission            = No Mission
MissionSub         = 1
RecordType         = 0
[Attributes]
CalFactor = 1
IDBasisSpec = 
IDDataBack = DLAB_2015-08-21_12-14-03_013_778
IDDataCal = DLAB_2015-08-24_11-04-47_772_747
IntegrationTime = 4096
P31 = -1
P31e = 0
PathLength = +INF
PathLengthCustomOn = 0
RAWDynamic = 65535
Salinity = 0
Temperature = -NAN
Unit1 = $05 $00 Pixel 
Unit2 = $03 $05 Intensity counts
Unit3 = $f0 $05 Error counts
Unit4 = $f1 $00 Status 
p999 = 851
[END] of [Attributes]
[DATA]
 0 11 0 0
 1 1184 0 0
 2 1168 0 0
 3 1177 0 0
 4 1176 0 0
 5 1176 0 0
 6 1174 0 0
 7 1176 0 0
 8 1177 0 0
 9 1175 0 0
 10 1176 0 0
 11 1174 0 0
 12 1179 0 0
 13 1176 0 0
 14 1176 0 0
 15 1175 0 0
 16 1178 0 0
 17 1177 0 0
 18 1172 0 0
 19 1179 0 0
 20 1175 0 0
 21 1181 0 0
 22 1176 0 0
 23 1185 0 0
 24 1181 0 0
 25 1181 0 0
 26 1175 0 0
 27 1179 0 0
 28 1179 0 0
 29 1178 0 0
 30 1186 0 0
 31 1180 0 0
 32 1180 0 0
 33 1181 0 0
 34 1176 0 0
 35 1180 0 0
 36 1186 0 0
 37 1185 0 0
 38 1179 0 0
 39 1182 0 0
 40 1182 0 0
 41 1180 0 0
 42 1177 0 0
 43 1185 0 0
 44 1176 0 0
 45 1186 0 0
 46 1181 0 0
 47 1176 0 0
 48 1182 0 0
 49 1183 0 0
 50 1177 0 0
 51 1182 0 0
 52 1182 0 0
 53 1180 0 0
 54 1180 0 0
 55 1189 0 0
 56 1188 0 0
 57 1186 0 0
 58 1184 0 0
 59 1180 0 0
 60 1184 0 0
 61 1183 0 0
 62 1190 0 0
 63 1187 0 0
 64 1185 0 0
 65 1184 0 0
 66 1191 0 0
 67 1185 0 0
 68 1183 0 0
 69 1179 0 0
 70 1187 0 0
 71 1184 0 0
 72 1188 0 0
 73 1185 0 0
 74 1181 0 0
 75 1188 0 0
 76 1187 0 0
 77 1185 0 0
 78 1190 0 0
 79 1194 0 0
 80 1192 0 0
 81 1184 0 0
 82 1189 0 0
 83 1187 0 0
 84 1184 0 0
 85 1188 0 0
 86 1188 0 0
 87 1188 0 0
 88 1188 0 0
 89 1187 0 0
 90 1188 0 0
 91 1192 0 0
 92 1192 0 0
 93 1188 0 0
 94 1193 0 0
 95 1189 0 0
 96 1186 0 0
 97 1188 0 0
 98 1194 0 0
 99 1184 0 0
 100 1190 0 0
 101 1194 0 0
 102 1194 0 0
 103 1187 0 0
 104 1188 0 0
 105 1194 0 0
 106 1187 0 0
 107 1188 0 0
 108 1184 0 0
 109 1191 0 0
 110 1191 0 0
 111 1193 0 0
 112 1186 0 0
 113 1186 0 0
 114 1189 0 0
 115 1193 0 0
 116 1194 0 0
 117 1191 0 0
 118 1189 0 0
 119 1188 0 0
 120 1188 0 0
 121 1190 0 0
 122 1188 0 0
 123 1190 0 0
 124 1194 0 0
 125 1190 0 0
 126 1184 0 0
 127 1195 0 0
 128 1189 0 0
 129 1190 0 0
 130 1187 0 0
 131 1195 0 0
 132 1188 0 0
 133 1215 0 0
 134 1190 0 0
 135 1190 0 0
 136 1187 0 0
 137 1188 0 0
 138 1189 0 0
 139 1192 0 0
 140 1192 0 0
 141 1188 0 0
 142 1187 0 0
 143 1191 0 0
 144 1189 0 0
 145 1195 0 0
 146 1198 0 0
 147 1189 0 0
 148 1190 0 0
 149 1189 0 0
 150 1186 0 0
 151 1188 0 0
 152 1195 0 0
 153 1192 0 0
 154 1189 0 0
 155 1187 0 0
 156 1193 0 0
 157 1194 0 0
 158 1192 0 0
 159 1185 0 0
 160 1191 0 0
 161 1190 0 0
 162 1191 0 0
 163 1190 0 0
 164 1184 0 0
 165 1197 0 0
 166 1193 0 0
 167 1191 0 0
 168 1188 0 0
 169 1192 0 0
 170 1194 0 0
 171 1191 0 0
 172 1188 0 0
 173 1182 0 0
 174 1190 0 0
 175 1192 0 0
 176 1188 0 0
 177 1187 0 0
 178 1187 0 0
 179 1193 0 0
 180 1188 0 0
 181 1189 0 0
 182 1191 0 0
 183 1187 0 0
 184 1186 0 0
 185 1193 0 0
 186 1190 0 0
 187 1196 0 0
 188 1190 0 0
 189 1189 0 0
 190 1184 0 0
 191 1188 0 0
 192 1190 0 0
 193 1187 0 0
 194 1190 0 0
 195 1191 0 0
 196 1189 0 0
 197 1191 0 0
 198 1193 0 0
 199 1192 0 0
 200 1189 0 0
 201 1189 0 0
 202 1189 0 0
 203 1191 0 0
 204 1188 0 0
 205 1194 0 0
 206 1187 0 0
 207 1188 0 0
 208 1184 0 0
 209 1186 0 0
 210 1185 0 0
 211 1193 0 0
 212 1188 0 0
 213 1188 0 0
 214 1188 0 0
 215 1188 0 0
 216 1186 0 0
 217 1189 0 0
 218 1193 0 0
 219 1191 0 0
 220 1186 0 0
 221 1195 0 0
 222 1187 0 0
 223 1188 0 0
 224 1190 0 0
 225 1193 0 0
 226 1190 0 0
 227 1188 0 0
 228 1188 0 0
 229 1187 0 0
 230 1185 0 0
 231 1194 0 0
 232 1189 0 0
 233 1187 0 0
 234 1188 0 0
 235 1187 0 0
 236 1190 0 0
 237 1186 0 0
 238 1189 0 0
 239 1190 0 0
 240 1191 0 0
 241 1193 0 0
 242 1190 0 0
 243 1188 0 0
 244 1193 0 0
 245 1187 0 0
 246 1187 0 0
 247 1188 0 0
 248 1190 0 0
 249 1189 0 0
 250 1191 0 0
 251 1186 0 0
 252 1183 0 0
 253 1195 0 0
 254 1191 0 0
 255 1241 0 0
[END] of [DATA]
[END] of [Spectrum]


#TBID:2021-11-30 00:30:00;SAM_84C8;CALIBRATED;

[Spectrum]
Version            = 1
IDData             = 96B1_2021-11-30_00-30-00_000_526
IDDevice           = SAM_84C8
IDDataType         = SPECTRUM
IDDataTypeSub1     = CALIBRATED
IDDataTypeSub2     = 
IDDataTypeSub3     = 
DateTime           = 2021-11-30 00:30:00
PositionLatitude   = 0
PositionLongitude  = 0
Comment            = 
CommentSub1        = 
CommentSub2        = 
CommentSub3        = 
IDMethodType       = SAM Control
MethodName         = SAM_84C8
Mission            = No Mission
MissionSub         = 1
RecordType         = 0
[Attributes]
CalFactor = 1
IDBasisSpec = 
IDDataBack = DLAB_2015-08-21_12-14-03_013_778
IDDataCal = DLAB_2015-08-24_11-04-47_772_747
IntegrationTime = 4096
P31 = -1
P31e = 0
PathLength = +INF
PathLengthCustomOn = 0
RAWDynamic = 65535
Salinity = 0
Temperature = -NAN
Unit1 = $01 $01 Wavelength nm
Unit2 = $03 $03 Intensity mW/(m^2 nm Sr)
Unit3 = $f0 $03 Error mW/(m^2 nm Sr)
Unit4 = $f1 $00 Status 
p999 = 851
[END] of [Attributes]
[DATA]
 0 11 0 0
 303.516048156 0 0 0
 306.890006053 0 0 0
 310.26457112 0 0 0
 313.639731825 0 0 0
 317.015476636 -0.000298394875039733 0 0
 320.391794021 -0.000456514682667262 0 0
 323.768672448 -0.000183066013857536 0 0
 327.146100385 -6.34415868868025e-005 0 0
 330.5240663 -0.000180338853687195 0 0
 333.902558661 6.75431558143074e-005 0 0
 337.281565936 -0.000284207194835757 0 0
 340.661076593 -0.000225145221106082 0 0
 344.0410791 -6.79663250993608e-005 0 0
 347.421561925 -6.82422738937626e-005 0 0
 350.802513536 -0.000154931012395153 0 0
 354.183922401 -8.58818008444427e-005 0 0
 357.565776988 -0.000147243482500063 0 0
 360.948065765 -0.000203643902431794 0 0
 364.3307772 -8.11005746434972e-005 0 0
 367.713899761 -8.87343592068881e-005 0 0
 371.097421916 -2.81533790450413e-005 0 0
 374.481332133 -0.000156836188090177 0 0
 377.86561888 5.1175641650488e-006 0 0
 381.250270625 -0.000110144803159675 0 0
 384.635275836 -4.30474395476474e-005 0 0
 388.020622981 -1.58618693821815e-005 0 0
 391.406300528 -3.43567986258483e-005 0 0
 394.792296945 -0.000112428581616271 0 0
 398.1786007 -8.32258224828905e-005 0 0
 401.565200261 2.34646935040278e-006 0 0
 404.952084096 -5.37070565190222e-005 0 0
 408.339240673 -5.08627712999404e-005 0 0
 411.72665846 3.98732525981804e-005 0 0
 415.114325925 -5.03732633252029e-005 0 0
 418.502231536 3.6160814997416e-005 0 0
 421.890363761 4.02314703227157e-005 0 0
 425.278711068 -0.000121907276875175 0 0
 428.667261925 -6.22960478699839e-005 0 0
 432.0560048 6.2771194407629e-005 0 0
 435.444928161 2.88178663942318e-005 0 0
 438.834020476 -3.57458181677919e-005 0 0
 442.223270213 -3.21088394179576e-005 0 0
 445.61266584 1.60209619184791e-005 0 0
 449.002195825 -2.60838137413078e-005 0 0
 452.391848636 -1.50376551345219e-005 0 0
 455.781612741 -2.72358925560622e-005 0 0
 459.171476608 -6.5998536204102e-005 0 0
 462.561428705 -3.65983778590659e-005 0 0
 465.9514575 -7.14946256070895e-005 0 0
 469.341551461 -3.44405159722641e-005 0 0
 472.731699056 -4.87229038146847e-005 0 0
 476.121888753 -4.13013469870136e-005 0 0
 479.51210902 -3.44850023279006e-005 0 0
 482.902348325 0.000106036490287047 0 0
 486.292595136 7.90754671998131e-005 0 0
 489.682837921 4.07886038356564e-005 0 0
 493.073065148 -4.27675566121434e-005 0 0
 496.463265285 2.47118640989085e-005 0 0
 499.8534268 4.27329962976454e-005 0 0
 503.243538161 5.94066472404212e-005 0 0
 506.633587836 -6.30636810830552e-007 0 0
 510.023564293 -6.76503946272283e-005 0 0
 513.413456 -6.02349077490358e-006 0 0
 516.803251425 0.000105967371293759 0 0
 520.192939036 4.33006637288158e-005 0 0
 523.582507301 5.17869596302051e-005 0 0
 526.971944688 7.66714548764362e-006 0 0
 530.361239665 -6.93882794846242e-005 0 0
 533.7503807 -3.5866794567762e-005 0 0
 537.139356261 -2.33681209085627e-005 0 0
 540.528154816 -1.43006403101765e-005 0 0
 543.916764833 -3.26443015141873e-005 0 0
 547.30517478 5.23293042462582e-006 0 0
 550.693373125 -2.84932968069032e-005 0 0
 554.081348336 2.28229884547603e-005 0 0
 557.469088881 1.69098466680347e-005 0 0
 560.856583228 -8.74709224033384e-006 0 0
 564.243819845 5.02399501452152e-005 0 0
 567.6307872 8.89366476990455e-005 0 0
 571.017473761 7.136812828318e-005 0 0
 574.403867996 4.93664598921499e-006 0 0
 577.789958373 -2.77670075329431e-005 0 0
 581.17573336 -1.96907632372172e-005 0 0
 584.561181425 -8.06129291873972e-005 0 0
 587.946291036 6.26787380559012e-005 0 0
 591.331050661 4.87917675432749e-005 0 0
 594.715448768 -9.61974844286814e-006 0 0
 598.099473825 4.38614522729176e-005 0 0
 601.4831143 5.29319358485235e-005 0 0
 604.866358661 -6.72284314778035e-005 0 0
 608.249195376 4.75934811389169e-005 0 0
 611.631612913 5.54187545123579e-005 0 0
 615.01359974 8.66190721901532e-005 0 0
 618.395144325 6.90661541325264e-006 0 0
 621.776235136 4.47905025666803e-005 0 0
 625.156860641 -9.82380623000243e-005 0 0
 628.537009308 2.3318193014278e-005 0 0
 631.916669605 0.000147177862247041 0 0
 635.29583 3.29433719109754e-006 0 0
 638.674478961 -6.78913623880114e-005 0 0
 642.052604956 -6.65852939556898e-005 0 0
 645.430196453 6.39891663698508e-005 0 0
 648.80724192 2.25942672273175e-005 0 0
 652.183729825 3.16832343798955e-005 0 0
 655.559648636 -1.06719462742898e-006 0 0
 658.934986821 4.63774121928223e-005 0 0
 662.309732848 1.89695017185396e-005 0 0
 665.683875185 4.05628705727987e-005 0 0
 669.0574023 0.000143649462488412 0 0
 672.430302661 -6.91553123813083e-005 0 0
 675.802564736 -0.000173429544431265 0 0
 679.174176993 -8.2428452733215e-005 0 0
 682.5451279 -8.19820108258902e-005 0 0
 685.915405925 1.32291805947553e-005 0 0
 689.284999536 -3.44600295401924e-005 0 0
 692.653897201 -7.06500774528e-005 0 0
 696.022087388 0.000101747794382088 0 0
 699.389558565 7.84705714662854e-005 0 0
 702.7562992 -0.000138723129713877 0 0
 706.122297761 0.000125885652188298 0 0
 709.487542716 3.12580597219179e-005 0 0
 712.852022533 0.000125130269711379 0 0
 716.21572568 0.000113394588934992 0 0
 719.578640625 0.000234939969271433 0 0
 722.940755836 3.15175273921801e-005 0 0
 726.302059781 -0.000107954913494109 0 0
 729.662540928 -6.50093420317458e-005 0 0
 733.022187745 8.38030625530588e-005 0 0
 736.3809887 -1.56730333100218e-005 0 0
 739.738932261 7.17380484701032e-005 0 0
 743.096006896 9.11890273973276e-005 0 0
 746.452201073 -4.83766940122388e-005 0 0
 749.80750326 -0.00085644615255796 0 0
 753.161901925 -7.46190695062064e-005 0 0
 756.515385536 5.7173204064825e-005 0 0
 759.867942561 -3.30690972531695e-005 0 0
 763.219561468 -8.92116283267059e-005 0 0
 766.570230725 8.88787474594449e-005 0 0
 769.9199388 -7.86077055702903e-005 0 0
 773.268674161 7.86917848900322e-005 0 0
 776.616425276 5.60865283058873e-005 0 0
 779.963180613 -0.000134614319589847 0 0
 783.30892864 7.03793968251084e-005 0 0
 786.653657825 -0.000212491684255669 0 0
 789.997356636 9.27559687358507e-005 0 0
 793.340013541 0.00019244655494493 0 0
 796.681617008 0.000102194327082498 0 0
 800.022155505 -6.22274324542229e-005 0 0
 803.3616175 8.70740620453289e-005 0 0
 806.699991461 -7.99717550601618e-005 0 0
 810.037265856 -6.38987281991088e-005 0 0
 813.373429153 4.87295433016731e-005 0 0
 816.70846982 0.000168893699058238 0 0
 820.042376325 0.000157122580040958 0 0
 823.375137136 0.0001709772161009 0 0
 826.706740721 0.000137389191668709 0 0
 830.037175548 9.38269061064281e-005 0 0
 833.366430085 8.17300098098014e-005 0 0
 836.6944928 -8.49111469702913e-005 0 0
 840.021352161 -5.64436710056349e-005 0 0
 843.346996636 0.00012367559511104 0 0
 846.671414693 6.56184646055599e-006 0 0
 849.9945948 8.00392329209992e-005 0 0
 853.316525425 8.3538895687677e-005 0 0
 856.637195036 0.000283904576274211 0 0
 859.956592101 0.000187288101831201 0 0
 863.274705088 -0.000218947227465214 0 0
 866.591522465 -0.000264339753573091 0 0
 869.9070327 0.00038522602946911 0 0
 873.221224261 0.000137504858854531 0 0
 876.534085616 0.000314031670465337 0 0
 879.845605233 -0.000235127531949504 0 0
 883.15577158 0.00031473092959048 0 0
 886.464573125 0.000507524762697561 0 0
 889.771998336 -0.000377278581447095 0 0
 893.078035681 0.000148568995206968 0 0
 896.382673628 -9.89450200291447e-005 0 0
 899.685900645 0.000250213693215144 0 0
 902.9877052 0.000329322293171547 0 0
 906.288075761 -0.000619988500278657 0 0
 909.587000796 -0.000245512279093841 0 0
 912.884468773 4.45253916745196e-005 0 0
 916.18046816 -0.000385091514102191 0 0
 919.474987425 0.000304997553632281 0 0
 922.768015036 0.000380190566275829 0 0
 926.059539461 0.000595417100174883 0 0
 929.349549168 0.000111812025293221 0 0
 932.638032625 0.000454325621817879 0 0
 935.9249783 0.000245128918805528 0 0
 939.210374661 0.000577674673833086 0 0
 942.494210176 -0.000130453055449867 0 0
 945.776473313 -0.000686478114086685 0 0
 949.05715254 0.00146799013289169 0 0
 952.336236325 -0.000313986766463767 0 0
 955.613713136 0 0 0
 958.889571441 0 0 0
 962.163799708 0 0 0
 965.436386405 0 0 0
 968.70732 0 0 0
 971.976588961 0 0 0
 975.244181756 0 0 0
 978.510086853 0 0 0
 981.77429272 0 0 0
 985.036787825 0 0 0
 988.297560636 0 0 0
 991.556599621 0 0 0
 994.813893248 0 0 0
 998.069429985 0 0 0
 1001.3231983 0 0 0
 1004.575186661 0 0 0
 1007.825383536 0 0 0
 1011.073777393 0 0 0
 1014.3203567 0 0 0
 1017.565109925 0 0 0
 1020.808025536 0 0 0
 1024.049092001 0 0 0
 1027.288297788 0 0 0
 1030.525631365 0 0 0
 1033.7610812 0 0 0
 1036.994635761 0 0 0
 1040.226283516 0 0 0
 1043.456012933 0 0 0
 1046.68381248 0 0 0
 1049.909670625 0 0 0
 1053.133575836 0 0 0
 1056.355516581 0 0 0
 1059.575481328 0 0 0
 1062.793458545 0 0 0
 1066.0094367 0 0 0
 1069.223404261 0 0 0
 1072.435349696 0 0 0
 1075.645261473 0 0 0
 1078.85312806 0 0 0
 1082.058937925 0 0 0
 1085.262679536 0 0 0
 1088.464341361 0 0 0
 1091.663911868 0 0 0
 1094.861379525 0 0 0
 1098.0567328 0 0 0
 1101.249960161 0 0 0
 1104.441050076 0 0 0
 1107.629991013 0 0 0
 1110.81677144 0 0 0
 1114.001379825 0 0 0
 1117.183804636 0 0 0
 1120.364034341 0 0 0
 1123.542057408 0 0 0
 1126.717862305 0 0 0
 1129.8914375 0 0 0
 1133.062771461 0 0 0
 1136.231852656 0 0 0
 1139.398669553 0 0 0
 1142.56321062 0 0 0
 1145.725464325 0 0 0
 1148.885419136 0 0 0
[END] of [DATA]
[END] of [Spectrum]


#TBID:2021-11-30 01:00:00;SAM_84CE;RAW;

[Spectrum]
Version            = 1
IDData             = 96B1_2021-11-30_01-00-00_000_529
IDDevice           = SAM_84CE
IDDataType         = SPECTRUM
IDDataTypeSub1     = RAW
IDDataTypeSub2     = 
IDDataTypeSub3     = 
DateTime           = 2021-11-30 01:00:00
PositionLatitude   = 0
PositionLongitude  = 0
Comment            = 
CommentSub1        = 
CommentSub2        = 
CommentSub3        = 
IDMethodType       = SAM Control
MethodName         = SAM_84CE
Mission            = No Mission
MissionSub         = 1
RecordType         = 0
[Attributes]
CalFactor = 1
IDBasisSpec = 
IDDataBack = DLAB_2015-08-21_11-56-43_233_004
IDDataCal = DLAB_2015-08-26_10-05-37_585_478
IntegrationTime = 4096
P31 = -1
P31e = 0
PathLength = +INF
PathLengthCustomOn = 0
RAWDynamic = 65535
Salinity = 0
Temperature = -NAN
Unit1 = $05 $00 Pixel 
Unit2 = $03 $05 Intensity counts
Unit3 = $f0 $05 Error counts
Unit4 = $f1 $00 Status 
p999 = 852
[END] of [Attributes]
[DATA]
 0 11 0 0
 1 1192 0 0
 2 1179 0 0
 3 1185 0 0
 4 1196 0 0
 5 1192 0 0
 6 1186 0 0
 7 1187 0 0
 8 1186 0 0
 9 1193 0 0
 10 1191 0 0
 11 1190 0 0
 12 1194 0 0
 13 1194 0 0
 14 1186 0 0
 15 1191 0 0
 16 1194 0 0
 17 1187 0 0
 18 1193 0 0
 19 1185 0 0
 20 1195 0 0
 21 1193 0 0
 22 1196 0 0
 23 1198 0 0
 24 1194 0 0
 25 1198 0 0
 26 1196 0 0
 27 1194 0 0
 28 1189 0 0
 29 1194 0 0
 30 1193 0 0
 31 1194 0 0
 32 1192 0 0
 33 1195 0 0
 34 1190 0 0
 35 1194 0 0
 36 1196 0 0
 37 1192 0 0
 38 1196 0 0
 39 1194 0 0
 40 1193 0 0
 41 1194 0 0
 42 1196 0 0
 43 1199 0 0
 44 1191 0 0
 45 1192 0 0
 46 1198 0 0
 47 1199 0 0
 48 1195 0 0
 49 1196 0 0
 50 1195 0 0
 51 1192 0 0
 52 1190 0 0
 53 1192 0 0
 54 1200 0 0
 55 1194 0 0
 56 1192 0 0
 57 1197 0 0
 58 1197 0 0
 59 1197 0 0
 60 1194 0 0
 61 1195 0 0
 62 1198 0 0
 63 1196 0 0
 64 1200 0 0
 65 1192 0 0
 66 1198 0 0
 67 1199 0 0
 68 1199 0 0
 69 1192 0 0
 70 1186 0 0
 71 1194 0 0
 72 1200 0 0
 73 1200 0 0
 74 1195 0 0
 75 1196 0 0
 76 1200 0 0
 77 1196 0 0
 78 1191 0 0
 79 1198 0 0
 80 1203 0 0
 81 1201 0 0
 82 1201 0 0
 83 1198 0 0
 84 1193 0 0
 85 1200 0 0
 86 1194 0 0
 87 1198 0 0
 88 1198 0 0
 89 1197 0 0
 90 1206 0 0
 91 1196 0 0
 92 1197 0 0
 93 1199 0 0
 94 1200 0 0
 95 1200 0 0
 96 1194 0 0
 97 1198 0 0
 98 1204 0 0
 99 1199 0 0
 100 1202 0 0
 101 1197 0 0
 102 1198 0 0
 103 1204 0 0
 104 1202 0 0
 105 1202 0 0
 106 1198 0 0
 107 1198 0 0
 108 1200 0 0
 109 1203 0 0
 110 1199 0 0
 111 1201 0 0
 112 1197 0 0
 113 1198 0 0
 114 1201 0 0
 115 1196 0 0
 116 1199 0 0
 117 1199 0 0
 118 1198 0 0
 119 1196 0 0
 120 1193 0 0
 121 1201 0 0
 122 1201 0 0
 123 1197 0 0
 124 1202 0 0
 125 1200 0 0
 126 1203 0 0
 127 1191 0 0
 128 1198 0 0
 129 1200 0 0
 130 1200 0 0
 131 1201 0 0
 132 1195 0 0
 133 1203 0 0
 134 1199 0 0
 135 1200 0 0
 136 1196 0 0
 137 1203 0 0
 138 1198 0 0
 139 1201 0 0
 140 1199 0 0
 141 1198 0 0
 142 1196 0 0
 143 1200 0 0
 144 1195 0 0
 145 1200 0 0
 146 1199 0 0
 147 1198 0 0
 148 1200 0 0
 149 1197 0 0
 150 1196 0 0
 151 1193 0 0
 152 1195 0 0
 153 1197 0 0
 154 1200 0 0
 155 1194 0 0
 156 1197 0 0
 157 1206 0 0
 158 1188 0 0
 159 1198 0 0
 160 1204 0 0
 161 1201 0 0
 162 1197 0 0
 163 1194 0 0
 164 1192 0 0
 165 1197 0 0
 166 1197 0 0
 167 1195 0 0
 168 1199 0 0
 169 1198 0 0
 170 1198 0 0
 171 1201 0 0
 172 1192 0 0
 173 1192 0 0
 174 1194 0 0
 175 1202 0 0
 176 1198 0 0
 177 1196 0 0
 178 1200 0 0
 179 1200 0 0
 180 1199 0 0
 181 1196 0 0
 182 1201 0 0
 183 1195 0 0
 184 1198 0 0
 185 1193 0 0
 186 1194 0 0
 187 1200 0 0
 188 1192 0 0
 189 1193 0 0
 190 1200 0 0
 191 1197 0 0
 192 1199 0 0
 193 1196 0 0
 194 1194 0 0
 195 1196 0 0
 196 1192 0 0
 197 1196 0 0
 198 1201 0 0
 199 1196 0 0
 200 1202 0 0
 201 1200 0 0
 202 1191 0 0
 203 1193 0 0
 204 1194 0 0
 205 1203 0 0
 206 1197 0 0
 207 1192 0 0
 208 1190 0 0
 209 1197 0 0
 210 1199 0 0
 211 1196 0 0
 212 1191 0 0
 213 1195 0 0
 214 1201 0 0
 215 1200 0 0
 216 1199 0 0
 217 1197 0 0
 218 1197 0 0
 219 1192 0 0
 220 1191 0 0
 221 1190 0 0
 222 1194 0 0
 223 1193 0 0
 224 1196 0 0
 225 1197 0 0
 226 1193 0 0
 227 1197 0 0
 228 1188 0 0
 229 1198 0 0
 230 1194 0 0
 231 1196 0 0
 232 1190 0 0
 233 1194 0 0
 234 1196 0 0
 235 1195 0 0
 236 1195 0 0
 237 1199 0 0
 238 1193 0 0
 239 1195 0 0
 240 1196 0 0
 241 1195 0 0
 242 1195 0 0
 243 1194 0 0
 244 1196 0 0
 245 1195 0 0
 246 1193 0 0
 247 1200 0 0
 248 1192 0 0
 249 1196 0 0
 250 1194 0 0
 251 1195 0 0
 252 1193 0 0
 253 1193 0 0
 254 1197 0 0
 255 1251 0 0
[END] of [DATA]
[END] of [Spectrum]


#TBID:2021-11-30 01:00:00;SAM_84CE;CALIBRATED;

[Spectrum]
Version            = 1
IDData             = 96B1_2021-11-30_01-00-00_000_530
IDDevice           = SAM_84CE
IDDataType         = SPECTRUM
IDDataTypeSub1     = CALIBRATED
IDDataTypeSub2     = 
IDDataTypeSub3     = 
DateTime           = 2021-11-30 01:00:00
PositionLatitude   = 0
PositionLongitude  = 0
Comment            = 
CommentSub1        = 
CommentSub2        = 
CommentSub3        = 
IDMethodType       = SAM Control
MethodName         = SAM_84CE
Mission            = No Mission
MissionSub         = 1
RecordType         = 0
[Attributes]
CalFactor = 1
IDBasisSpec = 
IDDataBack = DLAB_2015-08-21_11-56-43_233_004
IDDataCal = DLAB_2015-08-26_10-05-37_585_478
IntegrationTime = 4096
P31 = -1
P31e = 0
PathLength = +INF
PathLengthCustomOn = 0
RAWDynamic = 65535
Salinity = 0
Temperature = -NAN
Unit1 = $01 $01 Wavelength nm
Unit2 = $03 $06 Intensity mW/(m^2 nm)
Unit3 = $f0 $06 Error mW/(m^2 nm)
Unit4 = $f1 $00 Status 
p999 = 852
[END] of [Attributes]
[DATA]
 0 11 0 0
 303.485180022 0 0 0
 306.85638880275 0 0 0
 310.228324544 0 0 0
 313.60097308125 0 0 0
 316.97432025 0.00300564846968522 0 0
 320.34835188575 0.00292857321153071 0 0
 323.723053824 0.00392168833869138 0 0
 327.09841190025 0.00274593844138192 0 0
 330.47441195 0.00255214618431194 0 0
 333.85103980875 0.0027467951449582 0 0
 337.228281312 0.0013807763829643 0 0
 340.60612229525 0.00246581718881117 0 0
 343.984548594 0.00235975104554066 0 0
 347.36354604375 -0.00125715371046034 0 0
 350.74310048 0.00194960723760364 0 0
 354.12319773825 0.00203176873560343 0 0
 357.503823654 0.00137421357659876 0 0
 360.88496406275 0.00156010374815266 0 0
 364.2666048 0.00118886301047406 0 0
 367.64873170125 0.00109438124925367 0 0
 371.031330602 0.00132544018705233 0 0
 374.41438733775 0.00238004722370954 0 0
 377.797887744 0.000200901512292656 0 0
 381.18181765625 0.00126727926136818 0 0
 384.56616291 0.00205550243108411 0 0
 387.95090934075 0.000676098093838303 0 0
 391.336042784 -4.32409938071756e-005 0 0
 394.72154907525 0.00136791422982793 0 0
 398.10741405 0.00182685113514259 0 0
 401.49362354375 0.00145041858422269 0 0
 404.880163392 8.10590202315606e-005 0 0
 408.26701943025 0.000364178423907365 0 0
 411.654177494 0.00138119062784387 0 0
 415.04162341875 0.000959213460644567 0 0
 418.42934304 0.00179107298819483 0 0
 421.81732219325 0.00075045065046557 0 0
 425.205546714 0.00146089526829865 0 0
 428.59400243775 0.000584920114270494 0 0
 431.9826752 0.000760371522770818 0 0
 435.37155083625 0.000545331591082854 0 0
 438.760615182 0.000839051362088138 0 0
 442.14985407275 0.000800237763646076 0 0
 445.539253344 0.00121574206747211 0 0
 448.92879883125 0.00103429307130687 0 0
 452.31847637 0.0012063842566034 0 0
 455.70827179575 0.000672334040830491 0 0
 459.098170944 0.000426346338755856 0 0
 462.48815965025 0.000750241444272179 0 0
 465.87822375 0.000927096785496953 0 0
 469.26834907875 0.000551905097278865 0 0
 472.658521472 0.00105360296308298 0 0
 476.04872676525 0.000841795704140062 0 0
 479.438950794 0.000230573600436704 0 0
 482.82917939375 0.000910926125133073 0 0
 486.2193984 0.00120243809495773 0 0
 489.60959364825 0.00101417300048366 0 0
 492.999750974 0.00162038585429849 0 0
 496.38985621275 0.000968698715013434 0 0
 499.7798952 0.00139233497171253 0 0
 503.16985377125 0.0015635853356588 0 0
 506.559717762 0.00105723062433334 0 0
 509.94947300775 0.000429692069401589 0 0
 513.339105344 0.00068105014911287 0 0
 516.72860060625 0.0013283049108739 0 0
 520.11794463 0.000717288809242226 0 0
 523.50712325075 0.000309711639713856 0 0
 526.896122304 0.00118909532962595 0 0
 530.28492762525 0.000928774613571813 0 0
 533.67352505 0.00107619093962859 0 0
 537.06190041375 0.00109663182864244 0 0
 540.450039552 0.00111689941380936 0 0
 543.83792830025 0.0012656149458677 0 0
 547.225552494 0.00103838220519408 0 0
 550.61289796875 0.000929502355108778 0 0
 553.99995056 0.000819280511418712 0 0
 557.38669610325 0.00037464605434625 0 0
 560.773120434 0.000999633846153069 0 0
 564.15920938775 0.00082247112208384 0 0
 567.5449488 0.000853997461595753 0 0
 570.93032450625 0.00127433703625057 0 0
 574.315322342 0.000960476535648525 0 0
 577.69992814275 0.00161667987208594 0 0
 581.084127744 0.00155763022630934 0 0
 584.46790698125 0.000835100315736579 0 0
 587.85125169 0.00163588164136261 0 0
 591.23414770575 0.000634348848215099 0 0
 594.616580864 0.00101514052233871 0 0
 597.99853700025 0.00137980447459987 0 0
 601.38000195 0.00122569236100911 0 0
 604.76096154875 0.00145030115219705 0 0
 608.141401632 0.000235098803178223 0 0
 611.52130803525 0.000632924989880096 0 0
 614.900666594 0.000163340670869819 0 0
 618.27946314375 0.00148076051316782 0 0
 621.65768352 0.00204286203775768 0 0
 625.03531355825 0.00113815073678096 0 0
 628.412339094 0.000691599823097277 0 0
 631.78874596275 0.00108309979884183 0 0
 635.16452 0.000525541520406648 0 0
 638.53964704125 0.00125487059875411 0 0
 641.914112922 0.00110904430690873 0 0
 645.28790347775 0.000736812858438536 0 0
 648.661004544 0.00159562152913354 0 0
 652.03340195625 0.00196525681040506 0 0
 655.40508155 0.00100257776679719 0 0
 658.77602916075 0.000783735167736896 0 0
 662.146230624 0.0014040117431544 0 0
 665.51567177525 0.0018498944676487 0 0
 668.88433845 0.000562029425201357 0 0
 672.25221648375 0.00150700178098762 0 0
 675.619291712 -2.45431042181212e-005 0 0
 678.98554997025 0.000518080511546456 0 0
 682.350977094 0.00161570512533343 0 0
 685.71555891875 0.00124514262780407 0 0
 689.07928128 0.000824109831436958 0 0
 692.44213001325 0.00208730974069406 0 0
 695.804090954 0.000500658791617087 0 0
 699.16514993775 0.000790701187120379 0 0
 702.5252928 0.000182454008235984 0 0
 705.88450537625 -0.000666907154466215 0 0
 709.242773502 0.00187800639524488 0 0
 712.60008301275 0.00105637372118935 0 0
 715.956419744 0.00109744451892937 0 0
 719.31176953125 0.00197668004471998 0 0
 722.66611821 0.00182606115173418 0 0
 726.01945161575 0.000764258326278493 0 0
 729.371755584 7.47017565856484e-005 0 0
 732.72301595025 0.000920305827055934 0 0
 736.07321855 0.00174312228109828 0 0
 739.42234921875 0.00251514231929525 0 0
 742.770393792 -2.43856133351999e-005 0 0
 746.11733810525 0.000751261305994765 0 0
 749.463167994 0.00249582230878654 0 0
 752.80786929375 0.00146008177052205 0 0
 756.15142784 0.00140608663850811 0 0
 759.49382946825 0.000816195999291212 0 0
 762.835060014 0.00107971498544823 0 0
 766.17510531275 0.00298939287288109 0 0
 769.5139512 0.000814748566529138 0 0
 772.85158351125 0.00267516733757672 0 0
 776.187988082 0.00110340938269764 0 0
 779.52315074775 0.00133833648099529 0 0
 782.857057344 0.00201309227169392 0 0
 786.18969370625 0.000354081846660927 0 0
 789.52104567 -0.00068915572458435 0 0
 792.85109907075 0.000227947955132507 0 0
 796.179839744 0.0033764329656399 0 0
 799.50725352525 0.00143038465837674 0 0
 802.83332625 0.00192167873970874 0 0
 806.15804375375 0.00198468834549495 0 0
 809.481391872 0.00134761084980238 0 0
 812.80335644025 0.00183169182438606 0 0
 816.123923294 0.000484248470789362 0 0
 819.44307826875 0.00261404161919911 0 0
 822.7608072 0.000422154470904374 0 0
 826.07709592325 0.00221092271002679 0 0
 829.391930274 0.00502037274479689 0 0
 832.70529608775 -0.000294711051921715 0 0
 836.0171792 0.00146038066718254 0 0
 839.32756544625 0.00408474428249794 0 0
 842.636440662 0.00167701919079759 0 0
 845.94379068275 0.000687819709249514 0 0
 849.249601344 -0.000507681145003018 0 0
 852.55385848125 -0.00218577622999874 0 0
 855.85654793 0.00278530429044007 0 0
 859.15765552575 0.00352694235819595 0 0
 862.457167104 0.000575070685838826 0 0
 865.75506850025 0.00410805731564272 0 0
 869.05134555 0.000434909165680685 0 0
 872.34598408875 -0.000273807835135428 0 0
 875.638969952 0.00122046685929178 0 0
 878.93028897525 -0.00392479533721371 0 0
 882.219926994 -0.00320600090167271 0 0
 885.50786984375 0.00238111542640974 0 0
 888.79410336 0.00525042995648284 0 0
 892.07861337825 0.00188311960334456 0 0
 895.361385734 -0.000387807208210559 0 0
 898.64240626275 0.000679831091528749 0 0
 901.9216608 0.00245703920998832 0 0
 905.19913518125 5.89149649189311e-005 0 0
 908.474815242 -0.00164663698564922 0 0
 911.74868681775 0.0061216294479132 0 0
 915.020735744 0.00891136469002969 0 0
 918.29094785625 0.0112341408178871 0 0
 921.55930899 -0.00403586360615121 0 0
 924.82580498075 -0.00750381369810366 0 0
 928.090421664 -0.00082610200863668 0 0
 931.35314487525 -0.00468938553226585 0 0
 934.61396045 -0.00383641120492913 0 0
 937.87285422375 0.0081791900514698 0 0
 941.129812032 -0.00364054704761878 0 0
 944.38481971025 0.00743160491577439 0 0
 947.637863094 0.000224277848967029 0 0
 950.88892801875 -0.000743511128082753 0 0
 954.13800032 0 0 0
 957.38506583325 0 0 0
 960.630110394 0 0 0
 963.87311983775 0 0 0
 967.11408 0 0 0
 970.35297671625 0 0 0
 973.589795822 0 0 0
 976.82452315275 0 0 0
 980.057144544 0 0 0
 983.28764583125 0 0 0
 986.51601285 0 0 0
 989.74223143575 0 0 0
 992.966287424 0 0 0
 996.18816665025 0 0 0
 999.40785495 0 0 0
 1002.62533815875 0 0 0
 1005.840602112 0 0 0
 1009.05363264525 0 0 0
 1012.264415594 0 0 0
 1015.47293679375 0 0 0
 1018.67918208 0 0 0
 1021.88313728825 0 0 0
 1025.084788254 0 0 0
 1028.28412081275 0 0 0
 1031.4811208 0 0 0
 1034.67577405125 0 0 0
 1037.868066402 0 0 0
 1041.05798368775 0 0 0
 1044.245511744 0 0 0
 1047.43063640625 0 0 0
 1050.61334351 0 0 0
 1053.79361889075 0 0 0
 1056.971448384 0 0 0
 1060.14681782525 0 0 0
 1063.31971305 0 0 0
 1066.49011989375 0 0 0
 1069.658024192 0 0 0
 1072.82341178025 0 0 0
 1075.986268494 0 0 0
 1079.14658016875 0 0 0
 1082.30433264 0 0 0
 1085.45951174325 0 0 0
 1088.612103314 0 0 0
 1091.76209318775 0 0 0
 1094.9094672 0 0 0
 1098.05421118625 0 0 0
 1101.196310982 0 0 0
 1104.33575242275 0 0 0
 1107.472521344 0 0 0
 1110.60660358125 0 0 0
 1113.73798497 0 0 0
 1116.86665134575 0 0 0
 1119.992588544 0 0 0
 1123.11578240025 0 0 0
 1126.23621875 0 0 0
 1129.35388342875 0 0 0
 1132.468762272 0 0 0
 1135.58084111525 0 0 0
 1138.690105794 0 0 0
 1141.79654214375 0 0 0
 1144.900136 0 0 0
[END] of [DATA]
[END] of [Spectrum]


#TBID:2021-11-30 01:00:00;SAM_84DC;RAW;

[Spectrum]
Version            = 1
IDData             = 96B1_2021-11-30_01-00-00_000_532
IDDevice           = SAM_84DC
IDDataType         = SPECTRUM
IDDataTypeSub1     = RAW
IDDataTypeSub2     = 
IDDataTypeSub3     = 
DateTime           = 2021-11-30 01:00:00
PositionLatitude   = 0
PositionLongitude  = 0
Comment            = 
CommentSub1        = 
CommentSub2        = 
CommentSub3        = 
IDMethodType       = SAM Control
MethodName         = SAM_84DC
Mission            = No Mission
MissionSub         = 1
RecordType         = 0
[Attributes]
CalFactor = 1
IDBasisSpec = 
IDDataBack = DLAB_2015-08-21_13-19-54_137_939
IDDataCal = DLAB_2015-08-24_10-46-55_592_608
IntegrationTime = 4096
P31 = -1
P31e = 0
PathLength = +INF
PathLengthCustomOn = 0
RAWDynamic = 65535
Salinity = 0
Temperature = -NAN
Unit1 = $05 $00 Pixel 
Unit2 = $03 $05 Intensity counts
Unit3 = $f0 $05 Error counts
Unit4 = $f1 $00 Status 
p999 = 852
[END] of [Attributes]
[DATA]
 0 11 0 0
 1 1272 0 0
 2 1254 0 0
 3 1274 0 0
 4 1278 0 0
 5 1271 0 0
 6 1268 0 0
 7 1270 0 0
 8 1273 0 0
 9 1275 0 0
 10 1270 0 0
 11 1273 0 0
 12 1268 0 0
 13 1270 0 0
 14 1273 0 0
 15 1271 0 0
 16 1272 0 0
 17 1278 0 0
 18 1276 0 0
 19 1273 0 0
 20 1272 0 0
 21 1275 0 0
 22 1275 0 0
 23 1279 0 0
 24 1276 0 0
 25 1273 0 0
 26 1276 0 0
 27 1281 0 0
 28 1275 0 0
 29 1273 0 0
 30 1271 0 0
 31 1278 0 0
 32 1276 0 0
 33 1275 0 0
 34 1276 0 0
 35 1273 0 0
 36 1281 0 0
 37 1282 0 0
 38 1280 0 0
 39 1273 0 0
 40 1283 0 0
 41 1273 0 0
 42 1282 0 0
 43 1278 0 0
 44 1278 0 0
 45 1275 0 0
 46 1282 0 0
 47 1282 0 0
 48 1277 0 0
 49 1280 0 0
 50 1275 0 0
 51 1276 0 0
 52 1280 0 0
 53 1276 0 0
 54 1276 0 0
 55 1276 0 0
 56 1281 0 0
 57 1283 0 0
 58 1278 0 0
 59 1285 0 0
 60 1276 0 0
 61 1282 0 0
 62 1277 0 0
 63 1280 0 0
 64 1280 0 0
 65 1273 0 0
 66 1275 0 0
 67 1284 0 0
 68 1282 0 0
 69 1283 0 0
 70 1282 0 0
 71 1283 0 0
 72 1279 0 0
 73 1282 0 0
 74 1283 0 0
 75 1278 0 0
 76 1284 0 0
 77 1280 0 0
 78 1278 0 0
 79 1285 0 0
 80 1276 0 0
 81 1287 0 0
 82 1278 0 0
 83 1284 0 0
 84 1276 0 0
 85 1284 0 0
 86 1281 0 0
 87 1288 0 0
 88 1278 0 0
 89 1282 0 0
 90 1278 0 0
 91 1283 0 0
 92 1275 0 0
 93 1280 0 0
 94 1279 0 0
 95 1282 0 0
 96 1282 0 0
 97 1280 0 0
 98 1279 0 0
 99 1280 0 0
 100 1283 0 0
 101 1283 0 0
 102 1278 0 0
 103 1283 0 0
 104 1281 0 0
 105 1288 0 0
 106 1280 0 0
 107 1287 0 0
 108 1279 0 0
 109 1286 0 0
 110 1276 0 0
 111 1285 0 0
 112 1282 0 0
 113 1282 0 0
 114 1280 0 0
 115 1284 0 0
 116 1288 0 0
 117 1282 0 0
 118 1283 0 0
 119 1288 0 0
 120 1282 0 0
 121 1283 0 0
 122 1280 0 0
 123 1290 0 0
 124 1282 0 0
 125 1278 0 0
 126 1282 0 0
 127 1285 0 0
 128 1284 0 0
 129 1280 0 0
 130 1282 0 0
 131 1280 0 0
 132 1291 0 0
 133 1280 0 0
 134 1283 0 0
 135 1284 0 0
 136 1278 0 0
 137 1287 0 0
 138 1284 0 0
 139 1283 0 0
 140 1281 0 0
 141 1288 0 0
 142 1278 0 0
 143 1286 0 0
 144 1285 0 0
 145 1280 0 0
 146 1276 0 0
 147 1286 0 0
 148 1281 0 0
 149 1284 0 0
 150 1279 0 0
 151 1287 0 0
 152 1282 0 0
 153 1285 0 0
 154 1284 0 0
 155 1282 0 0
 156 1278 0 0
 157 1285 0 0
 158 1278 0 0
 159 1284 0 0
 160 1279 0 0
 161 1284 0 0
 162 1284 0 0
 163 1286 0 0
 164 1280 0 0
 165 1280 0 0
 166 1288 0 0
 167 1281 0 0
 168 1286 0 0
 169 1287 0 0
 170 1282 0 0
 171 1290 0 0
 172 1277 0 0
 173 1291 0 0
 174 1285 0 0
 175 1282 0 0
 176 1286 0 0
 177 1287 0 0
 178 1283 0 0
 179 1282 0 0
 180 1281 0 0
 181 1278 0 0
 182 1292 0 0
 183 1288 0 0
 184 1282 0 0
 185 1278 0 0
 186 1287 0 0
 187 1283 0 0
 188 1287 0 0
 189 1281 0 0
 190 1284 0 0
 191 1284 0 0
 192 1290 0 0
 193 1288 0 0
 194 1285 0 0
 195 1283 0 0
 196 1286 0 0
 197 1281 0 0
 198 1283 0 0
 199 1287 0 0
 200 1281 0 0
 201 1285 0 0
 202 1284 0 0
 203 1283 0 0
 204 1284 0 0
 205 1285 0 0
 206 1285 0 0
 207 1290 0 0
 208 1282 0 0
 209 1284 0 0
 210 1280 0 0
 211 1281 0 0
 212 1282 0 0
 213 1286 0 0
 214 1285 0 0
 215 1288 0 0
 216 1286 0 0
 217 1286 0 0
 218 1286 0 0
 219 1285 0 0
 220 1283 0 0
 221 1285 0 0
 222 1285 0 0
 223 1292 0 0
 224 1290 0 0
 225 1286 0 0
 226 1286 0 0
 227 1293 0 0
 228 1285 0 0
 229 1289 0 0
 230 1285 0 0
 231 1287 0 0
 232 1288 0 0
 233 1288 0 0
 234 1289 0 0
 235 1286 0 0
 236 1282 0 0
 237 1288 0 0
 238 1289 0 0
 239 1286 0 0
 240 1286 0 0
 241 1287 0 0
 242 1289 0 0
 243 1292 0 0
 244 1288 0 0
 245 1282 0 0
 246 1290 0 0
 247 1291 0 0
 248 1294 0 0
 249 1287 0 0
 250 1282 0 0
 251 1287 0 0
 252 1290 0 0
 253 1294 0 0
 254 1293 0 0
 255 1350 0 0
[END] of [DATA]
[END] of [Spectrum]


#TBID:2021-11-30 01:00:00;SAM_84DC;CALIBRATED;

[Spectrum]
Version            = 1
IDData             = 96B1_2021-11-30_01-00-00_000_533
IDDevice           = SAM_84DC
IDDataType         = SPECTRUM
IDDataTypeSub1     = CALIBRATED
IDDataTypeSub2     = 
IDDataTypeSub3     = 
DateTime           = 2021-11-30 01:00:00
PositionLatitude   = 0
PositionLongitude  = 0
Comment            = 
CommentSub1        = 
CommentSub2        = 
CommentSub3        = 
IDMethodType       = SAM Control
MethodName         = SAM_84DC
Mission            = No Mission
MissionSub         = 1
RecordType         = 0
[Attributes]
CalFactor = 1
IDBasisSpec = 
IDDataBack = DLAB_2015-08-21_13-19-54_137_939
IDDataCal = DLAB_2015-08-24_10-46-55_592_608
IntegrationTime = 4096
P31 = -1
P31e = 0
PathLength = +INF
PathLengthCustomOn = 0
RAWDynamic = 65535
Salinity = 0
Temperature = -NAN
Unit1 = $01 $01 Wavelength nm
Unit2 = $03 $03 Intensity mW/(m^2 nm Sr)
Unit3 = $f0 $03 Error mW/(m^2 nm Sr)
Unit4 = $f1 $00 Status 
p999 = 852
[END] of [Attributes]
[DATA]
 0 11 0 0
 305.71650776488 0 0 0
 309.04007505697 0 0 0
 312.36416914304 0 0 0
 315.68877841375 0 0 0
 319.01389125976 -0.000216979857282228 0 0
 322.33949607173 -6.82925711691731e-005 0 0
 325.66558124032 -0.000408235891553081 0 0
 328.99213515619 -0.000192459178271182 0 0
 332.31914621 -0.000247456259628681 0 0
 335.64660279241 -0.00028772407683735 0 0
 338.97449329408 -0.000249598627970859 0 0
 342.30280610567 -0.000194368300063692 0 0
 345.63152961784 -0.000145876484793554 0 0
 348.96065222125 -0.0002822496377736 0 0
 352.29016230656 -2.66846783231498e-005 0 0
 355.62004826443 -0.000165366649403176 0 0
 358.95029848552 -0.000145484524949478 0 0
 362.28090136049 -3.63786901177629e-005 0 0
 365.61184528 -0.000128613268534092 0 0
 368.94311863471 -0.000102416119436419 0 0
 372.27470981528 6.04206895176719e-006 0 0
 375.60660721237 -0.000162611191950367 0 0
 378.93879921664 -7.64901145285827e-005 0 0
 382.27127421875 -0.00011634665081429 0 0
 385.60402060936 -3.84114674334988e-005 0 0
 388.93702677913 -0.000109066284236774 0 0
 392.27028111872 -1.45247779139966e-005 0 0
 395.60377201879 1.09289813574403e-006 0 0
 398.93748787 -2.67559840048384e-005 0 0
 402.27141706301 -3.66824190075623e-005 0 0
 405.60554798848 -8.09143070673098e-005 0 0
 408.93986903707 -7.11267976084003e-005 0 0
 412.27436859944 -1.46739845057907e-005 0 0
 415.60903506625 -8.39396159064604e-005 0 0
 418.94385682816 -4.1139034043071e-005 0 0
 422.27882227583 -7.06392645986743e-005 0 0
 425.61391979992 -3.21291638436051e-005 0 0
 428.94913779109 -1.72514290680945e-005 0 0
 432.28446464 -4.96497949732166e-005 0 0
 435.61988873731 -7.32451410625853e-005 0 0
 438.95539847368 -0.000104182327215933 0 0
 442.29098223977 1.82685837845308e-006 0 0
 445.62662842624 -6.5452938649942e-005 0 0
 448.96232542375 -8.94185587089137e-005 0 0
 452.29806162296 -0.000111160496381684 0 0
 455.63382541453 -8.4069084490715e-005 0 0
 458.96960518912 -0.00010624047879458 0 0
 462.30538933739 -6.71649997799238e-005 0 0
 465.64116625 -4.08932138252565e-005 0 0
 468.97692431761 -8.01505380407776e-005 0 0
 472.31265193088 -9.43224260358256e-005 0 0
 475.64833748047 -5.6820387443304e-005 0 0
 478.98396935704 -7.20315330383157e-005 0 0
 482.31953595125 -7.52153977035322e-005 0 0
 485.65502565376 -0.000130927043795731 0 0
 488.99042685523 -4.01649223254577e-005 0 0
 492.32572794632 -6.76151456569252e-005 0 0
 495.66091731769 -0.000127027536000215 0 0
 498.99598336 -0.000121081873902183 0 0
 502.33091446391 -0.000146518275769776 0 0
 505.66569902008 -0.000104469923974553 0 0
 509.00032541917 -7.20175724706472e-005 0 0
 512.33478205184 -7.66994083469104e-005 0 0
 515.66905730875 -8.93441685171185e-005 0 0
 519.00313958056 -0.000125394981083024 0 0
 522.33701725793 -1.22391395042933e-005 0 0
 525.67067873152 -3.96035188173391e-005 0 0
 529.00411239199 -7.62538265820316e-005 0 0
 532.33730663 -1.52599485038422e-005 0 0
 535.67024983621 -7.62299548466984e-005 0 0
 539.00293040128 -9.86702285904404e-005 0 0
 542.33533671587 -6.51116866311291e-005 0 0
 545.66745717064 -8.11080548417432e-005 0 0
 548.99928015625 -8.58942347569071e-005 0 0
 552.33079406336 -5.74968058145977e-005 0 0
 555.66198728263 -5.64451220112556e-005 0 0
 558.99284820472 -8.96864914084665e-005 0 0
 562.32336522029 -3.76867716101459e-005 0 0
 565.65352672 -7.23160421576042e-005 0 0
 568.98332109451 -9.9647015750699e-005 0 0
 572.31273673448 -5.96521613451834e-005 0 0
 575.64176203057 -7.9779574509959e-005 0 0
 578.97038537344 -5.16415542841314e-005 0 0
 582.29859515375 -5.90450380556623e-005 0 0
 585.62637976216 -0.000136822076534903 0 0
 588.95372758933 -0.000104202988334863 0 0
 592.28062702592 -2.952002929225e-005 0 0
 595.60706646259 -0.00010010020689197 0 0
 598.93303429 -0.000140044810370431 0 0
 602.25851889881 -5.87262957923247e-005 0 0
 605.58350867968 -8.21914636007278e-005 0 0
 608.90799202327 -0.000196673903124218 0 0
 612.23195732024 -0.000115073894736324 0 0
 615.55539296125 -0.000189089480425242 0 0
 618.87828733696 -0.000133243889196581 0 0
 622.20062883803 -4.71309355740505e-005 0 0
 625.52240585512 -0.000204723354511035 0 0
 628.84360677889 -0.000100252051403539 0 0
 632.16422 -0.00013531147204842 0 0
 635.48423390911 -0.000114854709096771 0 0
 638.80363689688 -4.70847539631065e-005 0 0
 642.12241735397 -0.000198852875086163 0 0
 645.44056367104 -8.06283060534742e-005 0 0
 648.75806423875 -0.000116276248431507 0 0
 652.07490744776 -5.37727380370606e-005 0 0
 655.39108168873 -0.000174431447025325 0 0
 658.70657535232 -0.000179116674572034 0 0
 662.02137682919 -0.00020409827034714 0 0
 665.33547451 -8.72380488988061e-005 0 0
 668.64885678541 -0.000212689130345294 0 0
 671.96151204608 -0.000100853612063789 0 0
 675.27342868267 -0.000136912143227021 0 0
 678.58459508584 -1.11994641563602e-005 0 0
 681.89499964625 -0.000196538518788172 0 0
 685.20463075456 -0.000168660610924809 0 0
 688.51347680143 2.13084958268651e-005 0 0
 691.82152617752 -9.1435962813169e-005 0 0
 695.12876727349 -2.55171023660507e-005 0 0
 698.43518848 2.03003642430124e-005 0 0
 701.74077818771 6.8384240562812e-005 0 0
 705.04552478728 -0.000243377513888198 0 0
 708.34941666937 -9.38367243529497e-005 0 0
 711.65244222464 -1.65679052888008e-005 0 0
 714.95458984375 -0.000184101978652946 0 0
 718.25584791736 -0.000138936938085264 0 0
 721.55620483613 -0.000181969062442183 0 0
 724.85564899072 -9.38956417762758e-005 0 0
 728.15416877179 -4.65317824648543e-005 0 0
 731.45175257 -0.000116873948128832 0 0
 734.74838877601 -0.000227522108299592 0 0
 738.04406578048 -0.000126016935005656 0 0
 741.33877197407 3.4441531886303e-005 0 0
 744.63249574744 -0.000168156053158364 0 0
 747.92522549125 -6.2636581180395e-005 0 0
 751.21694959616 -0.000122294204132148 0 0
 754.50765645283 -9.64947143605946e-005 0 0
 757.79733445192 -3.13827925366364e-005 0 0
 761.08597198409 1.8184588756775e-005 0 0
 764.37355744 -8.36875561162694e-005 0 0
 767.66007921031 -6.52259144299529e-005 0 0
 770.94552568568 -5.53090103353923e-005 0 0
 774.22988525677 -0.000133824530264479 0 0
 777.51314631424 -5.29439352182911e-005 0 0
 780.79529724875 -2.66444015914872e-005 0 0
 784.07632645096 -4.32124111477211e-005 0 0
 787.35622231153 -0.000209453010260923 0 0
 790.63497322112 3.43678656264663e-005 0 0
 793.91256757039 -0.000233143063575085 0 0
 797.18899375 -9.82177554218088e-005 0 0
 800.46424015061 -0.000112723647705814 0 0
 803.73829516288 -4.1083275632956e-005 0 0
 807.01114717747 -0.000151904083875015 0 0
 810.28278458504 -0.000189593267721167 0 0
 813.55319577625 -0.000154027453283366 0 0
 816.82236914176 -0.000179772412882784 0 0
 820.09029307223 -0.000167711979257944 0 0
 823.35695595832 -0.000231635799199426 0 0
 826.62234619069 -0.000319094267668639 0 0
 829.88645216 -0.000212111794705465 0 0
 833.14926225691 -0.000427175283701506 0 0
 836.41076487208 9.62228820770391e-005 0 0
 839.67094839617 0.000281184227849365 0 0
 842.92980121984 0.000176076243774187 0 0
 846.18731173375 -0.000251047235312641 0 0
 849.44346832856 -0.000393123662261388 0 0
 852.69825939493 -0.000240756961971716 0 0
 855.95167332352 -0.000535091453156879 0 0
 859.20369850499 -9.52727486105967e-005 0 0
 862.45432333 -5.52211584941105e-005 0 0
 865.70353618921 -0.000354038829267348 0 0
 868.95132547328 -0.000145262779102563 0 0
 872.19767957287 -0.000131535091283615 0 0
 875.44258687864 0.000122502343767786 0 0
 878.68603578125 -0.000171735930304247 0 0
 881.92801467136 -0.000169544797220873 0 0
 885.16851193963 -0.00013172840545507 0 0
 888.40751597672 0.00030884846830386 0 0
 891.64501517329 -0.000362912866339862 0 0
 894.88099792 0.000109070856031408 0 0
 898.11545260751 -0.00013030928725442 0 0
 901.34836762648 -0.000404773509364584 0 0
 904.57973136757 0.000766126696621245 0 0
 907.80953222144 0.000248498423858253 0 0
 911.03775857875 -0.000276994547383586 0 0
 914.26439883016 -0.000934066515349335 0 0
 917.48944136633 2.36821570261874e-005 0 0
 920.71287457792 -0.000508110538161652 0 0
 923.93468685559 0.000875611096884866 0 0
 927.15486659 0.000130654686444408 0 0
 930.37340217181 0.000291146401296495 0 0
 933.59028199168 -0.000131718020394484 0 0
 936.80549444027 -0.000680203972811111 0 0
 940.01902790824 8.30350781430717e-005 0 0
 943.23087078625 6.19929239417419e-005 0 0
 946.44101146496 0.000434675263003166 0 0
 949.64943833503 -0.00098451607073345 0 0
 952.85613978712 -0.00124754526307978 0 0
 956.06110421189 0 0 0
 959.26432 0 0 0
 962.46577554211 0 0 0
 965.66545922888 0 0 0
 968.86335945097 0 0 0
 972.05946459904 0 0 0
 975.25376306375 0 0 0
 978.44624323576 0 0 0
 981.63689350573 0 0 0
 984.82570226432 0 0 0
 988.01265790219 0 0 0
 991.19774881 0 0 0
 994.38096337841 0 0 0
 997.56228999808 0 0 0
 1000.74171705967 0 0 0
 1003.91923295384 0 0 0
 1007.09482607125 0 0 0
 1010.26848480256 0 0 0
 1013.44019753843 0 0 0
 1016.60995266952 0 0 0
 1019.77773858649 0 0 0
 1022.94354368 0 0 0
 1026.10735634071 0 0 0
 1029.26916495928 0 0 0
 1032.42895792637 0 0 0
 1035.58672363264 0 0 0
 1038.74245046875 0 0 0
 1041.89612682536 0 0 0
 1045.04774109313 0 0 0
 1048.19728166272 0 0 0
 1051.34473692479 0 0 0
 1054.49009527 0 0 0
 1057.63334508901 0 0 0
 1060.77447477248 0 0 0
 1063.91347271107 0 0 0
 1067.05032729544 0 0 0
 1070.18502691625 0 0 0
 1073.31755996416 0 0 0
 1076.44791482983 0 0 0
 1079.57607990392 0 0 0
 1082.70204357709 0 0 0
 1085.82579424 0 0 0
 1088.94732028331 0 0 0
 1092.06661009768 0 0 0
 1095.18365207377 0 0 0
 1098.29843460224 0 0 0
 1101.41094607375 0 0 0
 1104.52117487896 0 0 0
 1107.62910940853 0 0 0
 1110.73473805312 0 0 0
 1113.83804920339 0 0 0
 1116.93903125 0 0 0
 1120.03767258361 0 0 0
 1123.13396159488 0 0 0
 1126.22788667447 0 0 0
 1129.31943621304 0 0 0
 1132.40859860125 0 0 0
 1135.49536222976 0 0 0
[END] of [DATA]
[END] of [Spectrum]


#TBID:2021-11-30 01:00:00;SAM_84C8;RAW;

[Spectrum]
Version            = 1
IDData             = 96B1_2021-11-30_01-00-00_000_535
IDDevice           = SAM_84C8
IDDataType         = SPECTRUM
IDDataTypeSub1     = RAW
IDDataTypeSub2     = 
IDDataTypeSub3     = 
DateTime           = 2021-11-30 01:00:00
PositionLatitude   = 0
PositionLongitude  = 0
Comment            = 
CommentSub1        = 
CommentSub2        = 
CommentSub3        = 
IDMethodType       = SAM Control
MethodName         = SAM_84C8
Mission            = No Mission
MissionSub         = 1
RecordType         = 0
[Attributes]
CalFactor = 1
IDBasisSpec = 
IDDataBack = DLAB_2015-08-21_12-14-03_013_778
IDDataCal = DLAB_2015-08-24_11-04-47_772_747
IntegrationTime = 4096
P31 = -1
P31e = 0
PathLength = +INF
PathLengthCustomOn = 0
RAWDynamic = 65535
Salinity = 0
Temperature = -NAN
Unit1 = $05 $00 Pixel 
Unit2 = $03 $05 Intensity counts
Unit3 = $f0 $05 Error counts
Unit4 = $f1 $00 Status 
p999 = 852
[END] of [Attributes]
[DATA]
 0 11 0 0
 1 1176 0 0
 2 1166 0 0
 3 1168 0 0
 4 1172 0 0
 5 1168 0 0
 6 1173 0 0
 7 1171 0 0
 8 1175 0 0
 9 1177 0 0
 10 1169 0 0
 11 1175 0 0
 12 1176 0 0
 13 1176 0 0
 14 1171 0 0
 15 1177 0 0
 16 1179 0 0
 17 1176 0 0
 18 1177 0 0
 19 1171 0 0
 20 1176 0 0
 21 1169 0 0
 22 1180 0 0
 23 1173 0 0
 24 1172 0 0
 25 1173 0 0
 26 1178 0 0
 27 1175 0 0
 28 1180 0 0
 29 1175 0 0
 30 1178 0 0
 31 1178 0 0
 32 1178 0 0
 33 1176 0 0
 34 1173 0 0
 35 1178 0 0
 36 1180 0 0
 37 1182 0 0
 38 1177 0 0
 39 1179 0 0
 40 1177 0 0
 41 1177 0 0
 42 1174 0 0
 43 1180 0 0
 44 1179 0 0
 45 1180 0 0
 46 1180 0 0
 47 1180 0 0
 48 1181 0 0
 49 1180 0 0
 50 1172 0 0
 51 1181 0 0
 52 1176 0 0
 53 1178 0 0
 54 1174 0 0
 55 1184 0 0
 56 1183 0 0
 57 1180 0 0
 58 1182 0 0
 59 1181 0 0
 60 1179 0 0
 61 1187 0 0
 62 1186 0 0
 63 1179 0 0
 64 1180 0 0
 65 1181 0 0
 66 1182 0 0
 67 1181 0 0
 68 1184 0 0
 69 1183 0 0
 70 1181 0 0
 71 1183 0 0
 72 1185 0 0
 73 1178 0 0
 74 1184 0 0
 75 1185 0 0
 76 1182 0 0
 77 1181 0 0
 78 1180 0 0
 79 1190 0 0
 80 1187 0 0
 81 1185 0 0
 82 1184 0 0
 83 1184 0 0
 84 1184 0 0
 85 1183 0 0
 86 1184 0 0
 87 1183 0 0
 88 1186 0 0
 89 1185 0 0
 90 1186 0 0
 91 1188 0 0
 92 1186 0 0
 93 1180 0 0
 94 1193 0 0
 95 1187 0 0
 96 1184 0 0
 97 1183 0 0
 98 1185 0 0
 99 1185 0 0
 100 1188 0 0
 101 1193 0 0
 102 1186 0 0
 103 1184 0 0
 104 1186 0 0
 105 1187 0 0
 106 1185 0 0
 107 1183 0 0
 108 1186 0 0
 109 1186 0 0
 110 1188 0 0
 111 1192 0 0
 112 1181 0 0
 113 1188 0 0
 114 1185 0 0
 115 1185 0 0
 116 1191 0 0
 117 1188 0 0
 118 1183 0 0
 119 1187 0 0
 120 1179 0 0
 121 1184 0 0
 122 1184 0 0
 123 1184 0 0
 124 1180 0 0
 125 1192 0 0
 126 1187 0 0
 127 1184 0 0
 128 1184 0 0
 129 1185 0 0
 130 1185 0 0
 131 1191 0 0
 132 1190 0 0
 133 1214 0 0
 134 1188 0 0
 135 1186 0 0
 136 1185 0 0
 137 1192 0 0
 138 1182 0 0
 139 1188 0 0
 140 1184 0 0
 141 1183 0 0
 142 1184 0 0
 143 1184 0 0
 144 1185 0 0
 145 1185 0 0
 146 1189 0 0
 147 1184 0 0
 148 1186 0 0
 149 1187 0 0
 150 1182 0 0
 151 1187 0 0
 152 1198 0 0
 153 1186 0 0
 154 1184 0 0
 155 1185 0 0
 156 1191 0 0
 157 1184 0 0
 158 1184 0 0
 159 1179 0 0
 160 1180 0 0
 161 1188 0 0
 162 1188 0 0
 163 1187 0 0
 164 1179 0 0
 165 1191 0 0
 166 1188 0 0
 167 1185 0 0
 168 1188 0 0
 169 1185 0 0
 170 1187 0 0
 171 1186 0 0
 172 1187 0 0
 173 1184 0 0
 174 1190 0 0
 175 1191 0 0
 176 1187 0 0
 177 1188 0 0
 178 1186 0 0
 179 1184 0 0
 180 1183 0 0
 181 1187 0 0
 182 1192 0 0
 183 1182 0 0
 184 1184 0 0
 185 1183 0 0
 186 1187 0 0
 187 1187 0 0
 188 1188 0 0
 189 1186 0 0
 190 1184 0 0
 191 1183 0 0
 192 1182 0 0
 193 1186 0 0
 194 1186 0 0
 195 1184 0 0
 196 1185 0 0
 197 1184 0 0
 198 1185 0 0
 199 1184 0 0
 200 1187 0 0
 201 1189 0 0
 202 1184 0 0
 203 1182 0 0
 204 1186 0 0
 205 1185 0 0
 206 1184 0 0
 207 1188 0 0
 208 1186 0 0
 209 1182 0 0
 210 1181 0 0
 211 1188 0 0
 212 1182 0 0
 213 1185 0 0
 214 1186 0 0
 215 1185 0 0
 216 1187 0 0
 217 1190 0 0
 218 1183 0 0
 219 1186 0 0
 220 1181 0 0
 221 1192 0 0
 222 1186 0 0
 223 1181 0 0
 224 1188 0 0
 225 1189 0 0
 226 1188 0 0
 227 1186 0 0
 228 1184 0 0
 229 1186 0 0
 230 1185 0 0
 231 1188 0 0
 232 1183 0 0
 233 1188 0 0
 234 1182 0 0
 235 1187 0 0
 236 1187 0 0
 237 1184 0 0
 238 1180 0 0
 239 1184 0 0
 240 1185 0 0
 241 1189 0 0
 242 1184 0 0
 243 1185 0 0
 244 1193 0 0
 245 1185 0 0
 246 1185 0 0
 247 1186 0 0
 248 1186 0 0
 249 1191 0 0
 250 1186 0 0
 251 1181 0 0
 252 1185 0 0
 253 1188 0 0
 254 1188 0 0
 255 1239 0 0
[END] of [DATA]
[END] of [Spectrum]


#TBID:2021-11-30 01:00:00;SAM_84C8;CALIBRATED;

[Spectrum]
Version            = 1
IDData             = 96B1_2021-11-30_01-00-00_000_536
IDDevice           = SAM_84C8
IDDataType         = SPECTRUM
IDDataTypeSub1     = CALIBRATED
IDDataTypeSub2     = 
IDDataTypeSub3     = 
DateTime           = 2021-11-30 01:00:00
PositionLatitude   = 0
PositionLongitude  = 0
Comment            = 
CommentSub1        = 
CommentSub2        = 
CommentSub3        = 
IDMethodType       = SAM Control
MethodName         = SAM_84C8
Mission            = No Mission
MissionSub         = 1
RecordType         = 0
[Attributes]
CalFactor = 1
IDBasisSpec = 
IDDataBack = DLAB_2015-08-21_12-14-03_013_778
IDDataCal = DLAB_2015-08-24_11-04-47_772_747
IntegrationTime = 4096
P31 = -1
P31e = 0
PathLength = +INF
PathLengthCustomOn = 0
RAWDynamic = 65535
Salinity = 0
Temperature = -NAN
Unit1 = $01 $01 Wavelength nm
Unit2 = $03 $03 Intensity mW/(m^2 nm Sr)
Unit3 = $f0 $03 Error mW/(m^2 nm Sr)
Unit4 = $f1 $00 Status 
p999 = 852
[END] of [Attributes]
[DATA]
 0 11 0 0
 303.516048156 0 0 0
 306.890006053 0 0 0
 310.26457112 0 0 0
 313.639731825 0 0 0
 317.015476636 -0.000506274910486784 0 0
 320.391794021 -0.000356626493136968 0 0
 323.768672448 -0.000242556756458647 0 0
 327.146100385 -1.16743113499853e-005 0 0
 330.5240663 7.23030036575404e-006 0 0
 333.902558661 -4.92495038353137e-005 0 0
 337.281565936 -0.000144190080165875 0 0
 340.661076593 -0.000212171325705284 0 0
 344.0410791 2.55246478267052e-005 0 0
 347.421561925 -0.000107072803111862 0 0
 350.802513536 -3.04420273078985e-005 0 0
 354.183922401 8.42564435688469e-006 0 0
 357.565776988 -9.89748155069337e-005 0 0
 360.948065765 -4.52820058600857e-005 0 0
 364.3307772 -0.000164455949660826 0 0
 367.713899761 -7.59429770609075e-006 0 0
 371.097421916 -0.000186690450923724 0 0
 374.481332133 -1.50965070377482e-005 0 0
 377.86561888 -0.000162456681032387 0 0
 381.250270625 -0.000221783315932118 0 0
 384.635275836 -0.000136496107230262 0 0
 388.020622981 0.00011728584787251 0 0
 391.406300528 -4.57859656347078e-005 0 0
 394.792296945 -2.20178645660861e-005 0 0
 398.1786007 -7.4397877220087e-005 0 0
 401.565200261 -8.52665020776509e-005 0 0
 404.952084096 -2.70277623692286e-005 0 0
 408.339240673 -2.5512089755899e-005 0 0
 411.72665846 1.39996830314481e-005 0 0
 415.114325925 -4.33987632842989e-005 0 0
 418.502231536 5.74772029504538e-005 0 0
 421.890363761 4.7101037119616e-006 0 0
 425.278711068 -0.000116074172797742 0 0
 428.667261925 -4.43102739753741e-005 0 0
 432.0560048 6.80646450742612e-005 0 0
 435.444928161 1.09360025746222e-005 0 0
 438.834020476 -3.076559526719e-005 0 0
 442.223270213 -2.71825549170558e-005 0 0
 445.61266584 -1.22826988293302e-006 0 0
 449.002195825 4.61725576564326e-005 0 0
 452.391848636 -4.42841586084178e-005 0 0
 455.781612741 1.45109800401438e-006 0 0
 459.171476608 2.37679248978158e-005 0 0
 462.561428705 -6.32912419621208e-006 0 0
 465.9514575 -6.58644081553154e-005 0 0
 469.341551461 -5.45330471790577e-005 0 0
 472.731699056 -1.66638235896916e-005 0 0
 476.121888753 -7.52151600702808e-005 0 0
 479.51210902 -1.5076495597384e-005 0 0
 482.902348325 7.11464608360144e-005 0 0
 486.292595136 5.74937862328611e-005 0 0
 489.682837921 1.88983909634857e-005 0 0
 493.073065148 -7.91655418652145e-005 0 0
 496.463265285 4.54042044071707e-005 0 0
 499.8534268 0.000106437027996651 0 0
 503.243538161 3.72412285718374e-005 0 0
 506.633587836 0.000104223311233305 0 0
 510.023564293 -7.53524967425146e-005 0 0
 513.413456 -6.79009535460587e-005 0 0
 516.803251425 8.53672820064922e-005 0 0
 520.192939036 4.90268650712186e-005 0 0
 523.582507301 -1.78167277603154e-005 0 0
 526.971944688 8.92856501406479e-007 0 0
 530.361239665 -1.64077347297134e-005 0 0
 533.7503807 5.12755580958854e-005 0 0
 537.139356261 -5.28826930361895e-005 0 0
 540.528154816 1.36961648878496e-005 0 0
 543.916764833 -2.75776492893054e-005 0 0
 547.30517478 -3.52486419577919e-005 0 0
 550.693373125 4.50342684545738e-005 0 0
 554.081348336 2.79164316815481e-005 0 0
 557.469088881 -1.04826263529699e-006 0 0
 560.856583228 -1.52308451026424e-005 0 0
 564.243819845 -2.73310578850561e-005 0 0
 567.6307872 8.22562311234187e-005 0 0
 571.017473761 5.23142810671586e-005 0 0
 574.403867996 6.04260436756023e-005 0 0
 577.789958373 -4.75891582098521e-005 0 0
 581.17573336 -1.39059836290777e-005 0 0
 584.561181425 -3.47582070603754e-005 0 0
 587.946291036 4.14794916630667e-005 0 0
 591.331050661 4.10349264141485e-005 0 0
 594.715448768 -3.18753930811133e-005 0 0
 598.099473825 6.50419173576306e-005 0 0
 601.4831143 7.46530257852833e-005 0 0
 604.866358661 -4.50068844747223e-005 0 0
 608.249195376 3.890310460104e-005 0 0
 611.631612913 1.51279704691167e-005 0 0
 615.01359974 1.44553489530356e-005 0 0
 618.395144325 6.18737073456526e-005 0 0
 621.776235136 6.80700820179155e-005 0 0
 625.156860641 -7.4638368149879e-005 0 0
 628.537009308 -2.63737692397444e-006 0 0
 631.916669605 5.19120295726379e-005 0 0
 635.29583 8.18354503339436e-005 0 0
 638.674478961 -4.15560438702238e-005 0 0
 642.052604956 -2.0722157234484e-005 0 0
 645.430196453 -2.36290208543992e-005 0 0
 648.80724192 3.13366482444535e-005 0 0
 652.183729825 6.06403461604238e-005 0 0
 655.559648636 -7.3478323602522e-005 0 0
 658.934986821 7.61858272442947e-005 0 0
 662.309732848 -1.34234839050986e-005 0 0
 665.683875185 0.000154547043486311 0 0
 669.0574023 0.0001109549829822 0 0
 672.430302661 -5.97644356234075e-005 0 0
 675.802564736 -0.000121219140521381 0 0
 679.174176993 -0.000116097921041172 0 0
 682.5451279 3.71585670136293e-005 0 0
 685.915405925 9.67161608822257e-007 0 0
 689.284999536 -0.000135865113750585 0 0
 692.653897201 -6.06902444533828e-005 0 0
 696.022087388 0.000111777789820302 0 0
 699.389558565 2.02931124641244e-005 0 0
 702.7562992 -8.26674665885188e-005 0 0
 706.122297761 -2.33466842088199e-006 0 0
 709.487542716 -2.8066565398182e-005 0 0
 712.852022533 0.000112171393079261 0 0
 716.21572568 5.36012335745827e-005 0 0
 719.578640625 -1.24783257376854e-005 0 0
 722.940755836 0.000159310588477911 0 0
 726.302059781 4.34430205561949e-005 0 0
 729.662540928 -0.000243014834767904 0 0
 733.022187745 4.7020038305168e-005 0 0
 736.3809887 -5.26752515665555e-005 0 0
 739.738932261 0.000106401356671377 0 0
 743.096006896 7.77157055317514e-005 0 0
 746.452201073 8.54467270173306e-005 0 0
 749.80750326 -0.000795516249575341 0 0
 753.161901925 -3.81278001680856e-005 0 0
 756.515385536 4.29411819528246e-005 0 0
 759.867942561 4.4648162533479e-006 0 0
 763.219561468 0.000106952666990225 0 0
 766.570230725 -6.21787921654084e-006 0 0
 769.9199388 -9.37076143240126e-005 0 0
 773.268674161 -4.71994912963558e-005 0 0
 776.616425276 1.22638148335919e-005 0 0
 779.963180613 -0.00012182679874361 0 0
 783.30892864 -3.43926199937439e-005 0 0
 786.653657825 -0.00022931400699932 0 0
 789.997356636 -0.000111570827294764 0 0
 793.340013541 1.36772514382123e-005 0 0
 796.681617008 5.04074377459314e-005 0 0
 800.022155505 -8.13772053134811e-005 0 0
 803.3616175 0.000138609066734632 0 0
 806.699991461 -0.000100506527553648 0 0
 810.037265856 2.97053377732454e-005 0 0
 813.373429153 0.000304368327313838 0 0
 816.70846982 6.38314436416301e-005 0 0
 820.042376325 9.0867211227476e-005 0 0
 823.375137136 0.000234780308284437 0 0
 826.706740721 0.000203656535640894 0 0
 830.037175548 -0.000218809301010722 0 0
 833.366430085 -0.000144234037035714 0 0
 836.6944928 -0.000216967308596722 0 0
 840.021352161 -0.000463882944792722 0 0
 843.346996636 0.000205182351085814 0 0
 846.671414693 3.28368684739988e-005 0 0
 849.9945948 0.000107575380486512 0 0
 853.316525425 -1.73534186125676e-005 0 0
 856.637195036 0.000110233864630035 0 0
 859.956592101 7.66568772744113e-005 0 0
 863.274705088 -0.000409107418776515 0 0
 866.591522465 3.17066696359988e-006 0 0
 869.9070327 9.73027349561947e-005 0 0
 873.221224261 -0.00016233548078364 0 0
 876.534085616 0.000177702842840368 0 0
 879.845605233 -1.28224167588078e-005 0 0
 883.15577158 0.000828330465607407 0 0
 886.464573125 0.000843976635148451 0 0
 889.771998336 -0.000130162641831432 0 0
 893.078035681 0.00040434067960174 0 0
 896.382673628 0.000382474080938847 0 0
 899.685900645 0.000525022867147399 0 0
 902.9877052 -0.000319252724171247 0 0
 906.288075761 -0.000808942280818624 0 0
 909.587000796 -6.25074950951882e-005 0 0
 912.884468773 0.000632528050661471 0 0
 916.18046816 -0.000600265275073645 0 0
 919.474987425 0.000513951542929156 0 0
 922.768015036 -0.000616452864943625 0 0
 926.059539461 0.000666203504102056 0 0
 929.349549168 -0.000818248880898356 0 0
 932.638032625 0.000708198516394987 0 0
 935.9249783 0.00032740065840356 0 0
 939.210374661 0.0012493122381748 0 0
 942.494210176 -0.000450742637984916 0 0
 945.776473313 -0.00167276090081129 0 0
 949.05715254 0.00202345392742786 0 0
 952.336236325 -0.00044569826929107 0 0
 955.613713136 0 0 0
 958.889571441 0 0 0
 962.163799708 0 0 0
 965.436386405 0 0 0
 968.70732 0 0 0
 971.976588961 0 0 0
 975.244181756 0 0 0
 978.510086853 0 0 0
 981.77429272 0 0 0
 985.036787825 0 0 0
 988.297560636 0 0 0
 991.556599621 0 0 0
 994.813893248 0 0 0
 998.069429985 0 0 0
 1001.3231983 0 0 0
 1004.575186661 0 0 0
 1007.825383536 0 0 0
 1011.073777393 0 0 0
 1014.3203567 0 0 0
 1017.565109925 0 0 0
 1020.808025536 0 0 0
 1024.049092001 0 0 0
 1027.288297788 0 0 0
 1030.525631365 0 0 0
 1033.7610812 0 0 0
 1036.994635761 0 0 0
 1040.226283516 0 0 0
 1043.456012933 0 0 0
 1046.68381248 0 0 0
 1049.909670625 0 0 0
 1053.133575836 0 0 0
 1056.355516581 0 0 0
 1059.575481328 0 0 0
 1062.793458545 0 0 0
 1066.0094367 0 0 0
 1069.223404261 0 0 0
 1072.435349696 0 0 0
 1075.645261473 0 0 0
 1078.85312806 0 0 0
 1082.058937925 0 0 0
 1085.262679536 0 0 0
 1088.464341361 0 0 0
 1091.663911868 0 0 0
 1094.861379525 0 0 0
 1098.0567328 0 0 0
 1101.249960161 0 0 0
 1104.441050076 0 0 0
 1107.629991013 0 0 0
 1110.81677144 0 0 0
 1114.001379825 0 0 0
 1117.183804636 0 0 0
 1120.364034341 0 0 0
 1123.542057408 0 0 0
 1126.717862305 0 0 0
 1129.8914375 0 0 0
 1133.062771461 0 0 0
 1136.231852656 0 0 0
 1139.398669553 0 0 0
 1142.56321062 0 0 0
 1145.725464325 0 0 0
 1148.885419136 0 0 0
[END] of [DATA]
[END] of [Spectrum]

