
#TBID:2021-12-02 00:30:00;SAM_84DC;RAW;

[Spectrum]
Version            = 1
IDData             = 96B1_2021-12-02_00-30-00_000_482
IDDevice           = SAM_84DC
IDDataType         = SPECTRUM
IDDataTypeSub1     = RAW
IDDataTypeSub2     = 
IDDataTypeSub3     = 
DateTime           = 2021-12-02 00:30:00
PositionLatitude   = 0
PositionLongitude  = 0
Comment            = 
CommentSub1        = 
CommentSub2        = 
CommentSub3        = 
IDMethodType       = SAM Control
MethodName         = SAM_84DC
Mission            = No Mission
MissionSub         = 1
RecordType         = 0
[Attributes]
CalFactor = 1
IDBasisSpec = 
IDDataBack = DLAB_2015-08-21_13-19-54_137_939
IDDataCal = DLAB_2015-08-24_10-46-55_592_608
IntegrationTime = 4096
P31 = -1
P31e = 0
PathLength = +INF
PathLengthCustomOn = 0
RAWDynamic = 65535
Salinity = 0
Temperature = -NAN
Unit1 = $05 $00 Pixel 
Unit2 = $03 $05 Intensity counts
Unit3 = $f0 $05 Error counts
Unit4 = $f1 $00 Status 
p999 = 947
[END] of [Attributes]
[DATA]
 0 11 0 0
 1 1264 0 0
 2 1252 0 0
 3 1265 0 0
 4 1265 0 0
 5 1262 0 0
 6 1259 0 0
 7 1269 0 0
 8 1272 0 0
 9 1265 0 0
 10 1266 0 0
 11 1270 0 0
 12 1270 0 0
 13 1266 0 0
 14 1268 0 0
 15 1258 0 0
 16 1268 0 0
 17 1272 0 0
 18 1265 0 0
 19 1266 0 0
 20 1270 0 0
 21 1266 0 0
 22 1273 0 0
 23 1271 0 0
 24 1267 0 0
 25 1271 0 0
 26 1267 0 0
 27 1269 0 0
 28 1267 0 0
 29 1266 0 0
 30 1261 0 0
 31 1270 0 0
 32 1269 0 0
 33 1268 0 0
 34 1272 0 0
 35 1268 0 0
 36 1273 0 0
 37 1273 0 0
 38 1270 0 0
 39 1272 0 0
 40 1276 0 0
 41 1272 0 0
 42 1270 0 0
 43 1276 0 0
 44 1272 0 0
 45 1269 0 0
 46 1276 0 0
 47 1272 0 0
 48 1270 0 0
 49 1278 0 0
 50 1274 0 0
 51 1271 0 0
 52 1266 0 0
 53 1271 0 0
 54 1270 0 0
 55 1275 0 0
 56 1268 0 0
 57 1272 0 0
 58 1277 0 0
 59 1276 0 0
 60 1273 0 0
 61 1272 0 0
 62 1272 0 0
 63 1276 0 0
 64 1274 0 0
 65 1276 0 0
 66 1269 0 0
 67 1278 0 0
 68 1280 0 0
 69 1277 0 0
 70 1277 0 0
 71 1280 0 0
 72 1276 0 0
 73 1283 0 0
 74 1276 0 0
 75 1273 0 0
 76 1275 0 0
 77 1275 0 0
 78 1273 0 0
 79 1282 0 0
 80 1271 0 0
 81 1281 0 0
 82 1272 0 0
 83 1282 0 0
 84 1279 0 0
 85 1283 0 0
 86 1272 0 0
 87 1282 0 0
 88 1280 0 0
 89 1287 0 0
 90 1274 0 0
 91 1280 0 0
 92 1278 0 0
 93 1282 0 0
 94 1283 0 0
 95 1282 0 0
 96 1276 0 0
 97 1282 0 0
 98 1276 0 0
 99 1280 0 0
 100 1275 0 0
 101 1274 0 0
 102 1274 0 0
 103 1277 0 0
 104 1282 0 0
 105 1280 0 0
 106 1280 0 0
 107 1282 0 0
 108 1281 0 0
 109 1282 0 0
 110 1279 0 0
 111 1287 0 0
 112 1273 0 0
 113 1278 0 0
 114 1281 0 0
 115 1279 0 0
 116 1281 0 0
 117 1273 0 0
 118 1277 0 0
 119 1284 0 0
 120 1274 0 0
 121 1292 0 0
 122 1278 0 0
 123 1285 0 0
 124 1281 0 0
 125 1280 0 0
 126 1276 0 0
 127 1282 0 0
 128 1276 0 0
 129 1285 0 0
 130 1279 0 0
 131 1281 0 0
 132 1279 0 0
 133 1283 0 0
 134 1280 0 0
 135 1282 0 0
 136 1282 0 0
 137 1281 0 0
 138 1276 0 0
 139 1280 0 0
 140 1281 0 0
 141 1282 0 0
 142 1273 0 0
 143 1286 0 0
 144 1280 0 0
 145 1285 0 0
 146 1274 0 0
 147 1283 0 0
 148 1281 0 0
 149 1283 0 0
 150 1282 0 0
 151 1279 0 0
 152 1281 0 0
 153 1282 0 0
 154 1280 0 0
 155 1284 0 0
 156 1285 0 0
 157 1283 0 0
 158 1282 0 0
 159 1283 0 0
 160 1282 0 0
 161 1286 0 0
 162 1278 0 0
 163 1278 0 0
 164 1284 0 0
 165 1284 0 0
 166 1284 0 0
 167 1280 0 0
 168 1275 0 0
 169 1284 0 0
 170 1281 0 0
 171 1290 0 0
 172 1278 0 0
 173 1284 0 0
 174 1283 0 0
 175 1284 0 0
 176 1285 0 0
 177 1278 0 0
 178 1288 0 0
 179 1283 0 0
 180 1286 0 0
 181 1287 0 0
 182 1290 0 0
 183 1286 0 0
 184 1285 0 0
 185 1284 0 0
 186 1284 0 0
 187 1284 0 0
 188 1275 0 0
 189 1286 0 0
 190 1284 0 0
 191 1285 0 0
 192 1288 0 0
 193 1281 0 0
 194 1286 0 0
 195 1286 0 0
 196 1282 0 0
 197 1286 0 0
 198 1285 0 0
 199 1293 0 0
 200 1280 0 0
 201 1289 0 0
 202 1282 0 0
 203 1290 0 0
 204 1285 0 0
 205 1287 0 0
 206 1286 0 0
 207 1283 0 0
 208 1287 0 0
 209 1290 0 0
 210 1287 0 0
 211 1288 0 0
 212 1285 0 0
 213 1285 0 0
 214 1286 0 0
 215 1290 0 0
 216 1288 0 0
 217 1289 0 0
 218 1289 0 0
 219 1292 0 0
 220 1290 0 0
 221 1288 0 0
 222 1284 0 0
 223 1292 0 0
 224 1290 0 0
 225 1293 0 0
 226 1286 0 0
 227 1292 0 0
 228 1292 0 0
 229 1290 0 0
 230 1291 0 0
 231 1290 0 0
 232 1289 0 0
 233 1288 0 0
 234 1294 0 0
 235 1295 0 0
 236 1289 0 0
 237 1296 0 0
 238 1291 0 0
 239 1294 0 0
 240 1296 0 0
 241 1288 0 0
 242 1288 0 0
 243 1293 0 0
 244 1295 0 0
 245 1297 0 0
 246 1295 0 0
 247 1293 0 0
 248 1294 0 0
 249 1292 0 0
 250 1292 0 0
 251 1293 0 0
 252 1292 0 0
 253 1296 0 0
 254 1298 0 0
 255 1360 0 0
[END] of [DATA]
[END] of [Spectrum]


#TBID:2021-12-02 00:30:00;SAM_84DC;CALIBRATED;

[Spectrum]
Version            = 1
IDData             = 96B1_2021-12-02_00-30-00_000_483
IDDevice           = SAM_84DC
IDDataType         = SPECTRUM
IDDataTypeSub1     = CALIBRATED
IDDataTypeSub2     = 
IDDataTypeSub3     = 
DateTime           = 2021-12-02 00:30:00
PositionLatitude   = 0
PositionLongitude  = 0
Comment            = 
CommentSub1        = 
CommentSub2        = 
CommentSub3        = 
IDMethodType       = SAM Control
MethodName         = SAM_84DC
Mission            = No Mission
MissionSub         = 1
RecordType         = 0
[Attributes]
CalFactor = 1
IDBasisSpec = 
IDDataBack = DLAB_2015-08-21_13-19-54_137_939
IDDataCal = DLAB_2015-08-24_10-46-55_592_608
IntegrationTime = 4096
P31 = -1
P31e = 0
PathLength = +INF
PathLengthCustomOn = 0
RAWDynamic = 65535
Salinity = 0
Temperature = -NAN
Unit1 = $01 $01 Wavelength nm
Unit2 = $03 $03 Intensity mW/(m^2 nm Sr)
Unit3 = $f0 $03 Error mW/(m^2 nm Sr)
Unit4 = $f1 $00 Status 
p999 = 947
[END] of [Attributes]
[DATA]
 0 11 0 0
 305.71650776488 0 0 0
 309.04007505697 0 0 0
 312.36416914304 0 0 0
 315.68877841375 0 0 0
 319.01389125976 -0.000796567583012823 0 0
 322.33949607173 -0.000606402476359302 0 0
 325.66558124032 -0.000623583621730323 0 0
 328.99213515619 -0.000393020843400428 0 0
 332.31914621 -0.000724023012545292 0 0
 335.64660279241 -0.00055217305271435 0 0
 338.97449329408 -0.00046564457508926 0 0
 342.30280610567 -0.000266190349074992 0 0
 345.63152961784 -0.00034851608954659 0 0
 348.96065222125 -0.000488218584211814 0 0
 352.29016230656 -0.000369841526843804 0 0
 355.62004826443 -0.000325523103886765 0 0
 358.95029848552 -0.000334369669952108 0 0
 362.28090136049 -0.00031025567817691 0 0
 365.61184528 -0.000336489293453812 0 0
 368.94311863471 -0.000226419916097637 0 0
 372.27470981528 -0.000253524661765372 0 0
 375.60660721237 -0.000295663485184178 0 0
 378.93879921664 -0.00033068786651014 0 0
 382.27127421875 -0.000393790864784003 0 0
 385.60402060936 -0.000176068852208098 0 0
 388.93702677913 -0.000383379759699939 0 0
 392.27028111872 -0.000340625162566344 0 0
 395.60377201879 -0.000239848650717519 0 0
 398.93748787 -0.000240009598391636 0 0
 402.27141706301 -0.00029098392416966 0 0
 405.60554798848 -0.000289595479700812 0 0
 408.93986903707 -0.000252145062876367 0 0
 412.27436859944 -0.000184417849837754 0 0
 415.60903506625 -0.000203108762568424 0 0
 418.94385682816 -0.000165640220922727 0 0
 422.27882227583 -0.000223770112505454 0 0
 425.61391979992 -0.000189179763499001 0 0
 428.94913779109 -0.000178829135989822 0 0
 432.28446464 -0.000111688851578253 0 0
 435.61988873731 -0.000196091802562262 0 0
 438.95539847368 -0.000164499468280279 0 0
 442.29098223977 -0.000171479593258608 0 0
 445.62662842624 -0.000137029666640685 0 0
 448.96232542375 -0.000204795674661994 0 0
 452.29806162296 -0.000229545162992455 0 0
 455.63382541453 -0.000205779895330462 0 0
 458.96960518912 -0.0002772449899854 0 0
 462.30538933739 -0.00020707586106279 0 0
 465.64116625 -0.000123666889988057 0 0
 468.97692431761 -0.000151989058101097 0 0
 472.31265193088 -0.000216080279893002 0 0
 475.64833748047 -0.000290992674672344 0 0
 478.98396935704 -0.000195379213396447 0 0
 482.31953595125 -0.000212254646350471 0 0
 485.65502565376 -0.000205777231277483 0 0
 488.99042685523 -0.000269269557091918 0 0
 492.32572794632 -0.000272207163684907 0 0
 495.66091731769 -0.000202939569990517 0 0
 498.99598336 -0.000299283598953131 0 0
 502.33091446391 -0.000246613943998587 0 0
 505.66569902008 -0.000290569573230379 0 0
 509.00032541917 -0.000193152914192792 0 0
 512.33478205184 -0.000183151081594204 0 0
 515.66905730875 -0.000216472759056398 0 0
 519.00313958056 -0.000146842734297031 0 0
 522.33701725793 -0.000132491401535851 0 0
 525.67067873152 -0.000156720610428588 0 0
 529.00411239199 -0.000148595391153309 0 0
 532.33730663 -0.000127494908373385 0 0
 535.67024983621 -0.000176826979357666 0 0
 539.00293040128 -0.000178272615166069 0 0
 542.33533671587 -0.00014455368915002 0 0
 545.66745717064 -0.000120368665385619 0 0
 548.99928015625 -0.000206667741059731 0 0
 552.33079406336 -0.000158935608739187 0 0
 555.66198728263 -0.000200647558035262 0 0
 558.99284820472 -0.00019389186890683 0 0
 562.32336522029 -0.000143701697509422 0 0
 565.65352672 -0.000158442616901424 0 0
 568.98332109451 -0.000209761050288909 0 0
 572.31273673448 -0.000183541808519089 0 0
 575.64176203057 -0.000206416939989264 0 0
 578.97038537344 -0.00013357479391045 0 0
 582.29859515375 -8.20311494764793e-005 0 0
 585.62637976216 -0.000210115952115678 0 0
 588.95372758933 -0.000280887318784594 0 0
 592.28062702592 -0.00017113249685748 0 0
 595.60706646259 -0.000138500218885041 0 0
 598.93303429 -0.000138537027381319 0 0
 602.25851889881 -0.000181776655378941 0 0
 605.58350867968 -0.000193282434132819 0 0
 608.90799202327 -0.000223720115283867 0 0
 612.23195732024 -0.000157099778332542 0 0
 615.55539296125 -0.00020219567544719 0 0
 618.87828733696 -0.00020600148516114 0 0
 622.20062883803 -0.000210772873887856 0 0
 625.52240585512 -0.000248756173739409 0 0
 628.84360677889 -0.000223119575124538 0 0
 632.16422 -0.000213526360438884 0 0
 635.48423390911 -0.000327119382007775 0 0
 638.80363689688 -0.000282498968158555 0 0
 642.12241735397 -0.000353480152588177 0 0
 645.44056367104 -0.000274046663388044 0 0
 648.75806423875 -0.00018660170099498 0 0
 652.07490744776 -0.000290282207009385 0 0
 655.39108168873 -0.000265116073876511 0 0
 658.70657535232 -0.000364342884625135 0 0
 662.02137682919 -0.000258565994231665 0 0
 665.33547451 -0.000255572333605871 0 0
 668.64885678541 -0.000248583071185976 0 0
 671.96151204608 -0.000155784889823196 0 0
 675.27342868267 -0.000400983825612314 0 0
 678.58459508584 -0.000180527833291478 0 0
 681.89499964625 -0.000271202929500743 0 0
 685.20463075456 -0.000360822807753006 0 0
 688.51347680143 -0.000212554043623157 0 0
 691.82152617752 -0.000367619945516678 0 0
 695.12876727349 -0.000244345924943294 0 0
 698.43518848 -0.000160253019628982 0 0
 701.74077818771 -0.000195760261190901 0 0
 705.04552478728 -0.000158523180645556 0 0
 708.34941666937 -0.000236865789283679 0 0
 711.65244222464 -0.000222890024863361 0 0
 714.95458984375 -0.000307460945297188 0 0
 718.25584791736 -0.000199640738177053 0 0
 721.55620483613 -0.000411195667005162 0 0
 724.85564899072 -0.000260304445903936 0 0
 728.15416877179 -0.000319263559663962 0 0
 731.45175257 -0.000114512516634334 0 0
 734.74838877601 -0.000396268739138912 0 0
 738.04406578048 -0.000209950112119368 0 0
 741.33877197407 -0.000334162052277539 0 0
 744.63249574744 -0.000209914493316863 0 0
 747.92522549125 -0.000239594239725375 0 0
 751.21694959616 -0.000279025070010051 0 0
 754.50765645283 -0.000117023511065837 0 0
 757.79733445192 -0.000286517188701369 0 0
 761.08597198409 -0.000287834789227999 0 0
 764.37355744 -0.000273521996543032 0 0
 767.66007921031 -0.000184452197762766 0 0
 770.94552568568 -0.00032468804036664 0 0
 774.22988525677 -0.000382573214512119 0 0
 777.51314631424 -0.000178252483809946 0 0
 780.79529724875 -0.000285860244951498 0 0
 784.07632645096 -4.02213322820075e-005 0 0
 787.35622231153 -0.000400594910536607 0 0
 790.63497322112 -0.000191722277045263 0 0
 793.91256757039 -0.000378282235217127 0 0
 797.18899375 -0.000279621240878489 0 0
 800.46424015061 -0.000173117298449749 0 0
 803.73829516288 -0.000468954545138758 0 0
 807.01114717747 -0.000354743137695941 0 0
 810.28278458504 -0.000471749317121706 0 0
 813.55319577625 -0.000484081249387162 0 0
 816.82236914176 -0.00029103374068093 0 0
 820.09029307223 -8.3310409008235e-005 0 0
 823.35695595832 -0.000517758481007287 0 0
 826.62234619069 -0.000357458135679377 0 0
 829.88645216 -0.000476779158118327 0 0
 833.14926225691 -0.000515543665347509 0 0
 836.41076487208 -4.45790316703708e-005 0 0
 839.67094839617 -0.000273335229324893 0 0
 842.92980121984 -0.000510189507843032 0 0
 846.18731173375 -0.000300580082769142 0 0
 849.44346832856 -0.000444997341661356 0 0
 852.69825939493 -0.000783763604741468 0 0
 855.95167332352 -0.000911407995144212 0 0
 859.20369850499 -0.00115637191422126 0 0
 862.45432333 -0.000605334353437685 0 0
 865.70353618921 -0.000781749484146351 0 0
 868.95132547328 -0.000515186646466678 0 0
 872.19767957287 -0.000437328230087681 0 0
 875.44258687864 -0.000848222464173476 0 0
 878.68603578125 -0.000754914425956694 0 0
 881.92801467136 -0.000422739356042427 0 0
 885.16851193963 -0.000665612969826255 0 0
 888.40751597672 -0.000994112264166351 0 0
 891.64501517329 -0.00035214247972254 0 0
 894.88099792 -0.000280883919824138 0 0
 898.11545260751 -0.000118767376442252 0 0
 901.34836762648 3.81460951808618e-005 0 0
 904.57973136757 -4.8145878157806e-006 0 0
 907.80953222144 -0.000554092541771945 0 0
 911.03775857875 -0.00050562291363168 0 0
 914.26439883016 -0.000793896384138172 0 0
 917.48944136633 -0.00101370144287904 0 0
 920.71287457792 -0.00104132490286492 0 0
 923.93468685559 -0.00154944923365783 0 0
 927.15486659 0.000147352758201104 0 0
 930.37340217181 -0.000479619877270045 0 0
 933.59028199168 -0.000776107170180158 0 0
 936.80549444027 -0.00188201906909623 0 0
 940.01902790824 -0.00209747907714185 0 0
 943.23087078625 -0.000692136461771919 0 0
 946.44101146496 4.94189938930688e-005 0 0
 949.64943833503 -0.00288560289284819 0 0
 952.85613978712 -0.00122275238923006 0 0
 956.06110421189 0 0 0
 959.26432 0 0 0
 962.46577554211 0 0 0
 965.66545922888 0 0 0
 968.86335945097 0 0 0
 972.05946459904 0 0 0
 975.25376306375 0 0 0
 978.44624323576 0 0 0
 981.63689350573 0 0 0
 984.82570226432 0 0 0
 988.01265790219 0 0 0
 991.19774881 0 0 0
 994.38096337841 0 0 0
 997.56228999808 0 0 0
 1000.74171705967 0 0 0
 1003.91923295384 0 0 0
 1007.09482607125 0 0 0
 1010.26848480256 0 0 0
 1013.44019753843 0 0 0
 1016.60995266952 0 0 0
 1019.77773858649 0 0 0
 1022.94354368 0 0 0
 1026.10735634071 0 0 0
 1029.26916495928 0 0 0
 1032.42895792637 0 0 0
 1035.58672363264 0 0 0
 1038.74245046875 0 0 0
 1041.89612682536 0 0 0
 1045.04774109313 0 0 0
 1048.19728166272 0 0 0
 1051.34473692479 0 0 0
 1054.49009527 0 0 0
 1057.63334508901 0 0 0
 1060.77447477248 0 0 0
 1063.91347271107 0 0 0
 1067.05032729544 0 0 0
 1070.18502691625 0 0 0
 1073.31755996416 0 0 0
 1076.44791482983 0 0 0
 1079.57607990392 0 0 0
 1082.70204357709 0 0 0
 1085.82579424 0 0 0
 1088.94732028331 0 0 0
 1092.06661009768 0 0 0
 1095.18365207377 0 0 0
 1098.29843460224 0 0 0
 1101.41094607375 0 0 0
 1104.52117487896 0 0 0
 1107.62910940853 0 0 0
 1110.73473805312 0 0 0
 1113.83804920339 0 0 0
 1116.93903125 0 0 0
 1120.03767258361 0 0 0
 1123.13396159488 0 0 0
 1126.22788667447 0 0 0
 1129.31943621304 0 0 0
 1132.40859860125 0 0 0
 1135.49536222976 0 0 0
[END] of [DATA]
[END] of [Spectrum]


#TBID:2021-12-02 00:30:00;SAM_84C8;RAW;

[Spectrum]
Version            = 1
IDData             = 96B1_2021-12-02_00-30-00_000_485
IDDevice           = SAM_84C8
IDDataType         = SPECTRUM
IDDataTypeSub1     = RAW
IDDataTypeSub2     = 
IDDataTypeSub3     = 
DateTime           = 2021-12-02 00:30:00
PositionLatitude   = 0
PositionLongitude  = 0
Comment            = 
CommentSub1        = 
CommentSub2        = 
CommentSub3        = 
IDMethodType       = SAM Control
MethodName         = SAM_84C8
Mission            = No Mission
MissionSub         = 1
RecordType         = 0
[Attributes]
CalFactor = 1
IDBasisSpec = 
IDDataBack = DLAB_2015-08-21_12-14-03_013_778
IDDataCal = DLAB_2015-08-24_11-04-47_772_747
IntegrationTime = 4096
P31 = -1
P31e = 0
PathLength = +INF
PathLengthCustomOn = 0
RAWDynamic = 65535
Salinity = 0
Temperature = -NAN
Unit1 = $05 $00 Pixel 
Unit2 = $03 $05 Intensity counts
Unit3 = $f0 $05 Error counts
Unit4 = $f1 $00 Status 
p999 = 947
[END] of [Attributes]
[DATA]
 0 11 0 0
 1 1173 0 0
 2 1164 0 0
 3 1171 0 0
 4 1171 0 0
 5 1171 0 0
 6 1172 0 0
 7 1167 0 0
 8 1172 0 0
 9 1172 0 0
 10 1165 0 0
 11 1168 0 0
 12 1176 0 0
 13 1174 0 0
 14 1169 0 0
 15 1172 0 0
 16 1172 0 0
 17 1174 0 0
 18 1174 0 0
 19 1172 0 0
 20 1171 0 0
 21 1173 0 0
 22 1174 0 0
 23 1173 0 0
 24 1174 0 0
 25 1173 0 0
 26 1173 0 0
 27 1177 0 0
 28 1172 0 0
 29 1172 0 0
 30 1172 0 0
 31 1171 0 0
 32 1166 0 0
 33 1175 0 0
 34 1170 0 0
 35 1172 0 0
 36 1174 0 0
 37 1179 0 0
 38 1174 0 0
 39 1167 0 0
 40 1179 0 0
 41 1178 0 0
 42 1171 0 0
 43 1177 0 0
 44 1181 0 0
 45 1176 0 0
 46 1171 0 0
 47 1174 0 0
 48 1172 0 0
 49 1175 0 0
 50 1174 0 0
 51 1176 0 0
 52 1176 0 0
 53 1173 0 0
 54 1166 0 0
 55 1172 0 0
 56 1175 0 0
 57 1171 0 0
 58 1172 0 0
 59 1176 0 0
 60 1172 0 0
 61 1173 0 0
 62 1181 0 0
 63 1172 0 0
 64 1170 0 0
 65 1174 0 0
 66 1178 0 0
 67 1169 0 0
 68 1172 0 0
 69 1174 0 0
 70 1174 0 0
 71 1172 0 0
 72 1176 0 0
 73 1171 0 0
 74 1174 0 0
 75 1176 0 0
 76 1174 0 0
 77 1178 0 0
 78 1172 0 0
 79 1173 0 0
 80 1177 0 0
 81 1170 0 0
 82 1175 0 0
 83 1174 0 0
 84 1176 0 0
 85 1176 0 0
 86 1172 0 0
 87 1175 0 0
 88 1171 0 0
 89 1170 0 0
 90 1180 0 0
 91 1170 0 0
 92 1177 0 0
 93 1171 0 0
 94 1180 0 0
 95 1176 0 0
 96 1173 0 0
 97 1169 0 0
 98 1170 0 0
 99 1170 0 0
 100 1176 0 0
 101 1177 0 0
 102 1172 0 0
 103 1169 0 0
 104 1171 0 0
 105 1174 0 0
 106 1173 0 0
 107 1173 0 0
 108 1170 0 0
 109 1168 0 0
 110 1175 0 0
 111 1186 0 0
 112 1169 0 0
 113 1174 0 0
 114 1171 0 0
 115 1175 0 0
 116 1173 0 0
 117 1170 0 0
 118 1166 0 0
 119 1174 0 0
 120 1172 0 0
 121 1169 0 0
 122 1172 0 0
 123 1171 0 0
 124 1165 0 0
 125 1177 0 0
 126 1169 0 0
 127 1174 0 0
 128 1172 0 0
 129 1175 0 0
 130 1166 0 0
 131 1172 0 0
 132 1170 0 0
 133 1199 0 0
 134 1168 0 0
 135 1172 0 0
 136 1168 0 0
 137 1171 0 0
 138 1171 0 0
 139 1175 0 0
 140 1168 0 0
 141 1170 0 0
 142 1171 0 0
 143 1170 0 0
 144 1171 0 0
 145 1169 0 0
 146 1171 0 0
 147 1176 0 0
 148 1169 0 0
 149 1163 0 0
 150 1173 0 0
 151 1170 0 0
 152 1172 0 0
 153 1166 0 0
 154 1167 0 0
 155 1166 0 0
 156 1170 0 0
 157 1169 0 0
 158 1168 0 0
 159 1167 0 0
 160 1170 0 0
 161 1167 0 0
 162 1167 0 0
 163 1171 0 0
 164 1166 0 0
 165 1167 0 0
 166 1171 0 0
 167 1172 0 0
 168 1168 0 0
 169 1169 0 0
 170 1170 0 0
 171 1167 0 0
 172 1166 0 0
 173 1162 0 0
 174 1167 0 0
 175 1175 0 0
 176 1168 0 0
 177 1163 0 0
 178 1164 0 0
 179 1167 0 0
 180 1167 0 0
 181 1165 0 0
 182 1173 0 0
 183 1170 0 0
 184 1161 0 0
 185 1169 0 0
 186 1167 0 0
 187 1167 0 0
 188 1166 0 0
 189 1166 0 0
 190 1166 0 0
 191 1171 0 0
 192 1168 0 0
 193 1163 0 0
 194 1166 0 0
 195 1169 0 0
 196 1163 0 0
 197 1169 0 0
 198 1169 0 0
 199 1167 0 0
 200 1165 0 0
 201 1169 0 0
 202 1168 0 0
 203 1166 0 0
 204 1165 0 0
 205 1164 0 0
 206 1166 0 0
 207 1169 0 0
 208 1167 0 0
 209 1167 0 0
 210 1162 0 0
 211 1165 0 0
 212 1164 0 0
 213 1172 0 0
 214 1163 0 0
 215 1167 0 0
 216 1163 0 0
 217 1168 0 0
 218 1166 0 0
 219 1170 0 0
 220 1172 0 0
 221 1166 0 0
 222 1165 0 0
 223 1164 0 0
 224 1167 0 0
 225 1172 0 0
 226 1172 0 0
 227 1170 0 0
 228 1164 0 0
 229 1163 0 0
 230 1163 0 0
 231 1165 0 0
 232 1166 0 0
 233 1162 0 0
 234 1165 0 0
 235 1169 0 0
 236 1167 0 0
 237 1165 0 0
 238 1164 0 0
 239 1164 0 0
 240 1174 0 0
 241 1169 0 0
 242 1162 0 0
 243 1167 0 0
 244 1168 0 0
 245 1170 0 0
 246 1163 0 0
 247 1167 0 0
 248 1173 0 0
 249 1169 0 0
 250 1172 0 0
 251 1163 0 0
 252 1170 0 0
 253 1169 0 0
 254 1170 0 0
 255 1218 0 0
[END] of [DATA]
[END] of [Spectrum]


#TBID:2021-12-02 00:30:00;SAM_84C8;CALIBRATED;

[Spectrum]
Version            = 1
IDData             = 96B1_2021-12-02_00-30-00_000_486
IDDevice           = SAM_84C8
IDDataType         = SPECTRUM
IDDataTypeSub1     = CALIBRATED
IDDataTypeSub2     = 
IDDataTypeSub3     = 
DateTime           = 2021-12-02 00:30:00
PositionLatitude   = 0
PositionLongitude  = 0
Comment            = 
CommentSub1        = 
CommentSub2        = 
CommentSub3        = 
IDMethodType       = SAM Control
MethodName         = SAM_84C8
Mission            = No Mission
MissionSub         = 1
RecordType         = 0
[Attributes]
CalFactor = 1
IDBasisSpec = 
IDDataBack = DLAB_2015-08-21_12-14-03_013_778
IDDataCal = DLAB_2015-08-24_11-04-47_772_747
IntegrationTime = 4096
P31 = -1
P31e = 0
PathLength = +INF
PathLengthCustomOn = 0
RAWDynamic = 65535
Salinity = 0
Temperature = -NAN
Unit1 = $01 $01 Wavelength nm
Unit2 = $03 $03 Intensity mW/(m^2 nm Sr)
Unit3 = $f0 $03 Error mW/(m^2 nm Sr)
Unit4 = $f1 $00 Status 
p999 = 947
[END] of [Attributes]
[DATA]
 0 11 0 0
 303.516048156 0 0 0
 306.890006053 0 0 0
 310.26457112 0 0 0
 313.639731825 0 0 0
 317.015476636 0.000457071595243461 0 0
 320.391794021 0.00034259083357508 0 0
 323.768672448 0.000297109265708587 0 0
 327.146100385 0.000529891032727474 0 0
 330.5240663 0.00045892744686061 0 0
 333.902558661 0.000414271364149126 0 0
 337.281565936 0.000205852706508827 0 0
 340.661076593 0.00031651491187721 0 0
 344.0410791 0.000462821134093784 0 0
 347.421561925 0.000295100535218464 0 0
 350.802513536 0.000269347773514467 0 0
 354.183922401 0.000244194257360202 0 0
 357.565776988 0.000219159580584143 0 0
 360.948065765 0.000238102440636655 0 0
 364.3307772 0.000185230013826509 0 0
 367.713899761 0.00023176888372126 0 0
 371.097421916 0.000223035228347159 0 0
 374.481332133 0.000215494914375904 0 0
 377.86561888 0.000192278409450489 0 0
 381.250270625 0.00018234810030413 0 0
 384.635275836 0.000235019327703062 0 0
 388.020622981 0.000388172582976881 0 0
 391.406300528 0.000367949880086034 0 0
 394.792296945 0.000183666516723083 0 0
 398.1786007 0.000225752261715209 0 0
 401.565200261 0.000147655787816434 0 0
 404.952084096 0.000178197577244564 0 0
 408.339240673 8.17407936996586e-005 0 0
 411.72665846 0.000298608948265511 0 0
 415.114325925 0.000193734238106418 0 0
 418.502231536 0.000236206917325921 0 0
 421.890363761 0.000173050493302045 0 0
 425.278711068 8.22513658350915e-005 0 0
 428.667261925 0.000143848591383616 0 0
 432.0560048 0.000140849591740447 0 0
 435.444928161 0.000242122956242438 0 0
 438.834020476 0.000183383989458675 0 0
 442.223270213 0.000140311118113595 0 0
 445.61266584 0.000166335696187908 0 0
 449.002195825 0.000271662268397656 0 0
 452.391848636 0.000117207404051779 0 0
 455.781612741 0.000108375335546117 0 0
 459.171476608 0.000169805898929294 0 0
 462.561428705 0.000106492639456242 0 0
 465.9514575 0.000100227006672006 0 0
 469.341551461 0.000205234677708781 0 0
 472.731699056 0.000155289424889815 0 0
 476.121888753 0.000165130558737226 0 0
 479.51210902 0.000161093027033454 0 0
 482.902348325 0.000209189620837929 0 0
 486.292595136 0.000142278961460163 0 0
 489.682837921 0.000161184774632578 0 0
 493.073065148 5.06011881674648e-005 0 0
 496.463265285 0.000161599653830487 0 0
 499.8534268 0.000294363921508718 0 0
 503.243538161 0.000195565647633155 0 0
 506.633587836 0.000162127730302449 0 0
 510.023564293 0.000106417113178253 0 0
 513.413456 8.30196873591919e-005 0 0
 516.803251425 0.000192782033290084 0 0
 520.192939036 0.000192181898631278 0 0
 523.582507301 0.000158976638211601 0 0
 526.971944688 7.54100353499901e-005 0 0
 530.361239665 5.64405143082889e-005 0 0
 533.7503807 0.000157927392699155 0 0
 537.139356261 7.5441533605657e-005 0 0
 540.528154816 9.51414163730155e-005 0 0
 543.916764833 7.62887213207619e-005 0 0
 547.30517478 9.12562717372571e-005 0 0
 550.693373125 0.00013757758335264 0 0
 554.081348336 0.000132332017830688 0 0
 557.469088881 0.000115679447836346 0 0
 560.856583228 0.00016112723275209 0 0
 564.243819845 9.23123612802746e-005 0 0
 567.6307872 9.56170642746709e-005 0 0
 571.017473761 0.000151666484407841 0 0
 574.403867996 9.92686220560688e-005 0 0
 577.789958373 6.85120100406012e-005 0 0
 581.17573336 9.1666244219513e-005 0 0
 584.561181425 9.98475901512038e-005 0 0
 587.946291036 0.000192902680183295 0 0
 591.331050661 0.00012636017883451 0 0
 594.715448768 0.000112786297067463 0 0
 598.099473825 0.000110661380617008 0 0
 601.4831143 0.000121436911802916 0 0
 604.866358661 0.000141312240397258 0 0
 608.249195376 4.06411799086125e-005 0 0
 611.631612913 0.000158773374449367 0 0
 615.01359974 0.000158782795427265 0 0
 618.395144325 0.000143437779245339 0 0
 621.776235136 0.000182677242393221 0 0
 625.156860641 4.15447415123905e-005 0 0
 628.537009308 6.59594864842565e-005 0 0
 631.916669605 0.000105260895870301 0 0
 635.29583 0.000136814229533929 0 0
 638.674478961 6.98626113973325e-005 0 0
 642.052604956 1.88869153883713e-005 0 0
 645.430196453 5.54410505430917e-005 0 0
 648.80724192 9.25333153644319e-005 0 0
 652.183729825 0.000123009509995402 0 0
 655.559648636 3.06126742991714e-005 0 0
 658.934986821 0.000202298352462055 0 0
 662.309732848 0.000155482798275281 0 0
 665.683875185 0.000198744988085421 0 0
 669.0574023 0.000113290302946925 0 0
 672.430302661 4.82306470924389e-005 0 0
 675.802564736 0.000137459678850316 0 0
 679.174176993 1.61749901686434e-005 0 0
 682.5451279 0.000127121860484282 0 0
 685.915405925 9.17061021047289e-005 0 0
 689.284999536 4.46854020386481e-005 0 0
 692.653897201 -5.82002862035329e-005 0 0
 696.022087388 0.000114285288679851 0 0
 699.389558565 4.55876598563673e-005 0 0
 702.7562992 3.45398290372243e-005 0 0
 706.122297761 0.00025410597279747 0 0
 709.487542716 4.41547173567178e-005 0 0
 712.852022533 0.00025471903603251 0 0
 716.21572568 0.000173187944295393 0 0
 719.578640625 6.04449612123702e-005 0 0
 722.940755836 0.000232335194812609 0 0
 726.302059781 4.60533297639542e-005 0 0
 729.662540928 -5.19207028599733e-005 0 0
 733.022187745 0.000191524776421865 0 0
 736.3809887 0.000140264886485371 0 0
 739.738932261 8.50700900859736e-005 0 0
 743.096006896 5.61583905468234e-005 0 0
 746.452201073 3.9018193190741e-005 0 0
 749.80750326 -0.000717969100324735 0 0
 753.161901925 -8.58471523794779e-005 0 0
 756.515385536 0.00014825814558163 0 0
 759.867942561 3.33370574122017e-005 0 0
 763.219561468 3.08292091060382e-005 0 0
 766.570230725 0.000183975374135421 0 0
 769.9199388 4.52115462102372e-005 0 0
 773.268674161 1.11403683997738e-005 0 0
 776.616425276 0.00015625273052826 0 0
 779.963180613 2.52296909881716e-005 0 0
 783.30892864 8.67500244530488e-005 0 0
 786.653657825 -0.000104828818696298 0 0
 789.997356636 -4.57706726408431e-005 0 0
 793.340013541 1.72526375083406e-005 0 0
 796.681617008 0.000387022218433572 0 0
 800.022155505 -4.30776595949686e-005 0 0
 803.3616175 -7.14951831525267e-005 0 0
 806.699991461 0.000236263741339418 0 0
 810.037265856 7.22526404879439e-005 0 0
 813.373429153 -8.56880483899009e-006 0 0
 816.70846982 -1.38232668836977e-005 0 0
 820.042376325 0.000138192474665673 0 0
 823.375137136 0.000195516866940714 0 0
 826.706740721 7.11218476965198e-005 0 0
 830.037175548 -7.04395755991956e-005 0 0
 833.366430085 -3.9518990936575e-005 0 0
 836.6944928 9.88191648577645e-005 0 0
 840.021352161 -2.64849008742403e-005 0 0
 843.346996636 4.21688391362587e-005 0 0
 846.671414693 -0.000137950774613376 0 0
 849.9945948 0.000238372081422672 0 0
 853.316525425 0.000314149899802533 0 0
 856.637195036 -0.000289963862202217 0 0
 859.956592101 0.000155679180529249 0 0
 863.274705088 -2.87870361539217e-005 0 0
 866.591522465 -0.000143528595911373 0 0
 869.9070327 0.000268257191073224 0 0
 873.221224261 -6.86353746467269e-005 0 0
 876.534085616 9.98006556260809e-005 0 0
 879.845605233 -0.000275546643802371 0 0
 883.15577158 0.000461473654166751 0 0
 886.464573125 0.000366432041992335 0 0
 889.771998336 8.32556696547996e-005 0 0
 893.078035681 0.000311332794367259 0 0
 896.382673628 -0.000363725525561554 0 0
 899.685900645 8.78264540733429e-005 0 0
 902.9877052 -0.000189537720702688 0 0
 906.288075761 -0.000552505007228695 0 0
 909.587000796 -0.000555212682783879 0 0
 912.884468773 0.000514927518864056 0 0
 916.18046816 0.000245060214456971 0 0
 919.474987425 -0.000193277343921891 0 0
 922.768015036 8.56081226178334e-006 0 0
 926.059539461 0.000365361287411568 0 0
 929.349549168 -0.00113446958900353 0 0
 932.638032625 2.46945694566034e-005 0 0
 935.9249783 -2.2254234888084e-005 0 0
 939.210374661 0.0012709779660568 0 0
 942.494210176 0.000807537864831203 0 0
 945.776473313 -0.000782700824986675 0 0
 949.05715254 0.000912526338355507 0 0
 952.336236325 -0.000893517378903973 0 0
 955.613713136 0 0 0
 958.889571441 0 0 0
 962.163799708 0 0 0
 965.436386405 0 0 0
 968.70732 0 0 0
 971.976588961 0 0 0
 975.244181756 0 0 0
 978.510086853 0 0 0
 981.77429272 0 0 0
 985.036787825 0 0 0
 988.297560636 0 0 0
 991.556599621 0 0 0
 994.813893248 0 0 0
 998.069429985 0 0 0
 1001.3231983 0 0 0
 1004.575186661 0 0 0
 1007.825383536 0 0 0
 1011.073777393 0 0 0
 1014.3203567 0 0 0
 1017.565109925 0 0 0
 1020.808025536 0 0 0
 1024.049092001 0 0 0
 1027.288297788 0 0 0
 1030.525631365 0 0 0
 1033.7610812 0 0 0
 1036.994635761 0 0 0
 1040.226283516 0 0 0
 1043.456012933 0 0 0
 1046.68381248 0 0 0
 1049.909670625 0 0 0
 1053.133575836 0 0 0
 1056.355516581 0 0 0
 1059.575481328 0 0 0
 1062.793458545 0 0 0
 1066.0094367 0 0 0
 1069.223404261 0 0 0
 1072.435349696 0 0 0
 1075.645261473 0 0 0
 1078.85312806 0 0 0
 1082.058937925 0 0 0
 1085.262679536 0 0 0
 1088.464341361 0 0 0
 1091.663911868 0 0 0
 1094.861379525 0 0 0
 1098.0567328 0 0 0
 1101.249960161 0 0 0
 1104.441050076 0 0 0
 1107.629991013 0 0 0
 1110.81677144 0 0 0
 1114.001379825 0 0 0
 1117.183804636 0 0 0
 1120.364034341 0 0 0
 1123.542057408 0 0 0
 1126.717862305 0 0 0
 1129.8914375 0 0 0
 1133.062771461 0 0 0
 1136.231852656 0 0 0
 1139.398669553 0 0 0
 1142.56321062 0 0 0
 1145.725464325 0 0 0
 1148.885419136 0 0 0
[END] of [DATA]
[END] of [Spectrum]


#TBID:2021-12-02 01:00:00;SAM_84DC;RAW;

[Spectrum]
Version            = 1
IDData             = 96B1_2021-12-02_01-00-00_000_489
IDDevice           = SAM_84DC
IDDataType         = SPECTRUM
IDDataTypeSub1     = RAW
IDDataTypeSub2     = 
IDDataTypeSub3     = 
DateTime           = 2021-12-02 01:00:00
PositionLatitude   = 0
PositionLongitude  = 0
Comment            = 
CommentSub1        = 
CommentSub2        = 
CommentSub3        = 
IDMethodType       = SAM Control
MethodName         = SAM_84DC
Mission            = No Mission
MissionSub         = 1
RecordType         = 0
[Attributes]
CalFactor = 1
IDBasisSpec = 
IDDataBack = DLAB_2015-08-21_13-19-54_137_939
IDDataCal = DLAB_2015-08-24_10-46-55_592_608
IntegrationTime = 4096
P31 = -1
P31e = 0
PathLength = +INF
PathLengthCustomOn = 0
RAWDynamic = 65535
Salinity = 0
Temperature = -NAN
Unit1 = $05 $00 Pixel 
Unit2 = $03 $05 Intensity counts
Unit3 = $f0 $05 Error counts
Unit4 = $f1 $00 Status 
p999 = 948
[END] of [Attributes]
[DATA]
 0 11 0 0
 1 1253 0 0
 2 1238 0 0
 3 1256 0 0
 4 1261 0 0
 5 1258 0 0
 6 1246 0 0
 7 1257 0 0
 8 1256 0 0
 9 1258 0 0
 10 1250 0 0
 11 1254 0 0
 12 1256 0 0
 13 1255 0 0
 14 1261 0 0
 15 1257 0 0
 16 1255 0 0
 17 1256 0 0
 18 1260 0 0
 19 1260 0 0
 20 1254 0 0
 21 1251 0 0
 22 1254 0 0
 23 1264 0 0
 24 1259 0 0
 25 1258 0 0
 26 1256 0 0
 27 1255 0 0
 28 1252 0 0
 29 1256 0 0
 30 1258 0 0
 31 1260 0 0
 32 1255 0 0
 33 1255 0 0
 34 1259 0 0
 35 1258 0 0
 36 1258 0 0
 37 1261 0 0
 38 1257 0 0
 39 1260 0 0
 40 1262 0 0
 41 1260 0 0
 42 1256 0 0
 43 1263 0 0
 44 1262 0 0
 45 1265 0 0
 46 1260 0 0
 47 1264 0 0
 48 1258 0 0
 49 1259 0 0
 50 1258 0 0
 51 1262 0 0
 52 1259 0 0
 53 1258 0 0
 54 1257 0 0
 55 1267 0 0
 56 1258 0 0
 57 1269 0 0
 58 1259 0 0
 59 1265 0 0
 60 1265 0 0
 61 1263 0 0
 62 1257 0 0
 63 1257 0 0
 64 1262 0 0
 65 1267 0 0
 66 1259 0 0
 67 1266 0 0
 68 1266 0 0
 69 1266 0 0
 70 1268 0 0
 71 1265 0 0
 72 1261 0 0
 73 1266 0 0
 74 1272 0 0
 75 1266 0 0
 76 1270 0 0
 77 1264 0 0
 78 1264 0 0
 79 1268 0 0
 80 1269 0 0
 81 1267 0 0
 82 1268 0 0
 83 1266 0 0
 84 1270 0 0
 85 1275 0 0
 86 1265 0 0
 87 1270 0 0
 88 1263 0 0
 89 1274 0 0
 90 1265 0 0
 91 1267 0 0
 92 1263 0 0
 93 1266 0 0
 94 1269 0 0
 95 1271 0 0
 96 1264 0 0
 97 1268 0 0
 98 1262 0 0
 99 1269 0 0
 100 1268 0 0
 101 1268 0 0
 102 1264 0 0
 103 1265 0 0
 104 1268 0 0
 105 1271 0 0
 106 1264 0 0
 107 1268 0 0
 108 1267 0 0
 109 1272 0 0
 110 1264 0 0
 111 1269 0 0
 112 1270 0 0
 113 1259 0 0
 114 1264 0 0
 115 1268 0 0
 116 1263 0 0
 117 1264 0 0
 118 1261 0 0
 119 1268 0 0
 120 1262 0 0
 121 1262 0 0
 122 1266 0 0
 123 1267 0 0
 124 1270 0 0
 125 1266 0 0
 126 1269 0 0
 127 1270 0 0
 128 1268 0 0
 129 1268 0 0
 130 1271 0 0
 131 1262 0 0
 132 1268 0 0
 133 1267 0 0
 134 1270 0 0
 135 1274 0 0
 136 1264 0 0
 137 1268 0 0
 138 1266 0 0
 139 1267 0 0
 140 1263 0 0
 141 1273 0 0
 142 1266 0 0
 143 1270 0 0
 144 1269 0 0
 145 1266 0 0
 146 1263 0 0
 147 1266 0 0
 148 1268 0 0
 149 1265 0 0
 150 1268 0 0
 151 1276 0 0
 152 1270 0 0
 153 1270 0 0
 154 1267 0 0
 155 1265 0 0
 156 1265 0 0
 157 1267 0 0
 158 1265 0 0
 159 1270 0 0
 160 1271 0 0
 161 1267 0 0
 162 1263 0 0
 163 1268 0 0
 164 1264 0 0
 165 1269 0 0
 166 1271 0 0
 167 1269 0 0
 168 1267 0 0
 169 1270 0 0
 170 1274 0 0
 171 1275 0 0
 172 1265 0 0
 173 1271 0 0
 174 1274 0 0
 175 1271 0 0
 176 1272 0 0
 177 1266 0 0
 178 1270 0 0
 179 1269 0 0
 180 1269 0 0
 181 1268 0 0
 182 1267 0 0
 183 1273 0 0
 184 1268 0 0
 185 1273 0 0
 186 1269 0 0
 187 1269 0 0
 188 1270 0 0
 189 1271 0 0
 190 1273 0 0
 191 1274 0 0
 192 1275 0 0
 193 1270 0 0
 194 1275 0 0
 195 1266 0 0
 196 1270 0 0
 197 1273 0 0
 198 1268 0 0
 199 1276 0 0
 200 1269 0 0
 201 1269 0 0
 202 1268 0 0
 203 1279 0 0
 204 1275 0 0
 205 1272 0 0
 206 1272 0 0
 207 1273 0 0
 208 1275 0 0
 209 1278 0 0
 210 1270 0 0
 211 1278 0 0
 212 1272 0 0
 213 1270 0 0
 214 1278 0 0
 215 1278 0 0
 216 1277 0 0
 217 1278 0 0
 218 1274 0 0
 219 1274 0 0
 220 1272 0 0
 221 1275 0 0
 222 1270 0 0
 223 1278 0 0
 224 1270 0 0
 225 1279 0 0
 226 1274 0 0
 227 1268 0 0
 228 1276 0 0
 229 1276 0 0
 230 1274 0 0
 231 1274 0 0
 232 1273 0 0
 233 1272 0 0
 234 1274 0 0
 235 1280 0 0
 236 1271 0 0
 237 1273 0 0
 238 1280 0 0
 239 1271 0 0
 240 1272 0 0
 241 1275 0 0
 242 1269 0 0
 243 1279 0 0
 244 1275 0 0
 245 1278 0 0
 246 1278 0 0
 247 1279 0 0
 248 1279 0 0
 249 1278 0 0
 250 1276 0 0
 251 1272 0 0
 252 1274 0 0
 253 1279 0 0
 254 1280 0 0
 255 1343 0 0
[END] of [DATA]
[END] of [Spectrum]


#TBID:2021-12-02 01:00:00;SAM_84DC;CALIBRATED;

[Spectrum]
Version            = 1
IDData             = 96B1_2021-12-02_01-00-00_000_490
IDDevice           = SAM_84DC
IDDataType         = SPECTRUM
IDDataTypeSub1     = CALIBRATED
IDDataTypeSub2     = 
IDDataTypeSub3     = 
DateTime           = 2021-12-02 01:00:00
PositionLatitude   = 0
PositionLongitude  = 0
Comment            = 
CommentSub1        = 
CommentSub2        = 
CommentSub3        = 
IDMethodType       = SAM Control
MethodName         = SAM_84DC
Mission            = No Mission
MissionSub         = 1
RecordType         = 0
[Attributes]
CalFactor = 1
IDBasisSpec = 
IDDataBack = DLAB_2015-08-21_13-19-54_137_939
IDDataCal = DLAB_2015-08-24_10-46-55_592_608
IntegrationTime = 4096
P31 = -1
P31e = 0
PathLength = +INF
PathLengthCustomOn = 0
RAWDynamic = 65535
Salinity = 0
Temperature = -NAN
Unit1 = $01 $01 Wavelength nm
Unit2 = $03 $03 Intensity mW/(m^2 nm Sr)
Unit3 = $f0 $03 Error mW/(m^2 nm Sr)
Unit4 = $f1 $00 Status 
p999 = 948
[END] of [Attributes]
[DATA]
 0 11 0 0
 305.71650776488 0 0 0
 309.04007505697 0 0 0
 312.36416914304 0 0 0
 315.68877841375 0 0 0
 319.01389125976 -0.000230889962699763 0 0
 322.33949607173 -0.000429902427456948 0 0
 325.66558124032 -0.000420425385714057 0 0
 328.99213515619 -0.000340042290347419 0 0
 332.31914621 -0.000386158523537247 0 0
 335.64660279241 -0.000505894481935874 0 0
 338.97449329408 -0.000423043965798308 0 0
 342.30280610567 -0.000177793981061084 0 0
 345.63152961784 -0.000199069381041226 0 0
 348.96065222125 -0.00026836409082271 0 0
 352.29016230656 -5.22615862874221e-005 0 0
 355.62004826443 -0.000243442920963926 0 0
 358.95029848552 -0.000307386077808875 0 0
 362.28090136049 -9.3835400899402e-005 0 0
 365.61184528 -0.000134441568298196 0 0
 368.94311863471 -0.000198419058787039 0 0
 372.27470981528 -0.000205764383313418 0 0
 375.60660721237 -0.000323561546668686 0 0
 378.93879921664 -0.000122508673076968 0 0
 382.27127421875 -0.00020290924557284 0 0
 385.60402060936 -8.50373558248952e-005 0 0
 388.93702677913 -0.000253903799281325 0 0
 392.27028111872 -0.000271972450007955 0 0
 395.60377201879 -0.000192075757410406 0 0
 398.93748787 -0.000104483936912176 0 0
 402.27141706301 -4.23757362873108e-005 0 0
 405.60554798848 -0.000167265137122552 0 0
 408.93986903707 -0.000198008759244825 0 0
 412.27436859944 -0.000119375807981581 0 0
 415.60903506625 -0.000142034574904167 0 0
 418.94385682816 -7.05157185877089e-005 0 0
 422.27882227583 -0.000193407961627386 0 0
 425.61391979992 -0.000126359523636843 0 0
 428.94913779109 -0.000129391180886905 0 0
 432.28446464 -5.31614396867092e-005 0 0
 435.61988873731 -0.000159352614076377 0 0
 438.95539847368 -0.000107596505012028 0 0
 442.29098223977 -0.000134994024492911 0 0
 445.62662842624 -8.96966690984194e-005 0 0
 448.96232542375 -0.000124738084000673 0 0
 452.29806162296 -8.21683331300664e-005 0 0
 455.63382541453 -0.000188392636639069 0 0
 458.96960518912 -0.000167495826086814 0 0
 462.30538933739 -0.000141696953921264 0 0
 465.64116625 -0.000141022660796386 0 0
 468.97692431761 -0.000133012845254975 0 0
 472.31265193088 -0.000110739215319939 0 0
 475.64833748047 -0.000160131690632586 0 0
 478.98396935704 -0.000138556124692139 0 0
 482.31953595125 -0.000154921899467568 0 0
 485.65502565376 -8.43222100806782e-005 0 0
 488.99042685523 -0.000172504866631549 0 0
 492.32572794632 -8.47837066103223e-005 0 0
 495.66091731769 -0.000208668780102992 0 0
 498.99598336 -0.000215172384729083 0 0
 502.33091446391 -0.00012537130360876 0 0
 505.66569902008 -0.000183631715075912 0 0
 509.00032541917 -0.000161848275320777 0 0
 512.33478205184 -0.000200449478496889 0 0
 515.66905730875 -0.000151611233271051 0 0
 519.00313958056 -4.96970285630017e-005 0 0
 522.33701725793 -4.90510564527294e-005 0 0
 525.67067873152 -9.69669922595833e-005 0 0
 529.00411239199 -0.000111257809439101 0 0
 532.33730663 -5.99248815131498e-005 0 0
 535.67024983621 -8.97935986009861e-005 0 0
 539.00293040128 -0.000152485926557063 0 0
 542.33533671587 -0.000118818955939675 0 0
 545.66745717064 -0.000114760006736493 0 0
 548.99928015625 -6.89633693873524e-005 0 0
 552.33079406336 -5.06582348309175e-005 0 0
 555.66198728263 -7.02885558695601e-005 0 0
 558.99284820472 -0.000124811899553982 0 0
 562.32336522029 -5.19809189224079e-005 0 0
 565.65352672 -0.00011962500574928 0 0
 568.98332109451 -3.65479622512753e-005 0 0
 572.31273673448 -0.000143088046176589 0 0
 575.64176203057 -4.87663421476802e-005 0 0
 578.97038537344 -0.000115073739801281 0 0
 582.29859515375 2.20824140178088e-005 0 0
 585.62637976216 -9.11862672110251e-005 0 0
 588.95372758933 -0.000146607227642798 0 0
 592.28062702592 -9.8881237895628e-005 0 0
 595.60706646259 -0.000131115601194065 0 0
 598.93303429 -7.6717924827729e-005 0 0
 602.25851889881 -6.33406842768228e-005 0 0
 605.58350867968 -0.000129131310304428 0 0
 608.90799202327 -0.000187128181185519 0 0
 612.23195732024 -0.000134470456396117 0 0
 615.55539296125 -0.000149770895359398 0 0
 618.87828733696 -0.000108440163299573 0 0
 622.20062883803 -0.000127282089033874 0 0
 625.52240585512 -0.000194561934689103 0 0
 628.84360677889 -0.000167742663024933 0 0
 632.16422 -0.000108647305551671 0 0
 635.48423390911 -0.000153281934365142 0 0
 638.80363689688 -8.66343419479417e-005 0 0
 642.12241735397 -0.000222046966711465 0 0
 645.44056367104 -0.000175363828013263 0 0
 648.75806423875 -0.000122304144365519 0 0
 652.07490744776 -0.000133288852605342 0 0
 655.39108168873 -0.000236261874423861 0 0
 658.70657535232 -0.000297744696740874 0 0
 662.02137682919 -0.000191528795604558 0 0
 665.33547451 -0.000112488191604866 0 0
 668.64885678541 -0.000200020680636819 0 0
 671.96151204608 -0.000164235855632335 0 0
 675.27342868267 -0.000124236702472527 0 0
 678.58459508584 -0.000208043693275934 0 0
 681.89499964625 -0.000260536585113233 0 0
 685.20463075456 -0.000233434385136561 0 0
 688.51347680143 -0.00022129656846241 0 0
 691.82152617752 -0.000197490612171316 0 0
 695.12876727349 -0.000213084664575116 0 0
 698.43518848 -0.000128656177451382 0 0
 701.74077818771 -8.19048725039554e-005 0 0
 705.04552478728 -0.000415379540731393 0 0
 708.34941666937 -0.000121519769178252 0 0
 711.65244222464 -0.000232162929113902 0 0
 714.95458984375 -0.000170136812617748 0 0
 718.25584791736 -0.000124928368833312 0 0
 721.55620483613 -0.000188986203398193 0 0
 724.85564899072 -0.000143115147222485 0 0
 728.15416877179 -0.000117065862774968 0 0
 731.45175257 -0.000102705359161838 0 0
 734.74838877601 -0.000191871411643398 0 0
 738.04406578048 -0.000241125292190175 0 0
 741.33877197407 -0.000191085661056048 0 0
 744.63249574744 -0.000175525189656923 0 0
 747.92522549125 -7.01136653442673e-005 0 0
 751.21694959616 -6.16241915342497e-005 0 0
 754.50765645283 -0.000127287909418458 0 0
 757.79733445192 -0.000179777288265103 0 0
 761.08597198409 -0.000108444119374855 0 0
 764.37355744 -0.000163899291507859 0 0
 767.66007921031 -0.000195290950793022 0 0
 770.94552568568 -0.000113033088199231 0 0
 774.22988525677 -0.000117054956045537 0 0
 777.51314631424 -0.000138381581985328 0 0
 780.79529724875 -0.000114020528566772 0 0
 784.07632645096 -7.91053575362896e-005 0 0
 787.35622231153 -0.000218701811887166 0 0
 790.63497322112 -0.000175800436012042 0 0
 793.91256757039 -0.000243038916187043 0 0
 797.18899375 -0.000293312069969559 0 0
 800.46424015061 -5.94351323435186e-005 0 0
 803.73829516288 1.42449057686562e-005 0 0
 807.01114717747 -0.000128941172121703 0 0
 810.28278458504 -0.00027304787388189 0 0
 813.55319577625 -0.000314928678883966 0 0
 816.82236914176 -0.000346664404580002 0 0
 820.09029307223 -0.000181038542981583 0 0
 823.35695595832 -0.000453150133502285 0 0
 826.62234619069 -0.000333480718172666 0 0
 829.88645216 -0.000272036480761207 0 0
 833.14926225691 -0.000208853399634913 0 0
 836.41076487208 -0.000114979988544074 0 0
 839.67094839617 -0.000143192907743178 0 0
 842.92980121984 -0.000107895791377766 0 0
 846.18731173375 -0.000436795413274519 0 0
 849.44346832856 -0.000295860513386449 0 0
 852.69825939493 -0.00050547270032197 0 0
 855.95167332352 -0.000492489580479068 0 0
 859.20369850499 -0.000518228360077783 0 0
 862.45432333 -0.000357396012054665 0 0
 865.70353618921 -1.50983103066306e-005 0 0
 868.95132547328 -0.000321817352162708 0 0
 872.19767957287 -7.91134103457748e-005 0 0
 875.44258687864 -0.000476262491037104 0 0
 878.68603578125 -3.06443587754302e-005 0 0
 881.92801467136 -2.34710132853622e-005 0 0
 885.16851193963 -0.00025260792946364 0 0
 888.40751597672 -0.000472927971178265 0 0
 891.64501517329 -0.000395224026191834 0 0
 894.88099792 7.56461609580757e-005 0 0
 898.11545260751 -6.10578223814008e-005 0 0
 901.34836762648 -0.000117474306416185 0 0
 904.57973136757 -0.000614106893257942 0 0
 907.80953222144 -2.33469032100392e-005 0 0
 911.03775857875 -0.000438379276499886 0 0
 914.26439883016 3.31073900077042e-005 0 0
 917.48944136633 -0.000677647600656218 0 0
 920.71287457792 -0.000690926891774201 0 0
 923.93468685559 0.000253391669969305 0 0
 927.15486659 0.000531408408605179 0 0
 930.37340217181 0.000553907632625996 0 0
 933.59028199168 0.000310148825172833 0 0
 936.80549444027 -0.00108727037639155 0 0
 940.01902790824 -0.00089513949619035 0 0
 943.23087078625 0.000579110217002535 0 0
 946.44101146496 -0.000449147942602343 0 0
 949.64943833503 -0.00169742362902648 0 0
 952.85613978712 -0.000206244561391403 0 0
 956.06110421189 0 0 0
 959.26432 0 0 0
 962.46577554211 0 0 0
 965.66545922888 0 0 0
 968.86335945097 0 0 0
 972.05946459904 0 0 0
 975.25376306375 0 0 0
 978.44624323576 0 0 0
 981.63689350573 0 0 0
 984.82570226432 0 0 0
 988.01265790219 0 0 0
 991.19774881 0 0 0
 994.38096337841 0 0 0
 997.56228999808 0 0 0
 1000.74171705967 0 0 0
 1003.91923295384 0 0 0
 1007.09482607125 0 0 0
 1010.26848480256 0 0 0
 1013.44019753843 0 0 0
 1016.60995266952 0 0 0
 1019.77773858649 0 0 0
 1022.94354368 0 0 0
 1026.10735634071 0 0 0
 1029.26916495928 0 0 0
 1032.42895792637 0 0 0
 1035.58672363264 0 0 0
 1038.74245046875 0 0 0
 1041.89612682536 0 0 0
 1045.04774109313 0 0 0
 1048.19728166272 0 0 0
 1051.34473692479 0 0 0
 1054.49009527 0 0 0
 1057.63334508901 0 0 0
 1060.77447477248 0 0 0
 1063.91347271107 0 0 0
 1067.05032729544 0 0 0
 1070.18502691625 0 0 0
 1073.31755996416 0 0 0
 1076.44791482983 0 0 0
 1079.57607990392 0 0 0
 1082.70204357709 0 0 0
 1085.82579424 0 0 0
 1088.94732028331 0 0 0
 1092.06661009768 0 0 0
 1095.18365207377 0 0 0
 1098.29843460224 0 0 0
 1101.41094607375 0 0 0
 1104.52117487896 0 0 0
 1107.62910940853 0 0 0
 1110.73473805312 0 0 0
 1113.83804920339 0 0 0
 1116.93903125 0 0 0
 1120.03767258361 0 0 0
 1123.13396159488 0 0 0
 1126.22788667447 0 0 0
 1129.31943621304 0 0 0
 1132.40859860125 0 0 0
 1135.49536222976 0 0 0
[END] of [DATA]
[END] of [Spectrum]


#TBID:2021-12-02 01:00:00;SAM_84CE;RAW;

[Spectrum]
Version            = 1
IDData             = 96B1_2021-12-02_01-00-00_000_492
IDDevice           = SAM_84CE
IDDataType         = SPECTRUM
IDDataTypeSub1     = RAW
IDDataTypeSub2     = 
IDDataTypeSub3     = 
DateTime           = 2021-12-02 01:00:00
PositionLatitude   = 0
PositionLongitude  = 0
Comment            = 
CommentSub1        = 
CommentSub2        = 
CommentSub3        = 
IDMethodType       = SAM Control
MethodName         = SAM_84CE
Mission            = No Mission
MissionSub         = 1
RecordType         = 0
[Attributes]
CalFactor = 1
IDBasisSpec = 
IDDataBack = DLAB_2015-08-21_11-56-43_233_004
IDDataCal = DLAB_2015-08-26_10-05-37_585_478
IntegrationTime = 4096
P31 = -1
P31e = 0
PathLength = +INF
PathLengthCustomOn = 0
RAWDynamic = 65535
Salinity = 0
Temperature = -NAN
Unit1 = $05 $00 Pixel 
Unit2 = $03 $05 Intensity counts
Unit3 = $f0 $05 Error counts
Unit4 = $f1 $00 Status 
p999 = 948
[END] of [Attributes]
[DATA]
 0 11 0 0
 1 1473 0 0
 2 1465 0 0
 3 1471 0 0
 4 1476 0 0
 5 1472 0 0
 6 1471 0 0
 7 1465 0 0
 8 1468 0 0
 9 1470 0 0
 10 1461 0 0
 11 1467 0 0
 12 1466 0 0
 13 1460 0 0
 14 1460 0 0
 15 1462 0 0
 16 1458 0 0
 17 1456 0 0
 18 1461 0 0
 19 1461 0 0
 20 1460 0 0
 21 1453 0 0
 22 1449 0 0
 23 1455 0 0
 24 1454 0 0
 25 1452 0 0
 26 1457 0 0
 27 1451 0 0
 28 1446 0 0
 29 1447 0 0
 30 1448 0 0
 31 1444 0 0
 32 1439 0 0
 33 1441 0 0
 34 1438 0 0
 35 1440 0 0
 36 1437 0 0
 37 1436 0 0
 38 1438 0 0
 39 1431 0 0
 40 1434 0 0
 41 1437 0 0
 42 1428 0 0
 43 1428 0 0
 44 1426 0 0
 45 1424 0 0
 46 1429 0 0
 47 1426 0 0
 48 1420 0 0
 49 1416 0 0
 50 1421 0 0
 51 1417 0 0
 52 1416 0 0
 53 1414 0 0
 54 1411 0 0
 55 1411 0 0
 56 1409 0 0
 57 1405 0 0
 58 1407 0 0
 59 1403 0 0
 60 1400 0 0
 61 1402 0 0
 62 1403 0 0
 63 1401 0 0
 64 1398 0 0
 65 1404 0 0
 66 1398 0 0
 67 1392 0 0
 68 1393 0 0
 69 1388 0 0
 70 1388 0 0
 71 1384 0 0
 72 1390 0 0
 73 1384 0 0
 74 1380 0 0
 75 1379 0 0
 76 1385 0 0
 77 1384 0 0
 78 1374 0 0
 79 1380 0 0
 80 1376 0 0
 81 1376 0 0
 82 1374 0 0
 83 1369 0 0
 84 1366 0 0
 85 1366 0 0
 86 1365 0 0
 87 1368 0 0
 88 1362 0 0
 89 1363 0 0
 90 1367 0 0
 91 1363 0 0
 92 1362 0 0
 93 1359 0 0
 94 1355 0 0
 95 1354 0 0
 96 1352 0 0
 97 1349 0 0
 98 1350 0 0
 99 1349 0 0
 100 1340 0 0
 101 1348 0 0
 102 1340 0 0
 103 1340 0 0
 104 1343 0 0
 105 1341 0 0
 106 1340 0 0
 107 1336 0 0
 108 1332 0 0
 109 1335 0 0
 110 1325 0 0
 111 1329 0 0
 112 1332 0 0
 113 1329 0 0
 114 1328 0 0
 115 1321 0 0
 116 1320 0 0
 117 1320 0 0
 118 1320 0 0
 119 1320 0 0
 120 1311 0 0
 121 1310 0 0
 122 1316 0 0
 123 1308 0 0
 124 1307 0 0
 125 1303 0 0
 126 1308 0 0
 127 1309 0 0
 128 1302 0 0
 129 1300 0 0
 130 1299 0 0
 131 1302 0 0
 132 1301 0 0
 133 1295 0 0
 134 1298 0 0
 135 1296 0 0
 136 1290 0 0
 137 1293 0 0
 138 1281 0 0
 139 1292 0 0
 140 1282 0 0
 141 1276 0 0
 142 1284 0 0
 143 1284 0 0
 144 1280 0 0
 145 1284 0 0
 146 1282 0 0
 147 1272 0 0
 148 1272 0 0
 149 1271 0 0
 150 1269 0 0
 151 1267 0 0
 152 1266 0 0
 153 1268 0 0
 154 1264 0 0
 155 1266 0 0
 156 1265 0 0
 157 1263 0 0
 158 1256 0 0
 159 1261 0 0
 160 1256 0 0
 161 1260 0 0
 162 1254 0 0
 163 1256 0 0
 164 1254 0 0
 165 1245 0 0
 166 1250 0 0
 167 1249 0 0
 168 1243 0 0
 169 1244 0 0
 170 1244 0 0
 171 1244 0 0
 172 1246 0 0
 173 1237 0 0
 174 1238 0 0
 175 1234 0 0
 176 1234 0 0
 177 1236 0 0
 178 1227 0 0
 179 1233 0 0
 180 1230 0 0
 181 1227 0 0
 182 1225 0 0
 183 1220 0 0
 184 1222 0 0
 185 1216 0 0
 186 1222 0 0
 187 1216 0 0
 188 1214 0 0
 189 1216 0 0
 190 1213 0 0
 191 1211 0 0
 192 1209 0 0
 193 1213 0 0
 194 1207 0 0
 195 1212 0 0
 196 1204 0 0
 197 1210 0 0
 198 1204 0 0
 199 1199 0 0
 200 1200 0 0
 201 1198 0 0
 202 1194 0 0
 203 1197 0 0
 204 1190 0 0
 205 1193 0 0
 206 1192 0 0
 207 1191 0 0
 208 1185 0 0
 209 1185 0 0
 210 1183 0 0
 211 1179 0 0
 212 1179 0 0
 213 1179 0 0
 214 1175 0 0
 215 1183 0 0
 216 1174 0 0
 217 1172 0 0
 218 1169 0 0
 219 1164 0 0
 220 1166 0 0
 221 1167 0 0
 222 1164 0 0
 223 1166 0 0
 224 1156 0 0
 225 1159 0 0
 226 1156 0 0
 227 1147 0 0
 228 1147 0 0
 229 1154 0 0
 230 1144 0 0
 231 1141 0 0
 232 1140 0 0
 233 1140 0 0
 234 1132 0 0
 235 1137 0 0
 236 1124 0 0
 237 1126 0 0
 238 1122 0 0
 239 1123 0 0
 240 1121 0 0
 241 1115 0 0
 242 1109 0 0
 243 1115 0 0
 244 1114 0 0
 245 1106 0 0
 246 1105 0 0
 247 1105 0 0
 248 1099 0 0
 249 1105 0 0
 250 1093 0 0
 251 1097 0 0
 252 1090 0 0
 253 1087 0 0
 254 1089 0 0
 255 1134 0 0
[END] of [DATA]
[END] of [Spectrum]


#TBID:2021-12-02 01:00:00;SAM_84CE;CALIBRATED;

[Spectrum]
Version            = 1
IDData             = 96B1_2021-12-02_01-00-00_000_493
IDDevice           = SAM_84CE
IDDataType         = SPECTRUM
IDDataTypeSub1     = CALIBRATED
IDDataTypeSub2     = 
IDDataTypeSub3     = 
DateTime           = 2021-12-02 01:00:00
PositionLatitude   = 0
PositionLongitude  = 0
Comment            = 
CommentSub1        = 
CommentSub2        = 
CommentSub3        = 
IDMethodType       = SAM Control
MethodName         = SAM_84CE
Mission            = No Mission
MissionSub         = 1
RecordType         = 0
[Attributes]
CalFactor = 1
IDBasisSpec = 
IDDataBack = DLAB_2015-08-21_11-56-43_233_004
IDDataCal = DLAB_2015-08-26_10-05-37_585_478
IntegrationTime = 4096
P31 = -1
P31e = 0
PathLength = +INF
PathLengthCustomOn = 0
RAWDynamic = 65535
Salinity = 0
Temperature = -NAN
Unit1 = $01 $01 Wavelength nm
Unit2 = $03 $06 Intensity mW/(m^2 nm)
Unit3 = $f0 $06 Error mW/(m^2 nm)
Unit4 = $f1 $00 Status 
p999 = 948
[END] of [Attributes]
[DATA]
 0 11 0 0
 303.485180022 0 0 0
 306.85638880275 0 0 0
 310.228324544 0 0 0
 313.60097308125 0 0 0
 316.97432025 0.17419842741669 0 0
 320.34835188575 0.162687323434572 0 0
 323.723053824 0.146588083255119 0 0
 327.09841190025 0.142534809379351 0 0
 330.47441195 0.131526142476209 0 0
 333.85103980875 0.125796403598159 0 0
 337.228281312 0.118775463253603 0 0
 340.60612229525 0.10999921918338 0 0
 343.984548594 0.100715159954322 0 0
 347.36354604375 0.0908157478869738 0 0
 350.74310048 0.0851655027140659 0 0
 354.12319773825 0.0770020775645592 0 0
 357.503823654 0.0721634617016035 0 0
 360.88496406275 0.0685087262884648 0 0
 364.2666048 0.0682422373950623 0 0
 367.64873170125 0.0660775758717424 0 0
 371.031330602 0.0664874694848744 0 0
 374.41438733775 0.0681356569850557 0 0
 377.797887744 0.0687128858606863 0 0
 381.18181765625 0.0717925651612157 0 0
 384.56616291 0.0724184107188817 0 0
 387.95090934075 0.0726782927582079 0 0
 391.336042784 0.070517366595424 0 0
 394.72154907525 0.0709237796360921 0 0
 398.10741405 0.068588325789876 0 0
 401.49362354375 0.0662506434997231 0 0
 404.880163392 0.0611274182838003 0 0
 408.26701943025 0.0577878896988439 0 0
 411.654177494 0.0553249549029257 0 0
 415.04162341875 0.0520075820792549 0 0
 418.42934304 0.0494367609575931 0 0
 421.81732219325 0.0448828897974062 0 0
 425.205546714 0.0434912674768429 0 0
 428.59400243775 0.0402305242616633 0 0
 431.9826752 0.0381429773187795 0 0
 435.37155083625 0.0371583575730024 0 0
 438.760615182 0.0368521006490438 0 0
 442.14985407275 0.0352816573438937 0 0
 445.539253344 0.035476860708146 0 0
 448.92879883125 0.0364102571932453 0 0
 452.31847637 0.0370297459428737 0 0
 455.70827179575 0.037288816070676 0 0
 459.098170944 0.0376022137930119 0 0
 462.48815965025 0.0386251029906619 0 0
 465.87822375 0.0390529380339501 0 0
 469.26834907875 0.0400723218843895 0 0
 472.658521472 0.0409973029832048 0 0
 476.04872676525 0.0413868674311363 0 0
 479.438950794 0.0406987524067837 0 0
 482.82917939375 0.0405033340421437 0 0
 486.2193984 0.0422067638264775 0 0
 489.60959364825 0.0425225023038716 0 0
 492.999750974 0.0422399392465905 0 0
 496.38985621275 0.0419435968365571 0 0
 499.7798952 0.0416741703719394 0 0
 503.16985377125 0.0415478398335288 0 0
 506.559717762 0.0406729301622692 0 0
 509.94947300775 0.0391098112109148 0 0
 513.339105344 0.0384999076198475 0 0
 516.72860060625 0.0372698713339713 0 0
 520.11794463 0.0373533858059852 0 0
 523.50712325075 0.0344665175727301 0 0
 526.896122304 0.0336030605752951 0 0
 530.28492762525 0.0326908191727614 0 0
 533.67352505 0.0324698909217185 0 0
 537.06190041375 0.0327093855367096 0 0
 540.450039552 0.0311597432058493 0 0
 543.83792830025 0.0311640913973189 0 0
 547.225552494 0.0302657827269998 0 0
 550.61289796875 0.0303659754900887 0 0
 553.99995056 0.0302032438047707 0 0
 557.38669610325 0.0302263475664771 0 0
 560.773120434 0.0315702431935756 0 0
 564.15920938775 0.0313302510839027 0 0
 567.5449488 0.0317919104811674 0 0
 570.93032450625 0.0317811947609109 0 0
 574.315322342 0.0323093150107587 0 0
 577.69992814275 0.0333787136229549 0 0
 581.084127744 0.0337632343140467 0 0
 584.46790698125 0.0340229235265929 0 0
 587.85125169 0.0346845647866191 0 0
 591.23414770575 0.0351168160372797 0 0
 594.616580864 0.036079453299921 0 0
 597.99853700025 0.0362718564109635 0 0
 601.38000195 0.0369924118157155 0 0
 604.76096154875 0.0369878722965615 0 0
 608.141401632 0.0370585801551722 0 0
 611.52130803525 0.0375387548530787 0 0
 614.900666594 0.0367104899373283 0 0
 618.27946314375 0.0377404576219054 0 0
 621.65768352 0.0388283116345172 0 0
 625.03531355825 0.0395473098621178 0 0
 628.412339094 0.0393165993742628 0 0
 631.78874596275 0.0403399179696276 0 0
 635.16452 0.0418371145354854 0 0
 638.53964704125 0.0417439015258904 0 0
 641.914112922 0.0451459837964053 0 0
 645.28790347775 0.0441440680929489 0 0
 648.661004544 0.04479892742576 0 0
 652.03340195625 0.0469419310958113 0 0
 655.40508155 0.0462340687212785 0 0
 658.77602916075 0.0471974669974113 0 0
 662.146230624 0.047438572985852 0 0
 665.51567177525 0.0469238925069928 0 0
 668.88433845 0.0458329284383201 0 0
 672.25221648375 0.0456034326549541 0 0
 675.619291712 0.0444172305307057 0 0
 678.98554997025 0.046256385903177 0 0
 682.350977094 0.0463708615542182 0 0
 685.71555891875 0.0450569465719395 0 0
 689.07928128 0.0443748333813794 0 0
 692.44213001325 0.0452471001857946 0 0
 695.804090954 0.0443186081056374 0 0
 699.16514993775 0.0454297167165361 0 0
 702.5252928 0.0456924941470388 0 0
 705.88450537625 0.0438717736297492 0 0
 709.242773502 0.0447617673552449 0 0
 712.60008301275 0.045456280368544 0 0
 715.956419744 0.0448226905990689 0 0
 719.31176953125 0.0445320835934503 0 0
 722.66611821 0.0440285801009708 0 0
 726.01945161575 0.0434745304648149 0 0
 729.371755584 0.0457963254989982 0 0
 732.72301595025 0.0437201603233981 0 0
 736.07321855 0.0439372491210482 0 0
 739.42234921875 0.0448566462200593 0 0
 742.770393792 0.0432467919700728 0 0
 746.11733810525 0.0457464174711638 0 0
 749.463167994 0.0448383306976786 0 0
 752.80786929375 0.0460662926371439 0 0
 756.15142784 0.0459074495587223 0 0
 759.49382946825 0.0454737833996777 0 0
 762.835060014 0.0453885929344603 0 0
 766.17510531275 0.0462183233379918 0 0
 769.5139512 0.0467992533392207 0 0
 772.85158351125 0.0473411775368814 0 0
 776.187988082 0.0452915137268767 0 0
 779.52315074775 0.049154211995401 0 0
 782.857057344 0.049867794434749 0 0
 786.18969370625 0.0498684241236722 0 0
 789.52104567 0.0499966776005654 0 0
 792.85109907075 0.0522449634543369 0 0
 796.179839744 0.0543158214943126 0 0
 799.50725352525 0.053537467453497 0 0
 802.83332625 0.0565971161258256 0 0
 806.15804375375 0.0583014541358047 0 0
 809.481391872 0.0600810716387882 0 0
 812.80335644025 0.0616184606857235 0 0
 816.123923294 0.0625202351858493 0 0
 819.44307826875 0.0641521341441787 0 0
 822.7608072 0.0675489914161642 0 0
 826.07709592325 0.0702333313691078 0 0
 829.391930274 0.0707646055353999 0 0
 832.70529608775 0.0733449087689291 0 0
 836.0171792 0.0757366703218695 0 0
 839.32756544625 0.0759935285393458 0 0
 842.636440662 0.0807361738528019 0 0
 845.94379068275 0.0823958081615522 0 0
 849.249601344 0.0880744954219134 0 0
 852.55385848125 0.0906774637396418 0 0
 855.85654793 0.0911444243399143 0 0
 859.15765552575 0.0995339983837743 0 0
 862.457167104 0.101830288551455 0 0
 865.75506850025 0.102346768881071 0 0
 869.05134555 0.104596974331742 0 0
 872.34598408875 0.108280731498613 0 0
 875.638969952 0.111555027301956 0 0
 878.93028897525 0.120275172536279 0 0
 882.219926994 0.117499162801746 0 0
 885.50786984375 0.126348254528301 0 0
 888.79410336 0.122112274725209 0 0
 892.07861337825 0.126744625276962 0 0
 895.361385734 0.133124113909141 0 0
 898.64240626275 0.125257368936615 0 0
 901.9216608 0.138503715357138 0 0
 905.19913518125 0.139213409355464 0 0
 908.474815242 0.143326539098088 0 0
 911.74868681775 0.148672866721755 0 0
 915.020735744 0.159144623808947 0 0
 918.29094785625 0.167003951623502 0 0
 921.55930899 0.157970729043503 0 0
 924.82580498075 0.169896567325487 0 0
 928.090421664 0.166506765881189 0 0
 931.35314487525 0.181306823006693 0 0
 934.61396045 0.193738313938377 0 0
 937.87285422375 0.197382503720814 0 0
 941.129812032 0.197561042172055 0 0
 944.38481971025 0.211015401907059 0 0
 947.637863094 0.228030364647377 0 0
 950.88892801875 0.228608326716624 0 0
 954.13800032 0 0 0
 957.38506583325 0 0 0
 960.630110394 0 0 0
 963.87311983775 0 0 0
 967.11408 0 0 0
 970.35297671625 0 0 0
 973.589795822 0 0 0
 976.82452315275 0 0 0
 980.057144544 0 0 0
 983.28764583125 0 0 0
 986.51601285 0 0 0
 989.74223143575 0 0 0
 992.966287424 0 0 0
 996.18816665025 0 0 0
 999.40785495 0 0 0
 1002.62533815875 0 0 0
 1005.840602112 0 0 0
 1009.05363264525 0 0 0
 1012.264415594 0 0 0
 1015.47293679375 0 0 0
 1018.67918208 0 0 0
 1021.88313728825 0 0 0
 1025.084788254 0 0 0
 1028.28412081275 0 0 0
 1031.4811208 0 0 0
 1034.67577405125 0 0 0
 1037.868066402 0 0 0
 1041.05798368775 0 0 0
 1044.245511744 0 0 0
 1047.43063640625 0 0 0
 1050.61334351 0 0 0
 1053.79361889075 0 0 0
 1056.971448384 0 0 0
 1060.14681782525 0 0 0
 1063.31971305 0 0 0
 1066.49011989375 0 0 0
 1069.658024192 0 0 0
 1072.82341178025 0 0 0
 1075.986268494 0 0 0
 1079.14658016875 0 0 0
 1082.30433264 0 0 0
 1085.45951174325 0 0 0
 1088.612103314 0 0 0
 1091.76209318775 0 0 0
 1094.9094672 0 0 0
 1098.05421118625 0 0 0
 1101.196310982 0 0 0
 1104.33575242275 0 0 0
 1107.472521344 0 0 0
 1110.60660358125 0 0 0
 1113.73798497 0 0 0
 1116.86665134575 0 0 0
 1119.992588544 0 0 0
 1123.11578240025 0 0 0
 1126.23621875 0 0 0
 1129.35388342875 0 0 0
 1132.468762272 0 0 0
 1135.58084111525 0 0 0
 1138.690105794 0 0 0
 1141.79654214375 0 0 0
 1144.900136 0 0 0
[END] of [DATA]
[END] of [Spectrum]


#TBID:2021-12-02 01:00:00;SAM_84C8;RAW;

[Spectrum]
Version            = 1
IDData             = 96B1_2021-12-02_01-00-00_000_495
IDDevice           = SAM_84C8
IDDataType         = SPECTRUM
IDDataTypeSub1     = RAW
IDDataTypeSub2     = 
IDDataTypeSub3     = 
DateTime           = 2021-12-02 01:00:00
PositionLatitude   = 0
PositionLongitude  = 0
Comment            = 
CommentSub1        = 
CommentSub2        = 
CommentSub3        = 
IDMethodType       = SAM Control
MethodName         = SAM_84C8
Mission            = No Mission
MissionSub         = 1
RecordType         = 0
[Attributes]
CalFactor = 1
IDBasisSpec = 
IDDataBack = DLAB_2015-08-21_12-14-03_013_778
IDDataCal = DLAB_2015-08-24_11-04-47_772_747
IntegrationTime = 4096
P31 = -1
P31e = 0
PathLength = +INF
PathLengthCustomOn = 0
RAWDynamic = 65535
Salinity = 0
Temperature = -NAN
Unit1 = $05 $00 Pixel 
Unit2 = $03 $05 Intensity counts
Unit3 = $f0 $05 Error counts
Unit4 = $f1 $00 Status 
p999 = 948
[END] of [Attributes]
[DATA]
 0 11 0 0
 1 1200 0 0
 2 1194 0 0
 3 1195 0 0
 4 1205 0 0
 5 1201 0 0
 6 1195 0 0
 7 1196 0 0
 8 1199 0 0
 9 1198 0 0
 10 1194 0 0
 11 1196 0 0
 12 1200 0 0
 13 1191 0 0
 14 1198 0 0
 15 1200 0 0
 16 1196 0 0
 17 1198 0 0
 18 1197 0 0
 19 1199 0 0
 20 1197 0 0
 21 1198 0 0
 22 1200 0 0
 23 1204 0 0
 24 1204 0 0
 25 1200 0 0
 26 1196 0 0
 27 1201 0 0
 28 1200 0 0
 29 1199 0 0
 30 1205 0 0
 31 1203 0 0
 32 1202 0 0
 33 1200 0 0
 34 1196 0 0
 35 1196 0 0
 36 1205 0 0
 37 1206 0 0
 38 1202 0 0
 39 1193 0 0
 40 1201 0 0
 41 1201 0 0
 42 1196 0 0
 43 1200 0 0
 44 1200 0 0
 45 1199 0 0
 46 1203 0 0
 47 1202 0 0
 48 1203 0 0
 49 1205 0 0
 50 1197 0 0
 51 1202 0 0
 52 1204 0 0
 53 1198 0 0
 54 1196 0 0
 55 1199 0 0
 56 1203 0 0
 57 1204 0 0
 58 1200 0 0
 59 1194 0 0
 60 1203 0 0
 61 1198 0 0
 62 1202 0 0
 63 1194 0 0
 64 1194 0 0
 65 1194 0 0
 66 1205 0 0
 67 1200 0 0
 68 1200 0 0
 69 1198 0 0
 70 1203 0 0
 71 1200 0 0
 72 1206 0 0
 73 1198 0 0
 74 1203 0 0
 75 1205 0 0
 76 1203 0 0
 77 1201 0 0
 78 1201 0 0
 79 1202 0 0
 80 1204 0 0
 81 1204 0 0
 82 1203 0 0
 83 1204 0 0
 84 1205 0 0
 85 1203 0 0
 86 1203 0 0
 87 1203 0 0
 88 1196 0 0
 89 1200 0 0
 90 1205 0 0
 91 1200 0 0
 92 1198 0 0
 93 1199 0 0
 94 1204 0 0
 95 1200 0 0
 96 1203 0 0
 97 1201 0 0
 98 1198 0 0
 99 1205 0 0
 100 1204 0 0
 101 1208 0 0
 102 1200 0 0
 103 1201 0 0
 104 1202 0 0
 105 1206 0 0
 106 1199 0 0
 107 1204 0 0
 108 1200 0 0
 109 1203 0 0
 110 1203 0 0
 111 1207 0 0
 112 1203 0 0
 113 1205 0 0
 114 1198 0 0
 115 1205 0 0
 116 1200 0 0
 117 1200 0 0
 118 1194 0 0
 119 1200 0 0
 120 1199 0 0
 121 1202 0 0
 122 1194 0 0
 123 1200 0 0
 124 1198 0 0
 125 1204 0 0
 126 1198 0 0
 127 1203 0 0
 128 1201 0 0
 129 1207 0 0
 130 1196 0 0
 131 1201 0 0
 132 1202 0 0
 133 1229 0 0
 134 1204 0 0
 135 1200 0 0
 136 1201 0 0
 137 1204 0 0
 138 1194 0 0
 139 1206 0 0
 140 1198 0 0
 141 1196 0 0
 142 1197 0 0
 143 1200 0 0
 144 1205 0 0
 145 1202 0 0
 146 1194 0 0
 147 1200 0 0
 148 1199 0 0
 149 1200 0 0
 150 1197 0 0
 151 1204 0 0
 152 1202 0 0
 153 1202 0 0
 154 1196 0 0
 155 1196 0 0
 156 1196 0 0
 157 1201 0 0
 158 1196 0 0
 159 1195 0 0
 160 1186 0 0
 161 1198 0 0
 162 1202 0 0
 163 1197 0 0
 164 1185 0 0
 165 1196 0 0
 166 1196 0 0
 167 1198 0 0
 168 1196 0 0
 169 1200 0 0
 170 1196 0 0
 171 1194 0 0
 172 1200 0 0
 173 1190 0 0
 174 1194 0 0
 175 1198 0 0
 176 1195 0 0
 177 1191 0 0
 178 1192 0 0
 179 1196 0 0
 180 1194 0 0
 181 1195 0 0
 182 1198 0 0
 183 1195 0 0
 184 1191 0 0
 185 1191 0 0
 186 1191 0 0
 187 1196 0 0
 188 1189 0 0
 189 1195 0 0
 190 1191 0 0
 191 1194 0 0
 192 1194 0 0
 193 1188 0 0
 194 1190 0 0
 195 1197 0 0
 196 1188 0 0
 197 1191 0 0
 198 1195 0 0
 199 1190 0 0
 200 1184 0 0
 201 1192 0 0
 202 1184 0 0
 203 1188 0 0
 204 1190 0 0
 205 1188 0 0
 206 1193 0 0
 207 1190 0 0
 208 1188 0 0
 209 1192 0 0
 210 1188 0 0
 211 1192 0 0
 212 1189 0 0
 213 1187 0 0
 214 1184 0 0
 215 1190 0 0
 216 1189 0 0
 217 1188 0 0
 218 1193 0 0
 219 1186 0 0
 220 1184 0 0
 221 1190 0 0
 222 1191 0 0
 223 1188 0 0
 224 1184 0 0
 225 1188 0 0
 226 1187 0 0
 227 1188 0 0
 228 1189 0 0
 229 1186 0 0
 230 1182 0 0
 231 1188 0 0
 232 1182 0 0
 233 1181 0 0
 234 1184 0 0
 235 1182 0 0
 236 1186 0 0
 237 1180 0 0
 238 1185 0 0
 239 1182 0 0
 240 1184 0 0
 241 1190 0 0
 242 1188 0 0
 243 1181 0 0
 244 1188 0 0
 245 1186 0 0
 246 1181 0 0
 247 1186 0 0
 248 1185 0 0
 249 1191 0 0
 250 1185 0 0
 251 1186 0 0
 252 1188 0 0
 253 1190 0 0
 254 1186 0 0
 255 1240 0 0
[END] of [DATA]
[END] of [Spectrum]


#TBID:2021-12-02 01:00:00;SAM_84C8;CALIBRATED;

[Spectrum]
Version            = 1
IDData             = 96B1_2021-12-02_01-00-00_000_496
IDDevice           = SAM_84C8
IDDataType         = SPECTRUM
IDDataTypeSub1     = CALIBRATED
IDDataTypeSub2     = 
IDDataTypeSub3     = 
DateTime           = 2021-12-02 01:00:00
PositionLatitude   = 0
PositionLongitude  = 0
Comment            = 
CommentSub1        = 
CommentSub2        = 
CommentSub3        = 
IDMethodType       = SAM Control
MethodName         = SAM_84C8
Mission            = No Mission
MissionSub         = 1
RecordType         = 0
[Attributes]
CalFactor = 1
IDBasisSpec = 
IDDataBack = DLAB_2015-08-21_12-14-03_013_778
IDDataCal = DLAB_2015-08-24_11-04-47_772_747
IntegrationTime = 4096
P31 = -1
P31e = 0
PathLength = +INF
PathLengthCustomOn = 0
RAWDynamic = 65535
Salinity = 0
Temperature = -NAN
Unit1 = $01 $01 Wavelength nm
Unit2 = $03 $03 Intensity mW/(m^2 nm Sr)
Unit3 = $f0 $03 Error mW/(m^2 nm Sr)
Unit4 = $f1 $00 Status 
p999 = 948
[END] of [Attributes]
[DATA]
 0 11 0 0
 303.516048156 0 0 0
 306.890006053 0 0 0
 310.26457112 0 0 0
 313.639731825 0 0 0
 317.015476636 0.00100719315246311 0 0
 320.391794021 0.000549177771012738 0 0
 323.768672448 0.000719918472052213 0 0
 327.146100385 0.000854432029362134 0 0
 330.5240663 0.00073645323602059 0 0
 333.902558661 0.000777423540247177 0 0
 337.281565936 0.000522641428449437 0 0
 340.661076593 0.000493284236713079 0 0
 344.0410791 0.00043718651248503 0 0
 347.421561925 0.000571074653589968 0 0
 350.802513536 0.000499271307196031 0 0
 354.183922401 0.000372688151447013 0 0
 357.565776988 0.000338734232908034 0 0
 360.948065765 0.000332911207663142 0 0
 364.3307772 0.000350924234897547 0 0
 367.713899761 0.000378835245191457 0 0
 371.097421916 0.000353776839571791 0 0
 374.481332133 0.000368869942380401 0 0
 377.86561888 0.000447992355043976 0 0
 381.250270625 0.000424603673020338 0 0
 384.635275836 0.000420777045169727 0 0
 388.020622981 0.000492624671512892 0 0
 391.406300528 0.000492527800482615 0 0
 394.792296945 0.000388220764049128 0 0
 398.1786007 0.00040562164644482 0 0
 401.565200261 0.000437205973877432 0 0
 404.952084096 0.000437807631856014 0 0
 408.339240673 0.000398624313000171 0 0
 411.72665846 0.000415964067371767 0 0
 415.114325925 0.000320147051347796 0 0
 418.502231536 0.000325571774513657 0 0
 421.890363761 0.000354518344465669 0 0
 425.278711068 0.000201100861412858 0 0
 428.667261925 0.000269057248111475 0 0
 432.0560048 0.000236793385073149 0 0
 435.444928161 0.000288743529772138 0 0
 438.834020476 0.00024003402495302 0 0
 442.223270213 0.000218515884565408 0 0
 445.61266584 0.000222395699542493 0 0
 449.002195825 0.000283497363712805 0 0
 452.391848636 0.000175064617445788 0 0
 455.781612741 0.000273325531266557 0 0
 459.171476608 0.000291057611313229 0 0
 462.561428705 0.000268157971519211 0 0
 465.9514575 0.000252946655051367 0 0
 469.341551461 0.000270535404130864 0 0
 472.731699056 0.000260938666540362 0 0
 476.121888753 0.000298574040651825 0 0
 479.51210902 0.000255896117601747 0 0
 482.902348325 0.000373779542378675 0 0
 486.292595136 0.00026791517566062 0 0
 489.682837921 0.00030268936498481 0 0
 493.073065148 0.000265032796940979 0 0
 496.463265285 0.000305650176745695 0 0
 499.8534268 0.000295160221904958 0 0
 503.243538161 0.000381596840030204 0 0
 506.633587836 0.000261504233299502 0 0
 510.023564293 0.000148778674812334 0 0
 513.413456 0.000138105721289611 0 0
 516.803251425 0.000272975238015508 0 0
 520.192939036 0.000218665579839891 0 0
 523.582507301 0.000272430648658148 0 0
 526.971944688 0.000234605826526511 0 0
 530.361239665 0.000176308996816276 0 0
 533.7503807 0.000228811843746452 0 0
 537.139356261 0.000203124139114296 0 0
 540.528154816 0.000210310092301259 0 0
 543.916764833 0.000213721662920673 0 0
 547.30517478 0.000194357776398724 0 0
 550.693373125 0.000263715389275347 0 0
 554.081348336 0.000259031418097027 0 0
 557.469088881 0.000243310296099297 0 0
 560.856583228 0.00022012938379908 0 0
 564.243819845 0.000223131264653358 0 0
 567.6307872 0.000228557354129655 0 0
 571.017473761 0.000262587094986828 0 0
 574.403867996 0.000299724071198133 0 0
 577.789958373 0.00019664805548775 0 0
 581.17573336 0.000248578391090365 0 0
 584.561181425 0.000247026456333097 0 0
 587.946291036 0.000316312578827284 0 0
 591.331050661 0.000308645945368919 0 0
 594.715448768 0.000256653142764675 0 0
 598.099473825 0.000214119806223106 0 0
 601.4831143 0.000302724470121255 0 0
 604.866358661 0.000249855950758463 0 0
 608.249195376 0.000229222350780558 0 0
 611.631612913 0.000206947137979333 0 0
 615.01359974 0.000318071013792119 0 0
 618.395144325 0.000240073473126496 0 0
 621.776235136 0.000280272402400323 0 0
 625.156860641 0.000238511419611709 0 0
 628.537009308 0.000300486600569155 0 0
 631.916669605 0.000277692053010975 0 0
 635.29583 0.000438215751219586 0 0
 638.674478961 0.000253196944155775 0 0
 642.052604956 0.000263837759240265 0 0
 645.430196453 0.000248842171123454 0 0
 648.80724192 0.000369011115031477 0 0
 652.183729825 0.000384737251088636 0 0
 655.559648636 0.000316862918528843 0 0
 658.934986821 0.000368537590249113 0 0
 662.309732848 0.000427352499045073 0 0
 665.683875185 0.000451138513822475 0 0
 669.0574023 0.000471761917532908 0 0
 672.430302661 0.000260699233739931 0 0
 675.802564736 0.000202722683737669 0 0
 679.174176993 0.00036369200234716 0 0
 682.5451279 0.000412816103262724 0 0
 685.915405925 0.000291577011575456 0 0
 689.284999536 0.00031303788098567 0 0
 692.653897201 0.00014473131115958 0 0
 696.022087388 0.000386348914941386 0 0
 699.389558565 0.000274503313756162 0 0
 702.7562992 0.000219268718882157 0 0
 706.122297761 0.00046310509539043 0 0
 709.487542716 0.000393654139259894 0 0
 712.852022533 0.000349318835446943 0 0
 716.21572568 0.000431859199006715 0 0
 719.578640625 0.000413341581988533 0 0
 722.940755836 0.000444888959679695 0 0
 726.302059781 0.000305779095936451 0 0
 729.662540928 0.000208543216658373 0 0
 733.022187745 0.000452946984469347 0 0
 736.3809887 0.000474606358589063 0 0
 739.738932261 0.000374375393150444 0 0
 743.096006896 0.000324277495671813 0 0
 746.452201073 0.00038450110666504 0 0
 749.80750326 -0.000417473896978641 0 0
 753.161901925 0.000370293714347025 0 0
 756.515385536 0.00040585774580886 0 0
 759.867942561 0.000424555925114743 0 0
 763.219561468 0.00042754953769476 0 0
 766.570230725 0.000319190890190336 0 0
 769.9199388 0.000400059401922741 0 0
 773.268674161 0.000344291672453987 0 0
 776.616425276 0.000383191782438339 0 0
 779.963180613 0.00025700350632631 0 0
 783.30892864 0.000441992643979456 0 0
 786.653657825 0.000381336308595263 0 0
 789.997356636 0.000423488325022697 0 0
 793.340013541 0.000179932703699461 0 0
 796.681617008 0.000588621180493758 0 0
 800.022155505 0.000372472411450969 0 0
 803.3616175 0.000608370455633263 0 0
 806.699991461 0.000460092761518353 0 0
 810.037265856 0.00068706116471545 0 0
 813.373429153 0.000469652023873426 0 0
 816.70846982 0.000728464407255399 0 0
 820.042376325 0.000609078845875728 0 0
 823.375137136 0.000728027290164845 0 0
 826.706740721 0.000440689727541393 0 0
 830.037175548 0.000599873648135022 0 0
 833.366430085 0.00045925530758827 0 0
 836.6944928 0.000618431452996517 0 0
 840.021352161 -0.00013134059633414 0 0
 843.346996636 0.00077886451813902 0 0
 846.671414693 0.000870353195152416 0 0
 849.9945948 0.000737464756047553 0 0
 853.316525425 0.000382612541649141 0 0
 856.637195036 0.000461350738171527 0 0
 859.956592101 0.000657470806197569 0 0
 863.274705088 0.000570630958196942 0 0
 866.591522465 0.000637429244687684 0 0
 869.9070327 0.00132547553811286 0 0
 873.221224261 0.000610690394846029 0 0
 876.534085616 0.000893429187871475 0 0
 879.845605233 0.00118459377188197 0 0
 883.15577158 0.00141006055232047 0 0
 886.464573125 0.00125097486795194 0 0
 889.771998336 0.00059433636295084 0 0
 893.078035681 0.00125885062519335 0 0
 896.382673628 0.000725485190378538 0 0
 899.685900645 0.00121829146502194 0 0
 902.9877052 0.00110112656380945 0 0
 906.288075761 0.000547475929486004 0 0
 909.587000796 0.000972173399051012 0 0
 912.884468773 0.00144838174000586 0 0
 916.18046816 0.00122102691600598 0 0
 919.474987425 0.00155068479751766 0 0
 922.768015036 0.000625128358694169 0 0
 926.059539461 0.00132982604091924 0 0
 929.349549168 0.000716351614317756 0 0
 932.638032625 0.000913249700476492 0 0
 935.9249783 0.00202425528761284 0 0
 939.210374661 0.00264675168656324 0 0
 942.494210176 0.00184847900807002 0 0
 945.776473313 0.000961335810075095 0 0
 949.05715254 0.00251579683622126 0 0
 952.336236325 0.000542138001913765 0 0
 955.613713136 0 0 0
 958.889571441 0 0 0
 962.163799708 0 0 0
 965.436386405 0 0 0
 968.70732 0 0 0
 971.976588961 0 0 0
 975.244181756 0 0 0
 978.510086853 0 0 0
 981.77429272 0 0 0
 985.036787825 0 0 0
 988.297560636 0 0 0
 991.556599621 0 0 0
 994.813893248 0 0 0
 998.069429985 0 0 0
 1001.3231983 0 0 0
 1004.575186661 0 0 0
 1007.825383536 0 0 0
 1011.073777393 0 0 0
 1014.3203567 0 0 0
 1017.565109925 0 0 0
 1020.808025536 0 0 0
 1024.049092001 0 0 0
 1027.288297788 0 0 0
 1030.525631365 0 0 0
 1033.7610812 0 0 0
 1036.994635761 0 0 0
 1040.226283516 0 0 0
 1043.456012933 0 0 0
 1046.68381248 0 0 0
 1049.909670625 0 0 0
 1053.133575836 0 0 0
 1056.355516581 0 0 0
 1059.575481328 0 0 0
 1062.793458545 0 0 0
 1066.0094367 0 0 0
 1069.223404261 0 0 0
 1072.435349696 0 0 0
 1075.645261473 0 0 0
 1078.85312806 0 0 0
 1082.058937925 0 0 0
 1085.262679536 0 0 0
 1088.464341361 0 0 0
 1091.663911868 0 0 0
 1094.861379525 0 0 0
 1098.0567328 0 0 0
 1101.249960161 0 0 0
 1104.441050076 0 0 0
 1107.629991013 0 0 0
 1110.81677144 0 0 0
 1114.001379825 0 0 0
 1117.183804636 0 0 0
 1120.364034341 0 0 0
 1123.542057408 0 0 0
 1126.717862305 0 0 0
 1129.8914375 0 0 0
 1133.062771461 0 0 0
 1136.231852656 0 0 0
 1139.398669553 0 0 0
 1142.56321062 0 0 0
 1145.725464325 0 0 0
 1148.885419136 0 0 0
[END] of [DATA]
[END] of [Spectrum]

