
#TBID:2021-08-01 02:30:00;SAM_84CE;CALIBRATED;

[Spectrum]
Version            = 1
IDData             = 96B1_2021-08-01_02-30-00_000_416
IDDevice           = SAM_84CE
IDDataType         = SPECTRUM
IDDataTypeSub1     = CALIBRATED
IDDataTypeSub2     = 
IDDataTypeSub3     = 
DateTime           = 2021-08-01 02:30:00
PositionLatitude   = 0
PositionLongitude  = 0
Comment            = 
CommentSub1        = 
CommentSub2        = 
CommentSub3        = 
IDMethodType       = SAM Control
MethodName         = SAM_84CE
Mission            = No Mission
MissionSub         = 1
RecordType         = 0
[Attributes]
CalFactor = 1
IDBasisSpec = 
IDDataBack = DLAB_2015-08-21_11-56-43_233_004
IDDataCal = DLAB_2015-08-26_10-05-37_585_478
IntegrationTime = 4096
P31 = -1
P31e = 0
PathLength = +INF
PathLengthCustomOn = 0
RAWDynamic = 65535
Salinity = 0
Temperature = -NAN
Unit1 = $01 $01 Wavelength nm
Unit2 = $03 $06 Intensity mW/(m^2 nm)
Unit3 = $f0 $06 Error mW/(m^2 nm)
Unit4 = $f1 $00 Status 
p999 = 1040
[END] of [Attributes]
[DATA]
 0 11 0 0
 303.485180022 0 0 0
 306.85638880275 0 0 0
 310.228324544 0 0 0
 313.60097308125 0 0 0
 316.97432025 0.000526839000769266 0 0
 320.34835188575 -0.000209545096421933 0 0
 323.723053824 0.00145520835378495 0 0
 327.09841190025 0.00337505127188577 0 0
 330.47441195 0.000669314121656458 0 0
 333.85103980875 0.00194554188061173 0 0
 337.228281312 0.00288034355101985 0 0
 340.60612229525 0.0026647689038797 0 0
 343.984548594 0.00254480355524671 0 0
 347.36354604375 0.000436919915987345 0 0
 350.74310048 0.00279874902817975 0 0
 354.12319773825 0.00110971195719619 0 0
 357.503823654 0.00150628306936926 0 0
 360.88496406275 0.0018732404298192 0 0
 364.2666048 0.00186369111498498 0 0
 367.64873170125 0.00287222336628403 0 0
 371.031330602 0.00238549233830878 0 0
 374.41438733775 0.00270111953699738 0 0
 377.797887744 0.00251549557811677 0 0
 381.18181765625 0.00261704549868585 0 0
 384.56616291 0.00404238104875318 0 0
 387.95090934075 0.00369909099959428 0 0
 391.336042784 0.00213623723288723 0 0
 394.72154907525 0.00351635794894034 0 0
 398.10741405 0.00293519592921532 0 0
 401.49362354375 0.00327489093621251 0 0
 404.880163392 0.00218610589138911 0 0
 408.26701943025 0.00219077758971053 0 0
 411.654177494 0.00326357522368422 0 0
 415.04162341875 0.0030335277454444 0 0
 418.42934304 0.00245611748627218 0 0
 421.81732219325 0.00231384677409201 0 0
 425.205546714 0.00192462053840293 0 0
 428.59400243775 0.00198511804076772 0 0
 431.9826752 0.00175621962799237 0 0
 435.37155083625 0.00150883227481759 0 0
 438.760615182 0.00145496870401797 0 0
 442.14985407275 0.00184078008188456 0 0
 445.539253344 0.00150365062747778 0 0
 448.92879883125 0.00132605360014759 0 0
 452.31847637 0.00195192768399717 0 0
 455.70827179575 0.00189543156166041 0 0
 459.098170944 0.00168388096722964 0 0
 462.48815965025 0.00131433512687799 0 0
 465.87822375 0.00150413654493301 0 0
 469.26834907875 0.0013900899708125 0 0
 472.658521472 0.00190346892095792 0 0
 476.04872676525 0.00234664990397556 0 0
 479.438950794 0.00214314059021036 0 0
 482.82917939375 0.00126364245401514 0 0
 486.2193984 0.00209772904979442 0 0
 489.60959364825 0.00192046840012096 0 0
 492.999750974 0.002397137718943 0 0
 496.38985621275 0.00243372300539265 0 0
 499.7798952 0.00134671567907352 0 0
 503.16985377125 0.00165414989850786 0 0
 506.559717762 0.00195149020758246 0 0
 509.94947300775 0.00170437781383783 0 0
 513.339105344 0.00128271379069275 0 0
 516.72860060625 0.00153751076898274 0 0
 520.11794463 0.00165250549173401 0 0
 523.50712325075 0.00145485311030053 0 0
 526.896122304 0.00195719877146646 0 0
 530.28492762525 0.00145376708562454 0 0
 533.67352505 0.001149798676984 0 0
 537.06190041375 0.00116922138939574 0 0
 540.450039552 0.000865043238307212 0 0
 543.83792830025 0.00133722806311669 0 0
 547.225552494 0.00110993030928663 0 0
 550.61289796875 0.00143207628668161 0 0
 553.99995056 0.000674887571402225 0 0
 557.38669610325 0.00121194987724749 0 0
 560.773120434 0.00129464575782905 0 0
 564.15920938775 0.00157204802532264 0 0
 567.5449488 0.00161695462607348 0 0
 570.93032450625 0.00123542522792831 0 0
 574.315322342 0.00175411801603107 0 0
 577.69992814275 0.00121155189056977 0 0
 581.084127744 0.00226135165239101 0 0
 584.46790698125 0.00168172845887068 0 0
 587.85125169 0.00185245230417558 0 0
 591.23414770575 0.0016537534052183 0 0
 594.616580864 0.00137709471875247 0 0
 597.99853700025 0.0017485447856843 0 0
 601.38000195 0.00216322104920588 0 0
 604.76096154875 0.00111773029924178 0 0
 608.141401632 0.000908112822666374 0 0
 611.52130803525 0.00116708831684745 0 0
 614.900666594 0.0015859813805709 0 0
 618.27946314375 0.00113306478746761 0 0
 621.65768352 0.00199226306994922 0 0
 625.03531355825 0.00139802326130961 0 0
 628.412339094 0.0012833477270845 0 0
 631.78874596275 0.00186488565146062 0 0
 635.16452 0.000814433639393227 0 0
 638.53964704125 0.00101634906162814 0 0
 641.914112922 0.00196770329416912 0 0
 645.28790347775 0.00199317335726663 0 0
 648.661004544 0.00153142642378938 0 0
 652.03340195625 0.00150764529878031 0 0
 655.40508155 0.00173211794348238 0 0
 658.77602916075 0.00333615457371032 0 0
 662.146230624 0.00235317795434406 0 0
 665.51567177525 0.00198627570226095 0 0
 668.88433845 0.0019317994407269 0 0
 672.25221648375 0.00267284832042376 0 0
 675.619291712 0.00237216271584711 0 0
 678.98554997025 0.0027025965899527 0 0
 682.350977094 0.00215984076580621 0 0
 685.71555891875 0.00300846600636061 0 0
 689.07928128 0.00320579002557444 0 0
 692.44213001325 0.00222476130262114 0 0
 695.804090954 0.00252409912618173 0 0
 699.16514993775 0.00305448644376271 0 0
 702.5252928 0.00139700766971111 0 0
 705.88450537625 0.00271486666921413 0 0
 709.242773502 0.00267483303470436 0 0
 712.60008301275 0.0029488287586176 0 0
 715.956419744 0.00168239764374731 0 0
 719.31176953125 0.00234353697186422 0 0
 722.66611821 0.00241424956914516 0 0
 726.01945161575 0.00179519592962249 0 0
 729.371755584 0.00177356661292733 0 0
 732.72301595025 0.00151371802111269 0 0
 736.07321855 0.0027886404682829 0 0
 739.42234921875 0.00243980156502344 0 0
 742.770393792 0.0014992474001651 0 0
 746.11733810525 0.002989442315926 0 0
 749.463167994 0.00194795251447557 0 0
 752.80786929375 0.00280937996399639 0 0
 756.15142784 0.00277412130332484 0 0
 759.49382946825 0.00318378289986016 0 0
 762.835060014 0.00248766063990284 0 0
 766.17510531275 0.00366221669334976 0 0
 769.5139512 0.00252420971049538 0 0
 772.85158351125 0.0028489650426324 0 0
 776.187988082 0.00234315579716361 0 0
 779.52315074775 0.00450195773431137 0 0
 782.857057344 0.00358665114359323 0 0
 786.18969370625 0.00197281995956324 0 0
 789.52104567 0.00185984169602281 0 0
 792.85109907075 0.00437716514475777 0 0
 796.179839744 0.00233044962829545 0 0
 799.50725352525 0.00229703052607107 0 0
 802.83332625 0.00383026690308451 0 0
 806.15804375375 0.00500996915241243 0 0
 809.481391872 0.00412147039425143 0 0
 812.80335644025 0.00470846103737931 0 0
 816.123923294 0.0058053268291941 0 0
 819.44307826875 0.00490320479846534 0 0
 822.7608072 0.00405063214362114 0 0
 826.07709592325 0.00511166508354839 0 0
 829.391930274 0.00351247749730604 0 0
 832.70529608775 0.00520078296455971 0 0
 836.0171792 0.00227840147835754 0 0
 839.32756544625 0.00493876784849379 0 0
 842.636440662 0.00525435650582044 0 0
 845.94379068275 0.00499810350375175 0 0
 849.249601344 0.00695600557238686 0 0
 852.55385848125 0.00502090536409755 0 0
 855.85654793 0.0103465981822044 0 0
 859.15765552575 0.0073762818686555 0 0
 862.457167104 0.00389491389454759 0 0
 865.75506850025 0.00757239475119945 0 0
 869.05134555 0.011032042346347 0 0
 872.34598408875 0.00268921929308108 0 0
 875.638969952 0.00766131683437119 0 0
 878.93028897525 0.00712812920422127 0 0
 882.219926994 0.00645041219460083 0 0
 885.50786984375 0.014246987683014 0 0
 888.79410336 0.00784016612864304 0 0
 892.07861337825 0.0065696104329174 0 0
 895.361385734 0.00446717174151139 0 0
 898.64240626275 0.00680069277755908 0 0
 901.9216608 0.0121746589347848 0 0
 905.19913518125 0.008999008179954 0 0
 908.474815242 0.00645242313076077 0 0
 911.74868681775 0.018388649866137 0 0
 915.020735744 0.0150974400655146 0 0
 918.29094785625 0.0121585907336475 0 0
 921.55930899 0.0100305770730104 0 0
 924.82580498075 0.00113746560677048 0 0
 928.090421664 0.0146775822367466 0 0
 931.35314487525 0.0166636535145029 0 0
 934.61396045 0.0221913968977819 0 0
 937.87285422375 0.0168925005494002 0 0
 941.129812032 0.00946704834128518 0 0
 944.38481971025 0.0191635525390011 0 0
 947.637863094 0.021130532650087 0 0
 950.88892801875 0.0233987875924128 0 0
 954.13800032 0 0 0
 957.38506583325 0 0 0
 960.630110394 0 0 0
 963.87311983775 0 0 0
 967.11408 0 0 0
 970.35297671625 0 0 0
 973.589795822 0 0 0
 976.82452315275 0 0 0
 980.057144544 0 0 0
 983.28764583125 0 0 0
 986.51601285 0 0 0
 989.74223143575 0 0 0
 992.966287424 0 0 0
 996.18816665025 0 0 0
 999.40785495 0 0 0
 1002.62533815875 0 0 0
 1005.840602112 0 0 0
 1009.05363264525 0 0 0
 1012.264415594 0 0 0
 1015.47293679375 0 0 0
 1018.67918208 0 0 0
 1021.88313728825 0 0 0
 1025.084788254 0 0 0
 1028.28412081275 0 0 0
 1031.4811208 0 0 0
 1034.67577405125 0 0 0
 1037.868066402 0 0 0
 1041.05798368775 0 0 0
 1044.245511744 0 0 0
 1047.43063640625 0 0 0
 1050.61334351 0 0 0
 1053.79361889075 0 0 0
 1056.971448384 0 0 0
 1060.14681782525 0 0 0
 1063.31971305 0 0 0
 1066.49011989375 0 0 0
 1069.658024192 0 0 0
 1072.82341178025 0 0 0
 1075.986268494 0 0 0
 1079.14658016875 0 0 0
 1082.30433264 0 0 0
 1085.45951174325 0 0 0
 1088.612103314 0 0 0
 1091.76209318775 0 0 0
 1094.9094672 0 0 0
 1098.05421118625 0 0 0
 1101.196310982 0 0 0
 1104.33575242275 0 0 0
 1107.472521344 0 0 0
 1110.60660358125 0 0 0
 1113.73798497 0 0 0
 1116.86665134575 0 0 0
 1119.992588544 0 0 0
 1123.11578240025 0 0 0
 1126.23621875 0 0 0
 1129.35388342875 0 0 0
 1132.468762272 0 0 0
 1135.58084111525 0 0 0
 1138.690105794 0 0 0
 1141.79654214375 0 0 0
 1144.900136 0 0 0
[END] of [DATA]
[END] of [Spectrum]


#TBID:2021-08-01 03:00:00;SAM_84CE;RAW;

[Spectrum]
Version            = 1
IDData             = 96B1_2021-08-01_03-00-00_000_419
IDDevice           = SAM_84CE
IDDataType         = SPECTRUM
IDDataTypeSub1     = RAW
IDDataTypeSub2     = 
IDDataTypeSub3     = 
DateTime           = 2021-08-01 03:00:00
PositionLatitude   = 0
PositionLongitude  = 0
Comment            = 
CommentSub1        = 
CommentSub2        = 
CommentSub3        = 
IDMethodType       = SAM Control
MethodName         = SAM_84CE
Mission            = No Mission
MissionSub         = 1
RecordType         = 0
[Attributes]
CalFactor = 1
IDBasisSpec = 
IDDataBack = DLAB_2015-08-21_11-56-43_233_004
IDDataCal = DLAB_2015-08-26_10-05-37_585_478
IntegrationTime = 4096
P31 = -1
P31e = 0
PathLength = +INF
PathLengthCustomOn = 0
RAWDynamic = 65535
Salinity = 0
Temperature = -NAN
Unit1 = $05 $00 Pixel 
Unit2 = $03 $05 Intensity counts
Unit3 = $f0 $05 Error counts
Unit4 = $f1 $00 Status 
p999 = 1041
[END] of [Attributes]
[DATA]
 0 11 0 0
 1 1514 0 0
 2 1516 0 0
 3 1508 0 0
 4 1521 0 0
 5 1526 0 0
 6 1524 0 0
 7 1524 0 0
 8 1528 0 0
 9 1533 0 0
 10 1524 0 0
 11 1533 0 0
 12 1538 0 0
 13 1533 0 0
 14 1538 0 0
 15 1527 0 0
 16 1533 0 0
 17 1532 0 0
 18 1536 0 0
 19 1530 0 0
 20 1546 0 0
 21 1542 0 0
 22 1538 0 0
 23 1552 0 0
 24 1545 0 0
 25 1543 0 0
 26 1550 0 0
 27 1550 0 0
 28 1540 0 0
 29 1542 0 0
 30 1544 0 0
 31 1548 0 0
 32 1548 0 0
 33 1545 0 0
 34 1539 0 0
 35 1540 0 0
 36 1548 0 0
 37 1536 0 0
 38 1546 0 0
 39 1546 0 0
 40 1546 0 0
 41 1546 0 0
 42 1543 0 0
 43 1542 0 0
 44 1538 0 0
 45 1538 0 0
 46 1547 0 0
 47 1548 0 0
 48 1544 0 0
 49 1543 0 0
 50 1546 0 0
 51 1539 0 0
 52 1538 0 0
 53 1540 0 0
 54 1549 0 0
 55 1540 0 0
 56 1537 0 0
 57 1542 0 0
 58 1543 0 0
 59 1535 0 0
 60 1540 0 0
 61 1543 0 0
 62 1544 0 0
 63 1540 0 0
 64 1543 0 0
 65 1548 0 0
 66 1546 0 0
 67 1537 0 0
 68 1539 0 0
 69 1537 0 0
 70 1534 0 0
 71 1538 0 0
 72 1542 0 0
 73 1541 0 0
 74 1543 0 0
 75 1543 0 0
 76 1551 0 0
 77 1544 0 0
 78 1543 0 0
 79 1547 0 0
 80 1545 0 0
 81 1551 0 0
 82 1542 0 0
 83 1537 0 0
 84 1542 0 0
 85 1537 0 0
 86 1545 0 0
 87 1546 0 0
 88 1541 0 0
 89 1542 0 0
 90 1540 0 0
 91 1542 0 0
 92 1539 0 0
 93 1546 0 0
 94 1538 0 0
 95 1538 0 0
 96 1540 0 0
 97 1548 0 0
 98 1549 0 0
 99 1545 0 0
 100 1546 0 0
 101 1545 0 0
 102 1548 0 0
 103 1546 0 0
 104 1543 0 0
 105 1545 0 0
 106 1544 0 0
 107 1545 0 0
 108 1542 0 0
 109 1557 0 0
 110 1548 0 0
 111 1552 0 0
 112 1547 0 0
 113 1544 0 0
 114 1551 0 0
 115 1545 0 0
 116 1539 0 0
 117 1550 0 0
 118 1551 0 0
 119 1551 0 0
 120 1550 0 0
 121 1542 0 0
 122 1547 0 0
 123 1546 0 0
 124 1546 0 0
 125 1544 0 0
 126 1550 0 0
 127 1540 0 0
 128 1548 0 0
 129 1546 0 0
 130 1546 0 0
 131 1550 0 0
 132 1548 0 0
 133 1548 0 0
 134 1549 0 0
 135 1544 0 0
 136 1549 0 0
 137 1549 0 0
 138 1537 0 0
 139 1548 0 0
 140 1538 0 0
 141 1546 0 0
 142 1548 0 0
 143 1545 0 0
 144 1543 0 0
 145 1555 0 0
 146 1548 0 0
 147 1541 0 0
 148 1544 0 0
 149 1541 0 0
 150 1542 0 0
 151 1543 0 0
 152 1543 0 0
 153 1548 0 0
 154 1547 0 0
 155 1542 0 0
 156 1546 0 0
 157 1541 0 0
 158 1542 0 0
 159 1549 0 0
 160 1545 0 0
 161 1549 0 0
 162 1546 0 0
 163 1545 0 0
 164 1548 0 0
 165 1544 0 0
 166 1547 0 0
 167 1546 0 0
 168 1545 0 0
 169 1549 0 0
 170 1546 0 0
 171 1552 0 0
 172 1550 0 0
 173 1550 0 0
 174 1546 0 0
 175 1549 0 0
 176 1546 0 0
 177 1548 0 0
 178 1552 0 0
 179 1546 0 0
 180 1543 0 0
 181 1544 0 0
 182 1543 0 0
 183 1538 0 0
 184 1541 0 0
 185 1542 0 0
 186 1550 0 0
 187 1546 0 0
 188 1545 0 0
 189 1546 0 0
 190 1540 0 0
 191 1547 0 0
 192 1544 0 0
 193 1546 0 0
 194 1546 0 0
 195 1541 0 0
 196 1540 0 0
 197 1544 0 0
 198 1550 0 0
 199 1546 0 0
 200 1546 0 0
 201 1544 0 0
 202 1539 0 0
 203 1542 0 0
 204 1544 0 0
 205 1546 0 0
 206 1547 0 0
 207 1543 0 0
 208 1543 0 0
 209 1545 0 0
 210 1540 0 0
 211 1538 0 0
 212 1541 0 0
 213 1549 0 0
 214 1541 0 0
 215 1548 0 0
 216 1549 0 0
 217 1540 0 0
 218 1544 0 0
 219 1543 0 0
 220 1534 0 0
 221 1540 0 0
 222 1548 0 0
 223 1545 0 0
 224 1541 0 0
 225 1542 0 0
 226 1545 0 0
 227 1547 0 0
 228 1542 0 0
 229 1550 0 0
 230 1548 0 0
 231 1543 0 0
 232 1549 0 0
 233 1550 0 0
 234 1548 0 0
 235 1551 0 0
 236 1539 0 0
 237 1542 0 0
 238 1545 0 0
 239 1543 0 0
 240 1543 0 0
 241 1546 0 0
 242 1536 0 0
 243 1548 0 0
 244 1545 0 0
 245 1542 0 0
 246 1537 0 0
 247 1541 0 0
 248 1531 0 0
 249 1538 0 0
 250 1523 0 0
 251 1530 0 0
 252 1522 0 0
 253 1523 0 0
 254 1522 0 0
 255 1563 0 0
[END] of [DATA]
[END] of [Spectrum]


#TBID:2021-08-01 03:00:00;SAM_84CE;CALIBRATED;

[Spectrum]
Version            = 1
IDData             = 96B1_2021-08-01_03-00-00_000_420
IDDevice           = SAM_84CE
IDDataType         = SPECTRUM
IDDataTypeSub1     = CALIBRATED
IDDataTypeSub2     = 
IDDataTypeSub3     = 
DateTime           = 2021-08-01 03:00:00
PositionLatitude   = 0
PositionLongitude  = 0
Comment            = 
CommentSub1        = 
CommentSub2        = 
CommentSub3        = 
IDMethodType       = SAM Control
MethodName         = SAM_84CE
Mission            = No Mission
MissionSub         = 1
RecordType         = 0
[Attributes]
CalFactor = 1
IDBasisSpec = 
IDDataBack = DLAB_2015-08-21_11-56-43_233_004
IDDataCal = DLAB_2015-08-26_10-05-37_585_478
IntegrationTime = 4096
P31 = -1
P31e = 0
PathLength = +INF
PathLengthCustomOn = 0
RAWDynamic = 65535
Salinity = 0
Temperature = -NAN
Unit1 = $01 $01 Wavelength nm
Unit2 = $03 $06 Intensity mW/(m^2 nm)
Unit3 = $f0 $06 Error mW/(m^2 nm)
Unit4 = $f1 $00 Status 
p999 = 1041
[END] of [Attributes]
[DATA]
 0 11 0 0
 303.485180022 0 0 0
 306.85638880275 0 0 0
 310.228324544 0 0 0
 313.60097308125 0 0 0
 316.97432025 -0.000454356414009893 0 0
 320.34835188575 0.00145460855173479 0 0
 323.723053824 0.00219082519138865 0 0
 327.09841190025 0.00295564271821654 0 0
 330.47441195 0.00204221250067608 0 0
 333.85103980875 -0.000152978573628865 0 0
 337.228281312 0.00188063210564948 0 0
 340.60612229525 0.00322846542990738 0 0
 343.984548594 0.00168122517661836 0 0
 347.36354604375 0.00142512953141521 0 0
 350.74310048 0.000688760336445121 0 0
 354.12319773825 0.00151163414265577 0 0
 357.503823654 0.00207858420470825 0 0
 360.88496406275 0.00185236465104144 0 0
 364.2666048 0.00184324177848467 0 0
 367.64873170125 0.00285178839942159 0 0
 371.031330602 0.00273884305539423 0 0
 374.41438733775 0.00248707132813881 0 0
 377.797887744 0.00269184560217954 0 0
 381.18181765625 0.00320194420152348 0 0
 384.56616291 0.00278630835942215 0 0
 387.95090934075 0.00326396323285666 0 0
 391.336042784 0.00293083866970287 0 0
 394.72154907525 0.00329256172819944 0 0
 398.10741405 0.00310905393612867 0 0
 401.49362354375 0.0032539199896379 0 0
 404.880163392 0.00234649041490585 0 0
 408.26701943025 0.0028567252022429 0 0
 411.654177494 0.00276160599812678 0 0
 415.04162341875 0.00210598883760706 0 0
 418.42934304 0.0024402830934608 0 0
 421.81732219325 0.00216495190517519 0 0
 425.205546714 0.00178409772928043 0 0
 428.59400243775 0.00161173192703512 0 0
 431.9826752 0.00197326344579705 0 0
 435.37155083625 0.00182999916939581 0 0
 438.760615182 0.00198634837156525 0 0
 442.14985407275 0.00139825059021991 0 0
 445.539253344 0.0013836887274754 0 0
 448.92879883125 0.00164212750639172 0 0
 452.31847637 0.00171583893198913 0 0
 455.70827179575 0.00153869478475167 0 0
 459.098170944 0.00131710003392477 0 0
 462.48815965025 0.0016635359780149 0 0
 465.87822375 0.00161404888006367 0 0
 469.26834907875 0.00175330341601039 0 0
 472.658521472 0.00176182459464542 0 0
 476.04872676525 0.001687380445 0 0
 479.438950794 0.00108543308829007 0 0
 482.82917939375 0.00191028905696555 0 0
 486.2193984 0.00181422024742946 0 0
 489.60959364825 0.00149753054695688 0 0
 492.999750974 0.00210775957329111 0 0
 496.38985621275 0.00159438617236288 0 0
 499.7798952 0.000920935614442978 0 0
 503.16985377125 0.00218244318179419 0 0
 506.559717762 0.00193658588119496 0 0
 509.94947300775 0.00103040604091751 0 0
 513.339105344 0.00101053261950184 0 0
 516.72860060625 0.00152356371177547 0 0
 520.11794463 0.00249284511948022 0 0
 523.50712325075 0.00108630183241056 0 0
 526.896122304 0.000792241884675023 0 0
 530.28492762525 0.000766276943650729 0 0
 533.67352505 0.00146876553885753 0 0
 537.06190041375 0.00181042917605 0 0
 540.450039552 0.00139274189174026 0 0
 543.83792830025 0.00132529254357518 0 0
 547.225552494 0.000990683469132374 0 0
 550.61289796875 0.00163549906850869 0 0
 553.99995056 0.00142091776148734 0 0
 557.38669610325 0.00141824212346951 0 0
 560.773120434 0.00172487146235649 0 0
 564.15920938775 0.00200930121887859 0 0
 567.5449488 0.00171868224800383 0 0
 570.93032450625 0.00133919005012102 0 0
 574.315322342 0.00197898310213944 0 0
 577.69992814275 0.00156266280788378 0 0
 581.084127744 0.00125406412094078 0 0
 584.46790698125 0.00179461221128854 0 0
 587.85125169 0.0010583598738614 0 0
 591.23414770575 0.00190491104969733 0 0
 594.616580864 0.00190494458852251 0 0
 597.99853700025 0.00159490298939911 0 0
 601.38000195 0.00172570766138071 0 0
 604.76096154875 0.000389241764196861 0 0
 608.141401632 0.00089208867934521 0 0
 611.52130803525 0.000713858827299385 0 0
 614.900666594 0.000980950274146287 0 0
 618.27946314375 0.000967495394277013 0 0
 621.65768352 0.00152000603707012 0 0
 625.03531355825 0.00184846897049264 0 0
 628.412339094 0.00207234493240077 0 0
 631.78874596275 0.00167874616274184 0 0
 635.16452 0.00131517997896992 0 0
 638.53964704125 0.00171203687824558 0 0
 641.914112922 0.00231525574139353 0 0
 645.28790347775 0.0023491421652679 0 0
 648.661004544 0.00170261337137381 0 0
 652.03340195625 0.00187809271295272 0 0
 655.40508155 0.00131207965993635 0 0
 658.77602916075 0.00170171056813083 0 0
 662.146230624 0.00253397151838015 0 0
 665.51567177525 0.00196354549649222 0 0
 668.88433845 0.00314176295444108 0 0
 672.25221648375 0.00306146383356911 0 0
 675.619291712 0.00193847309126386 0 0
 678.98554997025 0.00227024444943477 0 0
 682.350977094 0.00254527017780772 0 0
 685.71555891875 0.0029858592963791 0 0
 689.07928128 0.0023665312904974 0 0
 692.44213001325 0.00178949802318539 0 0
 695.804090954 0.00250084119130165 0 0
 699.16514993775 0.00324313521514954 0 0
 702.5252928 0.00308785688470585 0 0
 705.88450537625 0.00269088245769864 0 0
 709.242773502 0.00178142134803767 0 0
 712.60008301275 0.00205112572804264 0 0
 715.956419744 0.00275481170591347 0 0
 719.31176953125 0.00253919399967445 0 0
 722.66611821 0.00238974171841968 0 0
 726.01945161575 0.00199156499692608 0 0
 729.371755584 0.00174894538312525 0 0
 732.72301595025 0.00282416994965462 0 0
 736.07321855 0.00276374717811181 0 0
 739.42234921875 0.00354479929434347 0 0
 742.770393792 0.00170239846863177 0 0
 746.11733810525 0.00342678803051023 0 0
 749.463167994 0.00333067151916517 0 0
 752.80786929375 0.00349725747439504 0 0
 756.15142784 0.00202304344813132 0 0
 759.49382946825 0.00364641482295981 0 0
 762.835060014 0.00221159286451955 0 0
 766.17510531275 0.00237263770411815 0 0
 769.5139512 0.00223929951983431 0 0
 772.85158351125 0.00203790908570596 0 0
 776.187988082 0.00284495791730455 0 0
 779.52315074775 0.00420066047209076 0 0
 782.857057344 0.00300042332857189 0 0
 786.18969370625 0.00222673966354787 0 0
 789.52104567 0.00329773767687808 0 0
 792.85109907075 0.00252182412500661 0 0
 796.179839744 0.00386455852306727 0 0
 799.50725352525 0.00226092028158377 0 0
 802.83332625 0.00278241457809387 0 0
 806.15804375375 0.00357490005169514 0 0
 809.481391872 0.00444307729795562 0 0
 812.80335644025 0.00429153796303242 0 0
 816.123923294 0.00420467724170646 0 0
 819.44307826875 0.00485831924593066 0 0
 822.7608072 0.00316677219770291 0 0
 826.07709592325 0.00549843073335121 0 0
 829.391930274 0.00210510859964783 0 0
 832.70529608775 0.00561948727057728 0 0
 836.0171792 0.00615036665125231 0 0
 839.32756544625 0.00385700466489903 0 0
 842.636440662 0.00519473421723666 0 0
 845.94379068275 0.00493563562267194 0 0
 849.249601344 0.00512281936109806 0 0
 852.55385848125 0.00680541699692131 0 0
 855.85654793 0.00638592042937542 0 0
 859.15765552575 0.00933869024653672 0 0
 862.457167104 0.00737284487509948 0 0
 865.75506850025 0.00748991052654325 0 0
 869.05134555 0.00784428683671558 0 0
 872.34598408875 0.00502372551531212 0 0
 875.638969952 0.00924819291518774 0 0
 878.93028897525 0.0105215709493985 0 0
 882.219926994 0.011781556924835 0 0
 885.50786984375 0.0122693423069132 0 0
 888.79410336 0.0106457136484831 0 0
 892.07861337825 0.00846652338774435 0 0
 895.361385734 0.0105936927971127 0 0
 898.64240626275 0.0120814361929576 0 0
 901.9216608 0.0075650188089197 0 0
 905.19913518125 0.00303894603659721 0 0
 908.474815242 0.00631743879548712 0 0
 911.74868681775 0.00682663062137428 0 0
 915.020735744 0.0109733898151912 0 0
 918.29094785625 0.0133911906213278 0 0
 921.55930899 0.00695859577526233 0 0
 924.82580498075 0.0146924135359844 0 0
 928.090421664 0.00648023194608404 0 0
 931.35314487525 0.014790579913909 0 0
 934.61396045 0.0166703466941763 0 0
 937.87285422375 0.00548221299258654 0 0
 941.129812032 0.0131808670348077 0 0
 944.38481971025 0.0147928269538772 0 0
 947.637863094 0.0187275148568546 0 0
 950.88892801875 0.023147305314074 0 0
 954.13800032 0 0 0
 957.38506583325 0 0 0
 960.630110394 0 0 0
 963.87311983775 0 0 0
 967.11408 0 0 0
 970.35297671625 0 0 0
 973.589795822 0 0 0
 976.82452315275 0 0 0
 980.057144544 0 0 0
 983.28764583125 0 0 0
 986.51601285 0 0 0
 989.74223143575 0 0 0
 992.966287424 0 0 0
 996.18816665025 0 0 0
 999.40785495 0 0 0
 1002.62533815875 0 0 0
 1005.840602112 0 0 0
 1009.05363264525 0 0 0
 1012.264415594 0 0 0
 1015.47293679375 0 0 0
 1018.67918208 0 0 0
 1021.88313728825 0 0 0
 1025.084788254 0 0 0
 1028.28412081275 0 0 0
 1031.4811208 0 0 0
 1034.67577405125 0 0 0
 1037.868066402 0 0 0
 1041.05798368775 0 0 0
 1044.245511744 0 0 0
 1047.43063640625 0 0 0
 1050.61334351 0 0 0
 1053.79361889075 0 0 0
 1056.971448384 0 0 0
 1060.14681782525 0 0 0
 1063.31971305 0 0 0
 1066.49011989375 0 0 0
 1069.658024192 0 0 0
 1072.82341178025 0 0 0
 1075.986268494 0 0 0
 1079.14658016875 0 0 0
 1082.30433264 0 0 0
 1085.45951174325 0 0 0
 1088.612103314 0 0 0
 1091.76209318775 0 0 0
 1094.9094672 0 0 0
 1098.05421118625 0 0 0
 1101.196310982 0 0 0
 1104.33575242275 0 0 0
 1107.472521344 0 0 0
 1110.60660358125 0 0 0
 1113.73798497 0 0 0
 1116.86665134575 0 0 0
 1119.992588544 0 0 0
 1123.11578240025 0 0 0
 1126.23621875 0 0 0
 1129.35388342875 0 0 0
 1132.468762272 0 0 0
 1135.58084111525 0 0 0
 1138.690105794 0 0 0
 1141.79654214375 0 0 0
 1144.900136 0 0 0
[END] of [DATA]
[END] of [Spectrum]


#TBID:2021-08-01 03:00:00;SAM_84DC;RAW;

[Spectrum]
Version            = 1
IDData             = 96B1_2021-08-01_03-00-00_000_422
IDDevice           = SAM_84DC
IDDataType         = SPECTRUM
IDDataTypeSub1     = RAW
IDDataTypeSub2     = 
IDDataTypeSub3     = 
DateTime           = 2021-08-01 03:00:00
PositionLatitude   = 0
PositionLongitude  = 0
Comment            = 
CommentSub1        = 
CommentSub2        = 
CommentSub3        = 
IDMethodType       = SAM Control
MethodName         = SAM_84DC
Mission            = No Mission
MissionSub         = 1
RecordType         = 0
[Attributes]
CalFactor = 1
IDBasisSpec = 
IDDataBack = DLAB_2015-08-21_13-19-54_137_939
IDDataCal = DLAB_2015-08-24_10-46-55_592_608
IntegrationTime = 4096
P31 = -1
P31e = 0
PathLength = +INF
PathLengthCustomOn = 0
RAWDynamic = 65535
Salinity = 0
Temperature = -NAN
Unit1 = $05 $00 Pixel 
Unit2 = $03 $05 Intensity counts
Unit3 = $f0 $05 Error counts
Unit4 = $f1 $00 Status 
p999 = 1041
[END] of [Attributes]
[DATA]
 0 11 0 0
 1 1606 0 0
 2 1593 0 0
 3 1612 0 0
 4 1620 0 0
 5 1609 0 0
 6 1610 0 0
 7 1622 0 0
 8 1623 0 0
 9 1626 0 0
 10 1623 0 0
 11 1623 0 0
 12 1620 0 0
 13 1618 0 0
 14 1631 0 0
 15 1619 0 0
 16 1623 0 0
 17 1630 0 0
 18 1626 0 0
 19 1625 0 0
 20 1628 0 0
 21 1629 0 0
 22 1631 0 0
 23 1637 0 0
 24 1632 0 0
 25 1630 0 0
 26 1637 0 0
 27 1638 0 0
 28 1633 0 0
 29 1629 0 0
 30 1629 0 0
 31 1643 0 0
 32 1640 0 0
 33 1631 0 0
 34 1637 0 0
 35 1629 0 0
 36 1637 0 0
 37 1640 0 0
 38 1637 0 0
 39 1636 0 0
 40 1646 0 0
 41 1638 0 0
 42 1640 0 0
 43 1639 0 0
 44 1640 0 0
 45 1634 0 0
 46 1641 0 0
 47 1643 0 0
 48 1634 0 0
 49 1632 0 0
 50 1633 0 0
 51 1638 0 0
 52 1636 0 0
 53 1634 0 0
 54 1635 0 0
 55 1638 0 0
 56 1639 0 0
 57 1639 0 0
 58 1642 0 0
 59 1644 0 0
 60 1642 0 0
 61 1640 0 0
 62 1632 0 0
 63 1634 0 0
 64 1638 0 0
 65 1637 0 0
 66 1628 0 0
 67 1637 0 0
 68 1633 0 0
 69 1639 0 0
 70 1644 0 0
 71 1647 0 0
 72 1636 0 0
 73 1644 0 0
 74 1643 0 0
 75 1640 0 0
 76 1638 0 0
 77 1641 0 0
 78 1637 0 0
 79 1643 0 0
 80 1639 0 0
 81 1641 0 0
 82 1640 0 0
 83 1642 0 0
 84 1637 0 0
 85 1652 0 0
 86 1640 0 0
 87 1642 0 0
 88 1636 0 0
 89 1635 0 0
 90 1632 0 0
 91 1633 0 0
 92 1629 0 0
 93 1630 0 0
 94 1634 0 0
 95 1631 0 0
 96 1625 0 0
 97 1635 0 0
 98 1627 0 0
 99 1634 0 0
 100 1637 0 0
 101 1631 0 0
 102 1633 0 0
 103 1633 0 0
 104 1632 0 0
 105 1640 0 0
 106 1636 0 0
 107 1646 0 0
 108 1634 0 0
 109 1634 0 0
 110 1635 0 0
 111 1643 0 0
 112 1634 0 0
 113 1636 0 0
 114 1640 0 0
 115 1639 0 0
 116 1636 0 0
 117 1634 0 0
 118 1633 0 0
 119 1630 0 0
 120 1629 0 0
 121 1644 0 0
 122 1634 0 0
 123 1644 0 0
 124 1642 0 0
 125 1634 0 0
 126 1641 0 0
 127 1643 0 0
 128 1632 0 0
 129 1640 0 0
 130 1640 0 0
 131 1636 0 0
 132 1640 0 0
 133 1640 0 0
 134 1633 0 0
 135 1639 0 0
 136 1637 0 0
 137 1639 0 0
 138 1630 0 0
 139 1638 0 0
 140 1630 0 0
 141 1646 0 0
 142 1639 0 0
 143 1646 0 0
 144 1637 0 0
 145 1635 0 0
 146 1636 0 0
 147 1636 0 0
 148 1635 0 0
 149 1642 0 0
 150 1638 0 0
 151 1644 0 0
 152 1635 0 0
 153 1644 0 0
 154 1638 0 0
 155 1642 0 0
 156 1636 0 0
 157 1646 0 0
 158 1638 0 0
 159 1639 0 0
 160 1637 0 0
 161 1638 0 0
 162 1630 0 0
 163 1637 0 0
 164 1638 0 0
 165 1636 0 0
 166 1643 0 0
 167 1642 0 0
 168 1635 0 0
 169 1640 0 0
 170 1637 0 0
 171 1641 0 0
 172 1638 0 0
 173 1646 0 0
 174 1643 0 0
 175 1637 0 0
 176 1643 0 0
 177 1638 0 0
 178 1641 0 0
 179 1635 0 0
 180 1635 0 0
 181 1636 0 0
 182 1641 0 0
 183 1638 0 0
 184 1637 0 0
 185 1638 0 0
 186 1642 0 0
 187 1645 0 0
 188 1636 0 0
 189 1635 0 0
 190 1638 0 0
 191 1637 0 0
 192 1645 0 0
 193 1642 0 0
 194 1637 0 0
 195 1644 0 0
 196 1648 0 0
 197 1638 0 0
 198 1635 0 0
 199 1643 0 0
 200 1644 0 0
 201 1648 0 0
 202 1630 0 0
 203 1646 0 0
 204 1649 0 0
 205 1651 0 0
 206 1643 0 0
 207 1644 0 0
 208 1642 0 0
 209 1642 0 0
 210 1644 0 0
 211 1642 0 0
 212 1638 0 0
 213 1641 0 0
 214 1648 0 0
 215 1645 0 0
 216 1643 0 0
 217 1643 0 0
 218 1640 0 0
 219 1644 0 0
 220 1642 0 0
 221 1654 0 0
 222 1645 0 0
 223 1653 0 0
 224 1643 0 0
 225 1651 0 0
 226 1645 0 0
 227 1644 0 0
 228 1644 0 0
 229 1652 0 0
 230 1650 0 0
 231 1652 0 0
 232 1651 0 0
 233 1647 0 0
 234 1652 0 0
 235 1654 0 0
 236 1652 0 0
 237 1652 0 0
 238 1651 0 0
 239 1660 0 0
 240 1656 0 0
 241 1659 0 0
 242 1655 0 0
 243 1652 0 0
 244 1653 0 0
 245 1654 0 0
 246 1656 0 0
 247 1655 0 0
 248 1656 0 0
 249 1654 0 0
 250 1644 0 0
 251 1644 0 0
 252 1642 0 0
 253 1636 0 0
 254 1624 0 0
 255 1680 0 0
[END] of [DATA]
[END] of [Spectrum]


#TBID:2021-08-01 03:00:00;SAM_84DC;CALIBRATED;

[Spectrum]
Version            = 1
IDData             = 96B1_2021-08-01_03-00-00_000_423
IDDevice           = SAM_84DC
IDDataType         = SPECTRUM
IDDataTypeSub1     = CALIBRATED
IDDataTypeSub2     = 
IDDataTypeSub3     = 
DateTime           = 2021-08-01 03:00:00
PositionLatitude   = 0
PositionLongitude  = 0
Comment            = 
CommentSub1        = 
CommentSub2        = 
CommentSub3        = 
IDMethodType       = SAM Control
MethodName         = SAM_84DC
Mission            = No Mission
MissionSub         = 1
RecordType         = 0
[Attributes]
CalFactor = 1
IDBasisSpec = 
IDDataBack = DLAB_2015-08-21_13-19-54_137_939
IDDataCal = DLAB_2015-08-24_10-46-55_592_608
IntegrationTime = 4096
P31 = -1
P31e = 0
PathLength = +INF
PathLengthCustomOn = 0
RAWDynamic = 65535
Salinity = 0
Temperature = -NAN
Unit1 = $01 $01 Wavelength nm
Unit2 = $03 $03 Intensity mW/(m^2 nm Sr)
Unit3 = $f0 $03 Error mW/(m^2 nm Sr)
Unit4 = $f1 $00 Status 
p999 = 1041
[END] of [Attributes]
[DATA]
 0 11 0 0
 305.71650776488 0 0 0
 309.04007505697 0 0 0
 312.36416914304 0 0 0
 315.68877841375 0 0 0
 319.01389125976 -0.00119996064012133 0 0
 322.33949607173 -0.000825951317676886 0 0
 325.66558124032 -0.000757668057501068 0 0
 328.99213515619 -0.000586014143807825 0 0
 332.31914621 -0.000585320748636735 0 0
 335.64660279241 -0.000542256216118971 0 0
 338.97449329408 -0.00056606029698937 0 0
 342.30280610567 -0.000431933539101076 0 0
 345.63152961784 -0.000454901882041941 0 0
 348.96065222125 -0.000356305888178357 0 0
 352.29016230656 -0.000286716575959925 0 0
 355.62004826443 -0.000355552439102443 0 0
 358.95029848552 -0.000311240876686485 0 0
 362.28090136049 -0.000235561954160784 0 0
 365.61184528 -0.000295691195105087 0 0
 368.94311863471 -0.000202419181259987 0 0
 372.27470981528 -0.000135162232558362 0 0
 375.60660721237 -0.000269911428429252 0 0
 378.93879921664 -0.0001466136323166 0 0
 382.27127421875 -0.000227324336402177 0 0
 385.60402060936 -0.000129442963816707 0 0
 388.93702677913 -0.000120038823255302 0 0
 392.27028111872 -0.000102486065879434 0 0
 395.60377201879 -6.53737360306747e-005 0 0
 398.93748787 -0.000126407205680918 0 0
 402.27141706301 -9.74111366582176e-005 0 0
 405.60554798848 -2.5146062656634e-005 0 0
 408.93986903707 -3.39080888617169e-005 0 0
 412.27436859944 -9.39935477450303e-005 0 0
 415.60903506625 -9.13876875728341e-005 0 0
 418.94385682816 -0.000111083521054117 0 0
 422.27882227583 -0.000136643940420563 0 0
 425.61391979992 -7.23341173553873e-005 0 0
 428.94913779109 -6.66893841710119e-005 0 0
 432.28446464 -3.44326678814161e-005 0 0
 435.61988873731 -5.83198457401955e-005 0 0
 438.95539847368 -6.89024899896185e-005 0 0
 442.29098223977 -3.46587103872447e-005 0 0
 445.62662842624 -7.12252554233898e-005 0 0
 448.96232542375 -8.47092886700132e-005 0 0
 452.29806162296 -0.000138944652831151 0 0
 455.63382541453 -0.000112633866626575 0 0
 458.96960518912 -0.000112621244137522 0 0
 462.30538933739 -0.000120775703635976 0 0
 465.64116625 -0.00015570831301882 0 0
 468.97692431761 -0.000123524738831915 0 0
 472.31265193088 -8.88501629411219e-005 0 0
 475.64833748047 -0.000125694589569493 0 0
 478.98396935704 -0.000116381260807532 0 0
 482.31953595125 -0.000107377670345162 0 0
 485.65502565376 -0.000125277973042392 0 0
 488.99042685523 -8.57012472479848e-005 0 0
 492.32572794632 -0.000139150816296081 0 0
 495.66091731769 -9.55168803816003e-005 0 0
 498.99598336 -0.000153870991311558 0 0
 502.33091446391 -9.01263500070674e-005 0 0
 505.66569902008 -0.000148911631259527 0 0
 509.00032541917 -0.000152320776533643 0 0
 512.33478205184 -0.000167183330607111 0 0
 515.66905730875 -0.000130855545019741 0 0
 519.00313958056 -9.76390651590167e-005 0 0
 522.33701725793 -0.000106723059671949 0 0
 525.67067873152 -0.000131624090797607 0 0
 529.00411239199 -0.000187099772296086 0 0
 532.33730663 -7.25226831311604e-005 0 0
 535.67024983621 -7.17087402619365e-005 0 0
 539.00293040128 -7.40047003557394e-005 0 0
 542.33533671587 -0.000110986645832179 0 0
 545.66745717064 -7.6621127922444e-005 0 0
 548.99928015625 -0.000101696375768492 0 0
 552.33079406336 -5.2937758492145e-005 0 0
 555.66198728263 -0.000134891247208316 0 0
 558.99284820472 -9.55407260993866e-005 0 0
 562.32336522029 -6.50838872919822e-005 0 0
 565.65352672 -0.000111133653309749 0 0
 568.98332109451 -8.35629432900625e-005 0 0
 572.31273673448 -0.000145616406322996 0 0
 575.64176203057 -7.46107024495801e-005 0 0
 578.97038537344 -9.3929677962232e-005 0 0
 582.29859515375 -6.58056590617858e-005 0 0
 585.62637976216 -5.66136843899062e-005 0 0
 588.95372758933 -0.000136712905137615 0 0
 592.28062702592 -0.00012778174148037 0 0
 595.60706646259 -0.000147361760114212 0 0
 598.93303429 -0.000256144100532052 0 0
 602.25851889881 -0.000163319101440949 0 0
 605.58350867968 -0.00024491626550689 0 0
 608.90799202327 -0.000304858751762817 0 0
 612.23195732024 -0.000283177429121198 0 0
 615.55539296125 -0.000285747668712108 0 0
 618.87828733696 -0.000320098624287383 0 0
 622.20062883803 -0.000325990156986356 0 0
 625.52240585512 -0.000304643982760039 0 0
 628.84360677889 -0.000311376528783288 0 0
 632.16422 -0.000256189026833683 0 0
 635.48423390911 -0.000239285724251498 0 0
 638.80363689688 -0.000276849027017869 0 0
 642.12241735397 -0.000312890492243899 0 0
 645.44056367104 -0.000285888603633018 0 0
 648.75806423875 -0.000307159619675218 0 0
 652.07490744776 -0.000229115965033785 0 0
 655.39108168873 -0.000277482159356219 0 0
 658.70657535232 -0.000226984122113848 0 0
 662.02137682919 -0.000327698105315869 0 0
 665.33547451 -0.000343947833077081 0 0
 668.64885678541 -0.000261251520894453 0 0
 671.96151204608 -0.000168461338536906 0 0
 675.27342868267 -0.000318593460708104 0 0
 678.58459508584 -0.000155128577921212 0 0
 681.89499964625 -0.000226404283073202 0 0
 685.20463075456 -0.000296049033541255 0 0
 688.51347680143 -0.000245338511770357 0 0
 691.82152617752 -0.000281450542913185 0 0
 695.12876727349 -0.000257743607958228 0 0
 698.43518848 -0.00037691708027538 0 0
 701.74077818771 -0.00022991687779699 0 0
 705.04552478728 -0.000254844315677746 0 0
 708.34941666937 -0.000250707311696331 0 0
 711.65244222464 -0.000174207277548016 0 0
 714.95458984375 -0.000216687366068407 0 0
 718.25584791736 -0.00025567501518486 0 0
 721.55620483613 -0.000235767143104924 0 0
 724.85564899072 -0.000168896792932406 0 0
 728.15416877179 -0.000333370375725986 0 0
 731.45175257 -0.00014993398905182 0 0
 734.74838877601 -0.000303576927832808 0 0
 738.04406578048 -0.000245921473739532 0 0
 741.33877197407 -0.000239586132656555 0 0
 744.63249574744 -0.000202545356818306 0 0
 747.92522549125 -0.000321842165527972 0 0
 751.21694959616 -0.000271441318435315 0 0
 754.50765645283 -0.000155515004888168 0 0
 757.79733445192 -0.000255276242232219 0 0
 761.08597198409 -0.000351149143293821 0 0
 764.37355744 -0.000241437302386397 0 0
 767.66007921031 -0.000371420687534685 0 0
 770.94552568568 -0.000143269509937434 0 0
 774.22988525677 -0.000147799175446932 0 0
 777.51314631424 -9.28148370429105e-005 0 0
 780.79529724875 -0.000277122632253971 0 0
 784.07632645096 -0.000219686064224852 0 0
 787.35622231153 -0.000252614084516725 0 0
 790.63497322112 -0.000296806427864518 0 0
 793.91256757039 -0.000457449056112788 0 0
 797.18899375 -0.000207744388150373 0 0
 800.46424015061 -0.000194432704594668 0 0
 803.73829516288 -0.000192313638130699 0 0
 807.01114717747 -0.000446594784709192 0 0
 810.28278458504 -0.000280995931611485 0 0
 813.55319577625 -0.000434573179971595 0 0
 816.82236914176 -0.00023968235862025 0 0
 820.09029307223 -0.000309861992310091 0 0
 823.35695595832 -0.000254710209022643 0 0
 826.62234619069 -0.000386231036687432 0 0
 829.88645216 -0.0005067415011462 0 0
 833.14926225691 -0.000593515766799866 0 0
 836.41076487208 -0.00027202827695465 0 0
 839.67094839617 -0.000510986425256731 0 0
 842.92980121984 -0.000385951742464056 0 0
 846.18731173375 -0.000449178625138648 0 0
 849.44346832856 -0.000717334158511187 0 0
 852.69825939493 -0.000641224361014412 0 0
 855.95167332352 -0.000570593013721727 0 0
 859.20369850499 -0.000933763697659585 0 0
 862.45432333 -0.000651822792447005 0 0
 865.70353618921 -0.0008301695582836 0 0
 868.95132547328 -0.000943962038184178 0 0
 872.19767957287 -0.000175219825398487 0 0
 875.44258687864 -0.000412757129769925 0 0
 878.68603578125 -0.000472731282899064 0 0
 881.92801467136 -0.000744101680700557 0 0
 885.16851193963 -0.00054473344581769 0 0
 888.40751597672 -0.000681401688373506 0 0
 891.64501517329 -0.000707565238094237 0 0
 894.88099792 -0.000748829650850797 0 0
 898.11545260751 -0.000915159222481981 0 0
 901.34836762648 -0.00078783911329579 0 0
 904.57973136757 -0.000638975966949468 0 0
 907.80953222144 -0.00109778319590854 0 0
 911.03775857875 -0.00107046946553874 0 0
 914.26439883016 -0.00113030469904498 0 0
 917.48944136633 -0.000838369003458446 0 0
 920.71287457792 -0.000447171753624146 0 0
 923.93468685559 -0.000927229806742282 0 0
 927.15486659 -0.00100481419301112 0 0
 930.37340217181 -0.000900037847397256 0 0
 933.59028199168 -0.00154937414992297 0 0
 936.80549444027 -0.0018238667257276 0 0
 940.01902790824 -0.00130271223549596 0 0
 943.23087078625 -0.00179101070952612 0 0
 946.44101146496 0.000321364595617829 0 0
 949.64943833503 -0.000889461729627729 0 0
 952.85613978712 -0.00226405309091844 0 0
 956.06110421189 0 0 0
 959.26432 0 0 0
 962.46577554211 0 0 0
 965.66545922888 0 0 0
 968.86335945097 0 0 0
 972.05946459904 0 0 0
 975.25376306375 0 0 0
 978.44624323576 0 0 0
 981.63689350573 0 0 0
 984.82570226432 0 0 0
 988.01265790219 0 0 0
 991.19774881 0 0 0
 994.38096337841 0 0 0
 997.56228999808 0 0 0
 1000.74171705967 0 0 0
 1003.91923295384 0 0 0
 1007.09482607125 0 0 0
 1010.26848480256 0 0 0
 1013.44019753843 0 0 0
 1016.60995266952 0 0 0
 1019.77773858649 0 0 0
 1022.94354368 0 0 0
 1026.10735634071 0 0 0
 1029.26916495928 0 0 0
 1032.42895792637 0 0 0
 1035.58672363264 0 0 0
 1038.74245046875 0 0 0
 1041.89612682536 0 0 0
 1045.04774109313 0 0 0
 1048.19728166272 0 0 0
 1051.34473692479 0 0 0
 1054.49009527 0 0 0
 1057.63334508901 0 0 0
 1060.77447477248 0 0 0
 1063.91347271107 0 0 0
 1067.05032729544 0 0 0
 1070.18502691625 0 0 0
 1073.31755996416 0 0 0
 1076.44791482983 0 0 0
 1079.57607990392 0 0 0
 1082.70204357709 0 0 0
 1085.82579424 0 0 0
 1088.94732028331 0 0 0
 1092.06661009768 0 0 0
 1095.18365207377 0 0 0
 1098.29843460224 0 0 0
 1101.41094607375 0 0 0
 1104.52117487896 0 0 0
 1107.62910940853 0 0 0
 1110.73473805312 0 0 0
 1113.83804920339 0 0 0
 1116.93903125 0 0 0
 1120.03767258361 0 0 0
 1123.13396159488 0 0 0
 1126.22788667447 0 0 0
 1129.31943621304 0 0 0
 1132.40859860125 0 0 0
 1135.49536222976 0 0 0
[END] of [DATA]
[END] of [Spectrum]


#TBID:2021-08-01 03:00:00;SAM_84C8;RAW;

[Spectrum]
Version            = 1
IDData             = 96B1_2021-08-01_03-00-00_000_425
IDDevice           = SAM_84C8
IDDataType         = SPECTRUM
IDDataTypeSub1     = RAW
IDDataTypeSub2     = 
IDDataTypeSub3     = 
DateTime           = 2021-08-01 03:00:00
PositionLatitude   = 0
PositionLongitude  = 0
Comment            = 
CommentSub1        = 
CommentSub2        = 
CommentSub3        = 
IDMethodType       = SAM Control
MethodName         = SAM_84C8
Mission            = No Mission
MissionSub         = 1
RecordType         = 0
[Attributes]
CalFactor = 1
IDBasisSpec = 
IDDataBack = DLAB_2015-08-21_12-14-03_013_778
IDDataCal = DLAB_2015-08-24_11-04-47_772_747
IntegrationTime = 4096
P31 = -1
P31e = 0
PathLength = +INF
PathLengthCustomOn = 0
RAWDynamic = 65535
Salinity = 0
Temperature = -NAN
Unit1 = $05 $00 Pixel 
Unit2 = $03 $05 Intensity counts
Unit3 = $f0 $05 Error counts
Unit4 = $f1 $00 Status 
p999 = 1041
[END] of [Attributes]
[DATA]
 0 11 0 0
 1 1536 0 0
 2 1521 0 0
 3 1517 0 0
 4 1519 0 0
 5 1529 0 0
 6 1524 0 0
 7 1525 0 0
 8 1519 0 0
 9 1523 0 0
 10 1519 0 0
 11 1526 0 0
 12 1536 0 0
 13 1530 0 0
 14 1529 0 0
 15 1530 0 0
 16 1536 0 0
 17 1542 0 0
 18 1541 0 0
 19 1542 0 0
 20 1541 0 0
 21 1545 0 0
 22 1549 0 0
 23 1548 0 0
 24 1550 0 0
 25 1552 0 0
 26 1543 0 0
 27 1549 0 0
 28 1548 0 0
 29 1549 0 0
 30 1556 0 0
 31 1546 0 0
 32 1551 0 0
 33 1546 0 0
 34 1550 0 0
 35 1546 0 0
 36 1550 0 0
 37 1560 0 0
 38 1552 0 0
 39 1548 0 0
 40 1548 0 0
 41 1550 0 0
 42 1548 0 0
 43 1552 0 0
 44 1547 0 0
 45 1558 0 0
 46 1550 0 0
 47 1552 0 0
 48 1553 0 0
 49 1561 0 0
 50 1551 0 0
 51 1552 0 0
 52 1556 0 0
 53 1552 0 0
 54 1548 0 0
 55 1551 0 0
 56 1552 0 0
 57 1559 0 0
 58 1554 0 0
 59 1552 0 0
 60 1548 0 0
 61 1552 0 0
 62 1562 0 0
 63 1558 0 0
 64 1551 0 0
 65 1548 0 0
 66 1556 0 0
 67 1555 0 0
 68 1554 0 0
 69 1556 0 0
 70 1559 0 0
 71 1560 0 0
 72 1562 0 0
 73 1557 0 0
 74 1554 0 0
 75 1554 0 0
 76 1556 0 0
 77 1561 0 0
 78 1557 0 0
 79 1556 0 0
 80 1561 0 0
 81 1552 0 0
 82 1565 0 0
 83 1558 0 0
 84 1562 0 0
 85 1553 0 0
 86 1558 0 0
 87 1560 0 0
 88 1557 0 0
 89 1556 0 0
 90 1562 0 0
 91 1562 0 0
 92 1560 0 0
 93 1558 0 0
 94 1564 0 0
 95 1560 0 0
 96 1561 0 0
 97 1563 0 0
 98 1566 0 0
 99 1557 0 0
 100 1561 0 0
 101 1571 0 0
 102 1563 0 0
 103 1559 0 0
 104 1560 0 0
 105 1567 0 0
 106 1556 0 0
 107 1566 0 0
 108 1557 0 0
 109 1561 0 0
 110 1564 0 0
 111 1574 0 0
 112 1563 0 0
 113 1562 0 0
 114 1566 0 0
 115 1572 0 0
 116 1572 0 0
 117 1563 0 0
 118 1562 0 0
 119 1560 0 0
 120 1560 0 0
 121 1559 0 0
 122 1560 0 0
 123 1558 0 0
 124 1562 0 0
 125 1565 0 0
 126 1562 0 0
 127 1574 0 0
 128 1559 0 0
 129 1567 0 0
 130 1564 0 0
 131 1567 0 0
 132 1561 0 0
 133 1616 0 0
 134 1566 0 0
 135 1566 0 0
 136 1564 0 0
 137 1569 0 0
 138 1562 0 0
 139 1575 0 0
 140 1567 0 0
 141 1564 0 0
 142 1575 0 0
 143 1566 0 0
 144 1571 0 0
 145 1571 0 0
 146 1570 0 0
 147 1563 0 0
 148 1565 0 0
 149 1563 0 0
 150 1566 0 0
 151 1568 0 0
 152 1574 0 0
 153 1567 0 0
 154 1565 0 0
 155 1563 0 0
 156 1568 0 0
 157 1565 0 0
 158 1566 0 0
 159 1566 0 0
 160 1568 0 0
 161 1564 0 0
 162 1562 0 0
 163 1565 0 0
 164 1560 0 0
 165 1571 0 0
 166 1567 0 0
 167 1570 0 0
 168 1570 0 0
 169 1571 0 0
 170 1570 0 0
 171 1571 0 0
 172 1568 0 0
 173 1558 0 0
 174 1562 0 0
 175 1570 0 0
 176 1569 0 0
 177 1567 0 0
 178 1565 0 0
 179 1567 0 0
 180 1570 0 0
 181 1567 0 0
 182 1569 0 0
 183 1568 0 0
 184 1563 0 0
 185 1566 0 0
 186 1561 0 0
 187 1569 0 0
 188 1568 0 0
 189 1566 0 0
 190 1561 0 0
 191 1565 0 0
 192 1570 0 0
 193 1558 0 0
 194 1569 0 0
 195 1569 0 0
 196 1556 0 0
 197 1560 0 0
 198 1564 0 0
 199 1560 0 0
 200 1563 0 0
 201 1563 0 0
 202 1572 0 0
 203 1562 0 0
 204 1571 0 0
 205 1566 0 0
 206 1562 0 0
 207 1566 0 0
 208 1566 0 0
 209 1562 0 0
 210 1556 0 0
 211 1561 0 0
 212 1570 0 0
 213 1568 0 0
 214 1562 0 0
 215 1563 0 0
 216 1562 0 0
 217 1566 0 0
 218 1565 0 0
 219 1565 0 0
 220 1569 0 0
 221 1574 0 0
 222 1568 0 0
 223 1561 0 0
 224 1569 0 0
 225 1568 0 0
 226 1567 0 0
 227 1570 0 0
 228 1565 0 0
 229 1564 0 0
 230 1570 0 0
 231 1572 0 0
 232 1566 0 0
 233 1565 0 0
 234 1566 0 0
 235 1562 0 0
 236 1570 0 0
 237 1565 0 0
 238 1560 0 0
 239 1571 0 0
 240 1569 0 0
 241 1570 0 0
 242 1569 0 0
 243 1565 0 0
 244 1561 0 0
 245 1567 0 0
 246 1556 0 0
 247 1565 0 0
 248 1563 0 0
 249 1557 0 0
 250 1559 0 0
 251 1552 0 0
 252 1541 0 0
 253 1540 0 0
 254 1523 0 0
 255 1570 0 0
[END] of [DATA]
[END] of [Spectrum]


#TBID:2021-08-01 03:00:00;SAM_84C8;CALIBRATED;

[Spectrum]
Version            = 1
IDData             = 96B1_2021-08-01_03-00-00_000_426
IDDevice           = SAM_84C8
IDDataType         = SPECTRUM
IDDataTypeSub1     = CALIBRATED
IDDataTypeSub2     = 
IDDataTypeSub3     = 
DateTime           = 2021-08-01 03:00:00
PositionLatitude   = 0
PositionLongitude  = 0
Comment            = 
CommentSub1        = 
CommentSub2        = 
CommentSub3        = 
IDMethodType       = SAM Control
MethodName         = SAM_84C8
Mission            = No Mission
MissionSub         = 1
RecordType         = 0
[Attributes]
CalFactor = 1
IDBasisSpec = 
IDDataBack = DLAB_2015-08-21_12-14-03_013_778
IDDataCal = DLAB_2015-08-24_11-04-47_772_747
IntegrationTime = 4096
P31 = -1
P31e = 0
PathLength = +INF
PathLengthCustomOn = 0
RAWDynamic = 65535
Salinity = 0
Temperature = -NAN
Unit1 = $01 $01 Wavelength nm
Unit2 = $03 $03 Intensity mW/(m^2 nm Sr)
Unit3 = $f0 $03 Error mW/(m^2 nm Sr)
Unit4 = $f1 $00 Status 
p999 = 1041
[END] of [Attributes]
[DATA]
 0 11 0 0
 303.516048156 0 0 0
 306.890006053 0 0 0
 310.26457112 0 0 0
 313.639731825 0 0 0
 317.015476636 -0.00103865061102191 0 0
 320.391794021 -0.00124199908215546 0 0
 323.768672448 -0.00095644566767199 0 0
 327.146100385 -0.00103905562584986 0 0
 330.5240663 -0.000911475760301742 0 0
 333.902558661 -0.000793802709101652 0 0
 337.281565936 -0.000826773514181538 0 0
 340.661076593 -0.000581927344628005 0 0
 344.0410791 -0.000481136108675837 0 0
 347.421561925 -0.000473189221453949 0 0
 350.802513536 -0.000480126728541443 0 0
 354.183922401 -0.000324008099977789 0 0
 357.565776988 -0.000230616634579101 0 0
 360.948065765 -0.000207811320762626 0 0
 364.3307772 -0.000194951818569604 0 0
 367.713899761 -0.000147560903794963 0 0
 371.097421916 -0.000124922760581378 0 0
 374.481332133 -8.49085887501361e-005 0 0
 377.86561888 -0.000116754614160358 0 0
 381.250270625 -0.000114610343670569 0 0
 384.635275836 -6.57966679345311e-006 0 0
 388.020622981 -4.11140226546196e-005 0 0
 391.406300528 -1.83559648134409e-005 0 0
 394.792296945 -0.000116949117468777 0 0
 398.1786007 -4.79140414316763e-005 0 0
 401.565200261 1.73047815454343e-005 0 0
 404.952084096 -0.000113222405007019 0 0
 408.339240673 -1.9661932476503e-005 0 0
 411.72665846 -3.03550076543779e-005 0 0
 415.114325925 2.46026121145113e-005 0 0
 418.502231536 -1.13911273593572e-005 0 0
 421.890363761 -3.2355670142734e-005 0 0
 425.278711068 -4.60769238685051e-005 0 0
 428.667261925 -1.52563315302346e-005 0 0
 432.0560048 2.43936770745511e-005 0 0
 435.444928161 -8.22313723210152e-006 0 0
 438.834020476 -2.70304280917376e-005 0 0
 442.223270213 -1.24037014143501e-005 0 0
 445.61266584 -8.62079779782178e-006 0 0
 449.002195825 -6.15102163158475e-006 0 0
 452.391848636 1.67520225544922e-005 0 0
 455.781612741 -2.98438007887946e-005 0 0
 459.171476608 1.57291373364514e-005 0 0
 462.561428705 -1.45843751951707e-005 0 0
 465.9514575 3.97021690654407e-005 0 0
 469.341551461 2.72722584486054e-005 0 0
 472.731699056 -3.85222873794578e-005 0 0
 476.121888753 2.21027383425759e-005 0 0
 479.51210902 2.83904907693998e-006 0 0
 482.902348325 8.9349954462642e-005 0 0
 486.292595136 -2.11251944324527e-005 0 0
 489.682837921 -3.26999679494802e-005 0 0
 493.073065148 1.10381607184785e-005 0 0
 496.463265285 3.58538934956669e-005 0 0
 499.8534268 8.25480161095259e-005 0 0
 503.243538161 -1.50058297183955e-005 0 0
 506.633587836 -3.7606054091607e-006 0 0
 510.023564293 -2.91398840507949e-005 0 0
 513.413456 1.81238117699354e-005 0 0
 516.803251425 6.32957577701392e-005 0 0
 520.192939036 -2.39822020444097e-005 0 0
 523.582507301 -1.11184278658964e-006 0 0
 526.971944688 1.71511500683715e-005 0 0
 530.361239665 -4.81960615826583e-005 0 0
 533.7503807 5.51774544838112e-005 0 0
 537.139356261 8.71293575189793e-006 0 0
 540.528154816 6.33268650116236e-005 0 0
 543.916764833 2.18222099032873e-005 0 0
 547.30517478 3.68591588483871e-005 0 0
 550.693373125 1.46090690360331e-005 0 0
 554.081348336 -1.41044749394493e-005 0 0
 557.469088881 1.43444024818439e-005 0 0
 560.856583228 7.03546926798024e-005 0 0
 564.243819845 2.39446931858011e-005 0 0
 567.6307872 2.09123221589073e-006 0 0
 571.017473761 6.86461501094616e-005 0 0
 574.403867996 -1.03229383745387e-005 0 0
 577.789958373 5.86009347021489e-005 0 0
 581.17573336 3.44835519534958e-006 0 0
 584.561181425 3.6242653007272e-005 0 0
 587.946291036 5.1379264182135e-006 0 0
 591.331050661 5.9651345124047e-005 0 0
 594.715448768 3.01224741254208e-005 0 0
 598.099473825 4.06029191829607e-005 0 0
 601.4831143 4.95902297044055e-005 0 0
 604.866358661 6.27360860930811e-006 0 0
 608.249195376 5.97600082919443e-005 0 0
 611.631612913 3.61492491003715e-005 0 0
 615.01359974 9.89397078647813e-005 0 0
 618.395144325 3.52767273783608e-005 0 0
 621.776235136 7.34422926605062e-005 0 0
 625.156860641 -3.83928569943203e-006 0 0
 628.537009308 0.00011972459564206 0 0
 631.916669605 0.000194810778584242 0 0
 635.29583 7.00542833625154e-005 0 0
 638.674478961 -3.54786626738135e-005 0 0
 642.052604956 7.93428683390564e-005 0 0
 645.430196453 5.97151084564713e-005 0 0
 648.80724192 7.7234148584439e-005 0 0
 652.183729825 8.73699878039854e-005 0 0
 655.559648636 7.58696299086066e-005 0 0
 658.934986821 4.1791502184902e-005 0 0
 662.309732848 0.000201758492023331 0 0
 665.683875185 0.000119653929329112 0 0
 669.0574023 0.000159996702241517 0 0
 672.430302661 1.06671400608404e-005 0 0
 675.802564736 7.81296744072679e-005 0 0
 679.174176993 8.59188888065472e-005 0 0
 682.5451279 6.63358513824885e-005 0 0
 685.915405925 0.000184897446397828 0 0
 689.284999536 0.000183189907301632 0 0
 692.653897201 0.000126056624285677 0 0
 696.022087388 0.000164435265870918 0 0
 699.389558565 0.000164472032599907 0 0
 702.7562992 -7.50235125259727e-005 0 0
 706.122297761 0.000189995812492884 0 0
 709.487542716 2.60993966679948e-005 0 0
 712.852022533 0.000189924652871945 0 0
 716.21572568 8.47977668061009e-005 0 0
 719.578640625 0.000206291535112482 0 0
 722.940755836 0.000167134653442341 0 0
 726.302059781 9.82595139192309e-005 0 0
 729.662540928 0.000165350707391515 0 0
 733.022187745 0.000102194574677 0 0
 736.3809887 0.00016933805797265 0 0
 739.738932261 0.000258386631092338 0 0
 743.096006896 0.000158555636725211 0 0
 746.452201073 4.44803736409293e-005 0 0
 749.80750326 -6.43574137839189e-005 0 0
 753.161901925 9.66091943111231e-005 0 0
 756.515385536 0.00023080387383124 0 0
 759.867942561 0.00016903659085884 0 0
 763.219561468 0.000221137853816501 0 0
 766.570230725 0.000189918913302672 0 0
 769.9199388 0.000295870031522053 0 0
 773.268674161 0.00023835876932154 0 0
 776.616425276 0.000247028351292292 0 0
 779.963180613 0.000405658436163874 0 0
 783.30892864 0.000240633924155732 0 0
 786.653657825 0.000174421738848341 0 0
 789.997356636 0.000304009096835306 0 0
 793.340013541 0.000281831206698295 0 0
 796.681617008 0.000261254058616215 0 0
 800.022155505 0.000136930205282073 0 0
 803.3616175 0.000257536000633015 0 0
 806.699991461 0.000318402831313339 0 0
 810.037265856 0.000348810108133534 0 0
 813.373429153 0.000436595284561513 0 0
 816.70846982 0.000406425754782743 0 0
 820.042376325 0.000445806687013948 0 0
 823.375137136 0.000470360956346716 0 0
 826.706740721 0.000402458567557437 0 0
 830.037175548 0.000178609606341581 0 0
 833.366430085 0.000318716693086791 0 0
 836.6944928 0.000523695510960166 0 0
 840.021352161 0.000362979110833999 0 0
 843.346996636 0.000393274864873744 0 0
 846.671414693 0.000111661934514314 0 0
 849.9945948 0.000438009151272625 0 0
 853.316525425 0.000523141122281621 0 0
 856.637195036 0.000608593298043774 0 0
 859.956592101 0.000527084005827057 0 0
 863.274705088 0.000508622200160655 0 0
 866.591522465 0.00072803761293399 0 0
 869.9070327 0.00117701508937965 0 0
 873.221224261 0.000709075506289814 0 0
 876.534085616 0.00125859569043838 0 0
 879.845605233 0.00074503593048218 0 0
 883.15577158 0.000954109943815644 0 0
 886.464573125 0.000778856917899882 0 0
 889.771998336 0.000510092292627332 0 0
 893.078035681 0.00138092347456359 0 0
 896.382673628 0.00106849629981822 0 0
 899.685900645 0.00123702845415367 0 0
 902.9877052 0.000887096808086322 0 0
 906.288075761 0.000932131839870904 0 0
 909.587000796 0.000866593715974855 0 0
 912.884468773 0.00120583064317376 0 0
 916.18046816 0.00124408124753861 0 0
 919.474987425 0.00143013441907713 0 0
 922.768015036 0.000954527458842945 0 0
 926.059539461 0.000878562715883538 0 0
 929.349549168 0.000744253441503522 0 0
 932.638032625 0.00199709167347871 0 0
 935.9249783 0.00168488436177096 0 0
 939.210374661 0.00209427562557246 0 0
 942.494210176 0.00147099485722517 0 0
 945.776473313 0.00164692262523732 0 0
 949.05715254 0.00187196380164524 0 0
 952.336236325 0.00200413568329695 0 0
 955.613713136 0 0 0
 958.889571441 0 0 0
 962.163799708 0 0 0
 965.436386405 0 0 0
 968.70732 0 0 0
 971.976588961 0 0 0
 975.244181756 0 0 0
 978.510086853 0 0 0
 981.77429272 0 0 0
 985.036787825 0 0 0
 988.297560636 0 0 0
 991.556599621 0 0 0
 994.813893248 0 0 0
 998.069429985 0 0 0
 1001.3231983 0 0 0
 1004.575186661 0 0 0
 1007.825383536 0 0 0
 1011.073777393 0 0 0
 1014.3203567 0 0 0
 1017.565109925 0 0 0
 1020.808025536 0 0 0
 1024.049092001 0 0 0
 1027.288297788 0 0 0
 1030.525631365 0 0 0
 1033.7610812 0 0 0
 1036.994635761 0 0 0
 1040.226283516 0 0 0
 1043.456012933 0 0 0
 1046.68381248 0 0 0
 1049.909670625 0 0 0
 1053.133575836 0 0 0
 1056.355516581 0 0 0
 1059.575481328 0 0 0
 1062.793458545 0 0 0
 1066.0094367 0 0 0
 1069.223404261 0 0 0
 1072.435349696 0 0 0
 1075.645261473 0 0 0
 1078.85312806 0 0 0
 1082.058937925 0 0 0
 1085.262679536 0 0 0
 1088.464341361 0 0 0
 1091.663911868 0 0 0
 1094.861379525 0 0 0
 1098.0567328 0 0 0
 1101.249960161 0 0 0
 1104.441050076 0 0 0
 1107.629991013 0 0 0
 1110.81677144 0 0 0
 1114.001379825 0 0 0
 1117.183804636 0 0 0
 1120.364034341 0 0 0
 1123.542057408 0 0 0
 1126.717862305 0 0 0
 1129.8914375 0 0 0
 1133.062771461 0 0 0
 1136.231852656 0 0 0
 1139.398669553 0 0 0
 1142.56321062 0 0 0
 1145.725464325 0 0 0
 1148.885419136 0 0 0
[END] of [DATA]
[END] of [Spectrum]

