
#TBID:2021-09-23 02:30:00;SAM_84C8;RAW;

[Spectrum]
Version            = 1
IDData             = 96B1_2021-09-23_02-30-00_000_625
IDDevice           = SAM_84C8
IDDataType         = SPECTRUM
IDDataTypeSub1     = RAW
IDDataTypeSub2     = 
IDDataTypeSub3     = 
DateTime           = 2021-09-23 02:30:00
PositionLatitude   = 0
PositionLongitude  = 0
Comment            = 
CommentSub1        = 
CommentSub2        = 
CommentSub3        = 
IDMethodType       = SAM Control
MethodName         = SAM_84C8
Mission            = No Mission
MissionSub         = 1
RecordType         = 0
[Attributes]
CalFactor = 1
IDBasisSpec = 
IDDataBack = DLAB_2015-08-21_12-14-03_013_778
IDDataCal = DLAB_2015-08-24_11-04-47_772_747
IntegrationTime = 4096
P31 = -1
P31e = 0
PathLength = +INF
PathLengthCustomOn = 0
RAWDynamic = 65535
Salinity = 0
Temperature = -NAN
Unit1 = $05 $00 Pixel 
Unit2 = $03 $05 Intensity counts
Unit3 = $f0 $05 Error counts
Unit4 = $f1 $00 Status 
p999 = 361
[END] of [Attributes]
[DATA]
 0 11 0 0
 1 1499 0 0
 2 1490 0 0
 3 1488 0 0
 4 1492 0 0
 5 1492 0 0
 6 1494 0 0
 7 1488 0 0
 8 1488 0 0
 9 1490 0 0
 10 1490 0 0
 11 1497 0 0
 12 1507 0 0
 13 1498 0 0
 14 1495 0 0
 15 1500 0 0
 16 1503 0 0
 17 1509 0 0
 18 1509 0 0
 19 1505 0 0
 20 1511 0 0
 21 1517 0 0
 22 1519 0 0
 23 1518 0 0
 24 1519 0 0
 25 1522 0 0
 26 1516 0 0
 27 1515 0 0
 28 1525 0 0
 29 1519 0 0
 30 1524 0 0
 31 1522 0 0
 32 1520 0 0
 33 1516 0 0
 34 1518 0 0
 35 1517 0 0
 36 1524 0 0
 37 1530 0 0
 38 1522 0 0
 39 1521 0 0
 40 1522 0 0
 41 1523 0 0
 42 1523 0 0
 43 1523 0 0
 44 1519 0 0
 45 1533 0 0
 46 1530 0 0
 47 1525 0 0
 48 1525 0 0
 49 1533 0 0
 50 1519 0 0
 51 1532 0 0
 52 1525 0 0
 53 1524 0 0
 54 1519 0 0
 55 1524 0 0
 56 1528 0 0
 57 1532 0 0
 58 1526 0 0
 59 1522 0 0
 60 1526 0 0
 61 1525 0 0
 62 1534 0 0
 63 1531 0 0
 64 1521 0 0
 65 1521 0 0
 66 1532 0 0
 67 1526 0 0
 68 1531 0 0
 69 1527 0 0
 70 1532 0 0
 71 1529 0 0
 72 1533 0 0
 73 1533 0 0
 74 1534 0 0
 75 1536 0 0
 76 1536 0 0
 77 1532 0 0
 78 1538 0 0
 79 1538 0 0
 80 1534 0 0
 81 1530 0 0
 82 1539 0 0
 83 1531 0 0
 84 1540 0 0
 85 1534 0 0
 86 1537 0 0
 87 1540 0 0
 88 1530 0 0
 89 1529 0 0
 90 1539 0 0
 91 1534 0 0
 92 1530 0 0
 93 1529 0 0
 94 1537 0 0
 95 1533 0 0
 96 1541 0 0
 97 1533 0 0
 98 1537 0 0
 99 1532 0 0
 100 1542 0 0
 101 1541 0 0
 102 1537 0 0
 103 1531 0 0
 104 1535 0 0
 105 1537 0 0
 106 1533 0 0
 107 1532 0 0
 108 1534 0 0
 109 1535 0 0
 110 1536 0 0
 111 1546 0 0
 112 1539 0 0
 113 1539 0 0
 114 1536 0 0
 115 1544 0 0
 116 1536 0 0
 117 1536 0 0
 118 1533 0 0
 119 1544 0 0
 120 1531 0 0
 121 1537 0 0
 122 1523 0 0
 123 1536 0 0
 124 1534 0 0
 125 1538 0 0
 126 1539 0 0
 127 1544 0 0
 128 1531 0 0
 129 1541 0 0
 130 1534 0 0
 131 1541 0 0
 132 1534 0 0
 133 1583 0 0
 134 1537 0 0
 135 1537 0 0
 136 1537 0 0
 137 1537 0 0
 138 1537 0 0
 139 1537 0 0
 140 1542 0 0
 141 1537 0 0
 142 1541 0 0
 143 1537 0 0
 144 1537 0 0
 145 1543 0 0
 146 1540 0 0
 147 1534 0 0
 148 1543 0 0
 149 1538 0 0
 150 1536 0 0
 151 1541 0 0
 152 1540 0 0
 153 1537 0 0
 154 1536 0 0
 155 1533 0 0
 156 1539 0 0
 157 1540 0 0
 158 1534 0 0
 159 1533 0 0
 160 1540 0 0
 161 1535 0 0
 162 1536 0 0
 163 1540 0 0
 164 1531 0 0
 165 1541 0 0
 166 1540 0 0
 167 1540 0 0
 168 1533 0 0
 169 1536 0 0
 170 1545 0 0
 171 1533 0 0
 172 1543 0 0
 173 1533 0 0
 174 1533 0 0
 175 1542 0 0
 176 1532 0 0
 177 1536 0 0
 178 1528 0 0
 179 1536 0 0
 180 1536 0 0
 181 1540 0 0
 182 1539 0 0
 183 1534 0 0
 184 1532 0 0
 185 1538 0 0
 186 1532 0 0
 187 1542 0 0
 188 1536 0 0
 189 1536 0 0
 190 1530 0 0
 191 1538 0 0
 192 1540 0 0
 193 1524 0 0
 194 1535 0 0
 195 1539 0 0
 196 1528 0 0
 197 1532 0 0
 198 1534 0 0
 199 1534 0 0
 200 1532 0 0
 201 1535 0 0
 202 1533 0 0
 203 1533 0 0
 204 1535 0 0
 205 1536 0 0
 206 1534 0 0
 207 1536 0 0
 208 1537 0 0
 209 1529 0 0
 210 1533 0 0
 211 1544 0 0
 212 1535 0 0
 213 1538 0 0
 214 1536 0 0
 215 1538 0 0
 216 1528 0 0
 217 1531 0 0
 218 1534 0 0
 219 1535 0 0
 220 1536 0 0
 221 1540 0 0
 222 1541 0 0
 223 1530 0 0
 224 1538 0 0
 225 1543 0 0
 226 1537 0 0
 227 1533 0 0
 228 1536 0 0
 229 1534 0 0
 230 1534 0 0
 231 1539 0 0
 232 1541 0 0
 233 1533 0 0
 234 1537 0 0
 235 1533 0 0
 236 1536 0 0
 237 1538 0 0
 238 1537 0 0
 239 1536 0 0
 240 1538 0 0
 241 1544 0 0
 242 1542 0 0
 243 1536 0 0
 244 1534 0 0
 245 1538 0 0
 246 1529 0 0
 247 1529 0 0
 248 1534 0 0
 249 1530 0 0
 250 1531 0 0
 251 1520 0 0
 252 1514 0 0
 253 1509 0 0
 254 1500 0 0
 255 1541 0 0
[END] of [DATA]
[END] of [Spectrum]


#TBID:2021-09-23 02:30:00;SAM_84C8;CALIBRATED;

[Spectrum]
Version            = 1
IDData             = 96B1_2021-09-23_02-30-00_000_626
IDDevice           = SAM_84C8
IDDataType         = SPECTRUM
IDDataTypeSub1     = CALIBRATED
IDDataTypeSub2     = 
IDDataTypeSub3     = 
DateTime           = 2021-09-23 02:30:00
PositionLatitude   = 0
PositionLongitude  = 0
Comment            = 
CommentSub1        = 
CommentSub2        = 
CommentSub3        = 
IDMethodType       = SAM Control
MethodName         = SAM_84C8
Mission            = No Mission
MissionSub         = 1
RecordType         = 0
[Attributes]
CalFactor = 1
IDBasisSpec = 
IDDataBack = DLAB_2015-08-21_12-14-03_013_778
IDDataCal = DLAB_2015-08-24_11-04-47_772_747
IntegrationTime = 4096
P31 = -1
P31e = 0
PathLength = +INF
PathLengthCustomOn = 0
RAWDynamic = 65535
Salinity = 0
Temperature = -NAN
Unit1 = $01 $01 Wavelength nm
Unit2 = $03 $03 Intensity mW/(m^2 nm Sr)
Unit3 = $f0 $03 Error mW/(m^2 nm Sr)
Unit4 = $f1 $00 Status 
p999 = 361
[END] of [Attributes]
[DATA]
 0 11 0 0
 303.516048156 0 0 0
 306.890006053 0 0 0
 310.26457112 0 0 0
 313.639731825 0 0 0
 317.015476636 -0.00142398921331402 0 0
 320.391794021 -0.00130102392142337 0 0
 323.768672448 -0.00127939541322089 0 0
 327.146100385 -0.00112666178445064 0 0
 330.5240663 -0.00106459343707966 0 0
 333.902558661 -0.00080840179155786 0 0
 337.281565936 -0.000840775225648531 0 0
 340.661076593 -0.0005949012400288 0 0
 344.0410791 -0.000574627081601906 0 0
 347.421561925 -0.000609096073717304 0 0
 350.802513536 -0.000513154418462555 0 0
 354.183922401 -0.000418315545179119 0 0
 357.565776988 -0.000318377847293879 0 0
 360.948065765 -0.000272406304890558 0 0
 364.3307772 -0.00034946422104075 0 0
 367.713899761 -0.00017393142378272 0 0
 371.097421916 -0.000114628145524319 0 0
 374.481332133 -0.000112410317909561 0 0
 377.86561888 -0.000145046369843039 0 0
 381.250270625 -0.000163731289290443 0 0
 384.635275836 -3.62097321562319e-005 0 0
 388.020622981 -8.97491848969277e-006 0 0
 391.406300528 -0.00013036180150027 0 0
 394.792296945 -3.93572115604541e-006 0 0
 398.1786007 -7.66048635357839e-005 0 0
 401.565200261 -4.89391724611387e-005 0 0
 404.952084096 -2.9080015765363e-005 0 0
 408.339240673 -6.25630858587244e-005 0 0
 411.72665846 -5.43804651092001e-005 0 0
 415.114325925 -2.94497632024891e-005 0 0
 418.502231536 -1.79500159602906e-005 0 0
 421.890363761 3.16569646801852e-006 0 0
 425.278711068 -6.5034512120172e-005 0 0
 428.667261925 -3.3242105424843e-005 0 0
 432.0560048 4.29207544077629e-005 0 0
 435.444928161 2.11542104715444e-005 0 0
 438.834020476 -9.59964793963147e-006 0 0
 442.223270213 2.70065745928626e-005 0 0
 445.61266584 -1.3549149741081e-005 0 0
 449.002195825 7.79759027040316e-008 0 0
 452.391848636 5.74428099964322e-005 0 0
 455.781612741 7.05606661714727e-005 0 0
 459.171476608 3.44863083129723e-005 0 0
 462.561428705 -7.70499936270307e-006 0 0
 465.9514575 4.67399408801587e-005 0 0
 469.341551461 -1.72183463664377e-005 0 0
 472.731699056 7.36844934080175e-005 0 0
 476.121888753 -1.03365611283748e-005 0 0
 479.51210902 1.03038593579087e-005 0 0
 482.902348325 8.32821232537677e-005 0 0
 486.292595136 4.56486534497685e-007 0 0
 489.682837921 3.14070840332987e-005 0 0
 493.073065148 3.31934560899125e-005 0 0
 496.463265285 4.38124859219225e-005 0 0
 499.8534268 6.18442058073503e-005 0 0
 503.243538161 7.84055775277824e-005 0 0
 506.633587836 1.81491747791663e-005 0 0
 510.023564293 -2.1437781935507e-005 0 0
 513.413456 3.92527014966714e-005 0 0
 516.803251425 4.41671034319664e-005 0 0
 520.192939036 -3.94049734600053e-006 0 0
 523.582507301 5.59631808736362e-005 0 0
 526.971944688 1.17317188793845e-005 0 0
 530.361239665 1.80296193609806e-005 0 0
 533.7503807 4.99749259665795e-005 0 0
 537.139356261 2.66783274817572e-005 0 0
 540.528154816 3.53300598135988e-005 0 0
 543.916764833 1.67555576784067e-005 0 0
 547.30517478 8.87261734633579e-005 0 0
 550.693373125 0.000112223250503856 0 0
 554.081348336 0.000106864801696753 0 0
 557.469088881 0.000113114003650157 0 0
 560.856583228 6.51676903899583e-005 0 0
 564.243819845 0.000137014298111279 0 0
 567.6307872 0.000129019147152809 0 0
 571.017473761 8.76999973254843e-005 0 0
 574.403867996 7.15239232128787e-005 0 0
 577.789958373 9.11658965284964e-005 0 0
 581.17573336 2.36950838238473e-005 0 0
 584.561181425 0.000123514543507088 0 0
 587.946291036 0.000135361868545611 0 0
 591.331050661 0.00016514438448013 0 0
 594.715448768 0.000152528519635755 0 0
 598.099473825 6.34126508126521e-005 0 0
 601.4831143 7.29821727132243e-005 0 0
 604.866358661 9.17410970826963e-005 0 0
 608.249195376 6.8450384829823e-005 0 0
 611.631612913 1.33761972498447e-005 0 0
 615.01359974 9.18993446221371e-005 0 0
 618.395144325 6.01005753478326e-005 0 0
 621.776235136 9.85126089926062e-005 0 0
 625.156860641 0.000135943518112987 0 0
 628.537009308 9.56229949851153e-005 0 0
 631.916669605 0.000187189511970291 0 0
 635.29583 0.00013288717387679 0 0
 638.674478961 0.000138739598290009 0 0
 642.052604956 5.22419239128869e-005 0 0
 645.430196453 0.000108866774460321 0 0
 648.80724192 8.8162124855865e-005 0 0
 652.183729825 0.000158649032186824 0 0
 655.559648636 4.64526087624763e-005 0 0
 658.934986821 0.000156439252382871 0 0
 662.309732848 8.8383042340613e-005 0 0
 665.683875185 0.0002359643098531 0 0
 669.0574023 0.000213709061430297 0 0
 672.430302661 2.2405736008217e-005 0 0
 675.802564736 8.99956752958746e-005 0 0
 679.174176993 0.00018452233170841 0 0
 682.5451279 0.000187907869586081 0 0
 685.915405925 0.000153016197034402 0 0
 689.284999536 0.000195556380985823 0 0
 692.653897201 -4.07705784545509e-005 0 0
 696.022087388 0.000199540249904666 0 0
 699.389558565 0.000154354213643011 0 0
 702.7562992 0.000212898757163365 0 0
 706.122297761 0.000179738186844152 0 0
 709.487542716 0.000178279956758677 0 0
 712.852022533 -7.05027193617905e-006 0 0
 716.21572568 0.000238180721861054 0 0
 719.578640625 0.000219313550639279 0 0
 722.940755836 0.000203646956609694 0 0
 726.302059781 0.00022877497430742 0 0
 729.662540928 0.000131320245544894 0 0
 733.022187745 0.000115331369051247 0 0
 736.3809887 0.000230127416536958 0 0
 739.738932261 0.000223723322891067 0 0
 743.096006896 0.000220532917306868 0 0
 746.452201073 8.27156367922365e-005 0 0
 749.80750326 -0.000175139055570496 0 0
 753.161901925 8.53811114378574e-005 0 0
 756.515385536 0.000219418256141641 0 0
 759.867942561 0.000209457728481244 0 0
 763.219561468 0.000130375269416126 0 0
 766.570230725 0.000285015539978655 0 0
 769.9199388 3.91715827087519e-005 0 0
 773.268674161 0.000336615375125548 0 0
 776.616425276 0.000290851064764584 0 0
 779.963180613 0.000249011305797408 0 0
 783.30892864 0.000227537422053378 0 0
 786.653657825 9.56297596054299e-006 0 0
 789.997356636 0.000321324927007388 0 0
 793.340013541 0.000235351187786543 0 0
 796.681617008 0.000246457804520057 0 0
 800.022155505 0.000362897525021338 0 0
 803.3616175 0.000384391396791298 0 0
 806.699991461 0.000265012422830295 0 0
 810.037265856 0.000408376331934125 0 0
 813.373429153 0.000220624587723645 0 0
 816.70846982 0.000347042740851619 0 0
 820.042376325 0.000426876581638673 0 0
 823.375137136 0.000406557864163184 0 0
 826.706740721 0.000382068615565999 0 0
 830.037175548 0.000348175006811899 0 0
 833.366430085 0.00014786582839873 0 0
 836.6944928 0.00029403262117509 0 0
 840.021352161 0.000392937880965406 0 0
 843.346996636 0.000368195863035357 0 0
 846.671414693 0.000262743311091601 0 0
 849.9945948 0.000658298331796709 0 0
 853.316525425 0.000494314746767269 0 0
 856.637195036 0.000510431591462271 0 0
 859.956592101 0.000637715230383854 0 0
 863.274705088 0.000401140352897733 0 0
 866.591522465 7.22056141988713e-005 0 0
 869.9070327 0.00065515411807497 0 0
 873.221224261 0.00100891584592798 0 0
 876.534085616 0.000430884951286742 0 0
 879.845605233 0.00106838882530501 0 0
 883.15577158 0.00128952188570425 0 0
 886.464573125 0.000735443773067516 0 0
 889.771998336 0.00056625500617633 0 0
 893.078035681 0.000497348564836197 0 0
 896.382673628 0.000803715794285832 0 0
 899.685900645 0.000287687671478633 0 0
 902.9877052 0.000601723800455511 0 0
 906.288075761 0.000270793607981081 0 0
 909.587000796 0.00106367579105033 0 0
 912.884468773 0.00101472977900298 0 0
 916.18046816 0.000490973084138624 0 0
 919.474987425 0.00107651997565161 0 0
 922.768015036 0.00103898876657342 0 0
 926.059539461 0.000807776311956383 0 0
 929.349549168 0.00100467049523714 0 0
 932.638032625 0.00139170246333333 0 0
 935.9249783 0.00141750120807739 0 0
 939.210374661 0.00161762961216868 0 0
 942.494210176 0.00179128443976019 0 0
 945.776473313 0.00133419881481242 0 0
 949.05715254 0.000634794441087466 0 0
 952.336236325 0.000713362955589261 0 0
 955.613713136 0 0 0
 958.889571441 0 0 0
 962.163799708 0 0 0
 965.436386405 0 0 0
 968.70732 0 0 0
 971.976588961 0 0 0
 975.244181756 0 0 0
 978.510086853 0 0 0
 981.77429272 0 0 0
 985.036787825 0 0 0
 988.297560636 0 0 0
 991.556599621 0 0 0
 994.813893248 0 0 0
 998.069429985 0 0 0
 1001.3231983 0 0 0
 1004.575186661 0 0 0
 1007.825383536 0 0 0
 1011.073777393 0 0 0
 1014.3203567 0 0 0
 1017.565109925 0 0 0
 1020.808025536 0 0 0
 1024.049092001 0 0 0
 1027.288297788 0 0 0
 1030.525631365 0 0 0
 1033.7610812 0 0 0
 1036.994635761 0 0 0
 1040.226283516 0 0 0
 1043.456012933 0 0 0
 1046.68381248 0 0 0
 1049.909670625 0 0 0
 1053.133575836 0 0 0
 1056.355516581 0 0 0
 1059.575481328 0 0 0
 1062.793458545 0 0 0
 1066.0094367 0 0 0
 1069.223404261 0 0 0
 1072.435349696 0 0 0
 1075.645261473 0 0 0
 1078.85312806 0 0 0
 1082.058937925 0 0 0
 1085.262679536 0 0 0
 1088.464341361 0 0 0
 1091.663911868 0 0 0
 1094.861379525 0 0 0
 1098.0567328 0 0 0
 1101.249960161 0 0 0
 1104.441050076 0 0 0
 1107.629991013 0 0 0
 1110.81677144 0 0 0
 1114.001379825 0 0 0
 1117.183804636 0 0 0
 1120.364034341 0 0 0
 1123.542057408 0 0 0
 1126.717862305 0 0 0
 1129.8914375 0 0 0
 1133.062771461 0 0 0
 1136.231852656 0 0 0
 1139.398669553 0 0 0
 1142.56321062 0 0 0
 1145.725464325 0 0 0
 1148.885419136 0 0 0
[END] of [DATA]
[END] of [Spectrum]


#TBID:2021-09-23 03:00:00;SAM_84CE;RAW;

[Spectrum]
Version            = 1
IDData             = 96B1_2021-09-23_03-00-00_000_629
IDDevice           = SAM_84CE
IDDataType         = SPECTRUM
IDDataTypeSub1     = RAW
IDDataTypeSub2     = 
IDDataTypeSub3     = 
DateTime           = 2021-09-23 03:00:00
PositionLatitude   = 0
PositionLongitude  = 0
Comment            = 
CommentSub1        = 
CommentSub2        = 
CommentSub3        = 
IDMethodType       = SAM Control
MethodName         = SAM_84CE
Mission            = No Mission
MissionSub         = 1
RecordType         = 0
[Attributes]
CalFactor = 1
IDBasisSpec = 
IDDataBack = DLAB_2015-08-21_11-56-43_233_004
IDDataCal = DLAB_2015-08-26_10-05-37_585_478
IntegrationTime = 4096
P31 = -1
P31e = 0
PathLength = +INF
PathLengthCustomOn = 0
RAWDynamic = 65535
Salinity = 0
Temperature = -NAN
Unit1 = $05 $00 Pixel 
Unit2 = $03 $05 Intensity counts
Unit3 = $f0 $05 Error counts
Unit4 = $f1 $00 Status 
p999 = 362
[END] of [Attributes]
[DATA]
 0 11 0 0
 1 1506 0 0
 2 1513 0 0
 3 1507 0 0
 4 1518 0 0
 5 1522 0 0
 6 1521 0 0
 7 1517 0 0
 8 1523 0 0
 9 1525 0 0
 10 1531 0 0
 11 1531 0 0
 12 1529 0 0
 13 1532 0 0
 14 1535 0 0
 15 1534 0 0
 16 1532 0 0
 17 1530 0 0
 18 1539 0 0
 19 1535 0 0
 20 1544 0 0
 21 1536 0 0
 22 1537 0 0
 23 1552 0 0
 24 1542 0 0
 25 1552 0 0
 26 1552 0 0
 27 1551 0 0
 28 1541 0 0
 29 1546 0 0
 30 1548 0 0
 31 1554 0 0
 32 1546 0 0
 33 1551 0 0
 34 1548 0 0
 35 1548 0 0
 36 1551 0 0
 37 1545 0 0
 38 1555 0 0
 39 1549 0 0
 40 1552 0 0
 41 1551 0 0
 42 1552 0 0
 43 1553 0 0
 44 1549 0 0
 45 1546 0 0
 46 1558 0 0
 47 1558 0 0
 48 1548 0 0
 49 1559 0 0
 50 1551 0 0
 51 1554 0 0
 52 1553 0 0
 53 1553 0 0
 54 1556 0 0
 55 1551 0 0
 56 1556 0 0
 57 1546 0 0
 58 1557 0 0
 59 1551 0 0
 60 1549 0 0
 61 1552 0 0
 62 1554 0 0
 63 1552 0 0
 64 1556 0 0
 65 1558 0 0
 66 1563 0 0
 67 1556 0 0
 68 1556 0 0
 69 1554 0 0
 70 1546 0 0
 71 1554 0 0
 72 1558 0 0
 73 1561 0 0
 74 1558 0 0
 75 1557 0 0
 76 1566 0 0
 77 1559 0 0
 78 1554 0 0
 79 1565 0 0
 80 1562 0 0
 81 1562 0 0
 82 1561 0 0
 83 1554 0 0
 84 1564 0 0
 85 1554 0 0
 86 1556 0 0
 87 1556 0 0
 88 1555 0 0
 89 1552 0 0
 90 1559 0 0
 91 1559 0 0
 92 1559 0 0
 93 1556 0 0
 94 1551 0 0
 95 1548 0 0
 96 1553 0 0
 97 1555 0 0
 98 1561 0 0
 99 1561 0 0
 100 1557 0 0
 101 1560 0 0
 102 1559 0 0
 103 1562 0 0
 104 1556 0 0
 105 1555 0 0
 106 1557 0 0
 107 1554 0 0
 108 1560 0 0
 109 1566 0 0
 110 1561 0 0
 111 1568 0 0
 112 1559 0 0
 113 1555 0 0
 114 1562 0 0
 115 1559 0 0
 116 1553 0 0
 117 1558 0 0
 118 1561 0 0
 119 1557 0 0
 120 1561 0 0
 121 1562 0 0
 122 1560 0 0
 123 1565 0 0
 124 1562 0 0
 125 1560 0 0
 126 1565 0 0
 127 1558 0 0
 128 1562 0 0
 129 1555 0 0
 130 1558 0 0
 131 1566 0 0
 132 1557 0 0
 133 1559 0 0
 134 1562 0 0
 135 1558 0 0
 136 1561 0 0
 137 1564 0 0
 138 1556 0 0
 139 1561 0 0
 140 1560 0 0
 141 1556 0 0
 142 1564 0 0
 143 1558 0 0
 144 1559 0 0
 145 1569 0 0
 146 1564 0 0
 147 1558 0 0
 148 1554 0 0
 149 1561 0 0
 150 1558 0 0
 151 1557 0 0
 152 1557 0 0
 153 1557 0 0
 154 1559 0 0
 155 1556 0 0
 156 1561 0 0
 157 1557 0 0
 158 1556 0 0
 159 1558 0 0
 160 1562 0 0
 161 1565 0 0
 162 1557 0 0
 163 1560 0 0
 164 1558 0 0
 165 1558 0 0
 166 1551 0 0
 167 1562 0 0
 168 1558 0 0
 169 1562 0 0
 170 1558 0 0
 171 1559 0 0
 172 1558 0 0
 173 1562 0 0
 174 1554 0 0
 175 1560 0 0
 176 1565 0 0
 177 1560 0 0
 178 1564 0 0
 179 1561 0 0
 180 1556 0 0
 181 1558 0 0
 182 1558 0 0
 183 1550 0 0
 184 1551 0 0
 185 1557 0 0
 186 1561 0 0
 187 1564 0 0
 188 1555 0 0
 189 1559 0 0
 190 1553 0 0
 191 1563 0 0
 192 1561 0 0
 193 1557 0 0
 194 1560 0 0
 195 1553 0 0
 196 1554 0 0
 197 1556 0 0
 198 1560 0 0
 199 1557 0 0
 200 1554 0 0
 201 1560 0 0
 202 1556 0 0
 203 1556 0 0
 204 1561 0 0
 205 1557 0 0
 206 1563 0 0
 207 1560 0 0
 208 1552 0 0
 209 1559 0 0
 210 1554 0 0
 211 1550 0 0
 212 1553 0 0
 213 1560 0 0
 214 1560 0 0
 215 1568 0 0
 216 1556 0 0
 217 1548 0 0
 218 1559 0 0
 219 1559 0 0
 220 1547 0 0
 221 1553 0 0
 222 1558 0 0
 223 1554 0 0
 224 1556 0 0
 225 1549 0 0
 226 1554 0 0
 227 1557 0 0
 228 1549 0 0
 229 1562 0 0
 230 1560 0 0
 231 1558 0 0
 232 1556 0 0
 233 1562 0 0
 234 1554 0 0
 235 1570 0 0
 236 1550 0 0
 237 1552 0 0
 238 1560 0 0
 239 1552 0 0
 240 1556 0 0
 241 1558 0 0
 242 1550 0 0
 243 1562 0 0
 244 1558 0 0
 245 1556 0 0
 246 1544 0 0
 247 1553 0 0
 248 1546 0 0
 249 1550 0 0
 250 1538 0 0
 251 1545 0 0
 252 1530 0 0
 253 1531 0 0
 254 1525 0 0
 255 1578 0 0
[END] of [DATA]
[END] of [Spectrum]


#TBID:2021-09-23 03:00:00;SAM_84CE;CALIBRATED;

[Spectrum]
Version            = 1
IDData             = 96B1_2021-09-23_03-00-00_000_630
IDDevice           = SAM_84CE
IDDataType         = SPECTRUM
IDDataTypeSub1     = CALIBRATED
IDDataTypeSub2     = 
IDDataTypeSub3     = 
DateTime           = 2021-09-23 03:00:00
PositionLatitude   = 0
PositionLongitude  = 0
Comment            = 
CommentSub1        = 
CommentSub2        = 
CommentSub3        = 
IDMethodType       = SAM Control
MethodName         = SAM_84CE
Mission            = No Mission
MissionSub         = 1
RecordType         = 0
[Attributes]
CalFactor = 1
IDBasisSpec = 
IDDataBack = DLAB_2015-08-21_11-56-43_233_004
IDDataCal = DLAB_2015-08-26_10-05-37_585_478
IntegrationTime = 4096
P31 = -1
P31e = 0
PathLength = +INF
PathLengthCustomOn = 0
RAWDynamic = 65535
Salinity = 0
Temperature = -NAN
Unit1 = $01 $01 Wavelength nm
Unit2 = $03 $06 Intensity mW/(m^2 nm)
Unit3 = $f0 $06 Error mW/(m^2 nm)
Unit4 = $f1 $00 Status 
p999 = 362
[END] of [Attributes]
[DATA]
 0 11 0 0
 303.485180022 0 0 0
 306.85638880275 0 0 0
 310.228324544 0 0 0
 313.60097308125 0 0 0
 316.97432025 -0.00771003829698246 0 0
 320.34835188575 -0.00479785444062529 0 0
 323.723053824 -0.00505716423794149 0 0
 327.09841190025 -0.0033145151591391 0 0
 330.47441195 -0.00488111789637983 0 0
 333.85103980875 -0.0017364076436468 0 0
 337.228281312 -0.002493105467846 0 0
 340.60612229525 -0.0029224584276296 0 0
 343.984548594 -0.00181935146532165 0 0
 347.36354604375 -0.00228771516654939 0 0
 350.74310048 -0.00037909979412791 0 0
 354.12319773825 -0.00117178750732419 0 0
 357.503823654 -0.000617834606023418 0 0
 360.88496406275 0.000234491795764183 0 0
 364.2666048 0.000626506256714923 0 0
 367.64873170125 0.000348504958775409 0 0
 371.031330602 -0.000555632748020366 0 0
 374.41438733775 5.76241575942864e-005 0 0
 377.797887744 0.00038827341285936 0 0
 381.18181765625 0.000243706531402288 0 0
 384.56616291 0.00224962275579889 0 0
 387.95090934075 0.00128298682113021 0 0
 391.336042784 0.000762711892105845 0 0
 394.72154907525 0.00115530782012409 0 0
 398.10741405 0.00162039475193296 0 0
 401.49362354375 0.0018174101492781 0 0
 404.880163392 0.00133406311020627 0 0
 408.26701943025 0.000525908558379511 0 0
 411.654177494 0.00185626864488928 0 0
 415.04162341875 0.00170967675880384 0 0
 418.42934304 0.00192566532709143 0 0
 421.81732219325 0.00101101667106997 0 0
 425.205546714 0.00145386912784252 0 0
 428.59400243775 0.00129835429586669 0 0
 431.9826752 0.000983798982275645 0 0
 435.37155083625 0.00120619423954192 0 0
 438.760615182 0.00126777813931379 0 0
 442.14985407275 0.00111718456173021 0 0
 445.539253344 0.00131770968247411 0 0
 448.92879883125 0.00157526571853238 0 0
 452.31847637 0.00131200290881751 0 0
 455.70827179575 0.00146862148928746 0 0
 459.098170944 0.00112715990774905 0 0
 462.48815965025 0.000743526043288771 0 0
 465.87822375 0.00215674103477138 0 0
 469.26834907875 0.000922103416422878 0 0
 472.658521472 0.0021938397898985 0 0
 476.04872676525 0.00212450476019031 0 0
 479.438950794 0.00126654738656409 0 0
 482.82917939375 0.00130038373827367 0 0
 486.2193984 0.00173215190990276 0 0
 489.60959364825 0.00250200794822154 0 0
 492.999750974 0.00106447520607251 0 0
 496.38985621275 0.00192249057072906 0 0
 499.7798952 0.00152158963418966 0 0
 503.16985377125 0.00182773197730195 0 0
 506.559717762 0.00158633421108906 0 0
 509.94947300775 0.0008179584168448 0 0
 513.339105344 0.00106067125630016 0 0
 516.72860060625 0.00169790192686616 0 0
 520.11794463 0.00229631407750731 0 0
 523.50712325075 0.00172468529589853 0 0
 526.896122304 0.00164355653271491 0 0
 530.28492762525 0.00137251825066399 0 0
 533.67352505 0.0020637614158139 0 0
 537.06190041375 0.00185277308648943 0 0
 540.450039552 0.00186647136470855 0 0
 543.83792830025 0.00179674556546433 0 0
 547.225552494 0.00189099711229693 0 0
 550.61289796875 0.00200046347119848 0 0
 553.99995056 0.00167962177901685 0 0
 557.38669610325 0.00178835468286788 0 0
 560.773120434 0.0020997824334447 0 0
 564.15920938775 0.00194059000274836 0 0
 567.5449488 0.00244984953062831 0 0
 570.93032450625 0.00196826428466439 0 0
 574.315322342 0.00190623263310437 0 0
 577.69992814275 0.00246069650024466 0 0
 581.084127744 0.0019232893986851 0 0
 584.46790698125 0.00311394106767249 0 0
 587.85125169 0.00175860501695661 0 0
 591.23414770575 0.00182365416471882 0 0
 594.616580864 0.0016862639281892 0 0
 597.99853700025 0.00192523285141224 0 0
 601.38000195 0.00149913822839983 0 0
 604.76096154875 0.00144238279855525 0 0
 608.141401632 0.0016692596304208 0 0
 611.52130803525 0.00193595977233074 0 0
 614.900666594 0.000743843489196108 0 0
 618.27946314375 0.00117445713576524 0 0
 621.65768352 0.00127544435932917 0 0
 625.03531355825 0.00206502940759986 0 0
 628.412339094 0.00132817711375018 0 0
 631.78874596275 0.0017438949837934 0 0
 635.16452 0.00207592922563453 0 0
 638.53964704125 0.00160271450706283 0 0
 641.914112922 0.00293880572023737 0 0
 645.28790347775 0.00223397578620866 0 0
 648.661004544 0.00254784892507205 0 0
 652.03340195625 0.00215048051749127 0 0
 655.40508155 0.000991524127756492 0 0
 658.77602916075 0.00198158111703142 0 0
 662.146230624 0.00200289042402405 0 0
 665.51567177525 0.00327053232819281 0 0
 668.88433845 0.00260526969836025 0 0
 672.25221648375 0.00334721053441129 0 0
 675.619291712 0.00284009099500268 0 0
 678.98554997025 0.00234988826479333 0 0
 682.350977094 0.00242057242686604 0 0
 685.71555891875 0.00286152239148088 0 0
 689.07928128 0.00285420866358269 0 0
 692.44213001325 0.0022820327867574 0 0
 695.804090954 0.00174495830769992 0 0
 699.16514993775 0.00290120931701086 0 0
 702.5252928 0.00188521061206873 0 0
 705.88450537625 0.00255896929436359 0 0
 709.242773502 0.00360446411407369 0 0
 712.60008301275 0.00235440377891255 0 0
 715.956419744 0.00437561932259645 0 0
 719.31176953125 0.00350525057448757 0 0
 722.66611821 0.00335780182207522 0 0
 726.01945161575 0.00274022206602111 0 0
 729.371755584 0.00316466609674329 0 0
 732.72301595025 0.00335576837349711 0 0
 736.07321855 0.00217875485909185 0 0
 739.42234921875 0.00363269684099393 0 0
 742.770393792 0.00270545686918612 0 0
 746.11733810525 0.00282222189564375 0 0
 749.463167994 0.00318718181113134 0 0
 752.80786929375 0.00382796781593286 0 0
 756.15142784 0.00259976394408346 0 0
 759.49382946825 0.00374166257183327 0 0
 762.835060014 0.00305359957943847 0 0
 766.17510531275 0.00423692037333336 0 0
 769.5139512 0.00259543725816061 0 0
 772.85158351125 0.00474625665615665 0 0
 776.187988082 0.00241695022659607 0 0
 779.52315074775 0.00539078465786204 0 0
 782.857057344 0.00338609952266486 0 0
 786.18969370625 0.00348046820197219 0 0
 789.52104567 0.00400034594025063 0 0
 792.85109907075 0.00385429631191878 0 0
 796.179839744 0.00555556491844072 0 0
 799.50725352525 0.00173732173651846 0 0
 802.83332625 0.00560787352583637 0 0
 806.15804375375 0.00510693328083923 0 0
 809.481391872 0.00530739585166074 0 0
 812.80335644025 0.00518792257287812 0 0
 816.123923294 0.00318804844965352 0 0
 819.44307826875 0.00501541867980186 0 0
 822.7608072 0.00416692950492611 0 0
 826.07709592325 0.00697297477322467 0 0
 829.391930274 0.00409050400884416 0 0
 832.70529608775 0.00674475509299966 0 0
 836.0171792 0.00486880071374486 0 0
 839.32756544625 0.00661834752828549 0 0
 842.636440662 0.00754981461629334 0 0
 845.94379068275 0.00459206227673335 0 0
 849.249601344 0.00711968291268042 0 0
 852.55385848125 0.00581020858630801 0 0
 855.85654793 0.00793418536911762 0 0
 859.15765552575 0.0041684989432725 0 0
 862.457167104 0.0104950783690041 0 0
 865.75506850025 0.00852096333474463 0 0
 869.05134555 0.00892123126564506 0 0
 872.34598408875 0.00533798596830476 0 0
 875.638969952 0.00537434836495885 0 0
 878.93028897525 0.00737051790030525 0 0
 882.219926994 0.0121336136523033 0 0
 885.50786984375 0.00888652784779358 0 0
 888.79410336 0.010052232442363 0 0
 892.07861337825 0.0158868005345679 0 0
 895.361385734 0.0109982743762561 0 0
 898.64240626275 0.0125014953282734 0 0
 901.9216608 0.0113648572910516 0 0
 905.19913518125 0.0046585281407702 0 0
 908.474815242 0.00921960200386732 0 0
 911.74868681775 0.0111271377794872 0 0
 915.020735744 0.0114888960964816 0 0
 918.29094785625 0.011157103324907 0 0
 921.55930899 0.0118899341742787 0 0
 924.82580498075 0.0137605108658509 0 0
 928.090421664 0.016726919809412 0 0
 931.35314487525 0.012074623193048 0 0
 934.61396045 0.0191351012493573 0 0
 937.87285422375 0.00807546016458959 0 0
 941.129812032 0.0218100339991693 0 0
 944.38481971025 0.025949679105377 0 0
 947.637863094 0.0174058550705769 0 0
 950.88892801875 0.0285541742983516 0 0
 954.13800032 0 0 0
 957.38506583325 0 0 0
 960.630110394 0 0 0
 963.87311983775 0 0 0
 967.11408 0 0 0
 970.35297671625 0 0 0
 973.589795822 0 0 0
 976.82452315275 0 0 0
 980.057144544 0 0 0
 983.28764583125 0 0 0
 986.51601285 0 0 0
 989.74223143575 0 0 0
 992.966287424 0 0 0
 996.18816665025 0 0 0
 999.40785495 0 0 0
 1002.62533815875 0 0 0
 1005.840602112 0 0 0
 1009.05363264525 0 0 0
 1012.264415594 0 0 0
 1015.47293679375 0 0 0
 1018.67918208 0 0 0
 1021.88313728825 0 0 0
 1025.084788254 0 0 0
 1028.28412081275 0 0 0
 1031.4811208 0 0 0
 1034.67577405125 0 0 0
 1037.868066402 0 0 0
 1041.05798368775 0 0 0
 1044.245511744 0 0 0
 1047.43063640625 0 0 0
 1050.61334351 0 0 0
 1053.79361889075 0 0 0
 1056.971448384 0 0 0
 1060.14681782525 0 0 0
 1063.31971305 0 0 0
 1066.49011989375 0 0 0
 1069.658024192 0 0 0
 1072.82341178025 0 0 0
 1075.986268494 0 0 0
 1079.14658016875 0 0 0
 1082.30433264 0 0 0
 1085.45951174325 0 0 0
 1088.612103314 0 0 0
 1091.76209318775 0 0 0
 1094.9094672 0 0 0
 1098.05421118625 0 0 0
 1101.196310982 0 0 0
 1104.33575242275 0 0 0
 1107.472521344 0 0 0
 1110.60660358125 0 0 0
 1113.73798497 0 0 0
 1116.86665134575 0 0 0
 1119.992588544 0 0 0
 1123.11578240025 0 0 0
 1126.23621875 0 0 0
 1129.35388342875 0 0 0
 1132.468762272 0 0 0
 1135.58084111525 0 0 0
 1138.690105794 0 0 0
 1141.79654214375 0 0 0
 1144.900136 0 0 0
[END] of [DATA]
[END] of [Spectrum]


#TBID:2021-09-23 03:00:00;SAM_84C8;RAW;

[Spectrum]
Version            = 1
IDData             = 96B1_2021-09-23_03-00-00_000_632
IDDevice           = SAM_84C8
IDDataType         = SPECTRUM
IDDataTypeSub1     = RAW
IDDataTypeSub2     = 
IDDataTypeSub3     = 
DateTime           = 2021-09-23 03:00:00
PositionLatitude   = 0
PositionLongitude  = 0
Comment            = 
CommentSub1        = 
CommentSub2        = 
CommentSub3        = 
IDMethodType       = SAM Control
MethodName         = SAM_84C8
Mission            = No Mission
MissionSub         = 1
RecordType         = 0
[Attributes]
CalFactor = 1
IDBasisSpec = 
IDDataBack = DLAB_2015-08-21_12-14-03_013_778
IDDataCal = DLAB_2015-08-24_11-04-47_772_747
IntegrationTime = 4096
P31 = -1
P31e = 0
PathLength = +INF
PathLengthCustomOn = 0
RAWDynamic = 65535
Salinity = 0
Temperature = -NAN
Unit1 = $05 $00 Pixel 
Unit2 = $03 $05 Intensity counts
Unit3 = $f0 $05 Error counts
Unit4 = $f1 $00 Status 
p999 = 362
[END] of [Attributes]
[DATA]
 0 11 0 0
 1 1492 0 0
 2 1480 0 0
 3 1479 0 0
 4 1484 0 0
 5 1481 0 0
 6 1482 0 0
 7 1485 0 0
 8 1482 0 0
 9 1488 0 0
 10 1483 0 0
 11 1486 0 0
 12 1491 0 0
 13 1489 0 0
 14 1489 0 0
 15 1496 0 0
 16 1490 0 0
 17 1500 0 0
 18 1501 0 0
 19 1505 0 0
 20 1503 0 0
 21 1504 0 0
 22 1509 0 0
 23 1512 0 0
 24 1515 0 0
 25 1510 0 0
 26 1501 0 0
 27 1510 0 0
 28 1516 0 0
 29 1517 0 0
 30 1511 0 0
 31 1507 0 0
 32 1512 0 0
 33 1512 0 0
 34 1513 0 0
 35 1506 0 0
 36 1514 0 0
 37 1518 0 0
 38 1518 0 0
 39 1510 0 0
 40 1509 0 0
 41 1518 0 0
 42 1510 0 0
 43 1515 0 0
 44 1515 0 0
 45 1516 0 0
 46 1514 0 0
 47 1513 0 0
 48 1516 0 0
 49 1520 0 0
 50 1514 0 0
 51 1512 0 0
 52 1516 0 0
 53 1515 0 0
 54 1508 0 0
 55 1514 0 0
 56 1517 0 0
 57 1520 0 0
 58 1516 0 0
 59 1513 0 0
 60 1514 0 0
 61 1515 0 0
 62 1524 0 0
 63 1518 0 0
 64 1513 0 0
 65 1515 0 0
 66 1518 0 0
 67 1520 0 0
 68 1525 0 0
 69 1518 0 0
 70 1523 0 0
 71 1521 0 0
 72 1528 0 0
 73 1526 0 0
 74 1523 0 0
 75 1522 0 0
 76 1524 0 0
 77 1520 0 0
 78 1521 0 0
 79 1522 0 0
 80 1521 0 0
 81 1517 0 0
 82 1530 0 0
 83 1526 0 0
 84 1528 0 0
 85 1524 0 0
 86 1522 0 0
 87 1526 0 0
 88 1528 0 0
 89 1524 0 0
 90 1529 0 0
 91 1524 0 0
 92 1524 0 0
 93 1517 0 0
 94 1532 0 0
 95 1524 0 0
 96 1524 0 0
 97 1531 0 0
 98 1525 0 0
 99 1524 0 0
 100 1529 0 0
 101 1536 0 0
 102 1530 0 0
 103 1522 0 0
 104 1523 0 0
 105 1529 0 0
 106 1527 0 0
 107 1524 0 0
 108 1524 0 0
 109 1522 0 0
 110 1534 0 0
 111 1538 0 0
 112 1529 0 0
 113 1532 0 0
 114 1531 0 0
 115 1533 0 0
 116 1532 0 0
 117 1528 0 0
 118 1524 0 0
 119 1528 0 0
 120 1528 0 0
 121 1527 0 0
 122 1523 0 0
 123 1525 0 0
 124 1524 0 0
 125 1530 0 0
 126 1525 0 0
 127 1535 0 0
 128 1529 0 0
 129 1528 0 0
 130 1529 0 0
 131 1531 0 0
 132 1531 0 0
 133 1577 0 0
 134 1529 0 0
 135 1532 0 0
 136 1531 0 0
 137 1535 0 0
 138 1524 0 0
 139 1534 0 0
 140 1532 0 0
 141 1527 0 0
 142 1529 0 0
 143 1532 0 0
 144 1538 0 0
 145 1534 0 0
 146 1533 0 0
 147 1530 0 0
 148 1530 0 0
 149 1535 0 0
 150 1532 0 0
 151 1530 0 0
 152 1530 0 0
 153 1525 0 0
 154 1528 0 0
 155 1529 0 0
 156 1527 0 0
 157 1529 0 0
 158 1530 0 0
 159 1528 0 0
 160 1529 0 0
 161 1529 0 0
 162 1529 0 0
 163 1530 0 0
 164 1522 0 0
 165 1528 0 0
 166 1534 0 0
 167 1533 0 0
 168 1530 0 0
 169 1531 0 0
 170 1530 0 0
 171 1527 0 0
 172 1533 0 0
 173 1527 0 0
 174 1528 0 0
 175 1532 0 0
 176 1529 0 0
 177 1526 0 0
 178 1531 0 0
 179 1530 0 0
 180 1532 0 0
 181 1530 0 0
 182 1534 0 0
 183 1538 0 0
 184 1520 0 0
 185 1533 0 0
 186 1528 0 0
 187 1538 0 0
 188 1524 0 0
 189 1527 0 0
 190 1526 0 0
 191 1529 0 0
 192 1532 0 0
 193 1525 0 0
 194 1534 0 0
 195 1528 0 0
 196 1528 0 0
 197 1523 0 0
 198 1530 0 0
 199 1525 0 0
 200 1525 0 0
 201 1528 0 0
 202 1532 0 0
 203 1524 0 0
 204 1534 0 0
 205 1528 0 0
 206 1528 0 0
 207 1530 0 0
 208 1530 0 0
 209 1523 0 0
 210 1521 0 0
 211 1525 0 0
 212 1529 0 0
 213 1533 0 0
 214 1526 0 0
 215 1527 0 0
 216 1527 0 0
 217 1526 0 0
 218 1529 0 0
 219 1525 0 0
 220 1529 0 0
 221 1536 0 0
 222 1532 0 0
 223 1530 0 0
 224 1532 0 0
 225 1526 0 0
 226 1539 0 0
 227 1534 0 0
 228 1528 0 0
 229 1528 0 0
 230 1526 0 0
 231 1534 0 0
 232 1532 0 0
 233 1525 0 0
 234 1528 0 0
 235 1529 0 0
 236 1533 0 0
 237 1531 0 0
 238 1528 0 0
 239 1532 0 0
 240 1531 0 0
 241 1533 0 0
 242 1534 0 0
 243 1531 0 0
 244 1534 0 0
 245 1533 0 0
 246 1527 0 0
 247 1523 0 0
 248 1527 0 0
 249 1518 0 0
 250 1520 0 0
 251 1514 0 0
 252 1508 0 0
 253 1499 0 0
 254 1496 0 0
 255 1541 0 0
[END] of [DATA]
[END] of [Spectrum]


#TBID:2021-09-23 03:00:00;SAM_84C8;CALIBRATED;

[Spectrum]
Version            = 1
IDData             = 96B1_2021-09-23_03-00-00_000_633
IDDevice           = SAM_84C8
IDDataType         = SPECTRUM
IDDataTypeSub1     = CALIBRATED
IDDataTypeSub2     = 
IDDataTypeSub3     = 
DateTime           = 2021-09-23 03:00:00
PositionLatitude   = 0
PositionLongitude  = 0
Comment            = 
CommentSub1        = 
CommentSub2        = 
CommentSub3        = 
IDMethodType       = SAM Control
MethodName         = SAM_84C8
Mission            = No Mission
MissionSub         = 1
RecordType         = 0
[Attributes]
CalFactor = 1
IDBasisSpec = 
IDDataBack = DLAB_2015-08-21_12-14-03_013_778
IDDataCal = DLAB_2015-08-24_11-04-47_772_747
IntegrationTime = 4096
P31 = -1
P31e = 0
PathLength = +INF
PathLengthCustomOn = 0
RAWDynamic = 65535
Salinity = 0
Temperature = -NAN
Unit1 = $01 $01 Wavelength nm
Unit2 = $03 $03 Intensity mW/(m^2 nm Sr)
Unit3 = $f0 $03 Error mW/(m^2 nm Sr)
Unit4 = $f1 $00 Status 
p999 = 362
[END] of [Attributes]
[DATA]
 0 11 0 0
 303.516048156 0 0 0
 306.890006053 0 0 0
 310.26457112 0 0 0
 313.639731825 0 0 0
 317.015476636 -0.00162172875922707 0 0
 320.391794021 -0.00151896178948946 0 0
 323.768672448 -0.00113916723423255 0 0
 327.146100385 -0.00110276919574134 0 0
 330.5240663 -0.000903819876462852 0 0
 333.902558661 -0.000819351103400012 0 0
 337.281565936 -0.000977291912451664 0 0
 340.661076593 -0.000867353043445551 0 0
 344.0410791 -0.000637959676164725 0 0
 347.421561925 -0.000592454418338118 0 0
 350.802513536 -0.000452180221685125 0 0
 354.183922401 -0.000552703654591009 0 0
 357.565776988 -0.000364452483969143 0 0
 360.948065765 -0.000297410814875568 0 0
 364.3307772 -0.000227480745405633 0 0
 367.713899761 -0.000198273442232964 0 0
 371.097421916 -0.000231986757174772 0 0
 374.481332133 -0.000175875846739006 0 0
 377.86561888 -0.000131988636451032 0 0
 381.250270625 -0.00011014480315967 0 0
 384.635275836 -0.000145613050418806 0 0
 388.020622981 -0.000181148690801797 0 0
 391.406300528 -9.6074300473689e-005 0 0
 394.792296945 -5.1401347607392e-005 0 0
 398.1786007 1.60885617236456e-005 0 0
 401.565200261 -0.00017074257176355 0 0
 404.952084096 -0.000182999020475707 0 0
 408.339240673 -8.59637149763004e-005 0 0
 411.72665846 -1.00257744233722e-005 0 0
 415.114325925 -3.2953880491012e-006 0 0
 418.502231536 -8.18991798194024e-005 0 0
 421.890363761 -4.3166520850353e-005 0 0
 425.278711068 -0.000135031761049407 0 0
 428.667261925 -3.75997732565744e-008 0 0
 432.0560048 -8.69038959189615e-006 0 0
 435.444928161 -5.16505207940107e-005 0 0
 438.834020476 9.07618793762419e-006 0 0
 442.223270213 -4.31929795449835e-005 0 0
 445.61266584 -2.8334205570861e-005 0 0
 449.002195825 2.99771640672861e-005 0 0
 452.391848636 -6.08147910067034e-005 0 0
 455.781612741 -3.89714796033634e-005 0 0
 459.171476608 -2.98239921779535e-005 0 0
 462.561428705 -3.65983778590631e-005 0 0
 465.9514575 -3.34906578076149e-005 0 0
 469.341551461 4.3093656408417e-006 0 0
 472.731699056 -0.000101183216910124 0 0
 476.121888753 -4.13013469870105e-005 0 0
 479.51210902 -2.10483438221557e-005 0 0
 482.902348325 2.41207689672332e-005 0 0
 486.292595136 -4.57899726803937e-005 0 0
 489.682837921 -2.95727946820265e-005 0 0
 493.073065148 -4.27675566121434e-005 0 0
 496.463265285 -3.93906863560436e-006 0 0
 499.8534268 2.83995891653725e-005 0 0
 503.243538161 2.40985637835043e-006 0 0
 506.633587836 -2.88003541958179e-005 0 0
 510.023564293 -6.76503946272283e-005 0 0
 513.413456 -4.67720638193211e-005 0 0
 516.803251425 2.65098840428829e-005 0 0
 520.192939036 4.64880466760298e-006 0 0
 523.582507301 -3.59136864818478e-005 0 0
 526.971944688 1.98608656628663e-005 0 0
 530.361239665 2.59767010742172e-005 0 0
 533.7503807 2.2661651251108e-005 0 0
 537.139356261 -2.69760113030419e-007 0 0
 540.528154816 2.00590751601303e-005 0 0
 543.916764833 3.57555035217121e-005 0 0
 547.30517478 8.49310260525064e-005 0 0
 550.693373125 6.27823014487255e-005 0 0
 554.081348336 2.28229884547603e-005 0 0
 557.469088881 5.15433431815989e-005 0 0
 560.856583228 2.92366291181754e-006 0 0
 564.243819845 1.47413532500073e-005 0 0
 567.6307872 1.67881486822715e-005 0 0
 571.017473761 1.01236193745385e-005 0 0
 574.403867996 -7.54846849021857e-006 0 0
 577.789958373 6.14326705131365e-005 0 0
 581.17573336 4.53880073543796e-005 0 0
 584.561181425 5.25136834394419e-005 0 0
 587.946291036 8.99349119895422e-005 0 0
 591.331050661 4.87917675432749e-005 0 0
 594.715448768 4.76090520554695e-005 0 0
 598.099473825 0.000131841845701723 0 0
 601.4831143 9.80449687941004e-005 0 0
 604.866358661 4.04606039986641e-005 0 0
 608.249195376 1.63081256025578e-005 0 0
 611.631612913 2.3886836565473e-005 0 0
 615.01359974 7.41498571039331e-006 0 0
 618.395144325 8.66975553151226e-005 0 0
 621.776235136 6.09071344944581e-005 0 0
 625.156860641 -3.2885063114998e-005 0 0
 628.537009308 0.000173489704799863 0 0
 631.916669605 9.57343126028631e-005 0 0
 635.29583 0.000109324839933937 0 0
 638.674478961 2.32693555581739e-005 0 0
 642.052604956 8.35122444046176e-005 0 0
 645.430196453 0.000102455687590254 0 0
 648.80724192 4.22646245158818e-005 0 0
 652.183729825 5.17304656125684e-005 0 0
 655.559648636 1.92984353968161e-005 0 0
 658.934986821 0.000170196982406628 0 0
 662.309732848 6.06176260917837e-005 0 0
 665.683875185 0.000166178081538708 0 0
 669.0574023 8.05958234407156e-005 0 0
 672.430302661 0.000121009941966167 0 0
 675.802564736 6.15172731632108e-005 0 0
 679.174176993 0.000112373471048512 0 0
 682.5451279 0.000180613548493865 0 0
 685.915405925 0.000189802253992203 0 0
 689.284999536 9.90978862491066e-005 0 0
 692.653897201 1.89884195419473e-005 0 0
 696.022087388 0.000169450263590026 0 0
 699.389558565 0.000101235664119303 0 0
 702.7562992 -1.13195658799969e-006 0 0
 706.122297761 0.000264363598446207 0 0
 709.487542716 0.000100900010949856 0 0
 712.852022533 0.000148456247649183 0 0
 716.21572568 0.000136791988858629 0 0
 719.578640625 0.000141181457478506 0 0
 722.940755836 0.000172350696751964 0 0
 726.302059781 5.64945665950128e-005 0 0
 729.662540928 7.63479610234349e-005 0 0
 733.022187745 0.000225680441794906 0 0
 736.3809887 7.94755279210673e-005 0 0
 739.738932261 0.000263719447738689 0 0
 743.096006896 0.000139692986113405 0 0
 746.452201073 0.000172841614220313 0 0
 749.80750326 -0.000158521809302509 0 0
 753.161901925 5.16968628180545e-005 0 0
 756.515385536 0.000262114322477645 0 0
 759.867942561 0.000226781073176559 0 0
 763.219561468 0.000253343932152112 0 0
 766.570230725 0.000115624673712064 0 0
 769.9199388 0.000138830980483326 0 0
 773.268674161 0.000244499807184293 0 0
 776.616425276 0.000196945250181105 0 0
 779.963180613 9.55610556425059e-005 0 0
 783.30892864 0.000276649304937213 0 0
 786.653657825 0.000241711029822946 0 0
 789.997356636 0.000248598440284626 0 0
 793.340013541 0.00022462502957614 0 0
 796.681617008 0.000335235329097017 0 0
 800.022155505 0.00014459011442578 0 0
 803.3616175 0.000515211024079524 0 0
 806.699991461 0.000363579330798997 0 0
 810.037265856 0.000242441851346773 0 0
 813.373429153 8.83976304759743e-005 0 0
 816.70846982 0.000127782381721304 0 0
 820.042376325 0.000370086265512838 0 0
 823.375137136 0.000524348188194327 0 0
 826.706740721 0.000137389191668709 0 0
 830.037175548 0.000141517174988704 0 0
 833.366430085 0.000280137465576587 0 0
 836.6944928 0.000380156204844495 0 0
 840.021352161 0.000159259473940465 0 0
 843.346996636 0.000405814365792944 0 0
 846.671414693 0.000243037044581521 0 0
 849.9945948 0.000451777225055384 0 0
 853.316525425 0.000342976275316899 0 0
 856.637195036 8.00302626049575e-005 0 0
 859.956592101 0.000685128612336765 0 0
 863.274705088 0.000376336849683215 0 0
 866.591522465 0.000356974771544378 0 0
 869.9070327 0.000790118162377901 0 0
 873.221224261 0.000306165049901004 0 0
 876.534085616 0.000489311591697445 0 0
 879.845605233 0.000765245486408614 0 0
 883.15577158 0.00135241162480837 0 0
 886.464573125 0.000898243066188913 0 0
 889.771998336 0.00022927872488225 0 0
 893.078035681 0.000881006091428349 0 0
 896.382673628 0.000442651468559841 0 0
 899.685900645 0.0013744330411198 0 0
 902.9877052 0.000679552802536644 0 0
 906.288075761 0.000594714374620985 0 0
 909.587000796 0.00064135705874576 0 0
 912.884468773 0.00123523077612309 0 0
 916.18046816 0.00196645030222842 0 0
 919.474987425 0.000304997553632281 0 0
 922.768015036 0.0012923726897648 0 0
 926.059539461 0.00123249473551938 0 0
 929.349549168 0.0014510997302091 0 0
 932.638032625 0.000454325621817879 0 0
 935.9249783 0.000985574575187759 0 0
 939.210374661 0.00213760708133646 0 0
 942.494210176 0.00131085006595768 0 0
 945.776473313 0.00104553068211255 0 0
 949.05715254 0.00237693088758722 0 0
 952.336236325 0.00205682028442784 0 0
 955.613713136 0 0 0
 958.889571441 0 0 0
 962.163799708 0 0 0
 965.436386405 0 0 0
 968.70732 0 0 0
 971.976588961 0 0 0
 975.244181756 0 0 0
 978.510086853 0 0 0
 981.77429272 0 0 0
 985.036787825 0 0 0
 988.297560636 0 0 0
 991.556599621 0 0 0
 994.813893248 0 0 0
 998.069429985 0 0 0
 1001.3231983 0 0 0
 1004.575186661 0 0 0
 1007.825383536 0 0 0
 1011.073777393 0 0 0
 1014.3203567 0 0 0
 1017.565109925 0 0 0
 1020.808025536 0 0 0
 1024.049092001 0 0 0
 1027.288297788 0 0 0
 1030.525631365 0 0 0
 1033.7610812 0 0 0
 1036.994635761 0 0 0
 1040.226283516 0 0 0
 1043.456012933 0 0 0
 1046.68381248 0 0 0
 1049.909670625 0 0 0
 1053.133575836 0 0 0
 1056.355516581 0 0 0
 1059.575481328 0 0 0
 1062.793458545 0 0 0
 1066.0094367 0 0 0
 1069.223404261 0 0 0
 1072.435349696 0 0 0
 1075.645261473 0 0 0
 1078.85312806 0 0 0
 1082.058937925 0 0 0
 1085.262679536 0 0 0
 1088.464341361 0 0 0
 1091.663911868 0 0 0
 1094.861379525 0 0 0
 1098.0567328 0 0 0
 1101.249960161 0 0 0
 1104.441050076 0 0 0
 1107.629991013 0 0 0
 1110.81677144 0 0 0
 1114.001379825 0 0 0
 1117.183804636 0 0 0
 1120.364034341 0 0 0
 1123.542057408 0 0 0
 1126.717862305 0 0 0
 1129.8914375 0 0 0
 1133.062771461 0 0 0
 1136.231852656 0 0 0
 1139.398669553 0 0 0
 1142.56321062 0 0 0
 1145.725464325 0 0 0
 1148.885419136 0 0 0
[END] of [DATA]
[END] of [Spectrum]


#TBID:2021-09-23 03:00:00;SAM_84DC;RAW;

[Spectrum]
Version            = 1
IDData             = 96B1_2021-09-23_03-00-00_000_635
IDDevice           = SAM_84DC
IDDataType         = SPECTRUM
IDDataTypeSub1     = RAW
IDDataTypeSub2     = 
IDDataTypeSub3     = 
DateTime           = 2021-09-23 03:00:00
PositionLatitude   = 0
PositionLongitude  = 0
Comment            = 
CommentSub1        = 
CommentSub2        = 
CommentSub3        = 
IDMethodType       = SAM Control
MethodName         = SAM_84DC
Mission            = No Mission
MissionSub         = 1
RecordType         = 0
[Attributes]
CalFactor = 1
IDBasisSpec = 
IDDataBack = DLAB_2015-08-21_13-19-54_137_939
IDDataCal = DLAB_2015-08-24_10-46-55_592_608
IntegrationTime = 4096
P31 = -1
P31e = 0
PathLength = +INF
PathLengthCustomOn = 0
RAWDynamic = 65535
Salinity = 0
Temperature = -NAN
Unit1 = $05 $00 Pixel 
Unit2 = $03 $05 Intensity counts
Unit3 = $f0 $05 Error counts
Unit4 = $f1 $00 Status 
p999 = 362
[END] of [Attributes]
[DATA]
 0 11 0 0
 1 1558 0 0
 2 1553 0 0
 3 1566 0 0
 4 1574 0 0
 5 1575 0 0
 6 1571 0 0
 7 1581 0 0
 8 1580 0 0
 9 1582 0 0
 10 1583 0 0
 11 1584 0 0
 12 1583 0 0
 13 1579 0 0
 14 1585 0 0
 15 1571 0 0
 16 1583 0 0
 17 1588 0 0
 18 1586 0 0
 19 1583 0 0
 20 1585 0 0
 21 1590 0 0
 22 1594 0 0
 23 1600 0 0
 24 1594 0 0
 25 1596 0 0
 26 1600 0 0
 27 1598 0 0
 28 1591 0 0
 29 1594 0 0
 30 1594 0 0
 31 1603 0 0
 32 1603 0 0
 33 1600 0 0
 34 1603 0 0
 35 1598 0 0
 36 1600 0 0
 37 1602 0 0
 38 1598 0 0
 39 1598 0 0
 40 1608 0 0
 41 1601 0 0
 42 1600 0 0
 43 1604 0 0
 44 1612 0 0
 45 1605 0 0
 46 1604 0 0
 47 1605 0 0
 48 1600 0 0
 49 1607 0 0
 50 1596 0 0
 51 1596 0 0
 52 1601 0 0
 53 1602 0 0
 54 1600 0 0
 55 1604 0 0
 56 1604 0 0
 57 1602 0 0
 58 1600 0 0
 59 1611 0 0
 60 1601 0 0
 61 1600 0 0
 62 1600 0 0
 63 1602 0 0
 64 1604 0 0
 65 1604 0 0
 66 1588 0 0
 67 1601 0 0
 68 1603 0 0
 69 1602 0 0
 70 1604 0 0
 71 1604 0 0
 72 1604 0 0
 73 1600 0 0
 74 1601 0 0
 75 1601 0 0
 76 1602 0 0
 77 1600 0 0
 78 1597 0 0
 79 1603 0 0
 80 1601 0 0
 81 1608 0 0
 82 1601 0 0
 83 1606 0 0
 84 1599 0 0
 85 1611 0 0
 86 1597 0 0
 87 1602 0 0
 88 1591 0 0
 89 1598 0 0
 90 1587 0 0
 91 1590 0 0
 92 1593 0 0
 93 1590 0 0
 94 1594 0 0
 95 1598 0 0
 96 1590 0 0
 97 1598 0 0
 98 1585 0 0
 99 1593 0 0
 100 1592 0 0
 101 1593 0 0
 102 1592 0 0
 103 1593 0 0
 104 1595 0 0
 105 1601 0 0
 106 1592 0 0
 107 1600 0 0
 108 1598 0 0
 109 1597 0 0
 110 1599 0 0
 111 1599 0 0
 112 1599 0 0
 113 1592 0 0
 114 1598 0 0
 115 1603 0 0
 116 1594 0 0
 117 1601 0 0
 118 1594 0 0
 119 1594 0 0
 120 1594 0 0
 121 1602 0 0
 122 1597 0 0
 123 1598 0 0
 124 1600 0 0
 125 1597 0 0
 126 1602 0 0
 127 1592 0 0
 128 1594 0 0
 129 1598 0 0
 130 1596 0 0
 131 1598 0 0
 132 1603 0 0
 133 1598 0 0
 134 1595 0 0
 135 1598 0 0
 136 1598 0 0
 137 1596 0 0
 138 1594 0 0
 139 1599 0 0
 140 1596 0 0
 141 1602 0 0
 142 1597 0 0
 143 1603 0 0
 144 1595 0 0
 145 1596 0 0
 146 1593 0 0
 147 1599 0 0
 148 1600 0 0
 149 1597 0 0
 150 1594 0 0
 151 1603 0 0
 152 1596 0 0
 153 1602 0 0
 154 1599 0 0
 155 1600 0 0
 156 1593 0 0
 157 1603 0 0
 158 1597 0 0
 159 1600 0 0
 160 1599 0 0
 161 1596 0 0
 162 1594 0 0
 163 1597 0 0
 164 1598 0 0
 165 1598 0 0
 166 1600 0 0
 167 1596 0 0
 168 1597 0 0
 169 1598 0 0
 170 1590 0 0
 171 1601 0 0
 172 1588 0 0
 173 1598 0 0
 174 1604 0 0
 175 1593 0 0
 176 1600 0 0
 177 1598 0 0
 178 1601 0 0
 179 1599 0 0
 180 1599 0 0
 181 1592 0 0
 182 1601 0 0
 183 1604 0 0
 184 1594 0 0
 185 1597 0 0
 186 1595 0 0
 187 1601 0 0
 188 1596 0 0
 189 1598 0 0
 190 1593 0 0
 191 1596 0 0
 192 1604 0 0
 193 1599 0 0
 194 1602 0 0
 195 1594 0 0
 196 1600 0 0
 197 1601 0 0
 198 1596 0 0
 199 1603 0 0
 200 1597 0 0
 201 1604 0 0
 202 1591 0 0
 203 1608 0 0
 204 1600 0 0
 205 1601 0 0
 206 1606 0 0
 207 1601 0 0
 208 1594 0 0
 209 1604 0 0
 210 1602 0 0
 211 1600 0 0
 212 1597 0 0
 213 1600 0 0
 214 1599 0 0
 215 1606 0 0
 216 1604 0 0
 217 1605 0 0
 218 1604 0 0
 219 1600 0 0
 220 1604 0 0
 221 1607 0 0
 222 1601 0 0
 223 1611 0 0
 224 1606 0 0
 225 1610 0 0
 226 1610 0 0
 227 1607 0 0
 228 1613 0 0
 229 1609 0 0
 230 1605 0 0
 231 1607 0 0
 232 1610 0 0
 233 1605 0 0
 234 1610 0 0
 235 1612 0 0
 236 1606 0 0
 237 1612 0 0
 238 1612 0 0
 239 1612 0 0
 240 1618 0 0
 241 1612 0 0
 242 1612 0 0
 243 1612 0 0
 244 1611 0 0
 245 1619 0 0
 246 1616 0 0
 247 1616 0 0
 248 1619 0 0
 249 1613 0 0
 250 1602 0 0
 251 1608 0 0
 252 1608 0 0
 253 1596 0 0
 254 1587 0 0
 255 1642 0 0
[END] of [DATA]
[END] of [Spectrum]


#TBID:2021-09-23 03:00:00;SAM_84DC;CALIBRATED;

[Spectrum]
Version            = 1
IDData             = 96B1_2021-09-23_03-00-00_000_636
IDDevice           = SAM_84DC
IDDataType         = SPECTRUM
IDDataTypeSub1     = CALIBRATED
IDDataTypeSub2     = 
IDDataTypeSub3     = 
DateTime           = 2021-09-23 03:00:00
PositionLatitude   = 0
PositionLongitude  = 0
Comment            = 
CommentSub1        = 
CommentSub2        = 
CommentSub3        = 
IDMethodType       = SAM Control
MethodName         = SAM_84DC
Mission            = No Mission
MissionSub         = 1
RecordType         = 0
[Attributes]
CalFactor = 1
IDBasisSpec = 
IDDataBack = DLAB_2015-08-21_13-19-54_137_939
IDDataCal = DLAB_2015-08-24_10-46-55_592_608
IntegrationTime = 4096
P31 = -1
P31e = 0
PathLength = +INF
PathLengthCustomOn = 0
RAWDynamic = 65535
Salinity = 0
Temperature = -NAN
Unit1 = $01 $01 Wavelength nm
Unit2 = $03 $03 Intensity mW/(m^2 nm Sr)
Unit3 = $f0 $03 Error mW/(m^2 nm Sr)
Unit4 = $f1 $00 Status 
p999 = 362
[END] of [Attributes]
[DATA]
 0 11 0 0
 305.71650776488 0 0 0
 309.04007505697 0 0 0
 312.36416914304 0 0 0
 315.68877841375 0 0 0
 319.01389125976 -0.000954215444411548 0 0
 322.33949607173 -0.000791512283744709 0 0
 325.66558124032 -0.000798299704704313 0 0
 328.99213515619 -0.000691971249913835 0 0
 332.31914621 -0.000716910075934599 0 0
 335.64660279241 -0.000545561828317427 0 0
 338.97449329408 -0.000541717091680248 0 0
 342.30280610567 -0.000360111490089771 0 0
 345.63152961784 -0.000434637921566632 0 0
 348.96065222125 -0.000483590068561518 0 0
 352.29016230656 -0.000442309432742577 0 0
 355.62004826443 -0.000357554394783484 0 0
 358.95029848552 -0.000347861466023726 0 0
 362.28090136049 -0.000237477177853501 0 0
 365.61184528 -0.000332603760277744 0 0
 368.94311863471 -0.000258420895881178 0 0
 372.27470981528 -0.000118549961792461 0 0
 375.60660721237 -0.000214115305460231 0 0
 378.93879921664 -8.96382741138373e-005 0 0
 382.27127421875 -0.000189591923302296 0 0
 385.60402060936 -1.17681026384168e-005 0 0
 388.93702677913 -6.29816203589636e-005 0 0
 392.27028111872 -0.000104631463146884 0 0
 395.60377201879 -0.000104838300066985 0 0
 398.93748787 -3.87141306059687e-005 0 0
 402.27141706301 -1.390914988857e-005 0 0
 405.60554798848 -2.6945038282785e-005 0 0
 408.93986903707 1.00776578389102e-005 0 0
 412.27436859944 3.29177534377492e-005 0 0
 415.60903506625 -1.24381279092835e-005 0 0
 418.94385682816 8.27658163553503e-007 0 0
 422.27882227583 -0.000102321508993181 0 0
 425.61391979992 -5.09752358022536e-005 0 0
 428.94913779109 -5.70429539070283e-005 0 0
 432.28446464 -1.45333478382914e-005 0 0
 435.61988873731 -3.88021518570694e-005 0 0
 438.95539847368 -3.93129490901283e-005 0 0
 442.29098223977 -3.57988844111729e-005 0 0
 445.62662842624 -2.04288678170564e-005 0 0
 448.96232542375 4.12636848705948e-005 0 0
 452.29806162296 -2.05599862203802e-005 0 0
 455.63382541453 -8.03432433425604e-005 0 0
 458.96960518912 -9.0926641971523e-005 0 0
 462.30538933739 -5.14740620659585e-005 0 0
 465.64116625 2.31896322362655e-005 0 0
 468.97692431761 -8.82832006891167e-005 0 0
 472.31265193088 -0.000114843412640969 0 0
 475.64833748047 -6.50852916984476e-005 0 0
 478.98396935704 -1.79803023195852e-005 0 0
 482.31953595125 -4.58498444220464e-005 0 0
 485.65502565376 -5.04277855606409e-005 0 0
 488.99042685523 -2.30888004795115e-005 0 0
 492.32572794632 -0.00010195226756372 0 0
 495.66091731769 -0.00012273062841586 0 0
 498.99598336 -6.54829356862887e-005 0 0
 502.33091446391 -0.000104224331447745 0 0
 505.66569902008 -0.000150300434612183 0 0
 509.00032541917 -5.56847174069883e-005 0 0
 512.33478205184 -7.27074706001379e-005 0 0
 515.66905730875 -6.21023276872739e-005 0 0
 519.00313958056 -1.94178475549938e-005 0 0
 522.33701725793 -0.000107950123570228 0 0
 525.67067873152 -8.97965580793037e-005 0 0
 529.00411239199 -8.32546231534464e-005 0 0
 532.33730663 -4.27460611249554e-005 0 0
 535.67024983621 -7.28390439081273e-005 0 0
 539.00293040128 -0.000105397190836269 0 0
 542.33533671587 -3.1544643313289e-005 0 0
 545.66745717064 -0.000118125201925969 0 0
 548.99928015625 -0.000123142138569928 0 0
 552.33079406336 -4.38196638472382e-005 0 0
 555.66198728263 -9.4514565121594e-005 0 0
 558.99284820472 -0.000107249195481225 0 0
 562.32336522029 -6.62750662346708e-005 0 0
 565.65352672 -0.000112346703658254 0 0
 568.98332109451 -6.25299254569213e-005 0 0
 572.31273673448 -6.72372417844031e-005 0 0
 575.64176203057 -6.42729583288206e-005 0 0
 578.97038537344 -4.76770426893105e-005 0 0
 582.29859515375 -4.28195476409691e-005 0 0
 585.62637976216 -7.04427175183543e-005 0 0
 588.95372758933 -0.000176290195158354 0 0
 592.28062702592 -0.000129226766659607 0 0
 595.60706646259 -0.000215300242871182 0 0
 598.93303429 -0.000216941742815142 0 0
 602.25851889881 -0.000234073058203253 0 0
 605.58350867968 -0.000288726789097011 0 0
 608.90799202327 -0.000249175373787067 0 0
 612.23195732024 -0.000284793809259511 0 0
 615.55539296125 -0.000287385943089852 0 0
 618.87828733696 -0.000217576557246411 0 0
 622.20062883803 -0.000252518266314848 0 0
 625.52240585512 -0.000260611163531665 0 0
 628.84360677889 -0.000344256570342425 0 0
 632.16422 -0.000273965137831516 0 0
 635.48423390911 -0.000323459646267931 0 0
 638.80363689688 -0.000244832693887284 0 0
 642.12241735397 -0.000332218901931651 0 0
 645.44056367104 -0.000287862260340514 0 0
 648.75806423875 -0.000254917854913782 0 0
 652.07490744776 -0.000212804967173625 0 0
 655.39108168873 -0.00035373968648108 0 0
 658.70657535232 -0.000341449757539922 0 0
 662.02137682919 -0.000254376169317472 0 0
 665.33547451 -0.000289239190547285 0 0
 668.64885678541 -0.000187352230928344 0 0
 671.96151204608 -0.000246632772271446 0 0
 675.27342868267 -0.000225640228508481 0 0
 678.58459508584 -0.000233442948646204 0 0
 681.89499964625 -0.000266936391745741 0 0
 685.20463075456 -0.000220479630294212 0 0
 688.51347680143 -0.00028686550475681 0 0
 691.82152617752 -0.000144463287492244 0 0
 695.12876727349 -0.000239880030604984 0 0
 698.43518848 -0.000297924974831378 0 0
 701.74077818771 -0.000129724135752474 0 0
 705.04552478728 -0.000298418162478022 0 0
 708.34941666937 -0.00019072738124151 0 0
 711.65244222464 -0.000301709710992969 0 0
 714.95458984375 -0.000260910391846532 0 0
 718.25584791736 -0.000194971215093071 0 0
 721.55620483613 -0.000217054767222232 0 0
 724.85564899072 -0.000403275390295307 0 0
 728.15416877179 -0.000293401063550255 0 0
 731.45175257 -0.000194801187447302 0 0
 734.74838877601 -0.000391515312918087 0 0
 738.04406578048 -0.000205153930570015 0 0
 741.33877197407 -0.000176535519575898 0 0
 744.63249574744 -0.000249216554642511 0 0
 747.92522549125 -0.000279472021932695 0 0
 751.21694959616 -0.000296720490351106 0 0
 754.50765645283 -0.000134986208182926 0 0
 757.79733445192 -0.000328171783993571 0 0
 761.08597198409 -0.000258815710281168 0 0
 764.37355744 -0.000220047506281974 0 0
 767.66007921031 -0.000227807209883791 0 0
 770.94552568568 -0.000244973837602293 0 0
 774.22988525677 -0.000200902827140249 0 0
 777.51314631424 -0.000172556640692146 0 0
 780.79529724875 -0.000332460846004985 0 0
 784.07632645096 -0.00019575743329914 0 0
 787.35622231153 -0.000338936233028324 0 0
 790.63497322112 -0.000214012854491773 0 0
 793.91256757039 -0.000312309884470747 0 0
 797.18899375 -0.00036518892269768 0 0
 800.46424015061 -0.000325877709154996 0 0
 803.73829516288 -0.000229199092398441 0 0
 807.01114717747 -0.000415977569038109 0 0
 810.28278458504 -0.000356502480042615 0 0
 813.55319577625 -0.000401567800361215 0 0
 816.82236914176 -0.000320988713549664 0 0
 820.09029307223 -0.000434243253730716 0 0
 823.35695595832 -0.000383926904032645 0 0
 826.62234619069 -0.000434185871700853 0 0
 829.88645216 -0.000466791710442373 0 0
 833.14926225691 -0.000505147385153864 0 0
 836.41076487208 -0.00037492198315468 0 0
 839.67094839617 -0.0003129437619802 0 0
 842.92980121984 -0.000391867826529722 0 0
 846.18731173375 -0.000455370231070711 0 0
 849.44346832856 -0.000607102589786257 0 0
 852.69825939493 -0.000831276685983825 0 0
 855.95167332352 -0.000961110179934996 0 0
 859.20369850499 -0.000807619041607969 0 0
 862.45432333 -0.000799036182643174 0 0
 865.70353618921 -0.00134665034908088 0 0
 868.95132547328 -0.00095236939880609 0 0
 872.19767957287 -0.000970281986289056 0 0
 875.44258687864 -0.001075027325842 0 0
 878.68603578125 -0.000397482444750362 0 0
 881.92801467136 -0.00110441701440815 0 0
 885.16851193963 -0.000826785668504354 0 0
 888.40751597672 -0.000691825374233268 0 0
 891.64501517329 -0.000718335624711562 0 0
 894.88099792 -0.000358874874995254 0 0
 898.11545260751 -0.000511192344056036 0 0
 901.34836762648 -0.00123075871784124 0 0
 904.57973136757 -0.000651410503795227 0 0
 907.80953222144 -0.000411697370450466 0 0
 911.03775857875 -0.00144703383347677 0 0
 914.26439883016 -0.00127047483025614 0 0
 917.48944136633 -0.00177347534703499 0 0
 920.71287457792 -0.00101085551059617 0 0
 923.93468685559 -0.00094318415102217 0 0
 927.15486659 -0.000570664327336954 0 0
 930.37340217181 -0.00170583895680773 0 0
 933.59028199168 -0.00173348533557602 0 0
 936.80549444027 -0.00201770787028972 0 0
 940.01902790824 -0.00187331407052379 0 0
 943.23087078625 -0.000842962338914663 0 0
 946.44101146496 -0.00174088955079503 0 0
 949.64943833503 -0.00262420345480743 0 0
 952.85613978712 -0.00161943837082564 0 0
 956.06110421189 0 0 0
 959.26432 0 0 0
 962.46577554211 0 0 0
 965.66545922888 0 0 0
 968.86335945097 0 0 0
 972.05946459904 0 0 0
 975.25376306375 0 0 0
 978.44624323576 0 0 0
 981.63689350573 0 0 0
 984.82570226432 0 0 0
 988.01265790219 0 0 0
 991.19774881 0 0 0
 994.38096337841 0 0 0
 997.56228999808 0 0 0
 1000.74171705967 0 0 0
 1003.91923295384 0 0 0
 1007.09482607125 0 0 0
 1010.26848480256 0 0 0
 1013.44019753843 0 0 0
 1016.60995266952 0 0 0
 1019.77773858649 0 0 0
 1022.94354368 0 0 0
 1026.10735634071 0 0 0
 1029.26916495928 0 0 0
 1032.42895792637 0 0 0
 1035.58672363264 0 0 0
 1038.74245046875 0 0 0
 1041.89612682536 0 0 0
 1045.04774109313 0 0 0
 1048.19728166272 0 0 0
 1051.34473692479 0 0 0
 1054.49009527 0 0 0
 1057.63334508901 0 0 0
 1060.77447477248 0 0 0
 1063.91347271107 0 0 0
 1067.05032729544 0 0 0
 1070.18502691625 0 0 0
 1073.31755996416 0 0 0
 1076.44791482983 0 0 0
 1079.57607990392 0 0 0
 1082.70204357709 0 0 0
 1085.82579424 0 0 0
 1088.94732028331 0 0 0
 1092.06661009768 0 0 0
 1095.18365207377 0 0 0
 1098.29843460224 0 0 0
 1101.41094607375 0 0 0
 1104.52117487896 0 0 0
 1107.62910940853 0 0 0
 1110.73473805312 0 0 0
 1113.83804920339 0 0 0
 1116.93903125 0 0 0
 1120.03767258361 0 0 0
 1123.13396159488 0 0 0
 1126.22788667447 0 0 0
 1129.31943621304 0 0 0
 1132.40859860125 0 0 0
 1135.49536222976 0 0 0
[END] of [DATA]
[END] of [Spectrum]

