
#TBID:2021-10-12 00:30:00;SAM_84C8;RAW;

[Spectrum]
Version            = 1
IDData             = 96B1_2021-10-12_00-30-00_000_695
IDDevice           = SAM_84C8
IDDataType         = SPECTRUM
IDDataTypeSub1     = RAW
IDDataTypeSub2     = 
IDDataTypeSub3     = 
DateTime           = 2021-10-12 00:30:00
PositionLatitude   = 0
PositionLongitude  = 0
Comment            = 
CommentSub1        = 
CommentSub2        = 
CommentSub3        = 
IDMethodType       = SAM Control
MethodName         = SAM_84C8
Mission            = No Mission
MissionSub         = 1
RecordType         = 0
[Attributes]
CalFactor = 1
IDBasisSpec = 
IDDataBack = DLAB_2015-08-21_12-14-03_013_778
IDDataCal = DLAB_2015-08-24_11-04-47_772_747
IntegrationTime = 4096
P31 = -1
P31e = 0
PathLength = +INF
PathLengthCustomOn = 0
RAWDynamic = 65535
Salinity = 0
Temperature = -NAN
Unit1 = $05 $00 Pixel 
Unit2 = $03 $05 Intensity counts
Unit3 = $f0 $05 Error counts
Unit4 = $f1 $00 Status 
p999 = 268
[END] of [Attributes]
[DATA]
 0 11 0 0
 1 1341 0 0
 2 1331 0 0
 3 1331 0 0
 4 1331 0 0
 5 1337 0 0
 6 1337 0 0
 7 1332 0 0
 8 1334 0 0
 9 1339 0 0
 10 1330 0 0
 11 1339 0 0
 12 1340 0 0
 13 1341 0 0
 14 1340 0 0
 15 1344 0 0
 16 1336 0 0
 17 1347 0 0
 18 1349 0 0
 19 1352 0 0
 20 1354 0 0
 21 1352 0 0
 22 1351 0 0
 23 1361 0 0
 24 1358 0 0
 25 1355 0 0
 26 1350 0 0
 27 1358 0 0
 28 1358 0 0
 29 1359 0 0
 30 1365 0 0
 31 1359 0 0
 32 1366 0 0
 33 1359 0 0
 34 1357 0 0
 35 1357 0 0
 36 1357 0 0
 37 1361 0 0
 38 1363 0 0
 39 1353 0 0
 40 1357 0 0
 41 1355 0 0
 42 1358 0 0
 43 1363 0 0
 44 1357 0 0
 45 1361 0 0
 46 1361 0 0
 47 1357 0 0
 48 1361 0 0
 49 1362 0 0
 50 1359 0 0
 51 1365 0 0
 52 1365 0 0
 53 1364 0 0
 54 1361 0 0
 55 1362 0 0
 56 1358 0 0
 57 1366 0 0
 58 1364 0 0
 59 1359 0 0
 60 1358 0 0
 61 1363 0 0
 62 1374 0 0
 63 1367 0 0
 64 1365 0 0
 65 1360 0 0
 66 1368 0 0
 67 1364 0 0
 68 1368 0 0
 69 1363 0 0
 70 1369 0 0
 71 1364 0 0
 72 1369 0 0
 73 1369 0 0
 74 1364 0 0
 75 1365 0 0
 76 1366 0 0
 77 1369 0 0
 78 1362 0 0
 79 1368 0 0
 80 1369 0 0
 81 1364 0 0
 82 1371 0 0
 83 1369 0 0
 84 1364 0 0
 85 1366 0 0
 86 1368 0 0
 87 1374 0 0
 88 1370 0 0
 89 1366 0 0
 90 1371 0 0
 91 1368 0 0
 92 1370 0 0
 93 1366 0 0
 94 1370 0 0
 95 1368 0 0
 96 1374 0 0
 97 1369 0 0
 98 1372 0 0
 99 1369 0 0
 100 1375 0 0
 101 1380 0 0
 102 1374 0 0
 103 1368 0 0
 104 1371 0 0
 105 1377 0 0
 106 1370 0 0
 107 1368 0 0
 108 1367 0 0
 109 1369 0 0
 110 1376 0 0
 111 1378 0 0
 112 1374 0 0
 113 1372 0 0
 114 1371 0 0
 115 1374 0 0
 116 1376 0 0
 117 1372 0 0
 118 1369 0 0
 119 1372 0 0
 120 1372 0 0
 121 1375 0 0
 122 1373 0 0
 123 1370 0 0
 124 1368 0 0
 125 1375 0 0
 126 1371 0 0
 127 1380 0 0
 128 1369 0 0
 129 1373 0 0
 130 1377 0 0
 131 1374 0 0
 132 1378 0 0
 133 1409 0 0
 134 1373 0 0
 135 1373 0 0
 136 1373 0 0
 137 1378 0 0
 138 1371 0 0
 139 1377 0 0
 140 1374 0 0
 141 1376 0 0
 142 1376 0 0
 143 1376 0 0
 144 1371 0 0
 145 1380 0 0
 146 1377 0 0
 147 1371 0 0
 148 1376 0 0
 149 1376 0 0
 150 1374 0 0
 151 1378 0 0
 152 1377 0 0
 153 1369 0 0
 154 1376 0 0
 155 1368 0 0
 156 1375 0 0
 157 1376 0 0
 158 1373 0 0
 159 1375 0 0
 160 1375 0 0
 161 1374 0 0
 162 1376 0 0
 163 1374 0 0
 164 1374 0 0
 165 1381 0 0
 166 1372 0 0
 167 1378 0 0
 168 1378 0 0
 169 1379 0 0
 170 1378 0 0
 171 1370 0 0
 172 1379 0 0
 173 1374 0 0
 174 1374 0 0
 175 1379 0 0
 176 1371 0 0
 177 1376 0 0
 178 1369 0 0
 179 1382 0 0
 180 1378 0 0
 181 1371 0 0
 182 1374 0 0
 183 1378 0 0
 184 1373 0 0
 185 1378 0 0
 186 1377 0 0
 187 1377 0 0
 188 1374 0 0
 189 1376 0 0
 190 1366 0 0
 191 1374 0 0
 192 1379 0 0
 193 1370 0 0
 194 1376 0 0
 195 1376 0 0
 196 1366 0 0
 197 1376 0 0
 198 1375 0 0
 199 1376 0 0
 200 1370 0 0
 201 1374 0 0
 202 1372 0 0
 203 1371 0 0
 204 1377 0 0
 205 1374 0 0
 206 1368 0 0
 207 1377 0 0
 208 1372 0 0
 209 1370 0 0
 210 1367 0 0
 211 1376 0 0
 212 1371 0 0
 213 1375 0 0
 214 1369 0 0
 215 1371 0 0
 216 1374 0 0
 217 1376 0 0
 218 1373 0 0
 219 1374 0 0
 220 1378 0 0
 221 1384 0 0
 222 1377 0 0
 223 1373 0 0
 224 1372 0 0
 225 1378 0 0
 226 1375 0 0
 227 1377 0 0
 228 1380 0 0
 229 1373 0 0
 230 1372 0 0
 231 1375 0 0
 232 1375 0 0
 233 1373 0 0
 234 1376 0 0
 235 1379 0 0
 236 1377 0 0
 237 1378 0 0
 238 1375 0 0
 239 1376 0 0
 240 1379 0 0
 241 1378 0 0
 242 1373 0 0
 243 1378 0 0
 244 1376 0 0
 245 1370 0 0
 246 1371 0 0
 247 1370 0 0
 248 1375 0 0
 249 1369 0 0
 250 1365 0 0
 251 1363 0 0
 252 1358 0 0
 253 1354 0 0
 254 1345 0 0
 255 1382 0 0
[END] of [DATA]
[END] of [Spectrum]


#TBID:2021-10-12 00:30:00;SAM_84C8;CALIBRATED;

[Spectrum]
Version            = 1
IDData             = 96B1_2021-10-12_00-30-00_000_696
IDDevice           = SAM_84C8
IDDataType         = SPECTRUM
IDDataTypeSub1     = CALIBRATED
IDDataTypeSub2     = 
IDDataTypeSub3     = 
DateTime           = 2021-10-12 00:30:00
PositionLatitude   = 0
PositionLongitude  = 0
Comment            = 
CommentSub1        = 
CommentSub2        = 
CommentSub3        = 
IDMethodType       = SAM Control
MethodName         = SAM_84C8
Mission            = No Mission
MissionSub         = 1
RecordType         = 0
[Attributes]
CalFactor = 1
IDBasisSpec = 
IDDataBack = DLAB_2015-08-21_12-14-03_013_778
IDDataCal = DLAB_2015-08-24_11-04-47_772_747
IntegrationTime = 4096
P31 = -1
P31e = 0
PathLength = +INF
PathLengthCustomOn = 0
RAWDynamic = 65535
Salinity = 0
Temperature = -NAN
Unit1 = $01 $01 Wavelength nm
Unit2 = $03 $03 Intensity mW/(m^2 nm Sr)
Unit3 = $f0 $03 Error mW/(m^2 nm Sr)
Unit4 = $f1 $00 Status 
p999 = 268
[END] of [Attributes]
[DATA]
 0 11 0 0
 303.516048156 0 0 0
 306.890006053 0 0 0
 310.26457112 0 0 0
 313.639731825 0 0 0
 317.015476636 -0.00118061746449795 0 0
 320.391794021 -0.00116481275388206 0 0
 323.768672448 -0.00111367120168922 0 0
 327.146100385 -0.000899682191712285 0 0
 330.5240663 -0.000743046315846035 0 0
 333.902558661 -0.000797452479715704 0 0
 337.281565936 -0.00076726624044684 0 0
 340.661076593 -0.000789509671040764 0 0
 344.0410791 -0.000484151946512163 0 0
 347.421561925 -0.000475962830683814 0 0
 350.802513536 -0.000414071348699228 0 0
 354.183922401 -0.000559776712981106 0 0
 357.565776988 -0.000351288302061923 0 0
 360.948065765 -0.000266155177394308 0 0
 364.3307772 -0.000215282397842124 0 0
 367.713899761 -0.000113076377657125 0 0
 371.097421916 -0.000201102912003603 0 0
 374.481332133 -0.000258381034217288 0 0
 377.86561888 -7.97577028830033e-005 0 0
 381.250270625 -0.000177127910823139 0 0
 384.635275836 -0.000172963879984451 0 0
 388.020622981 -0.000126053083661923 0 0
 391.406300528 -6.17867994471106e-005 0 0
 394.792296945 -0.000139551796731324 0 0
 398.1786007 -6.99839045886841e-005 0 0
 401.565200261 -2.32963515553701e-005 0 0
 404.952084096 -7.83340972726751e-005 0 0
 408.339240673 4.85899024497598e-005 0 0
 411.72665846 1.06289824808286e-006 0 0
 415.114325925 -3.9911513263846e-005 0 0
 418.502231536 -1.30308495095913e-005 0 0
 421.890363761 -8.9498738168726e-005 0 0
 425.278711068 -0.00017878004163018 0 0
 428.667261925 -1.66398525990512e-005 0 0
 432.0560048 -4.83912695916352e-005 0 0
 435.444928161 -3.2491380987287e-005 0 0
 438.834020476 -9.55084929750088e-005 0 0
 442.223270213 -2.47194126666042e-005 0 0
 445.61266584 -9.8528857836372e-006 0 0
 449.002195825 -1.8609016700161e-005 0 0
 452.391848636 -7.60738362974319e-005 0 0
 455.781612741 -3.11477549051622e-005 0 0
 459.171476608 -5.79597486427349e-005 0 0
 462.561428705 -5.31088798569845e-005 0 0
 465.9514575 -8.83852779624088e-005 0 0
 469.341551461 -1.29128039649833e-005 0 0
 472.731699056 -1.37493617510549e-005 0 0
 476.121888753 -5.91302029142838e-006 0 0
 479.51210902 1.47827455264878e-005 0 0
 482.902348325 0.000115138237100362 0 0
 486.292595136 -2.26667430729496e-005 0 0
 489.682837921 -0.00010462495310089 0 0
 493.073065148 -4.75151199060235e-005 0 0
 496.463265285 1.99367086431574e-005 0 0
 499.8534268 2.36217867879454e-005 0 0
 503.243538161 -3.08382716245277e-005 0 0
 506.633587836 -5.32558970832737e-006 0 0
 510.023564293 -1.68165206663364e-005 0 0
 513.413456 -1.05511100020626e-005 0 0
 516.803251425 0.000101553066446486 0 0
 520.192939036 -1.25297993596055e-005 0 0
 523.582507301 1.00247471958928e-005 0 0
 526.971944688 -8.59114807932136e-006 0 0
 530.361239665 -1.3758707491967e-005 0 0
 533.7503807 7.05406569940876e-006 0 0
 537.139356261 -4.11948691228711e-006 0 0
 540.528154816 -1.81183864735423e-005 0 0
 543.916764833 -2.50443231768664e-005 0 0
 547.30517478 4.69795519439905e-005 0 0
 550.693373125 1.93190261164011e-006 0 0
 554.081348336 -1.53778357461466e-005 0 0
 557.469088881 1.51718155089382e-006 0 0
 560.856583228 3.40456766508866e-005 0 0
 564.243819845 -4.83672634525858e-005 0 0
 567.6307872 1.27798987368938e-005 0 0
 571.017473761 3.05384556774176e-005 0 0
 574.403867996 7.74941162737612e-007 0 0
 577.789958373 -6.52898895054464e-006 0 0
 581.17573336 2.0021602933136e-006 0 0
 584.561181425 -8.50504829416235e-005 0 0
 587.946291036 3.08798684666517e-005 0 0
 591.331050661 4.41376628657991e-005 0 0
 594.715448768 7.14543855964418e-005 0 0
 598.099473825 6.83004504475841e-005 0 0
 601.4831143 3.28816989838209e-005 0 0
 604.866358661 -2.62040370105795e-005 0 0
 608.249195376 -2.01914558565295e-005 0 0
 611.631612913 1.86315169076571e-005 0 0
 615.01359974 4.96571651662634e-005 0 0
 618.395144325 -4.62873445213292e-005 0 0
 621.776235136 2.33016599963081e-005 0 0
 625.156860641 2.70218528046075e-005 0 0
 628.537009308 3.44420087020972e-005 0 0
 631.916669605 0.00010716621252379 0 0
 635.29583 8.5762505991083e-005 0 0
 638.674478961 1.71919743617595e-005 0 0
 642.052604956 3.97337957161968e-005 0 0
 645.430196453 5.75780794997815e-005 0 0
 648.80724192 3.57078387530248e-005 0 0
 652.183729825 8.5142517667021e-005 0 0
 655.559648636 5.32411521038936e-005 0 0
 658.934986821 0.000101408332287844 0 0
 662.309732848 1.20281476563299e-005 0 0
 665.683875185 9.63918532243144e-005 0 0
 669.0574023 9.46077432290902e-005 0 0
 672.430302661 2.94488935766444e-005 0 0
 675.802564736 -7.37551369669397e-005 0 0
 679.174176993 8.35139267845497e-005 0 0
 682.5451279 4.20214477417696e-005 0 0
 685.915405925 5.00152375525545e-005 0 0
 689.284999536 -1.96202611191617e-005 0 0
 692.653897201 -3.33007037049861e-005 0 0
 696.022087388 0.000116792787539405 0 0
 699.389558565 7.08822072486102e-005 0 0
 702.7562992 -5.46396350258435e-005 0 0
 706.122297761 0.000210511063790351 0 0
 709.487542716 0.000139589983854264 0 0
 712.852022533 0.00023398483342113 0 0
 716.21572568 0.00010559545562711 0 0
 719.578640625 8.64889922659621e-005 0 0
 722.940755836 0.000141054436894232 0 0
 726.302059781 4.86636389717189e-005 0 0
 729.662540928 4.49352270111752e-005 0 0
 733.022187745 7.5920985928509e-005 0 0
 736.3809887 4.77593408440349e-005 0 0
 739.738932261 0.000303715572586314 0 0
 743.096006896 5.88530549199398e-005 0 0
 746.452201073 0.000189228155570875 0 0
 749.80750326 -0.000515792604064228 0 0
 753.161901925 -7.25057226660346e-006 0 0
 756.515385536 0.000125486910202429 0 0
 759.867942561 0.000114179332657007 0 0
 763.219561468 0.000165509173054982 0 0
 766.570230725 0.000133455291213808 0 0
 769.9199388 4.8231527960989e-005 0 0
 773.268674161 0.000124749568860657 0 0
 776.616425276 0.000272069901847891 0 0
 779.963180613 0.000114742336911872 0 0
 783.30892864 0.000207892668899848 0 0
 786.653657825 -0.000162024716024715 0 0
 789.997356636 0.000238208942181378 0 0
 793.340013541 0.000149541922103321 0 0
 796.681617008 0.000157680279943094 0 0
 800.022155505 0.000133100250710228 0 0
 803.3616175 0.000324927929842108 0 0
 806.699991461 0.000203408105349852 0 0
 810.037265856 0.000306262805418836 0 0
 813.373429153 0.000114843021925513 0 0
 816.70846982 3.18559746017862e-005 0 0
 820.042376325 0.000441074160670137 0 0
 823.375137136 0.00020042479710868 0 0
 826.706740721 0.000213851511636607 0 0
 830.037175548 0.000173310687576893 0 0
 833.366430085 0.00011479791910426 0 0
 836.6944928 0.000414605638312251 0 0
 840.021352161 0.000141284211861617 0 0
 843.346996636 0.000330577360277763 0 0
 846.671414693 0.000282449577601688 0 0
 849.9945948 0.00030721245033645 0 0
 853.316525425 0.000710512563124934 0 0
 856.637195036 0.000533084292981085 0 0
 859.956592101 9.24613379253708e-005 0 0
 863.274705088 0.000277122836825152 0 0
 866.591522465 0.000486415297610527 0 0
 869.9070327 0.00092508220668084 0 0
 873.221224261 0.000446715209106408 0 0
 876.534085616 0.000197178389643922 0 0
 879.845605233 0.000734931152518984 0 0
 883.15577158 0.00141530136391247 0 0
 886.464573125 0.000865683207564623 0 0
 889.771998336 0.000296673981141077 0 0
 893.078035681 0.000427592650910339 0 0
 896.382673628 0.000839822226858444 0 0
 899.685900645 0.000437583584532575 0 0
 902.9877052 0.00134109932022629 0 0
 906.288075761 0.000554224278791011 0 0
 909.587000796 -3.43529129415693e-005 0 0
 912.884468773 0.000397326987066672 0 0
 916.18046816 0.00109038570398762 0 0
 919.474987425 0.00126940058115643 0 0
 922.768015036 0.00108966555121171 0 0
 926.059539461 0.0016572131590824 0 0
 929.349549168 0.00022341933403623 0 0
 932.638032625 0.00109877220035973 0 0
 935.9249783 0.00147920501277593 0 0
 939.210374661 0.000902660592062968 0 0
 942.494210176 0.0010363161380705 0 0
 945.776473313 0.00118986474846251 0 0
 949.05715254 0.00207395063602202 0 0
 952.336236325 0.00102947056237484 0 0
 955.613713136 0 0 0
 958.889571441 0 0 0
 962.163799708 0 0 0
 965.436386405 0 0 0
 968.70732 0 0 0
 971.976588961 0 0 0
 975.244181756 0 0 0
 978.510086853 0 0 0
 981.77429272 0 0 0
 985.036787825 0 0 0
 988.297560636 0 0 0
 991.556599621 0 0 0
 994.813893248 0 0 0
 998.069429985 0 0 0
 1001.3231983 0 0 0
 1004.575186661 0 0 0
 1007.825383536 0 0 0
 1011.073777393 0 0 0
 1014.3203567 0 0 0
 1017.565109925 0 0 0
 1020.808025536 0 0 0
 1024.049092001 0 0 0
 1027.288297788 0 0 0
 1030.525631365 0 0 0
 1033.7610812 0 0 0
 1036.994635761 0 0 0
 1040.226283516 0 0 0
 1043.456012933 0 0 0
 1046.68381248 0 0 0
 1049.909670625 0 0 0
 1053.133575836 0 0 0
 1056.355516581 0 0 0
 1059.575481328 0 0 0
 1062.793458545 0 0 0
 1066.0094367 0 0 0
 1069.223404261 0 0 0
 1072.435349696 0 0 0
 1075.645261473 0 0 0
 1078.85312806 0 0 0
 1082.058937925 0 0 0
 1085.262679536 0 0 0
 1088.464341361 0 0 0
 1091.663911868 0 0 0
 1094.861379525 0 0 0
 1098.0567328 0 0 0
 1101.249960161 0 0 0
 1104.441050076 0 0 0
 1107.629991013 0 0 0
 1110.81677144 0 0 0
 1114.001379825 0 0 0
 1117.183804636 0 0 0
 1120.364034341 0 0 0
 1123.542057408 0 0 0
 1126.717862305 0 0 0
 1129.8914375 0 0 0
 1133.062771461 0 0 0
 1136.231852656 0 0 0
 1139.398669553 0 0 0
 1142.56321062 0 0 0
 1145.725464325 0 0 0
 1148.885419136 0 0 0
[END] of [DATA]
[END] of [Spectrum]


#TBID:2021-10-12 01:00:00;SAM_84DC;RAW;

[Spectrum]
Version            = 1
IDData             = 96B1_2021-10-12_01-00-00_000_699
IDDevice           = SAM_84DC
IDDataType         = SPECTRUM
IDDataTypeSub1     = RAW
IDDataTypeSub2     = 
IDDataTypeSub3     = 
DateTime           = 2021-10-12 01:00:00
PositionLatitude   = 0
PositionLongitude  = 0
Comment            = 
CommentSub1        = 
CommentSub2        = 
CommentSub3        = 
IDMethodType       = SAM Control
MethodName         = SAM_84DC
Mission            = No Mission
MissionSub         = 1
RecordType         = 0
[Attributes]
CalFactor = 1
IDBasisSpec = 
IDDataBack = DLAB_2015-08-21_13-19-54_137_939
IDDataCal = DLAB_2015-08-24_10-46-55_592_608
IntegrationTime = 4096
P31 = -1
P31e = 0
PathLength = +INF
PathLengthCustomOn = 0
RAWDynamic = 65535
Salinity = 0
Temperature = -NAN
Unit1 = $05 $00 Pixel 
Unit2 = $03 $05 Intensity counts
Unit3 = $f0 $05 Error counts
Unit4 = $f1 $00 Status 
p999 = 269
[END] of [Attributes]
[DATA]
 0 11 0 0
 1 1396 0 0
 2 1387 0 0
 3 1399 0 0
 4 1404 0 0
 5 1404 0 0
 6 1400 0 0
 7 1414 0 0
 8 1409 0 0
 9 1411 0 0
 10 1405 0 0
 11 1411 0 0
 12 1410 0 0
 13 1415 0 0
 14 1419 0 0
 15 1407 0 0
 16 1412 0 0
 17 1417 0 0
 18 1411 0 0
 19 1411 0 0
 20 1408 0 0
 21 1411 0 0
 22 1417 0 0
 23 1422 0 0
 24 1423 0 0
 25 1421 0 0
 26 1419 0 0
 27 1420 0 0
 28 1418 0 0
 29 1419 0 0
 30 1420 0 0
 31 1417 0 0
 32 1427 0 0
 33 1420 0 0
 34 1424 0 0
 35 1420 0 0
 36 1427 0 0
 37 1423 0 0
 38 1424 0 0
 39 1421 0 0
 40 1430 0 0
 41 1426 0 0
 42 1422 0 0
 43 1424 0 0
 44 1428 0 0
 45 1429 0 0
 46 1427 0 0
 47 1426 0 0
 48 1426 0 0
 49 1422 0 0
 50 1421 0 0
 51 1425 0 0
 52 1416 0 0
 53 1425 0 0
 54 1420 0 0
 55 1427 0 0
 56 1420 0 0
 57 1422 0 0
 58 1431 0 0
 59 1428 0 0
 60 1422 0 0
 61 1425 0 0
 62 1419 0 0
 63 1429 0 0
 64 1425 0 0
 65 1417 0 0
 66 1416 0 0
 67 1424 0 0
 68 1421 0 0
 69 1422 0 0
 70 1423 0 0
 71 1426 0 0
 72 1419 0 0
 73 1424 0 0
 74 1429 0 0
 75 1426 0 0
 76 1423 0 0
 77 1427 0 0
 78 1423 0 0
 79 1428 0 0
 80 1420 0 0
 81 1425 0 0
 82 1420 0 0
 83 1426 0 0
 84 1428 0 0
 85 1429 0 0
 86 1423 0 0
 87 1425 0 0
 88 1421 0 0
 89 1425 0 0
 90 1414 0 0
 91 1420 0 0
 92 1419 0 0
 93 1418 0 0
 94 1423 0 0
 95 1412 0 0
 96 1418 0 0
 97 1421 0 0
 98 1412 0 0
 99 1420 0 0
 100 1422 0 0
 101 1419 0 0
 102 1414 0 0
 103 1420 0 0
 104 1421 0 0
 105 1419 0 0
 106 1420 0 0
 107 1424 0 0
 108 1420 0 0
 109 1426 0 0
 110 1423 0 0
 111 1425 0 0
 112 1422 0 0
 113 1423 0 0
 114 1424 0 0
 115 1423 0 0
 116 1426 0 0
 117 1421 0 0
 118 1420 0 0
 119 1425 0 0
 120 1418 0 0
 121 1427 0 0
 122 1422 0 0
 123 1422 0 0
 124 1427 0 0
 125 1422 0 0
 126 1428 0 0
 127 1428 0 0
 128 1420 0 0
 129 1425 0 0
 130 1428 0 0
 131 1423 0 0
 132 1424 0 0
 133 1429 0 0
 134 1423 0 0
 135 1425 0 0
 136 1421 0 0
 137 1431 0 0
 138 1417 0 0
 139 1422 0 0
 140 1422 0 0
 141 1428 0 0
 142 1423 0 0
 143 1427 0 0
 144 1419 0 0
 145 1417 0 0
 146 1421 0 0
 147 1425 0 0
 148 1427 0 0
 149 1430 0 0
 150 1421 0 0
 151 1427 0 0
 152 1422 0 0
 153 1433 0 0
 154 1423 0 0
 155 1423 0 0
 156 1419 0 0
 157 1432 0 0
 158 1423 0 0
 159 1422 0 0
 160 1426 0 0
 161 1420 0 0
 162 1424 0 0
 163 1426 0 0
 164 1421 0 0
 165 1424 0 0
 166 1426 0 0
 167 1424 0 0
 168 1425 0 0
 169 1430 0 0
 170 1421 0 0
 171 1429 0 0
 172 1414 0 0
 173 1431 0 0
 174 1422 0 0
 175 1424 0 0
 176 1428 0 0
 177 1426 0 0
 178 1425 0 0
 179 1422 0 0
 180 1420 0 0
 181 1427 0 0
 182 1428 0 0
 183 1426 0 0
 184 1426 0 0
 185 1427 0 0
 186 1422 0 0
 187 1433 0 0
 188 1426 0 0
 189 1417 0 0
 190 1425 0 0
 191 1426 0 0
 192 1432 0 0
 193 1428 0 0
 194 1428 0 0
 195 1420 0 0
 196 1423 0 0
 197 1427 0 0
 198 1424 0 0
 199 1434 0 0
 200 1424 0 0
 201 1428 0 0
 202 1420 0 0
 203 1428 0 0
 204 1429 0 0
 205 1423 0 0
 206 1426 0 0
 207 1432 0 0
 208 1430 0 0
 209 1428 0 0
 210 1426 0 0
 211 1424 0 0
 212 1427 0 0
 213 1425 0 0
 214 1421 0 0
 215 1431 0 0
 216 1430 0 0
 217 1436 0 0
 218 1428 0 0
 219 1429 0 0
 220 1428 0 0
 221 1430 0 0
 222 1431 0 0
 223 1436 0 0
 224 1427 0 0
 225 1432 0 0
 226 1434 0 0
 227 1436 0 0
 228 1432 0 0
 229 1433 0 0
 230 1431 0 0
 231 1433 0 0
 232 1436 0 0
 233 1429 0 0
 234 1433 0 0
 235 1432 0 0
 236 1435 0 0
 237 1440 0 0
 238 1432 0 0
 239 1437 0 0
 240 1435 0 0
 241 1440 0 0
 242 1437 0 0
 243 1441 0 0
 244 1431 0 0
 245 1434 0 0
 246 1434 0 0
 247 1437 0 0
 248 1443 0 0
 249 1438 0 0
 250 1433 0 0
 251 1434 0 0
 252 1429 0 0
 253 1430 0 0
 254 1415 0 0
 255 1471 0 0
[END] of [DATA]
[END] of [Spectrum]


#TBID:2021-10-12 01:00:00;SAM_84DC;CALIBRATED;

[Spectrum]
Version            = 1
IDData             = 96B1_2021-10-12_01-00-00_000_700
IDDevice           = SAM_84DC
IDDataType         = SPECTRUM
IDDataTypeSub1     = CALIBRATED
IDDataTypeSub2     = 
IDDataTypeSub3     = 
DateTime           = 2021-10-12 01:00:00
PositionLatitude   = 0
PositionLongitude  = 0
Comment            = 
CommentSub1        = 
CommentSub2        = 
CommentSub3        = 
IDMethodType       = SAM Control
MethodName         = SAM_84DC
Mission            = No Mission
MissionSub         = 1
RecordType         = 0
[Attributes]
CalFactor = 1
IDBasisSpec = 
IDDataBack = DLAB_2015-08-21_13-19-54_137_939
IDDataCal = DLAB_2015-08-24_10-46-55_592_608
IntegrationTime = 4096
P31 = -1
P31e = 0
PathLength = +INF
PathLengthCustomOn = 0
RAWDynamic = 65535
Salinity = 0
Temperature = -NAN
Unit1 = $01 $01 Wavelength nm
Unit2 = $03 $03 Intensity mW/(m^2 nm Sr)
Unit3 = $f0 $03 Error mW/(m^2 nm Sr)
Unit4 = $f1 $00 Status 
p999 = 269
[END] of [Attributes]
[DATA]
 0 11 0 0
 305.71650776488 0 0 0
 309.04007505697 0 0 0
 312.36416914304 0 0 0
 315.68877841375 0 0 0
 319.01389125976 -0.0007525189158573 0 0
 322.33949607173 -0.000604250036738543 0 0
 325.66558124032 -0.000475278109438451 0 0
 328.99213515619 -0.000527359317213415 0 0
 332.31914621 -0.000562203704651967 0 0
 335.64660279241 -0.000610021266187444 0 0
 338.97449329408 -0.000464123124757442 0 0
 342.30280610567 -0.000289670634328687 0 0
 345.63152961784 -0.000164873947739152 0 0
 348.96065222125 -0.000278778251035879 0 0
 352.29016230656 -0.00021531437455966 0 0
 355.62004826443 -0.000270469322658032 0 0
 358.95029848552 -0.000264019590435823 0 0
 362.28090136049 -0.000223113000158091 0 0
 365.61184528 -0.000265578312990544 0 0
 368.94311863471 -0.000279421538864126 0 0
 372.27470981528 -0.000177731176395968 0 0
 375.60660721237 -0.000236648355120795 0 0
 378.93879921664 -0.000132369792765909 0 0
 382.27127421875 -9.30413368408356e-005 0 0
 385.60402060936 4.88400035851109e-006 0 0
 388.93702677913 -0.00016502623323126 0 0
 392.27028111872 -0.000146466709862151 0 0
 395.60377201879 -5.18727009656208e-005 0 0
 398.93748787 -2.37664473545572e-005 0 0
 402.27141706301 1.7404095150047e-005 0 0
 405.60554798848 -0.00019155130807559 0 0
 408.93986903707 7.54001860618218e-006 0 0
 412.27436859944 -2.65719189916768e-005 0 0
 415.60903506625 -5.48921364076076e-005 0 0
 418.94385682816 -2.64506917707528e-005 0 0
 422.27882227583 -6.86591243240183e-005 0 0
 425.61391979992 -8.67827725236835e-005 0 0
 428.94913779109 -3.71471914875616e-005 0 0
 432.28446464 -2.68241043355152e-005 0 0
 435.61988873731 -6.1190094840655e-005 0 0
 438.95539847368 -3.07775045998905e-005 0 0
 442.29098223977 -5.80322778777692e-005 0 0
 445.62662842624 -6.37212436179085e-005 0 0
 448.96232542375 -4.52691520942152e-005 0 0
 452.29806162296 -2.2371996423606e-005 0 0
 455.63382541453 -9.33836873611044e-005 0 0
 458.96960518912 -0.000127297004426286 0 0
 462.30538933739 -2.98990227092546e-005 0 0
 465.64116625 -8.69527594319769e-005 0 0
 468.97692431761 -7.81173723786938e-005 0 0
 472.31265193088 -5.53325514860562e-005 0 0
 475.64833748047 -0.000178727725206658 0 0
 478.98396935704 -3.25325567438587e-005 0 0
 482.31953595125 -9.82883324247011e-005 0 0
 485.65502565376 -6.52565962881573e-005 0 0
 488.99042685523 -0.000127680046785938 0 0
 492.32572794632 -0.000155604020543086 0 0
 495.66091731769 -3.46440229365469e-005 0 0
 498.99598336 -0.000157435025812577 0 0
 502.33091446391 -0.000144403578553675 0 0
 505.66569902008 -0.000139884409467267 0 0
 509.00032541917 -0.00011897453077867 0 0
 512.33478205184 -3.87759997525627e-005 0 0
 515.66905730875 -9.90733973849212e-005 0 0
 519.00313958056 -0.000146211918026031 0 0
 522.33701725793 -6.56164190795263e-005 0 0
 525.67067873152 -0.000102344817894794 0 0
 529.00411239199 -0.000148011991439025 0 0
 532.33730663 -8.56931120954432e-005 0 0
 535.67024983621 -0.000125398163455992 0 0
 539.00293040128 -0.000127259818135209 0 0
 542.33533671587 -0.000123854012437352 0 0
 545.66745717064 -0.000119807799520706 0 0
 548.99928015625 -8.42011482199522e-005 0 0
 552.33079406336 -3.52714501176377e-005 0 0
 555.66198728263 -0.000127392720535067 0 0
 558.99284820472 -7.73925985575366e-005 0 0
 562.32336522029 -4.66206136803103e-005 0 0
 565.65352672 -0.00010324882604447 0 0
 568.98332109451 -0.000120061415412278 0 0
 572.31273673448 -0.000148776856506004 0 0
 575.64176203057 -0.000124361096030736 0 0
 578.97038537344 -9.72334376245833e-005 0 0
 582.29859515375 1.59978551122978e-005 0 0
 585.62637976216 -0.00014719385138124 0 0
 588.95372758933 -0.000152967863538989 0 0
 592.28062702592 -0.000144399531041595 0 0
 595.60706646259 -0.000137761757115944 0 0
 598.93303429 -0.000178493276592787 0 0
 602.25851889881 -0.000194850756085019 0 0
 605.58350867968 -0.000206582057365535 0 0
 608.90799202327 -0.000222924638455643 0 0
 612.23195732024 -0.000229028694487607 0 0
 615.55539296125 -0.00021612100765801 0 0
 618.87828733696 -0.000368879285218162 0 0
 622.20062883803 -0.0001949096247656 0 0
 625.52240585512 -0.000278393648220046 0 0
 628.84360677889 -0.000300128093513052 0 0
 632.16422 -0.000228636054787042 0 0
 635.48423390911 -0.000227391583097002 0 0
 638.80363689688 -0.000213758017613484 0 0
 642.12241735397 -0.000369909300822766 0 0
 645.44056367104 -0.000237534014299376 0 0
 648.75806423875 -0.000221764427276716 0 0
 652.07490744776 -0.000325962514828487 0 0
 655.39108168873 -0.000282634694972763 0 0
 658.70657535232 -0.000344571547596996 0 0
 662.02137682919 -0.000295226962230864 0 0
 665.33547451 -0.000197707423237818 0 0
 668.64885678541 -0.000190519343355463 0 0
 671.96151204608 -0.000211772538308745 0 0
 675.27342868267 -0.000247822249828845 0 0
 678.58459508584 -0.000103271764873582 0 0
 681.89499964625 -0.000231737455266957 0 0
 685.20463075456 -0.000301446848058901 0 0
 688.51347680143 -0.000132778504464973 0 0
 691.82152617752 -0.000227318482303297 0 0
 695.12876727349 -0.000203036402313917 0 0
 698.43518848 -0.000159124560979782 0 0
 701.74077818771 -0.000133139797413082 0 0
 705.04552478728 -0.000281217959793702 0 0
 708.34941666937 -0.000173425478225695 0 0
 711.65244222464 -0.000305187050086922 0 0
 714.95458984375 -0.000201558436196943 0 0
 718.25584791736 -0.000177460503528131 0 0
 721.55620483613 -0.000178460491964179 0 0
 724.85564899072 -0.000153662184103817 0 0
 728.15416877179 -0.000254607319379691 0 0
 731.45175257 -0.000134584684337576 0 0
 734.74838877601 -0.000223957038633974 0 0
 738.04406578048 -0.000187168249759933 0 0
 741.33877197407 -0.000245648691606618 0 0
 744.63249574744 -9.81492564220582e-005 0 0
 747.92522549125 -0.000193485554048163 0 0
 751.21694959616 -0.000232258601965839 0 0
 754.50765645283 -0.000161930253858556 0 0
 757.79733445192 -7.43390939317201e-005 0 0
 761.08597198409 -0.000286515740184962 0 0
 764.37355744 -0.00024812161366903 0 0
 767.66007921031 -0.000183097353633985 0 0
 770.94552568568 -0.00019961920499499 0 0
 774.22988525677 -0.000154786498038158 0 0
 777.51314631424 -0.000176828523030497 0 0
 780.79529724875 -0.000336829652353748 0 0
 784.07632645096 -0.000281003180971989 0 0
 787.35622231153 -0.000232575014326532 0 0
 790.63497322112 -0.000161470779082145 0 0
 793.91256757039 -0.000228195137269108 0 0
 797.18899375 -9.30836945126593e-005 0 0
 800.46424015061 -0.000235287233039094 0 0
 803.73829516288 -0.000234731910538601 0 0
 807.01114717747 -0.0003528295617165 0 0
 810.28278458504 -0.000112099704857641 0 0
 813.55319577625 -0.000407756309038161 0 0
 816.82236914176 -0.000365921172852761 0 0
 820.09029307223 -0.000360947153250704 0 0
 823.35695595832 -0.000183179538570677 0 0
 826.62234619069 -0.000355060393928707 0 0
 829.88645216 -0.000564169325282952 0 0
 833.14926225691 -0.00037259481268486 0 0
 836.41076487208 -0.00038304517048626 0 0
 839.67094839617 -1.58797670654184e-005 0 0
 842.92980121984 -0.000134518169673264 0 0
 846.18731173375 -0.000520382093357367 0 0
 849.44346832856 -0.000500113126023823 0 0
 852.69825939493 -0.000719281565912562 0 0
 855.95167332352 -0.00071614941203758 0 0
 859.20369850499 -0.000551619592562039 0 0
 862.45432333 -0.000252797024283708 0 0
 865.70353618921 -0.000850344589174118 0 0
 868.95132547328 -0.000662315457350135 0 0
 872.19767957287 -0.000826122363709995 0 0
 875.44258687864 -0.000353787865736108 0 0
 878.68603578125 -0.000919521259406984 0 0
 881.92801467136 -0.000505514500272554 0 0
 885.16851193963 -0.000479257036979713 0 0
 888.40751597672 -0.000332208212071488 0 0
 891.64501517329 -0.000734491204637546 0 0
 894.88099792 -0.000475861307751914 0 0
 898.11545260751 -0.000840136802202875 0 0
 901.34836762648 -6.36057058633668e-005 0 0
 904.57973136757 -0.000334329814228384 0 0
 907.80953222144 -0.000664125174156734 0 0
 911.03775857875 -0.000498898549918505 0 0
 914.26439883016 -0.000534581641397521 0 0
 917.48944136633 -0.00140089391326621 0 0
 920.71287457792 6.31905668775572e-005 0 0
 923.93468685559 -0.000105581076328142 0 0
 927.15486659 -0.00134712466402344 0 0
 930.37340217181 -0.000470861169559068 0 0
 933.59028199168 -0.000766901610897512 0 0
 936.80549444027 -0.00134895592155042 0 0
 940.01902790824 -0.000986843362534119 0 0
 943.23087078625 -0.000487444199935362 0 0
 946.44101146496 -0.00136696434842346 0 0
 949.64943833503 -0.00287372110020998 0 0
 952.85613978712 -0.0012103559523052 0 0
 956.06110421189 0 0 0
 959.26432 0 0 0
 962.46577554211 0 0 0
 965.66545922888 0 0 0
 968.86335945097 0 0 0
 972.05946459904 0 0 0
 975.25376306375 0 0 0
 978.44624323576 0 0 0
 981.63689350573 0 0 0
 984.82570226432 0 0 0
 988.01265790219 0 0 0
 991.19774881 0 0 0
 994.38096337841 0 0 0
 997.56228999808 0 0 0
 1000.74171705967 0 0 0
 1003.91923295384 0 0 0
 1007.09482607125 0 0 0
 1010.26848480256 0 0 0
 1013.44019753843 0 0 0
 1016.60995266952 0 0 0
 1019.77773858649 0 0 0
 1022.94354368 0 0 0
 1026.10735634071 0 0 0
 1029.26916495928 0 0 0
 1032.42895792637 0 0 0
 1035.58672363264 0 0 0
 1038.74245046875 0 0 0
 1041.89612682536 0 0 0
 1045.04774109313 0 0 0
 1048.19728166272 0 0 0
 1051.34473692479 0 0 0
 1054.49009527 0 0 0
 1057.63334508901 0 0 0
 1060.77447477248 0 0 0
 1063.91347271107 0 0 0
 1067.05032729544 0 0 0
 1070.18502691625 0 0 0
 1073.31755996416 0 0 0
 1076.44791482983 0 0 0
 1079.57607990392 0 0 0
 1082.70204357709 0 0 0
 1085.82579424 0 0 0
 1088.94732028331 0 0 0
 1092.06661009768 0 0 0
 1095.18365207377 0 0 0
 1098.29843460224 0 0 0
 1101.41094607375 0 0 0
 1104.52117487896 0 0 0
 1107.62910940853 0 0 0
 1110.73473805312 0 0 0
 1113.83804920339 0 0 0
 1116.93903125 0 0 0
 1120.03767258361 0 0 0
 1123.13396159488 0 0 0
 1126.22788667447 0 0 0
 1129.31943621304 0 0 0
 1132.40859860125 0 0 0
 1135.49536222976 0 0 0
[END] of [DATA]
[END] of [Spectrum]


#TBID:2021-10-12 01:00:00;SAM_84CE;RAW;

[Spectrum]
Version            = 1
IDData             = 96B1_2021-10-12_01-00-00_000_702
IDDevice           = SAM_84CE
IDDataType         = SPECTRUM
IDDataTypeSub1     = RAW
IDDataTypeSub2     = 
IDDataTypeSub3     = 
DateTime           = 2021-10-12 01:00:00
PositionLatitude   = 0
PositionLongitude  = 0
Comment            = 
CommentSub1        = 
CommentSub2        = 
CommentSub3        = 
IDMethodType       = SAM Control
MethodName         = SAM_84CE
Mission            = No Mission
MissionSub         = 1
RecordType         = 0
[Attributes]
CalFactor = 1
IDBasisSpec = 
IDDataBack = DLAB_2015-08-21_11-56-43_233_004
IDDataCal = DLAB_2015-08-26_10-05-37_585_478
IntegrationTime = 4096
P31 = -1
P31e = 0
PathLength = +INF
PathLengthCustomOn = 0
RAWDynamic = 65535
Salinity = 0
Temperature = -NAN
Unit1 = $05 $00 Pixel 
Unit2 = $03 $05 Intensity counts
Unit3 = $f0 $05 Error counts
Unit4 = $f1 $00 Status 
p999 = 269
[END] of [Attributes]
[DATA]
 0 11 0 0
 1 1303 0 0
 2 1308 0 0
 3 1312 0 0
 4 1314 0 0
 5 1321 0 0
 6 1319 0 0
 7 1318 0 0
 8 1324 0 0
 9 1327 0 0
 10 1319 0 0
 11 1328 0 0
 12 1329 0 0
 13 1327 0 0
 14 1332 0 0
 15 1324 0 0
 16 1327 0 0
 17 1328 0 0
 18 1325 0 0
 19 1326 0 0
 20 1333 0 0
 21 1332 0 0
 22 1330 0 0
 23 1337 0 0
 24 1336 0 0
 25 1338 0 0
 26 1342 0 0
 27 1340 0 0
 28 1335 0 0
 29 1335 0 0
 30 1338 0 0
 31 1336 0 0
 32 1333 0 0
 33 1334 0 0
 34 1333 0 0
 35 1339 0 0
 36 1341 0 0
 37 1331 0 0
 38 1339 0 0
 39 1334 0 0
 40 1336 0 0
 41 1338 0 0
 42 1341 0 0
 43 1333 0 0
 44 1333 0 0
 45 1333 0 0
 46 1335 0 0
 47 1338 0 0
 48 1336 0 0
 49 1337 0 0
 50 1334 0 0
 51 1338 0 0
 52 1334 0 0
 53 1336 0 0
 54 1337 0 0
 55 1330 0 0
 56 1332 0 0
 57 1337 0 0
 58 1337 0 0
 59 1331 0 0
 60 1333 0 0
 61 1335 0 0
 62 1338 0 0
 63 1333 0 0
 64 1326 0 0
 65 1337 0 0
 66 1340 0 0
 67 1339 0 0
 68 1339 0 0
 69 1328 0 0
 70 1330 0 0
 71 1333 0 0
 72 1332 0 0
 73 1332 0 0
 74 1336 0 0
 75 1340 0 0
 76 1342 0 0
 77 1338 0 0
 78 1336 0 0
 79 1340 0 0
 80 1336 0 0
 81 1345 0 0
 82 1335 0 0
 83 1331 0 0
 84 1336 0 0
 85 1336 0 0
 86 1340 0 0
 87 1338 0 0
 88 1332 0 0
 89 1335 0 0
 90 1336 0 0
 91 1339 0 0
 92 1338 0 0
 93 1341 0 0
 94 1332 0 0
 95 1333 0 0
 96 1331 0 0
 97 1338 0 0
 98 1342 0 0
 99 1338 0 0
 100 1334 0 0
 101 1339 0 0
 102 1338 0 0
 103 1343 0 0
 104 1338 0 0
 105 1337 0 0
 106 1337 0 0
 107 1339 0 0
 108 1343 0 0
 109 1344 0 0
 110 1340 0 0
 111 1343 0 0
 112 1334 0 0
 113 1334 0 0
 114 1340 0 0
 115 1337 0 0
 116 1337 0 0
 117 1339 0 0
 118 1338 0 0
 119 1341 0 0
 120 1336 0 0
 121 1346 0 0
 122 1342 0 0
 123 1343 0 0
 124 1340 0 0
 125 1340 0 0
 126 1344 0 0
 127 1336 0 0
 128 1341 0 0
 129 1342 0 0
 130 1336 0 0
 131 1346 0 0
 132 1337 0 0
 133 1341 0 0
 134 1340 0 0
 135 1340 0 0
 136 1335 0 0
 137 1336 0 0
 138 1334 0 0
 139 1339 0 0
 140 1336 0 0
 141 1339 0 0
 142 1340 0 0
 143 1339 0 0
 144 1340 0 0
 145 1345 0 0
 146 1343 0 0
 147 1334 0 0
 148 1336 0 0
 149 1342 0 0
 150 1335 0 0
 151 1340 0 0
 152 1337 0 0
 153 1336 0 0
 154 1334 0 0
 155 1339 0 0
 156 1339 0 0
 157 1341 0 0
 158 1335 0 0
 159 1339 0 0
 160 1340 0 0
 161 1339 0 0
 162 1341 0 0
 163 1334 0 0
 164 1339 0 0
 165 1339 0 0
 166 1339 0 0
 167 1339 0 0
 168 1336 0 0
 169 1346 0 0
 170 1341 0 0
 171 1340 0 0
 172 1341 0 0
 173 1339 0 0
 174 1339 0 0
 175 1343 0 0
 176 1340 0 0
 177 1343 0 0
 178 1342 0 0
 179 1342 0 0
 180 1340 0 0
 181 1339 0 0
 182 1338 0 0
 183 1334 0 0
 184 1335 0 0
 185 1338 0 0
 186 1340 0 0
 187 1339 0 0
 188 1340 0 0
 189 1340 0 0
 190 1340 0 0
 191 1340 0 0
 192 1340 0 0
 193 1332 0 0
 194 1337 0 0
 195 1337 0 0
 196 1339 0 0
 197 1340 0 0
 198 1345 0 0
 199 1335 0 0
 200 1341 0 0
 201 1341 0 0
 202 1334 0 0
 203 1339 0 0
 204 1337 0 0
 205 1342 0 0
 206 1343 0 0
 207 1340 0 0
 208 1339 0 0
 209 1340 0 0
 210 1339 0 0
 211 1335 0 0
 212 1336 0 0
 213 1338 0 0
 214 1338 0 0
 215 1338 0 0
 216 1341 0 0
 217 1336 0 0
 218 1339 0 0
 219 1342 0 0
 220 1338 0 0
 221 1333 0 0
 222 1342 0 0
 223 1337 0 0
 224 1337 0 0
 225 1335 0 0
 226 1333 0 0
 227 1342 0 0
 228 1336 0 0
 229 1344 0 0
 230 1337 0 0
 231 1337 0 0
 232 1341 0 0
 233 1339 0 0
 234 1336 0 0
 235 1341 0 0
 236 1340 0 0
 237 1344 0 0
 238 1337 0 0
 239 1337 0 0
 240 1342 0 0
 241 1338 0 0
 242 1340 0 0
 243 1339 0 0
 244 1338 0 0
 245 1338 0 0
 246 1337 0 0
 247 1340 0 0
 248 1331 0 0
 249 1329 0 0
 250 1326 0 0
 251 1335 0 0
 252 1322 0 0
 253 1321 0 0
 254 1319 0 0
 255 1370 0 0
[END] of [DATA]
[END] of [Spectrum]


#TBID:2021-10-12 01:00:00;SAM_84CE;CALIBRATED;

[Spectrum]
Version            = 1
IDData             = 96B1_2021-10-12_01-00-00_000_703
IDDevice           = SAM_84CE
IDDataType         = SPECTRUM
IDDataTypeSub1     = CALIBRATED
IDDataTypeSub2     = 
IDDataTypeSub3     = 
DateTime           = 2021-10-12 01:00:00
PositionLatitude   = 0
PositionLongitude  = 0
Comment            = 
CommentSub1        = 
CommentSub2        = 
CommentSub3        = 
IDMethodType       = SAM Control
MethodName         = SAM_84CE
Mission            = No Mission
MissionSub         = 1
RecordType         = 0
[Attributes]
CalFactor = 1
IDBasisSpec = 
IDDataBack = DLAB_2015-08-21_11-56-43_233_004
IDDataCal = DLAB_2015-08-26_10-05-37_585_478
IntegrationTime = 4096
P31 = -1
P31e = 0
PathLength = +INF
PathLengthCustomOn = 0
RAWDynamic = 65535
Salinity = 0
Temperature = -NAN
Unit1 = $01 $01 Wavelength nm
Unit2 = $03 $06 Intensity mW/(m^2 nm)
Unit3 = $f0 $06 Error mW/(m^2 nm)
Unit4 = $f1 $00 Status 
p999 = 269
[END] of [Attributes]
[DATA]
 0 11 0 0
 303.485180022 0 0 0
 306.85638880275 0 0 0
 310.228324544 0 0 0
 313.60097308125 0 0 0
 316.97432025 -0.0016421192845321 0 0
 320.34835188575 0.000361021868660391 0 0
 323.723053824 0.000806134673546466 0 0
 327.09841190025 0.00236847074307955 0 0
 330.47441195 0.000786991125572453 0 0
 333.85103980875 -0.00103054167267495 0 0
 337.228281312 0.00105944056123808 0 0
 340.60612229525 0.00127210689839966 0 0
 343.984548594 0.00069427845818593 0 0
 347.36354604375 0.000521623597309753 0 0
 350.74310048 0.000560102489388125 0 0
 354.12319773825 0.000755074734731902 0 0
 357.503823654 0.00177042205491034 0 0
 360.88496406275 0.000244929685153067 0 0
 364.2666048 0.00155695106748002 0 0
 367.64873170125 0.000910466547491896 0 0
 371.031330602 0.00132544018705232 0 0
 374.41438733775 0.00141683028384606 0 0
 377.797887744 0.000200901512292645 0 0
 381.18181765625 0.00187467406816112 0 0
 384.56616291 0.00226104159842917 0 0
 387.95090934075 0.00211889016249455 0 0
 391.336042784 0.00138704159246101 0 0
 394.72154907525 0.00277783042049543 0 0
 398.10741405 0.00221803165069766 0 0
 401.49362354375 0.00258284969925084 0 0
 404.880163392 0.00062235678710063 0 0
 408.26701943025 0.000706665767495445 0 0
 411.654177494 0.00138119062784386 0 0
 415.04162341875 0.00156632983668353 0 0
 418.42934304 0.00264613020000854 0 0
 421.81732219325 0.0015544829426163 0 0
 425.205546714 0.00146089526829864 0 0
 428.59400243775 0.00106498797478382 0 0
 431.9826752 0.000875277073373297 0 0
 435.37155083625 0.000990024214345027 0 0
 438.760615182 0.0013825078402615 0 0
 442.14985407275 0.00144609161634582 0 0
 445.539253344 0.000675913517461484 0 0
 448.92879883125 0.00136252366625269 0 0
 452.31847637 0.00143004728482152 0 0
 455.70827179575 0.000443003255674877 0 0
 459.098170944 0.000426346338755849 0 0
 462.48815965025 0.000991995879674659 0 0
 465.87822375 0.00117439953954097 0 0
 469.26834907875 0.000551905097278858 0 0
 472.658521472 0.00194596221885165 0 0
 476.04872676525 0.00148673321835526 0 0
 479.438950794 0.000882585074223167 0 0
 482.82917939375 0.000646388878471526 0 0
 486.2193984 0.000799557165281225 0 0
 489.60959364825 0.00115011731042925 0 0
 492.999750974 0.00175745971276515 0 0
 496.38985621275 0.00110604474223648 0 0
 499.7798952 0.000708045582127696 0 0
 503.16985377125 0.00156358533565879 0 0
 506.559717762 0.0011913695618207 0 0
 509.94947300775 0.000561556111929467 0 0
 513.339105344 0.000423194302721491 0 0
 516.72860060625 -0.000303500782374996 0 0
 520.11794463 0.00144919751727926 0 0
 523.50712325075 0.000665100371964884 0 0
 526.896122304 0.00130431084590202 0 0
 530.28492762525 0.00104127300044025 0 0
 533.67352505 0.000744956121529162 0 0
 537.06190041375 0.00164105353429227 0 0
 540.450039552 0.00111689941380935 0 0
 543.83792830025 0.000513677214753352 0 0
 547.225552494 0.000287127112222322 0 0
 550.61289796875 0.0011448911829257 0 0
 553.99995056 0.00136075403648047 0 0
 557.38669610325 0.000702286680698898 0 0
 560.773120434 0.00133152224678853 0 0
 564.15920938775 0.00149709033499875 0 0
 567.5449488 0.00119732818561072 0 0
 570.93032450625 0.000573924486449689 0 0
 574.315322342 0.00155570764593542 0 0
 577.69992814275 0.00100898789981166 0 0
 581.084127744 0.000812513422222868 0 0
 584.46790698125 0.00134307720161702 0 0
 587.85125169 0.00124605444829929 0 0
 591.23414770575 0.00156510953069627 0 0
 594.616580864 0.00115087334599386 0 0
 597.99853700025 0.000688416391316569 0 0
 601.38000195 0.00108506305777959 0 0
 604.76096154875 0.000167527862226671 0 0
 608.141401632 0.000811967962739477 0 0
 611.52130803525 0.000924286804589549 0 0
 614.900666594 0.000604849856639106 0 0
 618.27946314375 0.000437673336067148 0 0
 621.65768352 0.00113208061720517 0 0
 625.03531355825 0.000826303707346555 0 0
 628.412339094 0.000852985615093781 0 0
 631.78874596275 0.000915574258994939 0 0
 635.16452 0.000525541520406639 0 0
 638.53964704125 2.63252884267662e-006 0 0
 641.914112922 0.00166103937014753 0 0
 645.28790347775 0.000925266933262737 0 0
 648.661004544 0.00159562152913353 0 0
 652.03340195625 0.00137689915260177 0 0
 655.40508155 0.000206715755867888 0 0
 658.77602916075 0.000783735167736885 0 0
 662.146230624 0.00181079726223567 0 0
 665.51567177525 0.0026681818753221 0 0
 668.88433845 0.000972960429859002 0 0
 672.25221648375 0.00191847703020036 0 0
 675.619291712 0.000591752678084352 0 0
 678.98554997025 0.000108483746845277 0 0
 682.350977094 0.00100355252980156 0 0
 685.71555891875 0.00124514262780406 0 0
 689.07928128 0.00123239786471765 0 0
 692.44213001325 0.00188113239780344 0 0
 695.804090954 0.000709980205537554 0 0
 699.16514993775 0.00100293105493058 0 0
 702.5252928 0.00146845200273903 0 0
 705.88450537625 0.000196524460090451 0 0
 709.242773502 0.00318190453254216 0 0
 712.60008301275 0.00149309411444201 0 0
 715.956419744 0.0026329464715764 0 0
 719.31176953125 0.00175656588843343 0 0
 722.66611821 0.00204663180826328 0 0
 726.01945161575 0.00120608872771161 0 0
 729.371755584 0.0014042481658965 0 0
 732.72301595025 0.00181042411814102 0 0
 736.07321855 0.00241524111571694 0 0
 739.42234921875 0.00183707553084884 0 0
 742.770393792 0.00134688409881504 0 0
 746.11733810525 0.00144586920562858 0 0
 749.463167994 0.00226102096836753 0 0
 752.80786929375 0.0019363046623365 0 0
 756.15142784 0.00164750452053458 0 0
 759.49382946825 0.000816195999291198 0 0
 762.835060014 -0.000411051001621343 0 0
 766.17510531275 0.00223246607485385 0 0
 769.5139512 0.00055832939493419 0 0
 772.85158351125 0.00215377422240972 0 0
 776.187988082 0.0016347292746116 0 0
 779.52315074775 0.00269417416098787 0 0
 782.857057344 0.0020130922716939 0 0
 786.18969370625 0.00206803984855745 0 0
 789.52104567 0.00107553479737442 0 0
 792.85109907075 0.00174595424401977 0 0
 796.179839744 0.00243504796202991 0 0
 799.50725352525 0.000455408057220629 0 0
 802.83332625 0.00394253679504774 0 0
 806.15804375375 0.00198468834549493 0 0
 809.481391872 0.00424207298314046 0 0
 812.80335644025 0.00295738412512252 0 0
 816.123923294 0.00048424847078934 0 0
 819.44307826875 0.000594191755140687 0 0
 822.7608072 0.00293417747509286 0 0
 826.07709592325 0.00351625677811147 0 0
 829.391930274 0.0032108984478078 0 0
 832.70529608775 0.00347362770223692 0 0
 836.0171792 0.00244200564059247 0 0
 839.32756544625 0.00254750186370544 0 0
 842.636440662 0.00114041859354414 0 0
 845.94379068275 0.00349887435783786 0 0
 849.249601344 8.15572800540399e-005 0 0
 852.55385848125 0.00275594829166722 0 0
 855.85654793 0.00472963700546513 0 0
 859.15765552575 0.00556482798138034 0 0
 862.457167104 0.0041320455523124 0 0
 865.75506850025 0.00262334127183267 0 0
 869.05134555 0.00741350906514377 0 0
 872.34598408875 0.0029585853956461 0 0
 875.638969952 0.00122046685929173 0 0
 878.93028897525 0.0048011977218138 0 0
 882.219926994 0.00403630892053233 0 0
 885.50786984375 0.00800179175848536 0 0
 888.79410336 0.00719273208560287 0 0
 892.07861337825 0.00489586370806985 0 0
 895.361385734 0.00793501384845543 0 0
 898.64240626275 0.00392028727825058 0 0
 901.9216608 0.005820830653187 0 0
 905.19913518125 0.00239111319492799 0 0
 908.474815242 0.00321279908419664 0 0
 911.74868681775 0.00358362522345305 0 0
 915.020735744 0.00891136469002961 0 0
 918.29094785625 0.00846079107060601 0 0
 921.55930899 0.00469503060850068 0 0
 924.82580498075 0.00317070779615238 0 0
 928.090421664 -0.000826102008636771 0 0
 931.35314487525 0.0104825106325434 0 0
 934.61396045 0.0103605750329131 0 0
 937.87285422375 0.0100463280153119 0 0
 941.129812032 0.00422401018572339 0 0
 944.38481971025 0.0115722923122072 0 0
 947.637863094 -0.00626387019275992 0 0
 950.88892801875 0.00830985089210286 0 0
 954.13800032 0 0 0
 957.38506583325 0 0 0
 960.630110394 0 0 0
 963.87311983775 0 0 0
 967.11408 0 0 0
 970.35297671625 0 0 0
 973.589795822 0 0 0
 976.82452315275 0 0 0
 980.057144544 0 0 0
 983.28764583125 0 0 0
 986.51601285 0 0 0
 989.74223143575 0 0 0
 992.966287424 0 0 0
 996.18816665025 0 0 0
 999.40785495 0 0 0
 1002.62533815875 0 0 0
 1005.840602112 0 0 0
 1009.05363264525 0 0 0
 1012.264415594 0 0 0
 1015.47293679375 0 0 0
 1018.67918208 0 0 0
 1021.88313728825 0 0 0
 1025.084788254 0 0 0
 1028.28412081275 0 0 0
 1031.4811208 0 0 0
 1034.67577405125 0 0 0
 1037.868066402 0 0 0
 1041.05798368775 0 0 0
 1044.245511744 0 0 0
 1047.43063640625 0 0 0
 1050.61334351 0 0 0
 1053.79361889075 0 0 0
 1056.971448384 0 0 0
 1060.14681782525 0 0 0
 1063.31971305 0 0 0
 1066.49011989375 0 0 0
 1069.658024192 0 0 0
 1072.82341178025 0 0 0
 1075.986268494 0 0 0
 1079.14658016875 0 0 0
 1082.30433264 0 0 0
 1085.45951174325 0 0 0
 1088.612103314 0 0 0
 1091.76209318775 0 0 0
 1094.9094672 0 0 0
 1098.05421118625 0 0 0
 1101.196310982 0 0 0
 1104.33575242275 0 0 0
 1107.472521344 0 0 0
 1110.60660358125 0 0 0
 1113.73798497 0 0 0
 1116.86665134575 0 0 0
 1119.992588544 0 0 0
 1123.11578240025 0 0 0
 1126.23621875 0 0 0
 1129.35388342875 0 0 0
 1132.468762272 0 0 0
 1135.58084111525 0 0 0
 1138.690105794 0 0 0
 1141.79654214375 0 0 0
 1144.900136 0 0 0
[END] of [DATA]
[END] of [Spectrum]


#TBID:2021-10-12 01:00:00;SAM_84C8;RAW;

[Spectrum]
Version            = 1
IDData             = 96B1_2021-10-12_01-00-00_000_705
IDDevice           = SAM_84C8
IDDataType         = SPECTRUM
IDDataTypeSub1     = RAW
IDDataTypeSub2     = 
IDDataTypeSub3     = 
DateTime           = 2021-10-12 01:00:00
PositionLatitude   = 0
PositionLongitude  = 0
Comment            = 
CommentSub1        = 
CommentSub2        = 
CommentSub3        = 
IDMethodType       = SAM Control
MethodName         = SAM_84C8
Mission            = No Mission
MissionSub         = 1
RecordType         = 0
[Attributes]
CalFactor = 1
IDBasisSpec = 
IDDataBack = DLAB_2015-08-21_12-14-03_013_778
IDDataCal = DLAB_2015-08-24_11-04-47_772_747
IntegrationTime = 4096
P31 = -1
P31e = 0
PathLength = +INF
PathLengthCustomOn = 0
RAWDynamic = 65535
Salinity = 0
Temperature = -NAN
Unit1 = $05 $00 Pixel 
Unit2 = $03 $05 Intensity counts
Unit3 = $f0 $05 Error counts
Unit4 = $f1 $00 Status 
p999 = 269
[END] of [Attributes]
[DATA]
 0 11 0 0
 1 1320 0 0
 2 1312 0 0
 3 1313 0 0
 4 1313 0 0
 5 1317 0 0
 6 1316 0 0
 7 1317 0 0
 8 1317 0 0
 9 1316 0 0
 10 1317 0 0
 11 1315 0 0
 12 1322 0 0
 13 1323 0 0
 14 1320 0 0
 15 1325 0 0
 16 1326 0 0
 17 1328 0 0
 18 1327 0 0
 19 1336 0 0
 20 1331 0 0
 21 1333 0 0
 22 1337 0 0
 23 1338 0 0
 24 1338 0 0
 25 1342 0 0
 26 1341 0 0
 27 1344 0 0
 28 1339 0 0
 29 1339 0 0
 30 1341 0 0
 31 1340 0 0
 32 1343 0 0
 33 1341 0 0
 34 1339 0 0
 35 1337 0 0
 36 1342 0 0
 37 1353 0 0
 38 1345 0 0
 39 1337 0 0
 40 1336 0 0
 41 1344 0 0
 42 1341 0 0
 43 1343 0 0
 44 1340 0 0
 45 1349 0 0
 46 1346 0 0
 47 1340 0 0
 48 1349 0 0
 49 1345 0 0
 50 1340 0 0
 51 1342 0 0
 52 1349 0 0
 53 1341 0 0
 54 1340 0 0
 55 1344 0 0
 56 1346 0 0
 57 1348 0 0
 58 1343 0 0
 59 1336 0 0
 60 1341 0 0
 61 1345 0 0
 62 1349 0 0
 63 1346 0 0
 64 1338 0 0
 65 1344 0 0
 66 1353 0 0
 67 1345 0 0
 68 1349 0 0
 69 1342 0 0
 70 1349 0 0
 71 1349 0 0
 72 1347 0 0
 73 1347 0 0
 74 1348 0 0
 75 1348 0 0
 76 1351 0 0
 77 1351 0 0
 78 1346 0 0
 79 1350 0 0
 80 1347 0 0
 81 1350 0 0
 82 1352 0 0
 83 1355 0 0
 84 1353 0 0
 85 1353 0 0
 86 1347 0 0
 87 1350 0 0
 88 1352 0 0
 89 1346 0 0
 90 1348 0 0
 91 1353 0 0
 92 1348 0 0
 93 1346 0 0
 94 1353 0 0
 95 1347 0 0
 96 1355 0 0
 97 1355 0 0
 98 1353 0 0
 99 1353 0 0
 100 1352 0 0
 101 1358 0 0
 102 1353 0 0
 103 1348 0 0
 104 1353 0 0
 105 1352 0 0
 106 1352 0 0
 107 1348 0 0
 108 1346 0 0
 109 1353 0 0
 110 1358 0 0
 111 1360 0 0
 112 1355 0 0
 113 1354 0 0
 114 1358 0 0
 115 1358 0 0
 116 1365 0 0
 117 1351 0 0
 118 1350 0 0
 119 1352 0 0
 120 1349 0 0
 121 1354 0 0
 122 1347 0 0
 123 1354 0 0
 124 1353 0 0
 125 1359 0 0
 126 1355 0 0
 127 1362 0 0
 128 1353 0 0
 129 1358 0 0
 130 1357 0 0
 131 1358 0 0
 132 1355 0 0
 133 1389 0 0
 134 1364 0 0
 135 1360 0 0
 136 1352 0 0
 137 1356 0 0
 138 1361 0 0
 139 1364 0 0
 140 1356 0 0
 141 1354 0 0
 142 1355 0 0
 143 1361 0 0
 144 1357 0 0
 145 1357 0 0
 146 1356 0 0
 147 1355 0 0
 148 1357 0 0
 149 1356 0 0
 150 1354 0 0
 151 1355 0 0
 152 1364 0 0
 153 1357 0 0
 154 1356 0 0
 155 1357 0 0
 156 1357 0 0
 157 1359 0 0
 158 1363 0 0
 159 1354 0 0
 160 1356 0 0
 161 1354 0 0
 162 1361 0 0
 163 1356 0 0
 164 1357 0 0
 165 1356 0 0
 166 1353 0 0
 167 1356 0 0
 168 1352 0 0
 169 1359 0 0
 170 1360 0 0
 171 1354 0 0
 172 1353 0 0
 173 1354 0 0
 174 1357 0 0
 175 1361 0 0
 176 1357 0 0
 177 1356 0 0
 178 1356 0 0
 179 1362 0 0
 180 1358 0 0
 181 1356 0 0
 182 1360 0 0
 183 1361 0 0
 184 1356 0 0
 185 1360 0 0
 186 1354 0 0
 187 1355 0 0
 188 1356 0 0
 189 1355 0 0
 190 1354 0 0
 191 1357 0 0
 192 1362 0 0
 193 1349 0 0
 194 1359 0 0
 195 1360 0 0
 196 1355 0 0
 197 1354 0 0
 198 1357 0 0
 199 1362 0 0
 200 1355 0 0
 201 1354 0 0
 202 1356 0 0
 203 1352 0 0
 204 1359 0 0
 205 1352 0 0
 206 1358 0 0
 207 1358 0 0
 208 1357 0 0
 209 1354 0 0
 210 1352 0 0
 211 1355 0 0
 212 1355 0 0
 213 1360 0 0
 214 1360 0 0
 215 1357 0 0
 216 1358 0 0
 217 1357 0 0
 218 1362 0 0
 219 1357 0 0
 220 1358 0 0
 221 1363 0 0
 222 1357 0 0
 223 1361 0 0
 224 1363 0 0
 225 1358 0 0
 226 1361 0 0
 227 1357 0 0
 228 1360 0 0
 229 1357 0 0
 230 1359 0 0
 231 1357 0 0
 232 1361 0 0
 233 1358 0 0
 234 1358 0 0
 235 1358 0 0
 236 1360 0 0
 237 1360 0 0
 238 1352 0 0
 239 1361 0 0
 240 1360 0 0
 241 1362 0 0
 242 1357 0 0
 243 1357 0 0
 244 1354 0 0
 245 1355 0 0
 246 1358 0 0
 247 1352 0 0
 248 1353 0 0
 249 1355 0 0
 250 1356 0 0
 251 1343 0 0
 252 1336 0 0
 253 1340 0 0
 254 1330 0 0
 255 1369 0 0
[END] of [DATA]
[END] of [Spectrum]


#TBID:2021-10-12 01:00:00;SAM_84C8;CALIBRATED;

[Spectrum]
Version            = 1
IDData             = 96B1_2021-10-12_01-00-00_000_706
IDDevice           = SAM_84C8
IDDataType         = SPECTRUM
IDDataTypeSub1     = CALIBRATED
IDDataTypeSub2     = 
IDDataTypeSub3     = 
DateTime           = 2021-10-12 01:00:00
PositionLatitude   = 0
PositionLongitude  = 0
Comment            = 
CommentSub1        = 
CommentSub2        = 
CommentSub3        = 
IDMethodType       = SAM Control
MethodName         = SAM_84C8
Mission            = No Mission
MissionSub         = 1
RecordType         = 0
[Attributes]
CalFactor = 1
IDBasisSpec = 
IDDataBack = DLAB_2015-08-21_12-14-03_013_778
IDDataCal = DLAB_2015-08-24_11-04-47_772_747
IntegrationTime = 4096
P31 = -1
P31e = 0
PathLength = +INF
PathLengthCustomOn = 0
RAWDynamic = 65535
Salinity = 0
Temperature = -NAN
Unit1 = $01 $01 Wavelength nm
Unit2 = $03 $03 Intensity mW/(m^2 nm Sr)
Unit3 = $f0 $03 Error mW/(m^2 nm Sr)
Unit4 = $f1 $00 Status 
p999 = 269
[END] of [Attributes]
[DATA]
 0 11 0 0
 303.516048156 0 0 0
 306.890006053 0 0 0
 310.26457112 0 0 0
 313.639731825 0 0 0
 317.015476636 -0.00130230333890598 0 0
 320.391794021 -0.00131464503817749 0 0
 323.768672448 -0.00102443508778755 0 0
 327.146100385 -0.000887735897357633 0 0
 330.5240663 -0.000938271353737877 0 0
 333.902558661 -0.000655111425767725 0 0
 337.281565936 -0.000977291912451659 0 0
 340.661076593 -0.000808970514141958 0 0
 344.0410791 -0.00050224697353011 0 0
 347.421561925 -0.000542529452200556 0 0
 350.802513536 -0.000452180221685121 0 0
 354.183922401 -0.000404169428398916 0 0
 357.565776988 -0.000384198756829965 0 0
 360.948065765 -0.00035367096234183 0 0
 364.3307772 -0.000190885702715099 0 0
 367.713899761 -0.00021652995607064 0 0
 371.097421916 -0.000231986757174774 0 0
 374.481332133 -0.000194915505387841 0 0
 377.86561888 -0.000190748436715067 0 0
 381.250270625 -0.000230714396953911 0 0
 384.635275836 -8.4073683896109e-005 0 0
 388.020622981 4.6120688650178e-005 0 0
 391.406300528 6.78820260605207e-006 0 0
 394.792296945 -0.000173455815625142 0 0
 398.1786007 -0.0001229515761655 0 0
 401.565200261 -0.000151510456084223 0 0
 404.952084096 -0.000109117898214743 0 0
 408.339240673 -5.08627712999374e-005 0 0
 411.72665846 -1.00257744233732e-005 0 0
 415.114325925 -5.03732633252002e-005 0 0
 418.502231536 -5.23841811151978e-005 0 0
 421.890363761 -5.70661860458652e-005 0 0
 425.278711068 -5.62848560040183e-005 0 0
 428.667261925 -2.49409790119471e-005 0 0
 432.0560048 -3.25109175917395e-005 0 0
 435.444928161 -7.46414885620814e-005 0 0
 438.834020476 -2.45403166414366e-005 0 0
 442.223270213 -2.10246992909274e-005 0 0
 445.61266584 -3.94229974431967e-005 0 0
 449.002195825 -1.48716181795876e-005 0 0
 452.391848636 -1.50376551345226e-005 0 0
 455.781612741 -3.76471846145245e-006 0 0
 459.171476608 -5.39403548620514e-005 0 0
 462.561428705 1.29331281346963e-005 0 0
 465.9514575 -8.41626148735779e-005 0 0
 469.341551461 -3.44405159722619e-005 0 0
 472.731699056 -8.80681386362644e-005 0 0
 476.121888753 1.17811430563642e-005 0 0
 479.51210902 -6.1358319339382e-005 0 0
 482.902348325 6.50786296271409e-005 0 0
 486.292595136 -3.19160349159271e-005 0 0
 489.682837921 -2.95727946820273e-005 0 0
 493.073065148 -5.70102464937796e-005 0 0
 496.463265285 -3.25900013701213e-005 0 0
 499.8534268 -5.76008536282856e-005 0 0
 503.243538161 -2.60885390526874e-005 0 0
 506.633587836 -1.47154955033234e-005 0 0
 510.023564293 -0.000123105529857295 0 0
 513.413456 -6.03549215007944e-005 0 0
 516.803251425 -2.64617741243685e-005 0 0
 520.192939036 4.64880466760225e-006 0 0
 523.582507301 3.92582958999112e-005 0 0
 526.971944688 -2.89140150380252e-005 0 0
 530.361239665 -3.36264117750577e-005 0 0
 533.7503807 -3.586679456776e-005 0 0
 537.139356261 -3.49173013063295e-005 0 0
 540.528154816 8.60583667002826e-006 0 0
 543.916764833 -7.82441715381208e-005 0 0
 547.30517478 -6.1525118079292e-006 0 0
 550.693373125 1.71445023209118e-005 0 0
 554.081348336 -1.15577533260554e-005 0 0
 557.469088881 2.84543455058888e-005 0 0
 560.856583228 2.62651732161196e-005 0 0
 564.243819845 -3.25901092769372e-005 0 0
 567.6307872 4.76339884614184e-006 0 0
 571.017473761 -2.6623085970647e-005 0 0
 574.403867996 4.23919894275263e-005 0 0
 577.789958373 -2.77670075329438e-005 0 0
 581.17573336 4.53880073543788e-005 0 0
 584.561181425 -7.36961611293297e-007 0 0
 587.946291036 8.99349119895414e-005 0 0
 591.331050661 -7.05748858641658e-006 0 0
 594.715448768 -2.39269485674534e-005 0 0
 598.099473825 5.85248511777177e-005 0 0
 601.4831143 -7.21877474557995e-006 0 0
 604.866358661 -0.000113380875253433 0 0
 608.249195376 1.6308125602557e-005 0 0
 611.631612913 -5.49429583017401e-005 0 0
 615.01359974 7.41498571039241e-006 0 0
 618.395144325 -4.09679485278703e-005 0 0
 621.776235136 -3.57926570722095e-005 0 0
 625.156860641 -2.0856352248582e-007 0 0
 628.537009308 9.00610871412038e-005 0 0
 631.916669605 7.85864627214694e-005 0 0
 635.29583 0.000109324839933936 0 0
 638.674478961 -8.61235059772495e-005 0 0
 642.052604956 -4.78231016606524e-005 0 0
 645.430196453 -1.29438760709558e-005 0 0
 648.80724192 -1.67464473498121e-005 0 0
 652.183729825 7.17776968452402e-005 0 0
 655.559648636 -0.000102895344748656 0 0
 658.934986821 8.76506022640895e-005 0 0
 662.309732848 -4.35026848413277e-005 0 0
 665.683875185 1.96270020784848e-005 0 0
 669.0574023 0.000122631582805845 0 0
 672.430302661 1.53625784397908e-005 0 0
 675.802564736 -8.79943380332752e-005 0 0
 679.174176993 4.74394964546016e-005 0 0
 682.5451279 2.743280555734e-005 0 0
 685.915405925 0.00014565898564284 0 0
 689.284999536 1.0059275722906e-005 0 0
 692.653897201 0.000108626916536693 0 0
 696.022087388 3.40453251741482e-005 0 0
 699.389558565 3.29403861602485e-005 0 0
 702.7562992 -0.000115791267526232 0 0
 706.122297761 7.97263367689934e-005 0 0
 709.487542716 5.44720434645627e-005 0 0
 712.852022533 3.18263579601602e-005 0 0
 716.21572568 0.000136791988858627 0 0
 719.578640625 0.000141181457478504 0 0
 722.940755836 0.000172350696751963 0 0
 726.302059781 7.99873494648852e-005 0 0
 729.662540928 2.922886000504e-005 0 0
 733.022187745 0.000107449292426699 0 0
 736.3809887 0.000103262668228838 0 0
 739.738932261 0.000239721772830114 0 0
 743.096006896 9.11890273973262e-005 0 0
 746.452201073 4.99425540911163e-005 0 0
 749.80750326 -0.000582261589136174 0 0
 753.161901925 0.000203275981607166 0 0
 756.515385536 0.000236496682676041 0 0
 759.867942561 1.89009368327748e-005 0 0
 763.219561468 4.25405103189918e-005 0 0
 766.570230725 0.000329592083733019 0 0
 769.9199388 0.000166010816240027 0 0
 773.268674161 0.000106326455272407 0 0
 776.616425276 0.000140601761431016 0 0
 779.963180613 9.24528993037205e-006 0 0
 783.30892864 0.000276649304937211 0 0
 786.653657825 -6.10907795627989e-005 0 0
 789.997356636 6.15874744260939e-005 0 0
 793.340013541 3.15541817888811e-005 0 0
 796.681617008 0.000202069042231576 0 0
 800.022155505 7.56509321324436e-005 0 0
 803.3616175 0.000229786382723392 0 0
 806.699991461 0.000104841197381152 0 0
 810.037265856 8.92715615738299e-005 0 0
 813.373429153 0.000286738066347478 0 0
 816.70846982 0.000251116333732104 0 0
 820.042376325 0.00032749352841846 0 0
 823.375137136 0.000480176816682646 0 0
 826.706740721 0.000183266583649449 0 0
 830.037175548 0.000189207443870977 0 0
 833.366430085 0.00047854492134337 0 0
 836.6944928 0.000225133754239563 0 0
 840.021352161 5.14079014674119e-005 0 0
 843.346996636 0.000180103349247417 0 0
 846.671414693 0.000420393443172241 0 0
 849.9945948 0.000265908228988188 0 0
 853.316525425 0.000732132344760705 0 0
 856.637195036 1.20721580485357e-005 0 0
 859.956592101 -2.60721169569024e-005 0 0
 863.274705088 -7.01262081781111e-005 0 0
 866.591522465 -0.000186675437933412 0 0
 869.9070327 0.000709139735796138 0 0
 873.221224261 0.000390495145424236 0 0
 876.534085616 0.000314031670465332 0 0
 879.845605233 -5.32415286116696e-005 0 0
 883.15577158 0.00116374240749602 0 0
 886.464573125 0.000898243066188908 0 0
 889.771998336 0.000229278724882244 0 0
 893.078035681 0.000776372220539574 0 0
 896.382673628 0.000550970766277633 0 0
 899.685900645 0.000924745301957934 0 0
 902.9877052 0.00102978331190173 0 0
 906.288075761 0.000230303512151086 0 0
 909.587000796 0.000261270199671638 0 0
 912.884468773 0.000838328981306889 0 0
 916.18046816 0.0011364943670529 0 0
 919.474987425 0.00131762073253264 0 0
 922.768015036 0.000988311981935131 0 0
 926.059539461 0.000754686509010999 0 0
 929.349549168 -0.000557831827164729 0 0
 932.638032625 0.000981600095170311 0 0
 935.9249783 0.00080046316109219 0 0
 939.210374661 0.00194261553039853 0 0
 942.494210176 0.0011049496200423 0 0
 945.776473313 0.00126203178163744 0 0
 949.05715254 0.0012407549442178 0 0
 952.336236325 0.00110849746407118 0 0
 955.613713136 0 0 0
 958.889571441 0 0 0
 962.163799708 0 0 0
 965.436386405 0 0 0
 968.70732 0 0 0
 971.976588961 0 0 0
 975.244181756 0 0 0
 978.510086853 0 0 0
 981.77429272 0 0 0
 985.036787825 0 0 0
 988.297560636 0 0 0
 991.556599621 0 0 0
 994.813893248 0 0 0
 998.069429985 0 0 0
 1001.3231983 0 0 0
 1004.575186661 0 0 0
 1007.825383536 0 0 0
 1011.073777393 0 0 0
 1014.3203567 0 0 0
 1017.565109925 0 0 0
 1020.808025536 0 0 0
 1024.049092001 0 0 0
 1027.288297788 0 0 0
 1030.525631365 0 0 0
 1033.7610812 0 0 0
 1036.994635761 0 0 0
 1040.226283516 0 0 0
 1043.456012933 0 0 0
 1046.68381248 0 0 0
 1049.909670625 0 0 0
 1053.133575836 0 0 0
 1056.355516581 0 0 0
 1059.575481328 0 0 0
 1062.793458545 0 0 0
 1066.0094367 0 0 0
 1069.223404261 0 0 0
 1072.435349696 0 0 0
 1075.645261473 0 0 0
 1078.85312806 0 0 0
 1082.058937925 0 0 0
 1085.262679536 0 0 0
 1088.464341361 0 0 0
 1091.663911868 0 0 0
 1094.861379525 0 0 0
 1098.0567328 0 0 0
 1101.249960161 0 0 0
 1104.441050076 0 0 0
 1107.629991013 0 0 0
 1110.81677144 0 0 0
 1114.001379825 0 0 0
 1117.183804636 0 0 0
 1120.364034341 0 0 0
 1123.542057408 0 0 0
 1126.717862305 0 0 0
 1129.8914375 0 0 0
 1133.062771461 0 0 0
 1136.231852656 0 0 0
 1139.398669553 0 0 0
 1142.56321062 0 0 0
 1145.725464325 0 0 0
 1148.885419136 0 0 0
[END] of [DATA]
[END] of [Spectrum]

