
#TBID:2021-12-06 00:30:00;SAM_84DC;RAW;

[Spectrum]
Version            = 1
IDData             = 96B1_2021-12-06_00-30-00_000_402
IDDevice           = SAM_84DC
IDDataType         = SPECTRUM
IDDataTypeSub1     = RAW
IDDataTypeSub2     = 
IDDataTypeSub3     = 
DateTime           = 2021-12-06 00:30:00
PositionLatitude   = 0
PositionLongitude  = 0
Comment            = 
CommentSub1        = 
CommentSub2        = 
CommentSub3        = 
IDMethodType       = SAM Control
MethodName         = SAM_84DC
Mission            = No Mission
MissionSub         = 1
RecordType         = 0
[Attributes]
CalFactor = 1
IDBasisSpec = 
IDDataBack = DLAB_2015-08-21_13-19-54_137_939
IDDataCal = DLAB_2015-08-24_10-46-55_592_608
IntegrationTime = 4096
P31 = -1
P31e = 0
PathLength = +INF
PathLengthCustomOn = 0
RAWDynamic = 65535
Salinity = 0
Temperature = -NAN
Unit1 = $05 $00 Pixel 
Unit2 = $03 $05 Intensity counts
Unit3 = $f0 $05 Error counts
Unit4 = $f1 $00 Status 
p999 = 1139
[END] of [Attributes]
[DATA]
 0 11 0 0
 1 1231 0 0
 2 1220 0 0
 3 1231 0 0
 4 1241 0 0
 5 1232 0 0
 6 1228 0 0
 7 1236 0 0
 8 1234 0 0
 9 1234 0 0
 10 1234 0 0
 11 1236 0 0
 12 1233 0 0
 13 1233 0 0
 14 1236 0 0
 15 1231 0 0
 16 1231 0 0
 17 1236 0 0
 18 1230 0 0
 19 1233 0 0
 20 1232 0 0
 21 1231 0 0
 22 1234 0 0
 23 1235 0 0
 24 1243 0 0
 25 1230 0 0
 26 1235 0 0
 27 1235 0 0
 28 1233 0 0
 29 1235 0 0
 30 1237 0 0
 31 1236 0 0
 32 1232 0 0
 33 1239 0 0
 34 1235 0 0
 35 1240 0 0
 36 1240 0 0
 37 1238 0 0
 38 1237 0 0
 39 1240 0 0
 40 1236 0 0
 41 1232 0 0
 42 1232 0 0
 43 1241 0 0
 44 1242 0 0
 45 1241 0 0
 46 1240 0 0
 47 1240 0 0
 48 1242 0 0
 49 1237 0 0
 50 1237 0 0
 51 1238 0 0
 52 1236 0 0
 53 1238 0 0
 54 1244 0 0
 55 1245 0 0
 56 1240 0 0
 57 1240 0 0
 58 1241 0 0
 59 1242 0 0
 60 1245 0 0
 61 1241 0 0
 62 1238 0 0
 63 1243 0 0
 64 1239 0 0
 65 1240 0 0
 66 1240 0 0
 67 1236 0 0
 68 1240 0 0
 69 1240 0 0
 70 1238 0 0
 71 1238 0 0
 72 1237 0 0
 73 1243 0 0
 74 1243 0 0
 75 1234 0 0
 76 1243 0 0
 77 1242 0 0
 78 1240 0 0
 79 1241 0 0
 80 1241 0 0
 81 1241 0 0
 82 1238 0 0
 83 1246 0 0
 84 1238 0 0
 85 1249 0 0
 86 1242 0 0
 87 1244 0 0
 88 1241 0 0
 89 1241 0 0
 90 1244 0 0
 91 1242 0 0
 92 1245 0 0
 93 1241 0 0
 94 1247 0 0
 95 1244 0 0
 96 1238 0 0
 97 1238 0 0
 98 1242 0 0
 99 1242 0 0
 100 1242 0 0
 101 1242 0 0
 102 1240 0 0
 103 1242 0 0
 104 1245 0 0
 105 1246 0 0
 106 1243 0 0
 107 1248 0 0
 108 1236 0 0
 109 1241 0 0
 110 1240 0 0
 111 1246 0 0
 112 1244 0 0
 113 1238 0 0
 114 1247 0 0
 115 1245 0 0
 116 1242 0 0
 117 1243 0 0
 118 1243 0 0
 119 1242 0 0
 120 1235 0 0
 121 1245 0 0
 122 1239 0 0
 123 1248 0 0
 124 1243 0 0
 125 1245 0 0
 126 1245 0 0
 127 1241 0 0
 128 1240 0 0
 129 1243 0 0
 130 1246 0 0
 131 1240 0 0
 132 1246 0 0
 133 1247 0 0
 134 1241 0 0
 135 1247 0 0
 136 1240 0 0
 137 1242 0 0
 138 1237 0 0
 139 1240 0 0
 140 1243 0 0
 141 1249 0 0
 142 1242 0 0
 143 1238 0 0
 144 1243 0 0
 145 1246 0 0
 146 1242 0 0
 147 1243 0 0
 148 1246 0 0
 149 1243 0 0
 150 1244 0 0
 151 1250 0 0
 152 1239 0 0
 153 1245 0 0
 154 1242 0 0
 155 1246 0 0
 156 1241 0 0
 157 1247 0 0
 158 1243 0 0
 159 1244 0 0
 160 1244 0 0
 161 1242 0 0
 162 1238 0 0
 163 1240 0 0
 164 1243 0 0
 165 1248 0 0
 166 1243 0 0
 167 1243 0 0
 168 1241 0 0
 169 1246 0 0
 170 1244 0 0
 171 1246 0 0
 172 1245 0 0
 173 1249 0 0
 174 1248 0 0
 175 1241 0 0
 176 1246 0 0
 177 1243 0 0
 178 1244 0 0
 179 1242 0 0
 180 1243 0 0
 181 1242 0 0
 182 1247 0 0
 183 1248 0 0
 184 1241 0 0
 185 1245 0 0
 186 1242 0 0
 187 1249 0 0
 188 1236 0 0
 189 1242 0 0
 190 1244 0 0
 191 1244 0 0
 192 1248 0 0
 193 1245 0 0
 194 1240 0 0
 195 1247 0 0
 196 1242 0 0
 197 1243 0 0
 198 1238 0 0
 199 1244 0 0
 200 1247 0 0
 201 1248 0 0
 202 1240 0 0
 203 1248 0 0
 204 1244 0 0
 205 1243 0 0
 206 1247 0 0
 207 1244 0 0
 208 1238 0 0
 209 1242 0 0
 210 1243 0 0
 211 1245 0 0
 212 1241 0 0
 213 1239 0 0
 214 1242 0 0
 215 1245 0 0
 216 1243 0 0
 217 1241 0 0
 218 1240 0 0
 219 1242 0 0
 220 1246 0 0
 221 1241 0 0
 222 1243 0 0
 223 1247 0 0
 224 1243 0 0
 225 1248 0 0
 226 1249 0 0
 227 1247 0 0
 228 1248 0 0
 229 1248 0 0
 230 1246 0 0
 231 1248 0 0
 232 1247 0 0
 233 1244 0 0
 234 1244 0 0
 235 1248 0 0
 236 1246 0 0
 237 1247 0 0
 238 1243 0 0
 239 1246 0 0
 240 1246 0 0
 241 1248 0 0
 242 1243 0 0
 243 1242 0 0
 244 1246 0 0
 245 1246 0 0
 246 1251 0 0
 247 1252 0 0
 248 1249 0 0
 249 1248 0 0
 250 1243 0 0
 251 1245 0 0
 252 1248 0 0
 253 1247 0 0
 254 1247 0 0
 255 1310 0 0
[END] of [DATA]
[END] of [Spectrum]


#TBID:2021-12-06 00:30:00;SAM_84DC;CALIBRATED;

[Spectrum]
Version            = 1
IDData             = 96B1_2021-12-06_00-30-00_000_403
IDDevice           = SAM_84DC
IDDataType         = SPECTRUM
IDDataTypeSub1     = CALIBRATED
IDDataTypeSub2     = 
IDDataTypeSub3     = 
DateTime           = 2021-12-06 00:30:00
PositionLatitude   = 0
PositionLongitude  = 0
Comment            = 
CommentSub1        = 
CommentSub2        = 
CommentSub3        = 
IDMethodType       = SAM Control
MethodName         = SAM_84DC
Mission            = No Mission
MissionSub         = 1
RecordType         = 0
[Attributes]
CalFactor = 1
IDBasisSpec = 
IDDataBack = DLAB_2015-08-21_13-19-54_137_939
IDDataCal = DLAB_2015-08-24_10-46-55_592_608
IntegrationTime = 4096
P31 = -1
P31e = 0
PathLength = +INF
PathLengthCustomOn = 0
RAWDynamic = 65535
Salinity = 0
Temperature = -NAN
Unit1 = $01 $01 Wavelength nm
Unit2 = $03 $03 Intensity mW/(m^2 nm Sr)
Unit3 = $f0 $03 Error mW/(m^2 nm Sr)
Unit4 = $f1 $00 Status 
p999 = 1139
[END] of [Attributes]
[DATA]
 0 11 0 0
 305.71650776488 0 0 0
 309.04007505697 0 0 0
 312.36416914304 0 0 0
 315.68877841375 0 0 0
 319.01389125976 -8.71522067185831e-005 0 0
 322.33949607173 1.3500134419719e-005 0 0
 325.66558124032 -0.000111624866969341 0 0
 328.99213515619 -8.65020721651715e-005 0 0
 332.31914621 -0.000211891576575208 0 0
 335.64660279241 -0.000105915405921919 0 0
 338.97449329408 -0.00010962519744345 0 0
 342.30280610567 -1.75755640358809e-005 0 0
 345.63152961784 -2.9358712060562e-005 0 0
 348.96065222125 -0.000175793777816775 0 0
 352.29016230656 1.38120926202778e-005 0 0
 355.62004826443 -0.000145347092592731 0 0
 358.95029848552 -0.000143557125510679 0 0
 362.28090136049 -0.000103411519363012 0 0
 365.61184528 -9.17007033614345e-005 0 0
 368.94311863471 -6.4414955943469e-005 0 0
 372.27470981528 -2.92590064257673e-005 0 0
 375.60660721237 -0.000141151144654595 0 0
 378.93879921664 -0.00011374323335347 0 0
 382.27127421875 6.5656753549837e-005 0 0
 385.60402060936 -5.6173710630225e-005 0 0
 388.93702677913 -8.71212061997242e-005 0 0
 392.27028111872 -8.9613682274738e-005 0 0
 395.60377201879 3.16998045344102e-006 0 0
 398.93748787 4.69859200354528e-005 0 0
 402.27141706301 0.00010185496813298 0 0
 405.60554798848 -7.9115331441162e-005 0 0
 408.93986903707 -9.98867089126595e-005 0 0
 412.27436859944 7.25775350573653e-005 0 0
 415.60903506625 -6.90434725737175e-005 0 0
 418.94385682816 7.35699246550365e-005 0 0
 422.27882227583 -5.7438329434299e-005 0 0
 425.61391979992 -5.34880453967411e-005 0 0
 428.94913779109 -2.68978593320803e-005 0 0
 432.28446464 4.63351605289127e-005 0 0
 435.61988873731 -0.000123761525230678 0 0
 438.95539847368 -9.28017345622849e-005 0 0
 442.29098223977 -7.91254973204392e-005 0 0
 445.62662842624 -1.23476243342316e-005 0 0
 448.96232542375 -2.46660956740236e-005 0 0
 452.29806162296 -2.29759998246828e-005 0 0
 455.63382541453 -8.28271374413319e-005 0 0
 458.96960518912 -0.000104964325725994 0 0
 462.30538933739 1.65200013612275e-005 0 0
 465.64116625 -5.1573688168846e-005 0 0
 468.97692431761 -2.99991183760287e-005 0 0
 472.31265193088 -4.37039924098107e-005 0 0
 475.64833748047 -8.02376161662103e-005 0 0
 478.98396935704 -2.07521603051624e-005 0 0
 482.31953595125 5.20353331829084e-005 0 0
 485.65502565376 1.02997250377599e-005 0 0
 488.99042685523 -2.59348207871707e-005 0 0
 492.32572794632 -7.90608529591923e-005 0 0
 495.66091731769 -6.11416197067482e-005 0 0
 498.99598336 -0.000132486784305446 0 0
 502.33091446391 -5.53846136300395e-006 0 0
 505.66569902008 -9.05818904480011e-005 0 0
 509.00032541917 -3.39075773221096e-005 0 0
 512.33478205184 -1.54896962297188e-005 0 0
 515.66905730875 -7.63718633600514e-005 0 0
 519.00313958056 -2.19411126389957e-005 0 0
 522.33701725793 6.62929499857017e-005 0 0
 525.67067873152 -0.000102942354076486 0 0
 529.00411239199 -7.50870271534646e-005 0 0
 532.33730663 -2.44219860442149e-005 0 0
 535.67024983621 -9.54451168319412e-005 0 0
 539.00293040128 -0.000127820398322363 0 0
 542.33533671587 -6.3992785187203e-005 0 0
 545.66745717064 -4.9699566406645e-005 0 0
 548.99928015625 -6.44484719554731e-005 0 0
 552.33079406336 -7.68727569350267e-005 0 0
 555.66198728263 -4.49089271293371e-005 0 0
 558.99284820472 -4.63651546956657e-005 0 0
 562.32336522029 6.38684926932644e-006 0 0
 565.65352672 -9.29378980821828e-005 0 0
 568.98332109451 -2.046388979064e-005 0 0
 572.31273673448 -0.000103898463907295 0 0
 575.64176203057 -5.52274322231571e-005 0 0
 578.97038537344 -2.74591128133075e-006 0 0
 582.29859515375 -9.01644261035739e-006 0 0
 585.62637976216 -4.83162645128361e-005 0 0
 588.95372758933 -6.46256983141259e-005 0 0
 592.28062702592 -5.40854573392822e-005 0 0
 595.60706646259 -3.21617241350017e-005 0 0
 598.93303429 -0.000124966980479314 0 0
 602.25851889881 5.35571573304596e-005 0 0
 605.58350867968 -6.65448480328304e-005 0 0
 608.90799202327 -2.32599545711798e-005 0 0
 612.23195732024 -6.98152508634774e-005 0 0
 615.55539296125 -4.00065120505875e-005 0 0
 618.87828733696 -7.20613653172966e-005 0 0
 622.20062883803 -7.55178024244073e-005 0 0
 625.52240585512 -0.000203029784540716 0 0
 628.84360677889 -2.06477402603598e-005 0 0
 632.16422 -6.95398613564421e-005 0 0
 635.48423390911 -9.65560303975494e-005 0 0
 638.80363689688 -2.82516168274739e-005 0 0
 642.12241735397 -0.000127337759241485 0 0
 645.44056367104 -6.08917389785216e-005 0 0
 648.75806423875 -5.76482297462594e-006 0 0
 652.07490744776 -5.17338633045441e-005 0 0
 655.39108168873 -7.96247916809079e-005 0 0
 658.70657535232 -0.000120843260173305 0 0
 662.02137682919 -0.00022085757000392 0 0
 665.33547451 -0.000141946691428606 0 0
 668.64885678541 -9.65616746842689e-005 0 0
 671.96151204608 -4.1696851399816e-005 0 0
 675.27342868267 -5.87469252409777e-005 0 0
 678.58459508584 -4.71817425975763e-005 0 0
 681.89499964625 -2.16104708330089e-005 0 0
 685.20463075456 -0.000108205088327178 0 0
 688.51347680143 -5.51885965166037e-005 0 0
 691.82152617752 -2.95707506875868e-005 0 0
 695.12876727349 1.69088938479008e-005 0 0
 698.43518848 -5.86917412009887e-005 0 0
 701.74077818771 -3.18085014817035e-005 0 0
 705.04552478728 -0.00015852318064556 0 0
 708.34941666937 -7.07675203318684e-005 0 0
 711.65244222464 -1.42496792261645e-005 0 0
 714.95458984375 -0.000118931203822029 0 0
 718.25584791736 5.25135083580672e-005 0 0
 721.55620483613 -7.43729011167074e-005 0 0
 724.85564899072 -0.000133740003327973 0 0
 728.15416877179 -8.65010946405895e-005 0 0
 731.45175257 -8.24809938188093e-006 0 0
 734.74838877601 -9.68028872268837e-005 0 0
 738.04406578048 -8.04532102867874e-005 0 0
 741.33877197407 -2.86090811943583e-005 0 0
 744.63249574744 3.32670111355678e-005 0 0
 747.92522549125 -6.01442197924418e-005 0 0
 751.21694959616 -6.01001331951444e-006 0 0
 754.50765645283 -1.54902959885374e-006 0 0
 757.79733445192 -9.90715098864677e-005 0 0
 761.08597198409 -9.78917270305573e-005 0 0
 764.37355744 -0.000105077352220698 0 0
 767.66007921031 3.50325510999081e-005 0 0
 770.94552568568 2.16564268163934e-005 0 0
 774.22988525677 1.98965667424845e-005 0 0
 777.51314631424 -0.000203883777840062 0 0
 780.79529724875 -2.37318640256494e-005 0 0
 784.07632645096 0.000175136346049399 0 0
 787.35622231153 1.56011626443119e-005 0 0
 790.63497322112 8.89291997330836e-006 0 0
 793.91256757039 -2.20315411866672e-005 0 0
 797.18899375 -6.39906826941392e-005 0 0
 800.46424015061 0.000114640684506639 0 0
 803.73829516288 0.000128589813998656 0 0
 807.01114717747 -0.000182521299546105 0 0
 810.28278458504 -0.000114086719290044 0 0
 813.55319577625 -0.000149901780832076 0 0
 816.82236914176 5.5588088228671e-005 0 0
 820.09029307223 3.66286645045042e-005 0 0
 823.35695595832 -6.0885166507646e-005 0 0
 826.62234619069 -1.21833235827549e-005 0 0
 829.88645216 -0.000117231041783882 0 0
 833.14926225691 -9.4494317504802e-005 0 0
 836.41076487208 0.000101638340298084 0 0
 839.67094839617 8.31415645728349e-005 0 0
 842.92980121984 -3.09866985241219e-005 0 0
 846.18731173375 3.37666375622289e-005 0 0
 849.44346832856 0.000196939440913242 0 0
 852.69825939493 -0.000417234120871897 0 0
 855.95167332352 -0.000272379904977056 0 0
 859.20369850499 -0.00028819986963073 0 0
 862.45432333 2.22595731880697e-005 0 0
 865.70353618921 -5.54483720876822e-005 0 0
 868.95132547328 -0.000288187909675076 0 0
 872.19767957287 0.000663527069606939 0 0
 875.44258687864 0.00013157453823453 0 0
 878.68603578125 0.000260944889050795 0 0
 881.92801467136 -7.21622745972158e-005 0 0
 885.16851193963 5.96641742251483e-005 0 0
 888.40751597672 0.000131645808687894 0 0
 891.64501517329 -6.13420410548081e-005 0 0
 894.88099792 0.000320760591495828 0 0
 898.11545260751 0.000296741412795846 0 0
 901.34836762648 0.000253620497392142 0 0
 904.57973136757 0.000442828738631504 0 0
 907.80953222144 0.000494453719777188 0 0
 911.03775857875 -0.000142507273120025 0 0
 914.26439883016 0.000215328560582195 0 0
 917.48944136633 -0.000356204795051807 0 0
 920.71287457792 0.000604022279648029 0 0
 923.93468685559 -0.000400736445506055 0 0
 927.15486659 0.000598200695631946 0 0
 930.37340217181 0.000623977294313833 0 0
 933.59028199168 0.000218093232346277 0 0
 936.80549444027 -0.000660819858354893 0 0
 940.01902790824 -7.99940175792001e-005 0 0
 943.23087078625 -0.000498217476874155 0 0
 946.44101146496 0.00168109260424167 0 0
 949.64943833503 -0.00138849702043287 0 0
 952.85613978712 -0.000330208930640061 0 0
 956.06110421189 0 0 0
 959.26432 0 0 0
 962.46577554211 0 0 0
 965.66545922888 0 0 0
 968.86335945097 0 0 0
 972.05946459904 0 0 0
 975.25376306375 0 0 0
 978.44624323576 0 0 0
 981.63689350573 0 0 0
 984.82570226432 0 0 0
 988.01265790219 0 0 0
 991.19774881 0 0 0
 994.38096337841 0 0 0
 997.56228999808 0 0 0
 1000.74171705967 0 0 0
 1003.91923295384 0 0 0
 1007.09482607125 0 0 0
 1010.26848480256 0 0 0
 1013.44019753843 0 0 0
 1016.60995266952 0 0 0
 1019.77773858649 0 0 0
 1022.94354368 0 0 0
 1026.10735634071 0 0 0
 1029.26916495928 0 0 0
 1032.42895792637 0 0 0
 1035.58672363264 0 0 0
 1038.74245046875 0 0 0
 1041.89612682536 0 0 0
 1045.04774109313 0 0 0
 1048.19728166272 0 0 0
 1051.34473692479 0 0 0
 1054.49009527 0 0 0
 1057.63334508901 0 0 0
 1060.77447477248 0 0 0
 1063.91347271107 0 0 0
 1067.05032729544 0 0 0
 1070.18502691625 0 0 0
 1073.31755996416 0 0 0
 1076.44791482983 0 0 0
 1079.57607990392 0 0 0
 1082.70204357709 0 0 0
 1085.82579424 0 0 0
 1088.94732028331 0 0 0
 1092.06661009768 0 0 0
 1095.18365207377 0 0 0
 1098.29843460224 0 0 0
 1101.41094607375 0 0 0
 1104.52117487896 0 0 0
 1107.62910940853 0 0 0
 1110.73473805312 0 0 0
 1113.83804920339 0 0 0
 1116.93903125 0 0 0
 1120.03767258361 0 0 0
 1123.13396159488 0 0 0
 1126.22788667447 0 0 0
 1129.31943621304 0 0 0
 1132.40859860125 0 0 0
 1135.49536222976 0 0 0
[END] of [DATA]
[END] of [Spectrum]


#TBID:2021-12-06 00:30:00;SAM_84C8;RAW;

[Spectrum]
Version            = 1
IDData             = 96B1_2021-12-06_00-30-00_000_405
IDDevice           = SAM_84C8
IDDataType         = SPECTRUM
IDDataTypeSub1     = RAW
IDDataTypeSub2     = 
IDDataTypeSub3     = 
DateTime           = 2021-12-06 00:30:00
PositionLatitude   = 0
PositionLongitude  = 0
Comment            = 
CommentSub1        = 
CommentSub2        = 
CommentSub3        = 
IDMethodType       = SAM Control
MethodName         = SAM_84C8
Mission            = No Mission
MissionSub         = 1
RecordType         = 0
[Attributes]
CalFactor = 1
IDBasisSpec = 
IDDataBack = DLAB_2015-08-21_12-14-03_013_778
IDDataCal = DLAB_2015-08-24_11-04-47_772_747
IntegrationTime = 4096
P31 = -1
P31e = 0
PathLength = +INF
PathLengthCustomOn = 0
RAWDynamic = 65535
Salinity = 0
Temperature = -NAN
Unit1 = $05 $00 Pixel 
Unit2 = $03 $05 Intensity counts
Unit3 = $f0 $05 Error counts
Unit4 = $f1 $00 Status 
p999 = 1139
[END] of [Attributes]
[DATA]
 0 11 0 0
 1 1137 0 0
 2 1128 0 0
 3 1123 0 0
 4 1134 0 0
 5 1131 0 0
 6 1129 0 0
 7 1131 0 0
 8 1127 0 0
 9 1124 0 0
 10 1128 0 0
 11 1130 0 0
 12 1130 0 0
 13 1127 0 0
 14 1129 0 0
 15 1128 0 0
 16 1134 0 0
 17 1132 0 0
 18 1124 0 0
 19 1132 0 0
 20 1126 0 0
 21 1131 0 0
 22 1131 0 0
 23 1125 0 0
 24 1138 0 0
 25 1133 0 0
 26 1130 0 0
 27 1132 0 0
 28 1135 0 0
 29 1136 0 0
 30 1142 0 0
 31 1134 0 0
 32 1133 0 0
 33 1132 0 0
 34 1133 0 0
 35 1132 0 0
 36 1133 0 0
 37 1141 0 0
 38 1134 0 0
 39 1130 0 0
 40 1129 0 0
 41 1130 0 0
 42 1133 0 0
 43 1135 0 0
 44 1134 0 0
 45 1136 0 0
 46 1134 0 0
 47 1130 0 0
 48 1132 0 0
 49 1142 0 0
 50 1136 0 0
 51 1139 0 0
 52 1139 0 0
 53 1134 0 0
 54 1132 0 0
 55 1134 0 0
 56 1138 0 0
 57 1139 0 0
 58 1132 0 0
 59 1135 0 0
 60 1136 0 0
 61 1138 0 0
 62 1144 0 0
 63 1139 0 0
 64 1134 0 0
 65 1134 0 0
 66 1135 0 0
 67 1136 0 0
 68 1141 0 0
 69 1135 0 0
 70 1137 0 0
 71 1138 0 0
 72 1141 0 0
 73 1138 0 0
 74 1138 0 0
 75 1137 0 0
 76 1135 0 0
 77 1142 0 0
 78 1137 0 0
 79 1140 0 0
 80 1138 0 0
 81 1133 0 0
 82 1139 0 0
 83 1139 0 0
 84 1136 0 0
 85 1134 0 0
 86 1137 0 0
 87 1139 0 0
 88 1140 0 0
 89 1139 0 0
 90 1143 0 0
 91 1139 0 0
 92 1144 0 0
 93 1140 0 0
 94 1142 0 0
 95 1139 0 0
 96 1141 0 0
 97 1139 0 0
 98 1144 0 0
 99 1138 0 0
 100 1144 0 0
 101 1146 0 0
 102 1140 0 0
 103 1140 0 0
 104 1142 0 0
 105 1145 0 0
 106 1137 0 0
 107 1141 0 0
 108 1139 0 0
 109 1141 0 0
 110 1138 0 0
 111 1148 0 0
 112 1145 0 0
 113 1137 0 0
 114 1140 0 0
 115 1138 0 0
 116 1137 0 0
 117 1139 0 0
 118 1143 0 0
 119 1141 0 0
 120 1137 0 0
 121 1143 0 0
 122 1144 0 0
 123 1140 0 0
 124 1138 0 0
 125 1141 0 0
 126 1139 0 0
 127 1148 0 0
 128 1142 0 0
 129 1145 0 0
 130 1143 0 0
 131 1143 0 0
 132 1141 0 0
 133 1163 0 0
 134 1143 0 0
 135 1139 0 0
 136 1140 0 0
 137 1141 0 0
 138 1140 0 0
 139 1145 0 0
 140 1139 0 0
 141 1140 0 0
 142 1139 0 0
 143 1144 0 0
 144 1142 0 0
 145 1142 0 0
 146 1140 0 0
 147 1142 0 0
 148 1142 0 0
 149 1141 0 0
 150 1142 0 0
 151 1140 0 0
 152 1144 0 0
 153 1144 0 0
 154 1140 0 0
 155 1137 0 0
 156 1143 0 0
 157 1142 0 0
 158 1141 0 0
 159 1139 0 0
 160 1137 0 0
 161 1145 0 0
 162 1141 0 0
 163 1138 0 0
 164 1137 0 0
 165 1141 0 0
 166 1138 0 0
 167 1142 0 0
 168 1139 0 0
 169 1147 0 0
 170 1142 0 0
 171 1143 0 0
 172 1140 0 0
 173 1138 0 0
 174 1142 0 0
 175 1144 0 0
 176 1141 0 0
 177 1144 0 0
 178 1140 0 0
 179 1137 0 0
 180 1145 0 0
 181 1140 0 0
 182 1140 0 0
 183 1141 0 0
 184 1134 0 0
 185 1140 0 0
 186 1139 0 0
 187 1143 0 0
 188 1138 0 0
 189 1138 0 0
 190 1139 0 0
 191 1137 0 0
 192 1143 0 0
 193 1137 0 0
 194 1142 0 0
 195 1145 0 0
 196 1141 0 0
 197 1142 0 0
 198 1145 0 0
 199 1140 0 0
 200 1137 0 0
 201 1142 0 0
 202 1139 0 0
 203 1131 0 0
 204 1140 0 0
 205 1141 0 0
 206 1138 0 0
 207 1138 0 0
 208 1138 0 0
 209 1141 0 0
 210 1137 0 0
 211 1143 0 0
 212 1142 0 0
 213 1140 0 0
 214 1139 0 0
 215 1141 0 0
 216 1140 0 0
 217 1142 0 0
 218 1142 0 0
 219 1142 0 0
 220 1141 0 0
 221 1146 0 0
 222 1139 0 0
 223 1138 0 0
 224 1139 0 0
 225 1143 0 0
 226 1142 0 0
 227 1141 0 0
 228 1139 0 0
 229 1138 0 0
 230 1139 0 0
 231 1139 0 0
 232 1139 0 0
 233 1138 0 0
 234 1140 0 0
 235 1138 0 0
 236 1141 0 0
 237 1142 0 0
 238 1144 0 0
 239 1139 0 0
 240 1141 0 0
 241 1138 0 0
 242 1138 0 0
 243 1142 0 0
 244 1141 0 0
 245 1141 0 0
 246 1138 0 0
 247 1139 0 0
 248 1142 0 0
 249 1141 0 0
 250 1140 0 0
 251 1138 0 0
 252 1140 0 0
 253 1142 0 0
 254 1145 0 0
 255 1187 0 0
[END] of [DATA]
[END] of [Spectrum]


#TBID:2021-12-06 00:30:00;SAM_84C8;CALIBRATED;

[Spectrum]
Version            = 1
IDData             = 96B1_2021-12-06_00-30-00_000_406
IDDevice           = SAM_84C8
IDDataType         = SPECTRUM
IDDataTypeSub1     = CALIBRATED
IDDataTypeSub2     = 
IDDataTypeSub3     = 
DateTime           = 2021-12-06 00:30:00
PositionLatitude   = 0
PositionLongitude  = 0
Comment            = 
CommentSub1        = 
CommentSub2        = 
CommentSub3        = 
IDMethodType       = SAM Control
MethodName         = SAM_84C8
Mission            = No Mission
MissionSub         = 1
RecordType         = 0
[Attributes]
CalFactor = 1
IDBasisSpec = 
IDDataBack = DLAB_2015-08-21_12-14-03_013_778
IDDataCal = DLAB_2015-08-24_11-04-47_772_747
IntegrationTime = 4096
P31 = -1
P31e = 0
PathLength = +INF
PathLengthCustomOn = 0
RAWDynamic = 65535
Salinity = 0
Temperature = -NAN
Unit1 = $01 $01 Wavelength nm
Unit2 = $03 $03 Intensity mW/(m^2 nm Sr)
Unit3 = $f0 $03 Error mW/(m^2 nm Sr)
Unit4 = $f1 $00 Status 
p999 = 1139
[END] of [Attributes]
[DATA]
 0 11 0 0
 303.516048156 0 0 0
 306.890006053 0 0 0
 310.26457112 0 0 0
 313.639731825 0 0 0
 317.015476636 -0.000131076797728691 0 0
 320.391794021 -0.000306682398371823 0 0
 323.768672448 -4.28378348692001e-005 0 0
 327.146100385 -0.000111226764305402 0 0
 330.5240663 -0.000260725633995601 0 0
 333.902558661 8.94417794986116e-005 0 0
 337.281565936 -0.000137189224432383 0 0
 340.661076593 -0.00023487564265668 0 0
 344.0410791 -7.70138386083348e-005 0 0
 347.421561925 -2.66381354457979e-005 0 0
 350.802513536 -0.000116822139409259 0 0
 354.183922401 1.31410166169502e-005 0 0
 357.565776988 -7.48404820103701e-005 0 0
 360.948065765 -0.000191141647439291 0 0
 364.3307772 -5.0604705734718e-005 0 0
 367.713899761 -9.48198638194478e-005 0 0
 371.097421916 -5.28604551819789e-005 0 0
 374.481332133 -8.70241063777871e-005 0 0
 377.86561888 -0.000216863903499086 0 0
 381.250270625 3.72647986821815e-006 0 0
 384.635275836 -2.93720247648257e-005 0 0
 388.020622981 5.98945904351424e-005 0 0
 391.406300528 -6.92975992675916e-008 0 0
 394.792296945 -1.74973287135776e-005 0 0
 398.1786007 4.91933564591516e-005 0 0
 401.565200261 9.2096342520596e-005 0 0
 404.952084096 -4.45297501171215e-006 0 0
 408.339240673 -2.16119849029703e-005 0 0
 411.72665846 3.43289162624519e-005 0 0
 415.114325925 3.85516121963158e-005 0 0
 418.502231536 4.59991478988178e-005 0 0
 421.890363761 -2.00004121911704e-005 0 0
 425.278711068 -6.06596840620977e-005 0 0
 428.667261925 -1.66398525990526e-005 0 0
 432.0560048 2.30703144078913e-005 0 0
 435.444928161 -2.09958971032533e-005 0 0
 438.834020476 -5.06864868695965e-005 0 0
 442.223270213 1.96171478415079e-005 0 0
 445.61266584 1.23590608869657e-006 0 0
 449.002195825 4.86641566701474e-005 0 0
 452.391848636 -3.02967004252517e-005 0 0
 455.781612741 -7.67658081055574e-006 0 0
 459.171476608 -3.38433859586391e-005 0 0
 462.561428705 -5.31088798569859e-005 0 0
 465.9514575 2.56266254360049e-005 0 0
 469.341551461 6.4586959261221e-005 0 0
 472.731699056 2.55958730705255e-005 0 0
 476.121888753 3.38988472411017e-005 0 0
 479.51210902 1.34608702074441e-006 0 0
 482.902348325 0.00011513823710036 0 0
 486.292595136 -8.79280530848375e-006 0 0
 489.682837921 2.20255642309378e-005 0 0
 493.073065148 -1.90297401427541e-005 0 0
 496.463265285 -2.30396904586184e-005 0 0
 499.8534268 9.52888224493248e-005 0 0
 503.243538161 6.89061123841002e-005 0 0
 506.633587836 5.10138450616521e-005 0 0
 510.023564293 -3.06803044738544e-005 0 0
 513.413456 3.03174767940833e-006 0 0
 516.803251425 7.50672373628596e-005 0 0
 520.192939036 2.61220597016088e-005 0 0
 523.582507301 -4.00899077252817e-005 0 0
 526.971944688 3.60257209589995e-006 0 0
 530.361239665 1.00825376477414e-005 0 0
 533.7503807 1.87597548631809e-005 0 0
 537.139356261 -3.87670281055868e-005 0 0
 540.528154816 1.62413289967606e-005 0 0
 543.916764833 -1.36443556708845e-005 0 0
 547.30517478 2.42086674788805e-005 0 0
 550.693373125 3.61602519574986e-005 0 0
 554.081348336 -3.91758848587623e-006 0 0
 557.469088881 -2.15718161248169e-005 0 0
 560.856583228 5.7387186955188e-005 0 0
 564.243819845 -1.0358009256433e-006 0 0
 567.6307872 2.48046485730215e-005 0 0
 571.017473761 6.04065211395964e-006 0 0
 574.403867996 -2.41952877961366e-005 0 0
 577.789958373 -4.47574223988659e-005 0 0
 581.17573336 -1.10135938250072e-005 0 0
 584.561181425 -7.17378216789414e-005 0 0
 587.946291036 -1.00043924338114e-005 0 0
 591.331050661 1.62130348009521e-005 0 0
 594.715448768 -1.43888151510662e-005 0 0
 598.099473825 5.36370515427815e-005 0 0
 601.4831143 6.29570542808705e-005 0 0
 604.866358661 -1.08198890853716e-005 0 0
 608.249195376 -2.01914558565313e-005 0 0
 611.631612913 6.59293938279826e-005 0 0
 615.01359974 9.71796170541175e-005 0 0
 618.395144325 -3.0329156540957e-005 0 0
 621.776235136 2.33016599963063e-005 0 0
 625.156860641 -3.83311463804206e-005 0 0
 628.537009308 1.77562851703637e-005 0 0
 631.916669605 0.00012431406240518 0 0
 635.29583 5.04190050768024e-005 0 0
 638.674478961 -1.92723128167167e-005 0 0
 642.052604956 -5.40771657590018e-005 0 0
 645.430196453 -3.85882235512276e-005 0 0
 648.80724192 5.53781960415868e-005 0 0
 652.183729825 8.51425176670187e-005 0 0
 655.559648636 -7.85573796884865e-006 0 0
 658.934986821 1.88619521453053e-005 0 0
 662.309732848 5.36762720295716e-005 0 0
 665.683875185 0.00011732772171863 0 0
 669.0574023 0.000115625622911653 0 0
 672.430302661 -0.000160716360770838 0 0
 675.802564736 -9.51139385664448e-005 0 0
 679.174176993 8.35139267845473e-005 0 0
 682.5451279 -8.92763319181106e-005 0 0
 685.915405925 5.87196920318996e-006 0 0
 689.284999536 -0.000175437829540013 0 0
 692.653897201 -0.000257396946191862 0 0
 696.022087388 2.65228285954845e-005 0 0
 699.389558565 0.000139177485207661 0 0
 702.7562992 -0.000100503359401139 0 0
 706.122297761 7.20331175324389e-005 0 0
 709.487542716 6.99480326263228e-005 0 0
 712.852022533 0.000233984833421127 0 0
 716.21572568 8.21980557034711e-005 0 0
 719.578640625 6.30493643177275e-005 0 0
 722.940755836 2.36934624277423e-005 0 0
 726.302059781 -2.18147096379049e-005 0 0
 729.662540928 -2.57434245164232e-005 0 0
 733.022187745 0.000123213445675789 0 0
 736.3809887 7.15464811518044e-005 0 0
 739.738932261 0.000183727198043439 0 0
 743.096006896 1.03490962038594e-005 0 0
 746.452201073 -7.41034063584586e-006 0 0
 749.80750326 -0.0009395323838979 0 0
 753.161901925 -3.25137587314585e-005 0 0
 756.515385536 -2.60128880558657e-006 0 0
 759.867942561 1.02392644851128e-005 0 0
 763.219561468 -4.52942487781455e-005 0 0
 766.570230725 7.99634387085656e-005 0 0
 769.9199388 -3.33079793091264e-005 0 0
 773.268674161 -4.10584534336065e-005 0 0
 776.616425276 7.48676912225766e-005 0 0
 779.963180613 -0.000115433038320491 0 0
 783.30892864 0.000119491279708936 0 0
 786.653657825 -0.000162024716024719 0 0
 789.997356636 -4.23075066064282e-005 0 0
 793.340013541 -0.000107885874946365 0 0
 796.681617008 0.00015768027994309 0 0
 800.022155505 -3.92477050231193e-005 0 0
 803.3616175 0.000110859448824998 0 0
 806.699991461 9.25203338850584e-005 0 0
 810.037265856 -3.8370346570294e-005 0 0
 813.373429153 -4.38293267717052e-005 0 0
 816.70846982 0.000196301243949518 0 0
 820.042376325 0.00014292500100949 0 0
 823.375137136 0.000112082054085319 0 0
 826.706740721 7.62193356943765e-005 0 0
 830.037175548 -6.51406568345019e-005 0 0
 833.366430085 -3.40076727208348e-005 0 0
 836.6944928 5.28865869007447e-005 0 0
 840.021352161 -0.000344047864267113 0 0
 843.346996636 0.000330577360277757 0 0
 846.671414693 -7.22632195797791e-005 0 0
 849.9945948 -0.00012648187382034 0 0
 853.316525425 0.000191637803866513 0 0
 856.637195036 -0.000214454857139536 0 0
 859.956592101 -0.000263139026721469 0 0
 863.274705088 -0.000243750730679749 0 0
 866.591522465 -0.000290227858786337 0 0
 869.9070327 0.000682146926935538 0 0
 873.221224261 -0.000143595459556277 0 0
 876.534085616 0.00037245831087602 0 0
 879.845605233 -0.000174498864170245 0 0
 883.15577158 0.000754959103319271 0 0
 886.464573125 0.000572644479946097 0 0
 889.771998336 -0.000309883325188302 0 0
 893.078035681 0.000322958780021558 0 0
 896.382673628 0.000514864333705015 0 0
 899.685900645 0.000437583584532562 0 0
 902.9877052 -0.000526796729720939 0 0
 906.288075761 6.8343128831113e-005 0 0
 909.587000796 -0.000287744152324327 0 0
 912.884468773 -0.000264176004293657 0 0
 916.18046816 -1.62222095797739e-005 0 0
 919.474987425 -0.000177203960129833 0 0
 922.768015036 -0.000278607634021792 0 0
 926.059539461 0.000223788479557222 0 0
 929.349549168 -0.000613635481536252 0 0
 932.638032625 -0.000131534904129319 0 0
 935.9249783 -0.000186797714084149 0 0
 939.210374661 0.00129264369393878 0 0
 942.494210176 -0.000610887429252429 0 0
 945.776473313 -0.000325642948211894 0 0
 949.05715254 0.00116500988132647 0 0
 952.336236325 -0.000155932963071048 0 0
 955.613713136 0 0 0
 958.889571441 0 0 0
 962.163799708 0 0 0
 965.436386405 0 0 0
 968.70732 0 0 0
 971.976588961 0 0 0
 975.244181756 0 0 0
 978.510086853 0 0 0
 981.77429272 0 0 0
 985.036787825 0 0 0
 988.297560636 0 0 0
 991.556599621 0 0 0
 994.813893248 0 0 0
 998.069429985 0 0 0
 1001.3231983 0 0 0
 1004.575186661 0 0 0
 1007.825383536 0 0 0
 1011.073777393 0 0 0
 1014.3203567 0 0 0
 1017.565109925 0 0 0
 1020.808025536 0 0 0
 1024.049092001 0 0 0
 1027.288297788 0 0 0
 1030.525631365 0 0 0
 1033.7610812 0 0 0
 1036.994635761 0 0 0
 1040.226283516 0 0 0
 1043.456012933 0 0 0
 1046.68381248 0 0 0
 1049.909670625 0 0 0
 1053.133575836 0 0 0
 1056.355516581 0 0 0
 1059.575481328 0 0 0
 1062.793458545 0 0 0
 1066.0094367 0 0 0
 1069.223404261 0 0 0
 1072.435349696 0 0 0
 1075.645261473 0 0 0
 1078.85312806 0 0 0
 1082.058937925 0 0 0
 1085.262679536 0 0 0
 1088.464341361 0 0 0
 1091.663911868 0 0 0
 1094.861379525 0 0 0
 1098.0567328 0 0 0
 1101.249960161 0 0 0
 1104.441050076 0 0 0
 1107.629991013 0 0 0
 1110.81677144 0 0 0
 1114.001379825 0 0 0
 1117.183804636 0 0 0
 1120.364034341 0 0 0
 1123.542057408 0 0 0
 1126.717862305 0 0 0
 1129.8914375 0 0 0
 1133.062771461 0 0 0
 1136.231852656 0 0 0
 1139.398669553 0 0 0
 1142.56321062 0 0 0
 1145.725464325 0 0 0
 1148.885419136 0 0 0
[END] of [DATA]
[END] of [Spectrum]


#TBID:2021-12-06 01:00:00;SAM_84CE;RAW;

[Spectrum]
Version            = 1
IDData             = 96B1_2021-12-06_01-00-00_000_409
IDDevice           = SAM_84CE
IDDataType         = SPECTRUM
IDDataTypeSub1     = RAW
IDDataTypeSub2     = 
IDDataTypeSub3     = 
DateTime           = 2021-12-06 01:00:00
PositionLatitude   = 0
PositionLongitude  = 0
Comment            = 
CommentSub1        = 
CommentSub2        = 
CommentSub3        = 
IDMethodType       = SAM Control
MethodName         = SAM_84CE
Mission            = No Mission
MissionSub         = 1
RecordType         = 0
[Attributes]
CalFactor = 1
IDBasisSpec = 
IDDataBack = DLAB_2015-08-21_11-56-43_233_004
IDDataCal = DLAB_2015-08-26_10-05-37_585_478
IntegrationTime = 4096
P31 = -1
P31e = 0
PathLength = +INF
PathLengthCustomOn = 0
RAWDynamic = 65535
Salinity = 0
Temperature = -NAN
Unit1 = $05 $00 Pixel 
Unit2 = $03 $05 Intensity counts
Unit3 = $f0 $05 Error counts
Unit4 = $f1 $00 Status 
p999 = 1140
[END] of [Attributes]
[DATA]
 0 11 0 0
 1 1138 0 0
 2 1124 0 0
 3 1128 0 0
 4 1136 0 0
 5 1138 0 0
 6 1134 0 0
 7 1128 0 0
 8 1136 0 0
 9 1135 0 0
 10 1134 0 0
 11 1133 0 0
 12 1131 0 0
 13 1139 0 0
 14 1137 0 0
 15 1137 0 0
 16 1139 0 0
 17 1136 0 0
 18 1135 0 0
 19 1137 0 0
 20 1143 0 0
 21 1140 0 0
 22 1132 0 0
 23 1144 0 0
 24 1144 0 0
 25 1140 0 0
 26 1138 0 0
 27 1142 0 0
 28 1137 0 0
 29 1141 0 0
 30 1133 0 0
 31 1140 0 0
 32 1140 0 0
 33 1139 0 0
 34 1138 0 0
 35 1136 0 0
 36 1138 0 0
 37 1140 0 0
 38 1141 0 0
 39 1141 0 0
 40 1145 0 0
 41 1140 0 0
 42 1141 0 0
 43 1137 0 0
 44 1138 0 0
 45 1143 0 0
 46 1144 0 0
 47 1147 0 0
 48 1144 0 0
 49 1142 0 0
 50 1144 0 0
 51 1138 0 0
 52 1140 0 0
 53 1140 0 0
 54 1137 0 0
 55 1143 0 0
 56 1138 0 0
 57 1140 0 0
 58 1143 0 0
 59 1138 0 0
 60 1141 0 0
 61 1139 0 0
 62 1142 0 0
 63 1142 0 0
 64 1140 0 0
 65 1144 0 0
 66 1148 0 0
 67 1141 0 0
 68 1145 0 0
 69 1138 0 0
 70 1140 0 0
 71 1142 0 0
 72 1144 0 0
 73 1142 0 0
 74 1142 0 0
 75 1147 0 0
 76 1149 0 0
 77 1142 0 0
 78 1144 0 0
 79 1149 0 0
 80 1144 0 0
 81 1144 0 0
 82 1139 0 0
 83 1136 0 0
 84 1142 0 0
 85 1148 0 0
 86 1146 0 0
 87 1146 0 0
 88 1142 0 0
 89 1147 0 0
 90 1144 0 0
 91 1145 0 0
 92 1144 0 0
 93 1146 0 0
 94 1140 0 0
 95 1143 0 0
 96 1143 0 0
 97 1147 0 0
 98 1148 0 0
 99 1146 0 0
 100 1149 0 0
 101 1148 0 0
 102 1145 0 0
 103 1142 0 0
 104 1148 0 0
 105 1148 0 0
 106 1147 0 0
 107 1145 0 0
 108 1145 0 0
 109 1153 0 0
 110 1145 0 0
 111 1151 0 0
 112 1152 0 0
 113 1145 0 0
 114 1147 0 0
 115 1146 0 0
 116 1146 0 0
 117 1148 0 0
 118 1145 0 0
 119 1146 0 0
 120 1145 0 0
 121 1146 0 0
 122 1146 0 0
 123 1144 0 0
 124 1145 0 0
 125 1146 0 0
 126 1151 0 0
 127 1146 0 0
 128 1151 0 0
 129 1147 0 0
 130 1146 0 0
 131 1151 0 0
 132 1141 0 0
 133 1151 0 0
 134 1147 0 0
 135 1144 0 0
 136 1147 0 0
 137 1147 0 0
 138 1141 0 0
 139 1156 0 0
 140 1145 0 0
 141 1142 0 0
 142 1144 0 0
 143 1148 0 0
 144 1148 0 0
 145 1147 0 0
 146 1156 0 0
 147 1150 0 0
 148 1144 0 0
 149 1148 0 0
 150 1144 0 0
 151 1146 0 0
 152 1144 0 0
 153 1141 0 0
 154 1144 0 0
 155 1144 0 0
 156 1146 0 0
 157 1147 0 0
 158 1141 0 0
 159 1149 0 0
 160 1145 0 0
 161 1150 0 0
 162 1147 0 0
 163 1150 0 0
 164 1149 0 0
 165 1148 0 0
 166 1146 0 0
 167 1139 0 0
 168 1144 0 0
 169 1151 0 0
 170 1148 0 0
 171 1146 0 0
 172 1148 0 0
 173 1144 0 0
 174 1151 0 0
 175 1147 0 0
 176 1149 0 0
 177 1150 0 0
 178 1148 0 0
 179 1148 0 0
 180 1148 0 0
 181 1147 0 0
 182 1145 0 0
 183 1143 0 0
 184 1145 0 0
 185 1150 0 0
 186 1148 0 0
 187 1147 0 0
 188 1149 0 0
 189 1145 0 0
 190 1144 0 0
 191 1147 0 0
 192 1140 0 0
 193 1148 0 0
 194 1144 0 0
 195 1147 0 0
 196 1146 0 0
 197 1148 0 0
 198 1148 0 0
 199 1149 0 0
 200 1147 0 0
 201 1148 0 0
 202 1147 0 0
 203 1145 0 0
 204 1149 0 0
 205 1148 0 0
 206 1148 0 0
 207 1148 0 0
 208 1152 0 0
 209 1153 0 0
 210 1145 0 0
 211 1145 0 0
 212 1145 0 0
 213 1149 0 0
 214 1154 0 0
 215 1155 0 0
 216 1144 0 0
 217 1148 0 0
 218 1147 0 0
 219 1146 0 0
 220 1147 0 0
 221 1144 0 0
 222 1147 0 0
 223 1148 0 0
 224 1147 0 0
 225 1147 0 0
 226 1150 0 0
 227 1148 0 0
 228 1146 0 0
 229 1146 0 0
 230 1142 0 0
 231 1149 0 0
 232 1146 0 0
 233 1155 0 0
 234 1148 0 0
 235 1149 0 0
 236 1147 0 0
 237 1150 0 0
 238 1148 0 0
 239 1147 0 0
 240 1151 0 0
 241 1148 0 0
 242 1144 0 0
 243 1148 0 0
 244 1154 0 0
 245 1149 0 0
 246 1147 0 0
 247 1152 0 0
 248 1143 0 0
 249 1147 0 0
 250 1145 0 0
 251 1148 0 0
 252 1145 0 0
 253 1150 0 0
 254 1154 0 0
 255 1202 0 0
[END] of [DATA]
[END] of [Spectrum]


#TBID:2021-12-06 01:00:00;SAM_84CE;CALIBRATED;

[Spectrum]
Version            = 1
IDData             = 96B1_2021-12-06_01-00-00_000_410
IDDevice           = SAM_84CE
IDDataType         = SPECTRUM
IDDataTypeSub1     = CALIBRATED
IDDataTypeSub2     = 
IDDataTypeSub3     = 
DateTime           = 2021-12-06 01:00:00
PositionLatitude   = 0
PositionLongitude  = 0
Comment            = 
CommentSub1        = 
CommentSub2        = 
CommentSub3        = 
IDMethodType       = SAM Control
MethodName         = SAM_84CE
Mission            = No Mission
MissionSub         = 1
RecordType         = 0
[Attributes]
CalFactor = 1
IDBasisSpec = 
IDDataBack = DLAB_2015-08-21_11-56-43_233_004
IDDataCal = DLAB_2015-08-26_10-05-37_585_478
IntegrationTime = 4096
P31 = -1
P31e = 0
PathLength = +INF
PathLengthCustomOn = 0
RAWDynamic = 65535
Salinity = 0
Temperature = -NAN
Unit1 = $01 $01 Wavelength nm
Unit2 = $03 $06 Intensity mW/(m^2 nm)
Unit3 = $f0 $06 Error mW/(m^2 nm)
Unit4 = $f1 $00 Status 
p999 = 1140
[END] of [Attributes]
[DATA]
 0 11 0 0
 303.485180022 0 0 0
 306.85638880275 0 0 0
 310.228324544 0 0 0
 313.60097308125 0 0 0
 316.97432025 -0.000376893618106245 0 0
 320.34835188575 0.000670078974746663 0 0
 323.723053824 -0.000859821105732373 0 0
 327.09841190025 0.00150868320805757 0 0
 330.47441195 -0.00142925911484485 0 0
 333.85103980875 -0.000782534709901034 0 0
 337.228281312 -0.00192184178477719 0 0
 340.60612229525 -0.00239192052078003 0 0
 343.984548594 6.2015716690178e-005 0 0
 347.36354604375 -0.00183596219949664 0 0
 350.74310048 0.000264189441157062 0 0
 354.12319773825 0.000270403864030692 0 0
 357.503823654 0.000526767664654527 0 0
 360.88496406275 -0.000558787797791106 0 0
 364.2666048 0.000953695640720244 0 0
 367.64873170125 0.000123720323288826 0 0
 371.031330602 0.000151068686150601 0 0
 374.41438733775 -0.000948402424040875 0 0
 377.797887744 -0.00124296430972142 0 0
 381.18181765625 0.000603644194687009 0 0
 384.56616291 -0.000262522622863121 0 0
 387.95090934075 -0.00164840023899677 0 0
 391.336042784 -0.001121628658057 0 0
 394.72154907525 0.000304882181308774 0 0
 398.10741405 0.000598978961316935 0 0
 401.49362354375 -0.00105560953144147 0 0
 404.880163392 -0.00123208926606194 0 0
 408.26701943025 -0.000539607621672313 0 0
 411.654177494 -0.000115753312657724 0 0
 415.04162341875 0.000158157131148705 0 0
 418.42934304 0.000183882117841256 0 0
 421.81732219325 -0.000760832269039979 0 0
 425.205546714 0.000793411924966709 0 0
 428.59400243775 -0.000408553652625148 0 0
 431.9826752 3.9020010655219e-005 0 0
 435.37155083625 0.000403277003096327 0 0
 438.760615182 4.80202660802303e-005 0 0
 442.14985407275 -9.08013479489414e-005 0 0
 445.539253344 -0.00043373405756033 0 0
 448.92879883125 0.000347440159660992 0 0
 452.31847637 0.000951656918910537 0 0
 455.70827179575 -0.000162175205152412 0 0
 459.098170944 -0.000195871315957728 0 0
 462.48815965025 0.000233155568550196 0 0
 465.87822375 2.71895416145501e-005 0 0
 469.26834907875 1.40698034281228e-005 0 0
 472.658521472 0.000125832625736184 0 0
 476.04872676525 0.000419003333710094 0 0
 479.438950794 -0.000457660733004567 0 0
 482.82917939375 -0.00124211313241779 0 0
 486.2193984 0.000627959732270873 0 0
 489.60959364825 2.48005225462923e-005 0 0
 492.999750974 0.000211571197835424 0 0
 496.38985621275 -3.08751497765447e-005 0 0
 499.7798952 -0.000287975640490207 0 0
 503.16985377125 0.000710769035496606 0 0
 506.559717762 -0.000187280629021676 0 0
 509.94947300775 -0.000793713214051567 0 0
 513.339105344 -0.000257258625255731 0 0
 516.72860060625 -0.000338368425393125 0 0
 520.11794463 0.000561419362160267 0 0
 523.50712325075 -7.85834566344954e-005 0 0
 526.896122304 -0.000110279659487555 0 0
 530.28492762525 0.000110036353584839 0 0
 533.67352505 0.000272639806831845 0 0
 537.06190041375 0.00117527051945853 0 0
 540.450039552 0.00054722473112597 0 0
 543.83792830025 0.000268999064152663 0 0
 547.225552494 -0.000171973222371516 0 0
 550.61289796875 0.000253420756683432 0 0
 553.99995056 0.000572609238890575 0 0
 557.38669610325 -9.25452091566067e-005 0 0
 560.773120434 0.000194497170537403 0 0
 564.15920938775 0.00079123875111556 0 0
 567.5449488 0.000593320430399201 0 0
 570.93032450625 -0.0001589145702864 0 0
 574.315322342 -0.00026305407994121 0 0
 577.69992814275 -0.000240156709863235 0 0
 581.084127744 -0.000339657932244157 0 0
 584.46790698125 0.000291847257225542 0 0
 587.85125169 0.000950074542454936 0 0
 591.23414770575 0.000464448088714569 0 0
 594.616580864 0.000298772841936494 0 0
 597.99853700025 9.68954756186515e-005 0 0
 601.38000195 0.000764740755979045 0 0
 604.76096154875 -0.000727246099295859 0 0
 608.141401632 -0.000381830714685902 0 0
 611.52130803525 -0.000281627372957935 0 0
 614.900666594 -0.000760558180832593 0 0
 618.27946314375 -0.000497793735459628 0 0
 621.65768352 0.000482727196996449 0 0
 625.03531355825 0.000471144590490725 0 0
 628.412339094 1.22726844553167e-006 0 0
 631.78874596275 -0.000471164931959779 0 0
 635.16452 -0.000562618794442738 0 0
 638.53964704125 0.000131831694785933 0 0
 641.914112922 0.00068993694407926 0 0
 645.28790347775 -0.000446259944624569 0 0
 648.661004544 -0.00134665413247424 0 0
 652.03340195625 0.00053794471462304 0 0
 655.40508155 -0.000445448947532484 0 0
 658.77602916075 -7.82661228769241e-005 0 0
 662.146230624 0.000127157197149301 0 0
 665.51567177525 0.000156494137880107 0 0
 668.88433845 -0.000111440832432022 0 0
 672.25221648375 9.68906857456282e-006 0 0
 675.619291712 -0.000697903310807869 0 0
 678.98554997025 0.000870788836705798 0 0
 682.350977094 0.00033471913838714 0 0
 685.71555891875 -0.000235596875983782 0 0
 689.07928128 0.000154971110226912 0 0
 692.44213001325 0.000792974199214138 0 0
 695.804090954 -0.000394771701264956 0 0
 699.16514993775 -0.000541630760799311 0 0
 702.5252928 -0.000520081933205497 0 0
 705.88450537625 -0.000942725586894039 0 0
 709.242773502 7.91098910106582e-005 0 0
 712.60008301275 -0.000751163461995294 0 0
 715.956419744 -0.000279632629079471 0 0
 719.31176953125 -0.000285604339336077 0 0
 722.66611821 0.000220796929216774 0 0
 726.01945161575 -0.000401683010836717 0 0
 729.371755584 0.000456330818517474 0 0
 732.72301595025 0.000858492056841695 0 0
 736.07321855 0.000336651386433292 0 0
 739.42234921875 0.000870202517693805 0 0
 742.770393792 -0.000773505178306165 0 0
 746.11733810525 -0.00093380600607988 0 0
 749.463167994 0.00125659301213074 0 0
 752.80786929375 0.000203382472678326 0 0
 756.15142784 -0.000833734822515317 0 0
 759.49382946825 0.000258316327318078 0 0
 762.835060014 -0.00122545093900192 0 0
 766.17510531275 0.000396217731491519 0 0
 769.5139512 0.00125635936205375 0 0
 772.85158351125 0.000777875724052439 0 0
 776.187988082 -0.00136132456034774 0 0
 779.52315074775 -9.28255145524402e-005 0 0
 782.857057344 0.000547522734140664 0 0
 786.18969370625 0.000274731939165722 0 0
 789.52104567 -0.002535544881819 0 0
 792.85109907075 0.00135801930352638 0 0
 796.179839744 0.00297547268632455 0 0
 799.50725352525 -0.00158482075630969 0 0
 802.83332625 0.00115450114462635 0 0
 806.15804375375 0.000142369905384968 0 0
 809.481391872 0.00124710869239482 0 0
 812.80335644025 0.000226537988150728 0 0
 816.123923294 -0.00312802830097317 0 0
 819.44307826875 -0.00113390201744258 0 0
 822.7608072 -0.000950154392494896 0 0
 826.07709592325 0.000349613020350456 0 0
 829.391930274 -0.000533708083461203 0 0
 832.70529608775 -0.000425556147552215 0 0
 836.0171792 0.000342418891910096 0 0
 839.32756544625 -0.00220656265367122 0 0
 842.636440662 -0.000618438919675361 0 0
 845.94379068275 -0.00115498278260286 0 0
 849.249601344 0.00109635678987463 0 0
 852.55385848125 0.000113498373831974 0 0
 855.85654793 0.00130905167347658 0 0
 859.15765552575 0.000621068414025557 0 0
 862.457167104 -0.00602509378861775 0 0
 865.75506850025 -0.00203701742123755 0 0
 869.05134555 0.000219520279894801 0 0
 872.34598408875 -0.0029225745103592 0 0
 875.638969952 -0.00573378420075764 0 0
 878.93028897525 -0.00154938611558953 0 0
 882.219926994 -0.00436275872049712 0 0
 885.50786984375 0.00586801648427152 0 0
 888.79410336 -0.00278854274459752 0 0
 892.07861337825 -0.000404334253946884 0 0
 895.361385734 0.000363558581627368 0 0
 898.64240626275 -0.00502097145918567 0 0
 901.9216608 -0.00346074203267612 0 0
 905.19913518125 -0.00492939791593389 0 0
 908.474815242 -0.00441381585875591 0 0
 911.74868681775 -0.0056518901488877 0 0
 915.020735744 0.00191520801537428 0 0
 918.29094785625 0.00252890411114403 0 0
 921.55930899 0.00138052447145699 0 0
 924.82580498075 -0.00640247417885498 0 0
 928.090421664 -0.0108945866047763 0 0
 931.35314487525 0.00158541102972321 0 0
 934.61396045 -0.00610398539569557 0 0
 937.87285422375 -0.00914370105751061 0 0
 941.129812032 -0.0100851147804964 0 0
 944.38481971025 -0.0179876149345498 0 0
 947.637863094 -0.00253919261324991 0 0
 950.88892801875 -0.00816223833906825 0 0
 954.13800032 0 0 0
 957.38506583325 0 0 0
 960.630110394 0 0 0
 963.87311983775 0 0 0
 967.11408 0 0 0
 970.35297671625 0 0 0
 973.589795822 0 0 0
 976.82452315275 0 0 0
 980.057144544 0 0 0
 983.28764583125 0 0 0
 986.51601285 0 0 0
 989.74223143575 0 0 0
 992.966287424 0 0 0
 996.18816665025 0 0 0
 999.40785495 0 0 0
 1002.62533815875 0 0 0
 1005.840602112 0 0 0
 1009.05363264525 0 0 0
 1012.264415594 0 0 0
 1015.47293679375 0 0 0
 1018.67918208 0 0 0
 1021.88313728825 0 0 0
 1025.084788254 0 0 0
 1028.28412081275 0 0 0
 1031.4811208 0 0 0
 1034.67577405125 0 0 0
 1037.868066402 0 0 0
 1041.05798368775 0 0 0
 1044.245511744 0 0 0
 1047.43063640625 0 0 0
 1050.61334351 0 0 0
 1053.79361889075 0 0 0
 1056.971448384 0 0 0
 1060.14681782525 0 0 0
 1063.31971305 0 0 0
 1066.49011989375 0 0 0
 1069.658024192 0 0 0
 1072.82341178025 0 0 0
 1075.986268494 0 0 0
 1079.14658016875 0 0 0
 1082.30433264 0 0 0
 1085.45951174325 0 0 0
 1088.612103314 0 0 0
 1091.76209318775 0 0 0
 1094.9094672 0 0 0
 1098.05421118625 0 0 0
 1101.196310982 0 0 0
 1104.33575242275 0 0 0
 1107.472521344 0 0 0
 1110.60660358125 0 0 0
 1113.73798497 0 0 0
 1116.86665134575 0 0 0
 1119.992588544 0 0 0
 1123.11578240025 0 0 0
 1126.23621875 0 0 0
 1129.35388342875 0 0 0
 1132.468762272 0 0 0
 1135.58084111525 0 0 0
 1138.690105794 0 0 0
 1141.79654214375 0 0 0
 1144.900136 0 0 0
[END] of [DATA]
[END] of [Spectrum]


#TBID:2021-12-06 01:00:00;SAM_84DC;RAW;

[Spectrum]
Version            = 1
IDData             = 96B1_2021-12-06_01-00-00_000_412
IDDevice           = SAM_84DC
IDDataType         = SPECTRUM
IDDataTypeSub1     = RAW
IDDataTypeSub2     = 
IDDataTypeSub3     = 
DateTime           = 2021-12-06 01:00:00
PositionLatitude   = 0
PositionLongitude  = 0
Comment            = 
CommentSub1        = 
CommentSub2        = 
CommentSub3        = 
IDMethodType       = SAM Control
MethodName         = SAM_84DC
Mission            = No Mission
MissionSub         = 1
RecordType         = 0
[Attributes]
CalFactor = 1
IDBasisSpec = 
IDDataBack = DLAB_2015-08-21_13-19-54_137_939
IDDataCal = DLAB_2015-08-24_10-46-55_592_608
IntegrationTime = 4096
P31 = -1
P31e = 0
PathLength = +INF
PathLengthCustomOn = 0
RAWDynamic = 65535
Salinity = 0
Temperature = -NAN
Unit1 = $05 $00 Pixel 
Unit2 = $03 $05 Intensity counts
Unit3 = $f0 $05 Error counts
Unit4 = $f1 $00 Status 
p999 = 1140
[END] of [Attributes]
[DATA]
 0 11 0 0
 1 1230 0 0
 2 1215 0 0
 3 1230 0 0
 4 1235 0 0
 5 1232 0 0
 6 1224 0 0
 7 1233 0 0
 8 1238 0 0
 9 1232 0 0
 10 1228 0 0
 11 1236 0 0
 12 1228 0 0
 13 1230 0 0
 14 1240 0 0
 15 1232 0 0
 16 1236 0 0
 17 1236 0 0
 18 1235 0 0
 19 1234 0 0
 20 1234 0 0
 21 1230 0 0
 22 1233 0 0
 23 1236 0 0
 24 1233 0 0
 25 1233 0 0
 26 1233 0 0
 27 1237 0 0
 28 1230 0 0
 29 1236 0 0
 30 1234 0 0
 31 1237 0 0
 32 1231 0 0
 33 1235 0 0
 34 1241 0 0
 35 1236 0 0
 36 1235 0 0
 37 1240 0 0
 38 1235 0 0
 39 1237 0 0
 40 1243 0 0
 41 1240 0 0
 42 1234 0 0
 43 1243 0 0
 44 1244 0 0
 45 1238 0 0
 46 1240 0 0
 47 1241 0 0
 48 1231 0 0
 49 1240 0 0
 50 1236 0 0
 51 1237 0 0
 52 1232 0 0
 53 1238 0 0
 54 1237 0 0
 55 1242 0 0
 56 1239 0 0
 57 1243 0 0
 58 1244 0 0
 59 1247 0 0
 60 1238 0 0
 61 1242 0 0
 62 1237 0 0
 63 1241 0 0
 64 1235 0 0
 65 1241 0 0
 66 1232 0 0
 67 1237 0 0
 68 1247 0 0
 69 1241 0 0
 70 1242 0 0
 71 1239 0 0
 72 1231 0 0
 73 1242 0 0
 74 1240 0 0
 75 1240 0 0
 76 1236 0 0
 77 1238 0 0
 78 1242 0 0
 79 1242 0 0
 80 1237 0 0
 81 1234 0 0
 82 1237 0 0
 83 1240 0 0
 84 1240 0 0
 85 1244 0 0
 86 1241 0 0
 87 1239 0 0
 88 1237 0 0
 89 1243 0 0
 90 1239 0 0
 91 1242 0 0
 92 1240 0 0
 93 1239 0 0
 94 1242 0 0
 95 1241 0 0
 96 1239 0 0
 97 1236 0 0
 98 1238 0 0
 99 1242 0 0
 100 1239 0 0
 101 1241 0 0
 102 1238 0 0
 103 1240 0 0
 104 1244 0 0
 105 1245 0 0
 106 1238 0 0
 107 1244 0 0
 108 1235 0 0
 109 1238 0 0
 110 1237 0 0
 111 1243 0 0
 112 1242 0 0
 113 1238 0 0
 114 1243 0 0
 115 1243 0 0
 116 1242 0 0
 117 1243 0 0
 118 1237 0 0
 119 1235 0 0
 120 1238 0 0
 121 1246 0 0
 122 1237 0 0
 123 1241 0 0
 124 1241 0 0
 125 1241 0 0
 126 1235 0 0
 127 1247 0 0
 128 1231 0 0
 129 1242 0 0
 130 1242 0 0
 131 1239 0 0
 132 1245 0 0
 133 1238 0 0
 134 1239 0 0
 135 1246 0 0
 136 1238 0 0
 137 1240 0 0
 138 1235 0 0
 139 1239 0 0
 140 1240 0 0
 141 1245 0 0
 142 1239 0 0
 143 1240 0 0
 144 1241 0 0
 145 1242 0 0
 146 1237 0 0
 147 1239 0 0
 148 1237 0 0
 149 1243 0 0
 150 1239 0 0
 151 1240 0 0
 152 1242 0 0
 153 1244 0 0
 154 1242 0 0
 155 1239 0 0
 156 1236 0 0
 157 1244 0 0
 158 1241 0 0
 159 1246 0 0
 160 1245 0 0
 161 1238 0 0
 162 1236 0 0
 163 1242 0 0
 164 1238 0 0
 165 1245 0 0
 166 1245 0 0
 167 1242 0 0
 168 1241 0 0
 169 1246 0 0
 170 1245 0 0
 171 1244 0 0
 172 1236 0 0
 173 1238 0 0
 174 1240 0 0
 175 1248 0 0
 176 1240 0 0
 177 1244 0 0
 178 1240 0 0
 179 1241 0 0
 180 1244 0 0
 181 1241 0 0
 182 1232 0 0
 183 1237 0 0
 184 1239 0 0
 185 1241 0 0
 186 1241 0 0
 187 1240 0 0
 188 1237 0 0
 189 1245 0 0
 190 1236 0 0
 191 1240 0 0
 192 1238 0 0
 193 1243 0 0
 194 1242 0 0
 195 1241 0 0
 196 1240 0 0
 197 1247 0 0
 198 1244 0 0
 199 1243 0 0
 200 1240 0 0
 201 1242 0 0
 202 1235 0 0
 203 1245 0 0
 204 1246 0 0
 205 1244 0 0
 206 1245 0 0
 207 1243 0 0
 208 1240 0 0
 209 1246 0 0
 210 1243 0 0
 211 1245 0 0
 212 1235 0 0
 213 1242 0 0
 214 1238 0 0
 215 1244 0 0
 216 1243 0 0
 217 1243 0 0
 218 1238 0 0
 219 1243 0 0
 220 1245 0 0
 221 1250 0 0
 222 1240 0 0
 223 1243 0 0
 224 1237 0 0
 225 1246 0 0
 226 1240 0 0
 227 1240 0 0
 228 1241 0 0
 229 1248 0 0
 230 1244 0 0
 231 1244 0 0
 232 1243 0 0
 233 1244 0 0
 234 1242 0 0
 235 1244 0 0
 236 1238 0 0
 237 1242 0 0
 238 1241 0 0
 239 1240 0 0
 240 1246 0 0
 241 1248 0 0
 242 1239 0 0
 243 1245 0 0
 244 1241 0 0
 245 1241 0 0
 246 1249 0 0
 247 1241 0 0
 248 1244 0 0
 249 1248 0 0
 250 1243 0 0
 251 1248 0 0
 252 1242 0 0
 253 1244 0 0
 254 1243 0 0
 255 1308 0 0
[END] of [DATA]
[END] of [Spectrum]


#TBID:2021-12-06 01:00:00;SAM_84DC;CALIBRATED;

[Spectrum]
Version            = 1
IDData             = 96B1_2021-12-06_01-00-00_000_413
IDDevice           = SAM_84DC
IDDataType         = SPECTRUM
IDDataTypeSub1     = CALIBRATED
IDDataTypeSub2     = 
IDDataTypeSub3     = 
DateTime           = 2021-12-06 01:00:00
PositionLatitude   = 0
PositionLongitude  = 0
Comment            = 
CommentSub1        = 
CommentSub2        = 
CommentSub3        = 
IDMethodType       = SAM Control
MethodName         = SAM_84DC
Mission            = No Mission
MissionSub         = 1
RecordType         = 0
[Attributes]
CalFactor = 1
IDBasisSpec = 
IDDataBack = DLAB_2015-08-21_13-19-54_137_939
IDDataCal = DLAB_2015-08-24_10-46-55_592_608
IntegrationTime = 4096
P31 = -1
P31e = 0
PathLength = +INF
PathLengthCustomOn = 0
RAWDynamic = 65535
Salinity = 0
Temperature = -NAN
Unit1 = $01 $01 Wavelength nm
Unit2 = $03 $03 Intensity mW/(m^2 nm Sr)
Unit3 = $f0 $03 Error mW/(m^2 nm Sr)
Unit4 = $f1 $00 Status 
p999 = 1140
[END] of [Attributes]
[DATA]
 0 11 0 0
 305.71650776488 0 0 0
 309.04007505697 0 0 0
 312.36416914304 0 0 0
 315.68877841375 0 0 0
 319.01389125976 3.34020402333837e-005 0 0
 322.33949607173 -2.95486579954883e-005 0 0
 325.66558124032 -0.000115688031689663 0 0
 328.99213515619 0.000148117234212439 0 0
 332.31914621 -0.000183439830132423 0 0
 335.64660279241 -0.000198472547478867 0 0
 338.97449329408 -3.05097801888218e-005 0 0
 342.30280610567 -7.00609075441367e-005 0 0
 345.63152961784 -3.18917071199732e-005 0 0
 348.96065222125 -3.23097926575693e-005 0 0
 352.29016230656 8.84114075160736e-005 0 0
 355.62004826443 -3.20823923854426e-006 0 0
 358.95029848552 -9.34447401018172e-005 0 0
 362.28090136049 3.25693628202021e-005 0 0
 365.61184528 -2.37038727802164e-005 0 0
 368.94311863471 2.35877384612673e-005 0 0
 372.27470981528 6.04206895176507e-006 0 0
 375.60660721237 -0.000104669064251774 0 0
 378.93879921664 -3.70456357728261e-005 0 0
 382.27127421875 -7.6394684002654e-005 0 0
 385.60402060936 6.15011505480628e-005 0 0
 388.93702677913 -6.95651437700801e-005 0 0
 392.27028111872 4.78379749304811e-006 0 0
 395.60377201879 1.0928981357419e-006 0 0
 398.93748787 0.000116741775208706 0 0
 402.27141706301 9.99571957063986e-005 0 0
 405.60554798848 -1.61511845258802e-005 0 0
 408.93986903707 -7.11267976084021e-005 0 0
 412.27436859944 5.67136224095193e-005 0 0
 415.60903506625 5.01256740882468e-005 0 0
 418.94385682816 5.9581027252829e-005 0 0
 422.27882227583 -8.25201062466155e-005 0 0
 425.61391979992 1.79376568195908e-006 0 0
 428.94913779109 -1.72514290680958e-005 0 0
 432.28446464 4.51646122910827e-005 0 0
 435.61988873731 -2.15806572543114e-005 0 0
 438.95539847368 1.8728073443487e-005 0 0
 442.29098223977 -2.8957840267605e-005 0 0
 445.62662842624 3.84487632721027e-005 0 0
 448.96232542375 2.71358747538908e-005 0 0
 452.29806162296 -2.41840066268327e-005 0 0
 455.63382541453 -5.05365141573166e-005 0 0
 458.96960518912 -6.02989683254064e-005 0 0
 462.30538933739 -7.89332030653999e-005 0 0
 465.64116625 1.918445435742e-005 0 0
 468.97692431761 -6.95657420573665e-006 0 0
 472.31265193088 -2.04468742573153e-005 0 0
 475.64833748047 -9.4012456591447e-005 0 0
 478.98396935704 1.52819935073262e-005 0 0
 482.31953595125 2.96025020289676e-007 0 0
 485.65502565376 8.88745734942596e-006 0 0
 488.99042685523 -1.74364817207768e-006 0 0
 492.32572794632 -3.2330420816875e-006 0 0
 495.66091731769 1.47704142835544e-005 0 0
 498.99598336 -3.12682044765072e-005 0 0
 502.33091446391 -5.77009926935097e-005 0 0
 505.66569902008 -4.19737731050605e-005 0 0
 509.00032541917 -1.07693659819237e-005 0 0
 512.33478205184 -4.84452890498851e-006 0 0
 515.66905730875 -8.93441685171198e-005 0 0
 519.00313958056 2.22160263310182e-005 0 0
 522.33701725793 9.84801066476713e-006 0 0
 525.67067873152 -6.11148213581819e-005 0 0
 529.00411239199 2.8758121989176e-005 0 0
 532.33730663 1.56619281949081e-005 0 0
 535.67024983621 -2.53662907681206e-005 0 0
 539.00293040128 -8.85797852216999e-005 0 0
 542.33533671587 -9.53220256171872e-005 0 0
 545.66745717064 -3.06301269996192e-005 0 0
 548.99928015625 -6.55771963134426e-005 0 0
 552.33079406336 1.43081895140429e-005 0 0
 555.66198728263 -8.7592848192442e-005 0 0
 558.99284820472 -5.80736240775035e-005 0 0
 562.32336522029 5.87987227476212e-005 0 0
 565.65352672 -5.04811358845243e-005 0 0
 568.98332109451 -3.28362532218987e-005 0 0
 572.31273673448 -0.000150673126615809 0 0
 575.64176203057 -3.32597259665421e-005 0 0
 578.97038537344 -3.97480194996671e-005 0 0
 582.29859515375 5.04770222435224e-005 0 0
 585.62637976216 -7.4591427456889e-005 0 0
 588.95372758933 -4.05966293729616e-005 0 0
 592.28062702592 -8.15409357447849e-005 0 0
 595.60706646259 -4.69309595169509e-005 0 0
 598.93303429 -5.86245289583871e-005 0 0
 602.25851889881 2.43326969286394e-005 0 0
 605.58350867968 -2.58636475562889e-005 0 0
 608.90799202327 -5.34880740437272e-005 0 0
 612.23195732024 -5.68842097569479e-005 0 0
 615.55539296125 -7.11337252277126e-005 0 0
 618.87828733696 -7.37149470437627e-005 0 0
 622.20062883803 -1.70742530266186e-005 0 0
 625.52240585512 -0.000189481224778138 0 0
 628.84360677889 -3.79530252914852e-005 0 0
 632.16422 -2.33219727620761e-005 0 0
 635.48423390911 -9.83858982674706e-005 0 0
 638.80363689688 3.76471630310828e-006 0 0
 642.12241735397 -0.000111875031491282 0 0
 645.44056367104 -4.51024853185554e-005 0 0
 648.75806423875 2.83932539847761e-005 0 0
 652.07490744776 -1.7072992851702e-005 0 0
 655.39108168873 -0.000118784062366646 0 0
 658.70657535232 -0.000141655193887139 0 0
 662.02137682919 -0.000185244058233269 0 0
 665.33547451 -0.000144050869987442 0 0
 668.64885678541 -9.86730829690134e-005 0 0
 671.96151204608 -4.38095928520995e-005 0 0
 675.27342868267 -4.18463375683175e-005 0 0
 678.58459508584 7.84997737133834e-006 0 0
 681.89499964625 -4.29431596080278e-005 0 0
 685.20463075456 -9.09320818707094e-005 0 0
 688.51347680143 1.63781493854329e-006 0 0
 691.82152617752 2.78755177147445e-005 0 0
 695.12876727349 -4.56136268884528e-005 0 0
 698.43518848 -0.000142197681241784 0 0
 701.74077818771 8.88782105264597e-005 0 0
 705.04552478728 -7.82555681187339e-005 0 0
 708.34941666937 -5.23121571149986e-005 0 0
 711.65244222464 -0.000100024043543681 0 0
 714.95458984375 -0.000100310982441765 0 0
 718.25584791736 2.91658929381499e-005 0 0
 721.55620483613 -0.000224071908178243 0 0
 724.85564899072 5.37628745623494e-005 0 0
 728.15416877179 -0.00021581357520913 0 0
 731.45175257 3.18962360246042e-005 0 0
 734.74838877601 -0.000120570018331012 0 0
 738.04406578048 -3.96856671172685e-005 0 0
 741.33877197407 1.2616319666073e-005 0 0
 744.63249574744 -0.000101833824671339 0 0
 747.92522549125 -4.02053286887804e-005 0 0
 751.21694959616 3.69645789373315e-005 0 0
 754.50765645283 1.89797671063902e-005 0 0
 757.79733445192 -7.82442122403653e-005 0 0
 761.08597198409 -7.67869423419504e-005 0 0
 764.37355744 -5.96240354987952e-005 0 0
 767.66007921031 3.2322862842346e-005 0 0
 770.94552568568 -5.83122930924775e-006 0 0
 774.22988525677 1.7101637705996e-005 0 0
 777.51314631424 -7.85752292484052e-005 0 0
 780.79529724875 -4.31563498904924e-007 0 0
 784.07632645096 0.000145225557392261 0 0
 787.35622231153 -4.29745809885568e-005 0 0
 790.63497322112 -2.29507620931301e-005 0 0
 793.91256757039 -0.000203455505739217 0 0
 797.18899375 2.49997063978192e-005 0 0
 800.46424015061 4.71418983810678e-005 0 0
 803.73829516288 -0.000107477093314895 0 0
 807.01114717747 2.03177542748231e-005 0 0
 810.28278458504 -4.65282285885045e-005 0 0
 813.55319577625 -4.26342970983399e-005 0 0
 816.82236914176 -0.000102745339791764 0 0
 820.09029307223 -4.77729057452029e-005 0 0
 823.35695595832 -6.55000484722857e-005 0 0
 826.62234619069 2.61805444279849e-005 0 0
 829.88645216 0.000102492807087176 0 0
 833.14926225691 8.74405858840287e-005 0 0
 836.41076487208 4.74837580875458e-005 0 0
 839.67094839617 0.000128408459036043 0 0
 842.92980121984 0.000229321000365172 0 0
 846.18731173375 -8.38738751469564e-005 0 0
 849.44346832856 0.000190455230988237 0 0
 852.69825939493 -0.000118580467348529 0 0
 855.95167332352 -0.000151674599056586 0 0
 859.20369850499 -9.52727486106043e-005 0 0
 862.45432333 0.000223709475561778 0 0
 865.70353618921 0.000227002060379588 0 0
 868.95132547328 -0.000220929024699777 0 0
 872.19767957287 0.000182994994343415 0 0
 875.44258687864 -0.000530695657837558 0 0
 878.68603578125 -0.000171735930304257 0 0
 881.92801467136 0.000794542176753509 0 0
 885.16851193963 -0.000222388048461508 0 0
 888.40751597672 0.00049647481377956 0 0
 891.64501517329 -0.000169045907228041 0 0
 894.88099792 0.000510167196911385 0 0
 898.11545260751 0.0007007082912218 0 0
 901.34836762648 0.000457124099480599 0 0
 904.57973136757 -0.000912535777556158 0 0
 907.80953222144 -0.000450532417174511 0 0
 911.03775857875 -3.49174537091495e-005 0 0
 914.26439883016 7.51584293710394e-005 0 0
 917.48944136633 -0.000107817172539279 0 0
 920.71287457792 -0.000233886007742843 0 0
 923.93468685559 0.000157665604289972 0 0
 927.15486659 0.00148319849873699 0 0
 930.37340217181 -0.000181823815096625 0 0
 933.59028199168 3.39820466932408e-005 0 0
 936.80549444027 -0.00190140318355245 0 0
 940.01902790824 8.30350781430508e-005 0 0
 943.23087078625 0.000449830893737315 0 0
 946.44101146496 0.00104655286688388 0 0
 949.64943833503 -0.00119838833822138 0 0
 952.85613978712 0.00120694924804279 0 0
 956.06110421189 0 0 0
 959.26432 0 0 0
 962.46577554211 0 0 0
 965.66545922888 0 0 0
 968.86335945097 0 0 0
 972.05946459904 0 0 0
 975.25376306375 0 0 0
 978.44624323576 0 0 0
 981.63689350573 0 0 0
 984.82570226432 0 0 0
 988.01265790219 0 0 0
 991.19774881 0 0 0
 994.38096337841 0 0 0
 997.56228999808 0 0 0
 1000.74171705967 0 0 0
 1003.91923295384 0 0 0
 1007.09482607125 0 0 0
 1010.26848480256 0 0 0
 1013.44019753843 0 0 0
 1016.60995266952 0 0 0
 1019.77773858649 0 0 0
 1022.94354368 0 0 0
 1026.10735634071 0 0 0
 1029.26916495928 0 0 0
 1032.42895792637 0 0 0
 1035.58672363264 0 0 0
 1038.74245046875 0 0 0
 1041.89612682536 0 0 0
 1045.04774109313 0 0 0
 1048.19728166272 0 0 0
 1051.34473692479 0 0 0
 1054.49009527 0 0 0
 1057.63334508901 0 0 0
 1060.77447477248 0 0 0
 1063.91347271107 0 0 0
 1067.05032729544 0 0 0
 1070.18502691625 0 0 0
 1073.31755996416 0 0 0
 1076.44791482983 0 0 0
 1079.57607990392 0 0 0
 1082.70204357709 0 0 0
 1085.82579424 0 0 0
 1088.94732028331 0 0 0
 1092.06661009768 0 0 0
 1095.18365207377 0 0 0
 1098.29843460224 0 0 0
 1101.41094607375 0 0 0
 1104.52117487896 0 0 0
 1107.62910940853 0 0 0
 1110.73473805312 0 0 0
 1113.83804920339 0 0 0
 1116.93903125 0 0 0
 1120.03767258361 0 0 0
 1123.13396159488 0 0 0
 1126.22788667447 0 0 0
 1129.31943621304 0 0 0
 1132.40859860125 0 0 0
 1135.49536222976 0 0 0
[END] of [DATA]
[END] of [Spectrum]


#TBID:2021-12-06 01:00:00;SAM_84C8;RAW;

[Spectrum]
Version            = 1
IDData             = 96B1_2021-12-06_01-00-00_000_415
IDDevice           = SAM_84C8
IDDataType         = SPECTRUM
IDDataTypeSub1     = RAW
IDDataTypeSub2     = 
IDDataTypeSub3     = 
DateTime           = 2021-12-06 01:00:00
PositionLatitude   = 0
PositionLongitude  = 0
Comment            = 
CommentSub1        = 
CommentSub2        = 
CommentSub3        = 
IDMethodType       = SAM Control
MethodName         = SAM_84C8
Mission            = No Mission
MissionSub         = 1
RecordType         = 0
[Attributes]
CalFactor = 1
IDBasisSpec = 
IDDataBack = DLAB_2015-08-21_12-14-03_013_778
IDDataCal = DLAB_2015-08-24_11-04-47_772_747
IntegrationTime = 4096
P31 = -1
P31e = 0
PathLength = +INF
PathLengthCustomOn = 0
RAWDynamic = 65535
Salinity = 0
Temperature = -NAN
Unit1 = $05 $00 Pixel 
Unit2 = $03 $05 Intensity counts
Unit3 = $f0 $05 Error counts
Unit4 = $f1 $00 Status 
p999 = 1140
[END] of [Attributes]
[DATA]
 0 11 0 0
 1 1126 0 0
 2 1122 0 0
 3 1126 0 0
 4 1127 0 0
 5 1126 0 0
 6 1125 0 0
 7 1130 0 0
 8 1123 0 0
 9 1124 0 0
 10 1124 0 0
 11 1129 0 0
 12 1130 0 0
 13 1128 0 0
 14 1121 0 0
 15 1131 0 0
 16 1128 0 0
 17 1136 0 0
 18 1126 0 0
 19 1130 0 0
 20 1126 0 0
 21 1128 0 0
 22 1136 0 0
 23 1128 0 0
 24 1127 0 0
 25 1134 0 0
 26 1130 0 0
 27 1125 0 0
 28 1132 0 0
 29 1129 0 0
 30 1127 0 0
 31 1134 0 0
 32 1130 0 0
 33 1129 0 0
 34 1131 0 0
 35 1130 0 0
 36 1129 0 0
 37 1138 0 0
 38 1136 0 0
 39 1127 0 0
 40 1130 0 0
 41 1134 0 0
 42 1130 0 0
 43 1132 0 0
 44 1130 0 0
 45 1134 0 0
 46 1132 0 0
 47 1132 0 0
 48 1131 0 0
 49 1132 0 0
 50 1132 0 0
 51 1138 0 0
 52 1135 0 0
 53 1132 0 0
 54 1125 0 0
 55 1133 0 0
 56 1132 0 0
 57 1139 0 0
 58 1125 0 0
 59 1132 0 0
 60 1134 0 0
 61 1130 0 0
 62 1132 0 0
 63 1137 0 0
 64 1132 0 0
 65 1138 0 0
 66 1134 0 0
 67 1131 0 0
 68 1135 0 0
 69 1131 0 0
 70 1136 0 0
 71 1139 0 0
 72 1139 0 0
 73 1134 0 0
 74 1135 0 0
 75 1137 0 0
 76 1133 0 0
 77 1136 0 0
 78 1136 0 0
 79 1139 0 0
 80 1136 0 0
 81 1138 0 0
 82 1138 0 0
 83 1139 0 0
 84 1139 0 0
 85 1133 0 0
 86 1134 0 0
 87 1138 0 0
 88 1134 0 0
 89 1138 0 0
 90 1144 0 0
 91 1137 0 0
 92 1132 0 0
 93 1137 0 0
 94 1146 0 0
 95 1137 0 0
 96 1137 0 0
 97 1139 0 0
 98 1132 0 0
 99 1134 0 0
 100 1137 0 0
 101 1142 0 0
 102 1138 0 0
 103 1140 0 0
 104 1140 0 0
 105 1141 0 0
 106 1138 0 0
 107 1138 0 0
 108 1138 0 0
 109 1144 0 0
 110 1146 0 0
 111 1145 0 0
 112 1136 0 0
 113 1140 0 0
 114 1142 0 0
 115 1138 0 0
 116 1142 0 0
 117 1139 0 0
 118 1136 0 0
 119 1139 0 0
 120 1133 0 0
 121 1140 0 0
 122 1139 0 0
 123 1144 0 0
 124 1136 0 0
 125 1142 0 0
 126 1140 0 0
 127 1143 0 0
 128 1139 0 0
 129 1138 0 0
 130 1134 0 0
 131 1141 0 0
 132 1141 0 0
 133 1161 0 0
 134 1144 0 0
 135 1144 0 0
 136 1134 0 0
 137 1142 0 0
 138 1144 0 0
 139 1141 0 0
 140 1140 0 0
 141 1142 0 0
 142 1139 0 0
 143 1140 0 0
 144 1143 0 0
 145 1143 0 0
 146 1139 0 0
 147 1137 0 0
 148 1140 0 0
 149 1137 0 0
 150 1139 0 0
 151 1140 0 0
 152 1142 0 0
 153 1138 0 0
 154 1143 0 0
 155 1140 0 0
 156 1136 0 0
 157 1139 0 0
 158 1139 0 0
 159 1141 0 0
 160 1142 0 0
 161 1136 0 0
 162 1140 0 0
 163 1144 0 0
 164 1144 0 0
 165 1139 0 0
 166 1138 0 0
 167 1140 0 0
 168 1142 0 0
 169 1139 0 0
 170 1141 0 0
 171 1135 0 0
 172 1141 0 0
 173 1136 0 0
 174 1136 0 0
 175 1143 0 0
 176 1137 0 0
 177 1138 0 0
 178 1142 0 0
 179 1136 0 0
 180 1136 0 0
 181 1138 0 0
 182 1141 0 0
 183 1140 0 0
 184 1144 0 0
 185 1140 0 0
 186 1139 0 0
 187 1147 0 0
 188 1141 0 0
 189 1140 0 0
 190 1135 0 0
 191 1143 0 0
 192 1139 0 0
 193 1138 0 0
 194 1141 0 0
 195 1136 0 0
 196 1140 0 0
 197 1143 0 0
 198 1140 0 0
 199 1141 0 0
 200 1136 0 0
 201 1142 0 0
 202 1138 0 0
 203 1141 0 0
 204 1140 0 0
 205 1139 0 0
 206 1138 0 0
 207 1140 0 0
 208 1139 0 0
 209 1140 0 0
 210 1137 0 0
 211 1143 0 0
 212 1140 0 0
 213 1145 0 0
 214 1140 0 0
 215 1138 0 0
 216 1134 0 0
 217 1143 0 0
 218 1138 0 0
 219 1135 0 0
 220 1143 0 0
 221 1146 0 0
 222 1149 0 0
 223 1141 0 0
 224 1140 0 0
 225 1145 0 0
 226 1142 0 0
 227 1138 0 0
 228 1141 0 0
 229 1142 0 0
 230 1141 0 0
 231 1146 0 0
 232 1139 0 0
 233 1142 0 0
 234 1138 0 0
 235 1142 0 0
 236 1142 0 0
 237 1143 0 0
 238 1140 0 0
 239 1140 0 0
 240 1140 0 0
 241 1138 0 0
 242 1147 0 0
 243 1139 0 0
 244 1134 0 0
 245 1139 0 0
 246 1138 0 0
 247 1141 0 0
 248 1141 0 0
 249 1141 0 0
 250 1142 0 0
 251 1140 0 0
 252 1141 0 0
 253 1142 0 0
 254 1143 0 0
 255 1188 0 0
[END] of [DATA]
[END] of [Spectrum]


#TBID:2021-12-06 01:00:00;SAM_84C8;CALIBRATED;

[Spectrum]
Version            = 1
IDData             = 96B1_2021-12-06_01-00-00_000_416
IDDevice           = SAM_84C8
IDDataType         = SPECTRUM
IDDataTypeSub1     = CALIBRATED
IDDataTypeSub2     = 
IDDataTypeSub3     = 
DateTime           = 2021-12-06 01:00:00
PositionLatitude   = 0
PositionLongitude  = 0
Comment            = 
CommentSub1        = 
CommentSub2        = 
CommentSub3        = 
IDMethodType       = SAM Control
MethodName         = SAM_84C8
Mission            = No Mission
MissionSub         = 1
RecordType         = 0
[Attributes]
CalFactor = 1
IDBasisSpec = 
IDDataBack = DLAB_2015-08-21_12-14-03_013_778
IDDataCal = DLAB_2015-08-24_11-04-47_772_747
IntegrationTime = 4096
P31 = -1
P31e = 0
PathLength = +INF
PathLengthCustomOn = 0
RAWDynamic = 65535
Salinity = 0
Temperature = -NAN
Unit1 = $01 $01 Wavelength nm
Unit2 = $03 $03 Intensity mW/(m^2 nm Sr)
Unit3 = $f0 $03 Error mW/(m^2 nm Sr)
Unit4 = $f1 $00 Status 
p999 = 1140
[END] of [Attributes]
[DATA]
 0 11 0 0
 303.516048156 0 0 0
 306.890006053 0 0 0
 310.26457112 0 0 0
 313.639731825 0 0 0
 317.015476636 -0.000354167567476745 0 0
 320.391794021 -0.000465595427170014 0 0
 323.768672448 -7.68325449269771e-005 0 0
 327.146100385 -0.000250600198442981 0 0
 330.5240663 -0.000256897692076152 0 0
 333.902558661 -3.83001919931616e-005 0 0
 337.281565936 -0.000165192647366357 0 0
 340.661076593 -0.00023163216880648 0 0
 344.0410791 -4.6855460245087e-005 0 0
 347.421561925 -0.000223564390766163 0 0
 350.802513536 -4.5685576502256e-005 0 0
 354.183922401 -0.000111816348274807 0 0
 357.565776988 6.33863975080173e-006 0 0
 360.948065765 -0.000151551173296363 0 0
 364.3307772 -8.51666904980004e-005 0 0
 367.713899761 -9.27913622819272e-005 0 0
 371.097421916 -0.000106392453478676 0 0
 374.481332133 1.028970449403e-005 0 0
 377.86561888 -0.000155927814336383 0 0
 381.250270625 -0.000215085005165771 0 0
 384.635275836 -6.57966679345544e-006 0 0
 388.020622981 6.21902407326379e-005 0 0
 391.406300528 -0.000141790968509134 0 0
 394.792296945 -7.62642947961965e-005 0 0
 398.1786007 -8.76397951142912e-005 0 0
 401.565200261 -0.000194248490927177 0 0
 404.952084096 -2.40072161557353e-006 0 0
 408.339240673 -7.23133479910511e-005 0 0
 411.72665846 -1.37219986471944e-005 0 0
 415.114325925 8.90998702247682e-006 0 0
 418.502231536 1.81238713448466e-005 0 0
 421.890363761 -7.40546657292699e-005 0 0
 425.278711068 -9.85748605654329e-005 0 0
 428.667261925 9.64704770845377e-006 0 0
 432.0560048 -1.13371149252143e-005 0 0
 435.444928161 -8.22313723210283e-006 0 0
 438.834020476 -4.61942503903209e-006 0 0
 442.223270213 -1.24037014143513e-005 0 0
 445.61266584 -3.07983815424931e-005 0 0
 449.002195825 5.06117393013225e-006 0 0
 452.391848636 -5.19136812537814e-005 0 0
 455.781612741 -2.98438007887959e-005 0 0
 459.171476608 -8.38722534764717e-006 0 0
 462.561428705 -6.41158811889321e-005 0 0
 465.9514575 -9.96457128659569e-005 0 0
 469.341551461 1.43556312442363e-005 0 0
 472.731699056 1.39380257159832e-005 0 0
 476.121888753 -1.77091291899573e-005 0 0
 479.51210902 -2.40342679345453e-005 0 0
 482.902348325 2.1086853362793e-005 0 0
 486.292595136 -2.11251944324543e-005 0 0
 489.682837921 -6.0844527356555e-005 0 0
 493.073065148 -1.74472190447941e-005 0 0
 496.463265285 -0.000121726236544173 0 0
 499.8534268 5.38812018449719e-005 0 0
 503.243538161 4.19909611436769e-005 0 0
 506.633587836 -6.01000401791434e-005 0 0
 510.023564293 -0.000195505289740993 0 0
 513.413456 -2.26247612744837e-005 0 0
 516.803251425 5.00528432283251e-005 0 0
 520.192939036 7.90894221188309e-005 0 0
 523.582507301 -5.12264977077642e-005 0 0
 526.971944688 -5.60111709829661e-005 0 0
 530.361239665 -6.01166841525145e-005 0 0
 533.7503807 -2.67623696626044e-005 0 0
 537.139356261 -4.90329662369341e-005 0 0
 540.528154816 2.89671495413181e-005 0 0
 543.916764833 -3.51776276266301e-005 0 0
 547.30517478 -2.00680523143861e-005 0 0
 550.693373125 3.1996192540785e-006 0 0
 554.081348336 -2.64422767917894e-006 0 0
 557.469088881 -4.33780917074309e-005 0 0
 560.856583228 -1.13405933852586e-005 0 0
 564.243819845 -1.15539037094082e-005 0 0
 567.6307872 1.41159820520184e-005 0 0
 571.017473761 -1.70961623626378e-005 0 0
 574.403867996 3.96175195432055e-005 0 0
 577.789958373 -5.60843656428121e-005 0 0
 581.17573336 -9.56739892297125e-006 0 0
 584.561181425 -3.03206533061475e-005 0 0
 587.946291036 -2.21182475154291e-005 0 0
 591.331050661 -2.41225390704906e-005 0 0
 594.715448768 -2.71063263729185e-005 0 0
 598.099473825 -3.27140753410454e-005 0 0
 601.4831143 4.95902297044038e-005 0 0
 604.866358661 6.27360860930636e-006 0 0
 608.249195376 -4.97387360853143e-005 0 0
 611.631612913 -0.000121510340634055 0 0
 615.01359974 5.14172559769235e-005 0 0
 618.395144325 3.52767273783589e-005 0 0
 621.776235136 -7.14086697838446e-006 0 0
 625.156860641 -0.000101868784476973 0 0
 628.537009308 1.96102544516678e-005 0 0
 631.916669605 -7.95548195180433e-005 0 0
 635.29583 -1.83044689231832e-005 0 0
 638.674478961 -0.000144871524209238 0 0
 642.052604956 -0.000127041246906373 0 0
 645.430196453 -7.49177158149405e-005 0 0
 648.80724192 5.75637912958725e-005 0 0
 652.183729825 4.72755253386373e-005 0 0
 655.559648636 -8.70554102853567e-005 0 0
 658.934986821 4.17915021848996e-005 0 0
 662.309732848 -6.48212984289128e-006 0 0
 665.683875185 9.87180608347925e-005 0 0
 669.0574023 0.00018101458192408 0 0
 672.430302661 1.0667140060838e-005 0 0
 675.802564736 -0.000156817143187215 0 0
 679.174176993 -0.000108883034975182 0 0
 682.5451279 -2.11960017240991e-005 0 0
 685.915405925 5.24676413497396e-005 0 0
 689.284999536 -0.000172964534803173 0 0
 692.653897201 -0.000142858866698573 0 0
 696.022087388 2.90303274550387e-005 0 0
 699.389558565 -1.76487086242386e-005 0 0
 702.7562992 -0.000143819099088914 0 0
 706.122297761 -1.77211068939831e-005 0 0
 709.487542716 2.8854129253461e-006 0 0
 712.852022533 0.000119946719058529 0 0
 716.21572568 0.000178387366500645 0 0
 719.578640625 1.87745115266237e-005 0 0
 722.940755836 4.97736789758513e-005 0 0
 726.302059781 4.28838243973341e-006 0 0
 729.662540928 -0.000140923449228051 0 0
 733.022187745 5.49021149297151e-005 0 0
 736.3809887 -9.2320485412848e-005 0 0
 739.738932261 -2.95854678105438e-005 0 0
 743.096006896 -3.54601981391019e-005 0 0
 746.452201073 -4.67925041075169e-006 0 0
 749.80750326 -0.000986614581657195 0 0
 753.161901925 -4.44355154828846e-006 0 0
 756.515385536 0.000128333314624827 0 0
 759.867942561 -0.000142783613656838 0 0
 763.219561468 -1.60159957457669e-005 0 0
 766.570230725 0.000189918913302669 0 0
 769.9199388 -0.000139007340585189 0 0
 773.268674161 -1.03532641198535e-005 0 0
 776.616425276 0.000134341373792114 0 0
 779.963180613 -0.000112236158108929 0 0
 783.30892864 4.89688631332366e-006 0 0
 786.653657825 -0.000128380070537413 0 0
 789.997356636 -7.67584626225476e-006 0 0
 793.340013541 -0.000136488963507439 0 0
 796.681617008 -5.07851511466848e-006 0 0
 800.022155505 -0.0001043569327446 0 0
 803.3616175 -2.78886407231193e-005 0 0
 806.699991461 -1.42604830810341e-005 0 0
 810.037265856 -3.4115616298822e-005 0 0
 813.373429153 -0.000118757935878717 0 0
 816.70846982 -4.57987359235369e-005 0 0
 820.042376325 0.000275435738636439 0 0
 823.375137136 0.00024950409878832 0 0
 826.706740721 -0.000239824920172954 0 0
 830.037175548 -0.00020291254471663 0 0
 833.366430085 -0.000127700082388482 0 0
 836.6944928 0.000161976459548659 0 0
 840.021352161 -6.84271790582062e-005 0 0
 843.346996636 -0.000171002676490071 0 0
 846.671414693 -0.000124813263606658 0 0
 849.9945948 0.000252140155205425 0 0
 853.316525425 0.000652859812096217 0 0
 856.637195036 -0.0003428201657461 0 0
 859.956592101 -0.000255236796395981 0 0
 863.274705088 -0.000384303915562014 0 0
 866.591522465 -4.86055434628736e-005 0 0
 869.9070327 4.33171172350041e-005 0 0
 873.221224261 -0.000218555544465817 0 0
 876.534085616 -0.000318923600650625 0 0
 879.845605233 -7.34510845381083e-005 0 0
 883.15577158 0.000576771509190955 0 0
 886.464573125 -2.57968908283463e-006 0 0
 889.771998336 -0.000399743666866719 0 0
 893.078035681 -8.39507178792052e-005 0 0
 896.382673628 -0.000123015975077565 0 0
 899.685900645 0.000674918780201328 0 0
 902.9877052 -0.000630568732495778 0 0
 906.288075761 -0.00101139275996856 0 0
 909.587000796 -0.000527058100630246 0 0
 912.884468773 -0.000117175339546916 0 0
 916.18046816 -0.000139178644420585 0 0
 919.474987425 0.00128547396494849 0 0
 922.768015036 -0.000261715372475694 0 0
 926.059539461 0.00024148508053902 0 0
 929.349549168 7.46095890455256e-005 0 0
 932.638032625 0.000415268253421368 0 0
 935.9249783 0.00020399304900648 0 0
 939.210374661 0.000534343218069112 0 0
 942.494210176 0.00064739307356369 0 0
 945.776473313 -0.00116759166858651 0 0
 949.05715254 0.00141749342429746 0 0
 952.336236325 -0.000366671367594737 0 0
 955.613713136 0 0 0
 958.889571441 0 0 0
 962.163799708 0 0 0
 965.436386405 0 0 0
 968.70732 0 0 0
 971.976588961 0 0 0
 975.244181756 0 0 0
 978.510086853 0 0 0
 981.77429272 0 0 0
 985.036787825 0 0 0
 988.297560636 0 0 0
 991.556599621 0 0 0
 994.813893248 0 0 0
 998.069429985 0 0 0
 1001.3231983 0 0 0
 1004.575186661 0 0 0
 1007.825383536 0 0 0
 1011.073777393 0 0 0
 1014.3203567 0 0 0
 1017.565109925 0 0 0
 1020.808025536 0 0 0
 1024.049092001 0 0 0
 1027.288297788 0 0 0
 1030.525631365 0 0 0
 1033.7610812 0 0 0
 1036.994635761 0 0 0
 1040.226283516 0 0 0
 1043.456012933 0 0 0
 1046.68381248 0 0 0
 1049.909670625 0 0 0
 1053.133575836 0 0 0
 1056.355516581 0 0 0
 1059.575481328 0 0 0
 1062.793458545 0 0 0
 1066.0094367 0 0 0
 1069.223404261 0 0 0
 1072.435349696 0 0 0
 1075.645261473 0 0 0
 1078.85312806 0 0 0
 1082.058937925 0 0 0
 1085.262679536 0 0 0
 1088.464341361 0 0 0
 1091.663911868 0 0 0
 1094.861379525 0 0 0
 1098.0567328 0 0 0
 1101.249960161 0 0 0
 1104.441050076 0 0 0
 1107.629991013 0 0 0
 1110.81677144 0 0 0
 1114.001379825 0 0 0
 1117.183804636 0 0 0
 1120.364034341 0 0 0
 1123.542057408 0 0 0
 1126.717862305 0 0 0
 1129.8914375 0 0 0
 1133.062771461 0 0 0
 1136.231852656 0 0 0
 1139.398669553 0 0 0
 1142.56321062 0 0 0
 1145.725464325 0 0 0
 1148.885419136 0 0 0
[END] of [DATA]
[END] of [Spectrum]

