
#TBID:2021-11-09 00:30:00;SAM_84CE;RAW;

[Spectrum]
Version            = 1
IDData             = 96B1_2021-11-09_00-30-00_000_152
IDDevice           = SAM_84CE
IDDataType         = SPECTRUM
IDDataTypeSub1     = RAW
IDDataTypeSub2     = 
IDDataTypeSub3     = 
DateTime           = 2021-11-09 00:30:00
PositionLatitude   = 0
PositionLongitude  = 0
Comment            = 
CommentSub1        = 
CommentSub2        = 
CommentSub3        = 
IDMethodType       = SAM Control
MethodName         = SAM_84CE
Mission            = No Mission
MissionSub         = 1
RecordType         = 0
[Attributes]
CalFactor = 1
IDBasisSpec = 
IDDataBack = DLAB_2015-08-21_11-56-43_233_004
IDDataCal = DLAB_2015-08-26_10-05-37_585_478
IntegrationTime = 4096
P31 = -1
P31e = 0
PathLength = +INF
PathLengthCustomOn = 0
RAWDynamic = 65535
Salinity = 0
Temperature = -NAN
Unit1 = $05 $00 Pixel 
Unit2 = $03 $05 Intensity counts
Unit3 = $f0 $05 Error counts
Unit4 = $f1 $00 Status 
p999 = 1614
[END] of [Attributes]
[DATA]
 0 11 0 0
 1 1131 0 0
 2 1126 0 0
 3 1129 0 0
 4 1140 0 0
 5 1133 0 0
 6 1134 0 0
 7 1137 0 0
 8 1135 0 0
 9 1142 0 0
 10 1137 0 0
 11 1136 0 0
 12 1137 0 0
 13 1134 0 0
 14 1135 0 0
 15 1137 0 0
 16 1138 0 0
 17 1139 0 0
 18 1137 0 0
 19 1137 0 0
 20 1139 0 0
 21 1136 0 0
 22 1130 0 0
 23 1145 0 0
 24 1142 0 0
 25 1143 0 0
 26 1136 0 0
 27 1143 0 0
 28 1137 0 0
 29 1140 0 0
 30 1141 0 0
 31 1142 0 0
 32 1144 0 0
 33 1142 0 0
 34 1144 0 0
 35 1139 0 0
 36 1141 0 0
 37 1145 0 0
 38 1142 0 0
 39 1139 0 0
 40 1145 0 0
 41 1141 0 0
 42 1145 0 0
 43 1146 0 0
 44 1138 0 0
 45 1146 0 0
 46 1144 0 0
 47 1144 0 0
 48 1146 0 0
 49 1140 0 0
 50 1149 0 0
 51 1148 0 0
 52 1142 0 0
 53 1150 0 0
 54 1144 0 0
 55 1142 0 0
 56 1141 0 0
 57 1142 0 0
 58 1142 0 0
 59 1146 0 0
 60 1143 0 0
 61 1140 0 0
 62 1151 0 0
 63 1144 0 0
 64 1145 0 0
 65 1144 0 0
 66 1142 0 0
 67 1142 0 0
 68 1149 0 0
 69 1142 0 0
 70 1143 0 0
 71 1146 0 0
 72 1145 0 0
 73 1143 0 0
 74 1145 0 0
 75 1144 0 0
 76 1146 0 0
 77 1144 0 0
 78 1140 0 0
 79 1148 0 0
 80 1146 0 0
 81 1155 0 0
 82 1145 0 0
 83 1140 0 0
 84 1145 0 0
 85 1145 0 0
 86 1141 0 0
 87 1147 0 0
 88 1143 0 0
 89 1148 0 0
 90 1146 0 0
 91 1147 0 0
 92 1148 0 0
 93 1144 0 0
 94 1146 0 0
 95 1145 0 0
 96 1142 0 0
 97 1145 0 0
 98 1148 0 0
 99 1145 0 0
 100 1145 0 0
 101 1150 0 0
 102 1142 0 0
 103 1145 0 0
 104 1150 0 0
 105 1148 0 0
 106 1151 0 0
 107 1148 0 0
 108 1147 0 0
 109 1152 0 0
 110 1142 0 0
 111 1148 0 0
 112 1150 0 0
 113 1150 0 0
 114 1152 0 0
 115 1146 0 0
 116 1146 0 0
 117 1152 0 0
 118 1151 0 0
 119 1152 0 0
 120 1142 0 0
 121 1146 0 0
 122 1151 0 0
 123 1144 0 0
 124 1150 0 0
 125 1147 0 0
 126 1153 0 0
 127 1150 0 0
 128 1148 0 0
 129 1145 0 0
 130 1147 0 0
 131 1148 0 0
 132 1151 0 0
 133 1146 0 0
 134 1152 0 0
 135 1153 0 0
 136 1149 0 0
 137 1149 0 0
 138 1142 0 0
 139 1150 0 0
 140 1146 0 0
 141 1143 0 0
 142 1153 0 0
 143 1148 0 0
 144 1148 0 0
 145 1149 0 0
 146 1150 0 0
 147 1148 0 0
 148 1145 0 0
 149 1146 0 0
 150 1146 0 0
 151 1145 0 0
 152 1141 0 0
 153 1147 0 0
 154 1147 0 0
 155 1149 0 0
 156 1144 0 0
 157 1151 0 0
 158 1148 0 0
 159 1142 0 0
 160 1148 0 0
 161 1149 0 0
 162 1148 0 0
 163 1153 0 0
 164 1144 0 0
 165 1146 0 0
 166 1147 0 0
 167 1148 0 0
 168 1149 0 0
 169 1144 0 0
 170 1147 0 0
 171 1146 0 0
 172 1145 0 0
 173 1146 0 0
 174 1148 0 0
 175 1146 0 0
 176 1149 0 0
 177 1151 0 0
 178 1145 0 0
 179 1148 0 0
 180 1147 0 0
 181 1144 0 0
 182 1148 0 0
 183 1149 0 0
 184 1147 0 0
 185 1148 0 0
 186 1148 0 0
 187 1153 0 0
 188 1139 0 0
 189 1149 0 0
 190 1140 0 0
 191 1142 0 0
 192 1144 0 0
 193 1148 0 0
 194 1146 0 0
 195 1142 0 0
 196 1147 0 0
 197 1151 0 0
 198 1150 0 0
 199 1144 0 0
 200 1144 0 0
 201 1149 0 0
 202 1148 0 0
 203 1146 0 0
 204 1144 0 0
 205 1149 0 0
 206 1149 0 0
 207 1145 0 0
 208 1148 0 0
 209 1145 0 0
 210 1146 0 0
 211 1147 0 0
 212 1141 0 0
 213 1148 0 0
 214 1145 0 0
 215 1152 0 0
 216 1146 0 0
 217 1150 0 0
 218 1145 0 0
 219 1148 0 0
 220 1150 0 0
 221 1146 0 0
 222 1150 0 0
 223 1147 0 0
 224 1143 0 0
 225 1143 0 0
 226 1144 0 0
 227 1150 0 0
 228 1144 0 0
 229 1143 0 0
 230 1147 0 0
 231 1149 0 0
 232 1148 0 0
 233 1146 0 0
 234 1153 0 0
 235 1147 0 0
 236 1145 0 0
 237 1151 0 0
 238 1146 0 0
 239 1145 0 0
 240 1146 0 0
 241 1148 0 0
 242 1147 0 0
 243 1151 0 0
 244 1146 0 0
 245 1145 0 0
 246 1148 0 0
 247 1152 0 0
 248 1138 0 0
 249 1144 0 0
 250 1141 0 0
 251 1144 0 0
 252 1146 0 0
 253 1148 0 0
 254 1149 0 0
 255 1194 0 0
[END] of [DATA]
[END] of [Spectrum]


#TBID:2021-11-09 00:30:00;SAM_84CE;CALIBRATED;

[Spectrum]
Version            = 1
IDData             = 96B1_2021-11-09_00-30-00_000_153
IDDevice           = SAM_84CE
IDDataType         = SPECTRUM
IDDataTypeSub1     = CALIBRATED
IDDataTypeSub2     = 
IDDataTypeSub3     = 
DateTime           = 2021-11-09 00:30:00
PositionLatitude   = 0
PositionLongitude  = 0
Comment            = 
CommentSub1        = 
CommentSub2        = 
CommentSub3        = 
IDMethodType       = SAM Control
MethodName         = SAM_84CE
Mission            = No Mission
MissionSub         = 1
RecordType         = 0
[Attributes]
CalFactor = 1
IDBasisSpec = 
IDDataBack = DLAB_2015-08-21_11-56-43_233_004
IDDataCal = DLAB_2015-08-26_10-05-37_585_478
IntegrationTime = 4096
P31 = -1
P31e = 0
PathLength = +INF
PathLengthCustomOn = 0
RAWDynamic = 65535
Salinity = 0
Temperature = -NAN
Unit1 = $01 $01 Wavelength nm
Unit2 = $03 $06 Intensity mW/(m^2 nm)
Unit3 = $f0 $06 Error mW/(m^2 nm)
Unit4 = $f1 $00 Status 
p999 = 1614
[END] of [Attributes]
[DATA]
 0 11 0 0
 303.485180022 0 0 0
 306.85638880275 0 0 0
 310.228324544 0 0 0
 313.60097308125 0 0 0
 316.97432025 -0.00179704487633929 0 0
 320.34835188575 0.00150215579882502 0 0
 323.723053824 0.00340242939450059 0 0
 327.09841190025 0.00186518047867647 0 0
 330.47441195 0.00172840715690021 0 0
 333.85103980875 0.000915359112166396 0 0
 337.228281312 -0.000333014666242079 0 0
 340.60612229525 -2.10792495460856e-005 0 0
 343.984548594 -0.000786141619462678 0 0
 347.36354604375 -0.00185007947971703 0 0
 350.74310048 0.000714491905856541 0 0
 354.12319773825 0.000471364956760477 0 0
 357.503823654 0.0015062830693693 0 0
 360.88496406275 0.000182302348819775 0 0
 364.2666048 0.00131155902947606 0 0
 367.64873170125 -0.000254326563665896 0 0
 371.031330602 -0.000233460035383588 0 0
 374.41438733775 -0.000959104834483796 0 0
 377.797887744 -0.000658804855013427 0 0
 381.18181765625 0.000592396142709369 0 0
 384.56616291 0.00075375437123198 0 0
 387.95090934075 -0.00165985096970039 0 0
 391.336042784 -0.000520001855896562 0 0
 394.72154907525 0.000696525567605313 0 0
 398.10741405 0.000783703093662396 0 0
 401.49362354375 0.000821290186984832 0 0
 404.880163392 -0.000520382942956296 0 0
 408.26701943025 0.000478340871770072 0 0
 411.654177494 0.000682019206531757 0 0
 415.04162341875 0.00136395771133722 0 0
 418.42934304 0.000888512597947016 0 0
 421.81732219325 -9.82501023602003e-005 0 0
 425.205546714 0.00167167948198243 0 0
 428.59400243775 -5.51703664139413e-005 0 0
 431.9826752 3.26363689550853e-005 0 0
 435.37155083625 0.000619447028293224 0 0
 438.760615182 0.000368055747671221 0 0
 442.14985407275 0.00054907237648507 0 0
 445.539253344 0.000747890657462912 0 0
 448.92879883125 0.000560182211940694 0 0
 452.31847637 0.00150460162756091 0 0
 455.70827179575 6.0785280415544e-005 0 0
 459.098170944 -0.00032031484690044 0 0
 462.48815965025 0.000709949038371772 0 0
 465.87822375 2.03200206688875e-005 0 0
 469.26834907875 0.000887179046692323 0 0
 472.658521472 0.00164850913359544 0 0
 476.04872676525 0.000927787372702097 0 0
 479.438950794 0.001099922232152 0 0
 482.82917939375 -5.90437792925647e-005 0 0
 486.2193984 0.000754792617539406 0 0
 489.60959364825 0.000696969610610619 0 0
 492.999750974 0.000752251417342875 0 0
 496.38985621275 9.88405426007863e-005 0 0
 499.7798952 0.00107299992323962 0 0
 503.16985377125 0.00124660936568702 0 0
 506.559717762 0.000207684020246688 0 0
 509.94947300775 0.000649465473614738 0 0
 513.339105344 0.000251290405127257 0 0
 516.72860060625 0.000533322650060345 0 0
 520.11794463 0.000798611999024126 0 0
 523.50712325075 -0.000559016372455335 0 0
 526.896122304 0.000228966027325336 0 0
 530.28492762525 0.0007787767644139 0 0
 533.67352505 0.000928975464917743 0 0
 537.06190041375 0.00171364309504559 0 0
 540.450039552 0.00118885832109569 0 0
 543.83792830025 0.000585290332002349 0 0
 547.225552494 0.000144030904037239 0 0
 550.61289796875 0.000785909803230834 0 0
 553.99995056 0.00045829816137754 0 0
 557.38669610325 -0.000207826170280685 0 0
 560.773120434 0.000630868956558113 0 0
 564.15920938775 0.00056011920595027 0 0
 567.5449488 0.000701406028700216 0 0
 570.93032450625 0.000301541828193808 0 0
 574.315322342 0.00127793312780155 0 0
 577.69992814275 0.000725398312750343 0 0
 581.084127744 0.000398559642174846 0 0
 584.46790698125 0.000919763130049995 0 0
 587.85125169 0.000812913122673405 0 0
 591.23414770575 5.81636638219977e-005 0 0
 594.616580864 0.000698430600476684 0 0
 597.99853700025 0.000504046235774374 0 0
 601.38000195 0.00117881592659928 0 0
 604.76096154875 -0.000165042990728593 0 0
 608.141401632 0.000187026373214792 0 0
 611.52130803525 0.000584364687428527 0 0
 614.900666594 -0.000768734276865352 0 0
 618.27946314375 0.000686027425853038 0 0
 621.65768352 0.00108148164939671 0 0
 625.03531355825 0.000618405687723641 0 0
 628.412339094 -7.73860888760181e-006 0 0
 631.78874596275 -0.00014542082670195 0 0
 635.16452 -0.000398913260350345 0 0
 638.53964704125 -0.000235889008283289 0 0
 641.914112922 0.0014157082309303 0 0
 645.28790347775 -0.000645183690272342 0 0
 648.661004544 -0.000394426736535714 0 0
 652.03340195625 0.00131152607951254 0 0
 655.40508155 -5.85715811085179e-005 0 0
 658.77602916075 0.00111957982641762 0 0
 662.146230624 0.00113282139710023 0 0
 665.51567177525 0.000963416442669176 0 0
 668.88433845 8.26099197674353e-005 0 0
 672.25221648375 -0.000207478424065492 0 0
 675.619291712 -0.000914748123099476 0 0
 678.98554997025 0.00085941114879744 0 0
 682.350977094 0.00175173903545163 0 0
 685.71555891875 0.0011773224978596 0 0
 689.07928128 0.00055191780924983 0 0
 692.44213001325 0.0011938745881681 0 0
 695.804090954 0.000849527814817897 0 0
 699.16514993775 0.00114441763347075 0 0
 702.5252928 0.00118267467062726 0 0
 705.88450537625 -0.00117057559629093 0 0
 709.242773502 0.000501669472542197 0 0
 712.60008301275 0.000765226792354254 0 0
 715.956419744 0.000146895691100269 0 0
 719.31176953125 0.00124296619043154 0 0
 722.66611821 0.000870254973441385 0 0
 726.01945161575 0.000469704725323083 0 0
 729.371755584 0.00177356661292732 0 0
 732.72301595025 0.00062359973002758 0 0
 736.07321855 0.000324204741347769 0 0
 739.42234921875 0.00153571251376157 0 0
 742.770393792 -0.00101474707211037 0 0
 746.11733810525 0.00183176248320295 0 0
 749.463167994 0.0005391444719616 0 0
 752.80786929375 0.00185693418036745 0 0
 756.15142784 0.00180844977521892 0 0
 759.49382946825 0.00122440063732035 0 0
 762.835060014 -0.000245410336391364 0 0
 766.17510531275 0.00113912736659233 0 0
 769.5139512 0.000216437166140975 0 0
 772.85158351125 0.00154548225471495 0 0
 776.187988082 -0.000579103608363265 0 0
 779.52315074775 0.00287495251832025 0 0
 782.857057344 0.00108746940587082 0 0
 786.18969370625 0.000830181291632204 0 0
 789.52104567 -0.00137542426090164 0 0
 792.85109907075 0.000126747535873372 0 0
 796.179839744 0.00295803963070215 0 0
 799.50725352525 -0.000627899277397215 0 0
 802.83332625 0.00113578949596581 0 0
 806.15804375375 0.00151926052904613 0 0
 809.481391872 0.00158881602758058 0 0
 812.80335644025 -0.000169538932478758 0 0
 816.123923294 -3.48811251525377e-005 0 0
 819.44307826875 0.000863505070348521 0 0
 822.7608072 0.00195727964013071 0 0
 826.07709592325 0.000325440167237792 0 0
 829.391930274 0.00215537177456423 0 0
 832.70529608775 0.0037876559317502 0 0
 836.0171792 -0.00213891090198727 0 0
 839.32756544625 0.000327040592116384 0 0
 842.636440662 -0.000111649466713777 0 0
 845.94379068275 0.00050041606601032 0 0
 849.249601344 0.00400981344710138 0 0
 852.55385848125 -0.00177396585319321 0 0
 855.85654793 0.00127304551208725 0 0
 859.15765552575 0.00262121541455846 0 0
 862.457167104 0.0017607289746634 0 0
 865.75506850025 0.00311824661976943 0 0
 869.05134555 -0.00370055744140853 0 0
 872.34598408875 -0.0021593705530913 0 0
 875.638969952 -0.00410023529403459 0 0
 878.93028897525 -0.00247046316070907 0 0
 882.219926994 -0.000791897627604293 0 0
 885.50786984375 0.0048791937962212 0 0
 888.79410336 -0.00187134451695744 0 0
 892.07861337825 0.00154837025837514 0 0
 895.361385734 0.0034268191094281 0 0
 898.64240626275 -0.00616113196932851 0 0
 901.9216608 -0.00128050683801022 0 0
 905.19913518125 -0.00382808208509621 0 0
 908.474815242 -0.00569616704385409 0 0
 911.74868681775 0.00062262029491643 0 0
 915.020735744 0.0124462649045925 0 0
 918.29094785625 0.007998566112726 0 0
 921.55930899 0.00129968285835841 0 0
 924.82580498075 -0.00343732931933933 0 0
 928.090421664 0.00184694699918809 0 0
 931.35314487525 -0.0119943725745813 0 0
 934.61396045 0.00444516410047897 0 0
 937.87285422375 -0.0129817068720751 0 0
 941.129812032 -0.0160927626670773 0 0
 944.38481971025 -0.00568057183959634 0 0
 947.637863094 0.00166608852490645 0 0
 950.88892801875 0.000765382541948333 0 0
 954.13800032 0 0 0
 957.38506583325 0 0 0
 960.630110394 0 0 0
 963.87311983775 0 0 0
 967.11408 0 0 0
 970.35297671625 0 0 0
 973.589795822 0 0 0
 976.82452315275 0 0 0
 980.057144544 0 0 0
 983.28764583125 0 0 0
 986.51601285 0 0 0
 989.74223143575 0 0 0
 992.966287424 0 0 0
 996.18816665025 0 0 0
 999.40785495 0 0 0
 1002.62533815875 0 0 0
 1005.840602112 0 0 0
 1009.05363264525 0 0 0
 1012.264415594 0 0 0
 1015.47293679375 0 0 0
 1018.67918208 0 0 0
 1021.88313728825 0 0 0
 1025.084788254 0 0 0
 1028.28412081275 0 0 0
 1031.4811208 0 0 0
 1034.67577405125 0 0 0
 1037.868066402 0 0 0
 1041.05798368775 0 0 0
 1044.245511744 0 0 0
 1047.43063640625 0 0 0
 1050.61334351 0 0 0
 1053.79361889075 0 0 0
 1056.971448384 0 0 0
 1060.14681782525 0 0 0
 1063.31971305 0 0 0
 1066.49011989375 0 0 0
 1069.658024192 0 0 0
 1072.82341178025 0 0 0
 1075.986268494 0 0 0
 1079.14658016875 0 0 0
 1082.30433264 0 0 0
 1085.45951174325 0 0 0
 1088.612103314 0 0 0
 1091.76209318775 0 0 0
 1094.9094672 0 0 0
 1098.05421118625 0 0 0
 1101.196310982 0 0 0
 1104.33575242275 0 0 0
 1107.472521344 0 0 0
 1110.60660358125 0 0 0
 1113.73798497 0 0 0
 1116.86665134575 0 0 0
 1119.992588544 0 0 0
 1123.11578240025 0 0 0
 1126.23621875 0 0 0
 1129.35388342875 0 0 0
 1132.468762272 0 0 0
 1135.58084111525 0 0 0
 1138.690105794 0 0 0
 1141.79654214375 0 0 0
 1144.900136 0 0 0
[END] of [DATA]
[END] of [Spectrum]


#TBID:2021-11-09 00:30:00;SAM_84C8;RAW;

[Spectrum]
Version            = 1
IDData             = 96B1_2021-11-09_00-30-00_000_155
IDDevice           = SAM_84C8
IDDataType         = SPECTRUM
IDDataTypeSub1     = RAW
IDDataTypeSub2     = 
IDDataTypeSub3     = 
DateTime           = 2021-11-09 00:30:00
PositionLatitude   = 0
PositionLongitude  = 0
Comment            = 
CommentSub1        = 
CommentSub2        = 
CommentSub3        = 
IDMethodType       = SAM Control
MethodName         = SAM_84C8
Mission            = No Mission
MissionSub         = 1
RecordType         = 0
[Attributes]
CalFactor = 1
IDBasisSpec = 
IDDataBack = DLAB_2015-08-21_12-14-03_013_778
IDDataCal = DLAB_2015-08-24_11-04-47_772_747
IntegrationTime = 4096
P31 = -1
P31e = 0
PathLength = +INF
PathLengthCustomOn = 0
RAWDynamic = 65535
Salinity = 0
Temperature = -NAN
Unit1 = $05 $00 Pixel 
Unit2 = $03 $05 Intensity counts
Unit3 = $f0 $05 Error counts
Unit4 = $f1 $00 Status 
p999 = 1614
[END] of [Attributes]
[DATA]
 0 11 0 0
 1 1116 0 0
 2 1102 0 0
 3 1108 0 0
 4 1114 0 0
 5 1105 0 0
 6 1110 0 0
 7 1113 0 0
 8 1113 0 0
 9 1110 0 0
 10 1113 0 0
 11 1111 0 0
 12 1111 0 0
 13 1110 0 0
 14 1113 0 0
 15 1109 0 0
 16 1110 0 0
 17 1115 0 0
 18 1108 0 0
 19 1115 0 0
 20 1114 0 0
 21 1112 0 0
 22 1115 0 0
 23 1111 0 0
 24 1114 0 0
 25 1116 0 0
 26 1112 0 0
 27 1114 0 0
 28 1116 0 0
 29 1113 0 0
 30 1117 0 0
 31 1118 0 0
 32 1115 0 0
 33 1118 0 0
 34 1113 0 0
 35 1118 0 0
 36 1116 0 0
 37 1115 0 0
 38 1121 0 0
 39 1113 0 0
 40 1118 0 0
 41 1121 0 0
 42 1112 0 0
 43 1116 0 0
 44 1112 0 0
 45 1118 0 0
 46 1118 0 0
 47 1116 0 0
 48 1120 0 0
 49 1116 0 0
 50 1119 0 0
 51 1116 0 0
 52 1116 0 0
 53 1116 0 0
 54 1114 0 0
 55 1118 0 0
 56 1119 0 0
 57 1122 0 0
 58 1120 0 0
 59 1116 0 0
 60 1121 0 0
 61 1119 0 0
 62 1122 0 0
 63 1120 0 0
 64 1115 0 0
 65 1122 0 0
 66 1118 0 0
 67 1119 0 0
 68 1119 0 0
 69 1120 0 0
 70 1121 0 0
 71 1118 0 0
 72 1119 0 0
 73 1122 0 0
 74 1118 0 0
 75 1128 0 0
 76 1130 0 0
 77 1121 0 0
 78 1123 0 0
 79 1124 0 0
 80 1121 0 0
 81 1120 0 0
 82 1123 0 0
 83 1121 0 0
 84 1119 0 0
 85 1126 0 0
 86 1120 0 0
 87 1126 0 0
 88 1118 0 0
 89 1118 0 0
 90 1127 0 0
 91 1124 0 0
 92 1127 0 0
 93 1121 0 0
 94 1121 0 0
 95 1124 0 0
 96 1120 0 0
 97 1122 0 0
 98 1124 0 0
 99 1121 0 0
 100 1120 0 0
 101 1120 0 0
 102 1120 0 0
 103 1120 0 0
 104 1122 0 0
 105 1124 0 0
 106 1116 0 0
 107 1121 0 0
 108 1124 0 0
 109 1124 0 0
 110 1126 0 0
 111 1129 0 0
 112 1124 0 0
 113 1124 0 0
 114 1129 0 0
 115 1125 0 0
 116 1124 0 0
 117 1124 0 0
 118 1119 0 0
 119 1124 0 0
 120 1117 0 0
 121 1124 0 0
 122 1121 0 0
 123 1120 0 0
 124 1122 0 0
 125 1124 0 0
 126 1121 0 0
 127 1130 0 0
 128 1127 0 0
 129 1120 0 0
 130 1122 0 0
 131 1123 0 0
 132 1125 0 0
 133 1136 0 0
 134 1129 0 0
 135 1125 0 0
 136 1124 0 0
 137 1124 0 0
 138 1123 0 0
 139 1124 0 0
 140 1122 0 0
 141 1127 0 0
 142 1126 0 0
 143 1125 0 0
 144 1122 0 0
 145 1127 0 0
 146 1124 0 0
 147 1124 0 0
 148 1122 0 0
 149 1122 0 0
 150 1126 0 0
 151 1121 0 0
 152 1125 0 0
 153 1121 0 0
 154 1117 0 0
 155 1122 0 0
 156 1123 0 0
 157 1123 0 0
 158 1127 0 0
 159 1121 0 0
 160 1124 0 0
 161 1119 0 0
 162 1121 0 0
 163 1124 0 0
 164 1116 0 0
 165 1122 0 0
 166 1127 0 0
 167 1128 0 0
 168 1126 0 0
 169 1123 0 0
 170 1126 0 0
 171 1123 0 0
 172 1123 0 0
 173 1121 0 0
 174 1121 0 0
 175 1130 0 0
 176 1121 0 0
 177 1122 0 0
 178 1119 0 0
 179 1122 0 0
 180 1123 0 0
 181 1122 0 0
 182 1121 0 0
 183 1124 0 0
 184 1119 0 0
 185 1124 0 0
 186 1116 0 0
 187 1125 0 0
 188 1122 0 0
 189 1119 0 0
 190 1122 0 0
 191 1124 0 0
 192 1125 0 0
 193 1121 0 0
 194 1122 0 0
 195 1123 0 0
 196 1121 0 0
 197 1126 0 0
 198 1120 0 0
 199 1126 0 0
 200 1122 0 0
 201 1121 0 0
 202 1120 0 0
 203 1120 0 0
 204 1120 0 0
 205 1119 0 0
 206 1123 0 0
 207 1118 0 0
 208 1123 0 0
 209 1121 0 0
 210 1119 0 0
 211 1126 0 0
 212 1124 0 0
 213 1123 0 0
 214 1122 0 0
 215 1126 0 0
 216 1122 0 0
 217 1123 0 0
 218 1123 0 0
 219 1128 0 0
 220 1123 0 0
 221 1129 0 0
 222 1122 0 0
 223 1121 0 0
 224 1118 0 0
 225 1130 0 0
 226 1130 0 0
 227 1123 0 0
 228 1123 0 0
 229 1118 0 0
 230 1120 0 0
 231 1122 0 0
 232 1118 0 0
 233 1120 0 0
 234 1120 0 0
 235 1121 0 0
 236 1123 0 0
 237 1120 0 0
 238 1118 0 0
 239 1125 0 0
 240 1122 0 0
 241 1126 0 0
 242 1126 0 0
 243 1119 0 0
 244 1118 0 0
 245 1119 0 0
 246 1122 0 0
 247 1119 0 0
 248 1123 0 0
 249 1122 0 0
 250 1118 0 0
 251 1120 0 0
 252 1116 0 0
 253 1120 0 0
 254 1124 0 0
 255 1167 0 0
[END] of [DATA]
[END] of [Spectrum]


#TBID:2021-11-09 00:30:00;SAM_84C8;CALIBRATED;

[Spectrum]
Version            = 1
IDData             = 96B1_2021-11-09_00-30-00_000_156
IDDevice           = SAM_84C8
IDDataType         = SPECTRUM
IDDataTypeSub1     = CALIBRATED
IDDataTypeSub2     = 
IDDataTypeSub3     = 
DateTime           = 2021-11-09 00:30:00
PositionLatitude   = 0
PositionLongitude  = 0
Comment            = 
CommentSub1        = 
CommentSub2        = 
CommentSub3        = 
IDMethodType       = SAM Control
MethodName         = SAM_84C8
Mission            = No Mission
MissionSub         = 1
RecordType         = 0
[Attributes]
CalFactor = 1
IDBasisSpec = 
IDDataBack = DLAB_2015-08-21_12-14-03_013_778
IDDataCal = DLAB_2015-08-24_11-04-47_772_747
IntegrationTime = 4096
P31 = -1
P31e = 0
PathLength = +INF
PathLengthCustomOn = 0
RAWDynamic = 65535
Salinity = 0
Temperature = -NAN
Unit1 = $01 $01 Wavelength nm
Unit2 = $03 $03 Intensity mW/(m^2 nm Sr)
Unit3 = $f0 $03 Error mW/(m^2 nm Sr)
Unit4 = $f1 $00 Status 
p999 = 1614
[END] of [Attributes]
[DATA]
 0 11 0 0
 303.516048156 0 0 0
 306.890006053 0 0 0
 310.26457112 0 0 0
 313.639731825 0 0 0
 317.015476636 -0.000420080749447764 0 0
 320.391794021 -0.000279440164863562 0 0
 323.768672448 2.09022464891344e-005 0 0
 327.146100385 9.1860239723645e-005 0 0
 330.5240663 -6.55005961037577e-005 0 0
 333.902558661 0.000242732145288741 0 0
 337.281565936 -0.000116186657231901 0 0
 340.661076593 -0.000215414799555484 0 0
 344.0410791 -4.63373053654257e-006 0 0
 347.421561925 6.48909691397244e-005 0 0
 350.802513536 -0.000101578590214901 0 0
 354.183922401 -7.88087424543432e-005 0 0
 357.565776988 -2.21837543815024e-005 0 0
 360.948065765 -0.000122379244980523 0 0
 364.3307772 -1.81131548067122e-006 0 0
 367.713899761 4.51467422694264e-005 0 0
 371.097421916 -4.05069171135101e-005 0 0
 374.481332133 -1.72120246653971e-005 0 0
 377.86561888 -0.000105873169667021 0 0
 381.250270625 -8.33515600942882e-005 0 0
 384.635275836 2.53296343664611e-005 0 0
 388.020622981 9.43293448975624e-005 0 0
 391.406300528 3.42182034273132e-005 0 0
 394.792296945 -3.93572115605004e-006 0 0
 398.1786007 -1.70162330118694e-005 0 0
 401.565200261 -1.0474941102487e-005 0 0
 404.952084096 6.32713870608392e-005 0 0
 408.339240673 7.63880149399976e-006 0 0
 411.72665846 0.000128582633969836 0 0
 415.114325925 3.33207371656382e-005 0 0
 418.502231536 0.000129624977560733 0 0
 421.890363761 1.70653616635268e-005 0 0
 425.278711068 -0.000143781417165564 0 0
 428.667261925 6.63714115299162e-005 0 0
 432.0560048 5.48310184076815e-005 0 0
 435.444928161 7.86316298917169e-005 0 0
 438.834020476 6.88388627448423e-005 0 0
 442.223270213 4.83829433880345e-006 0 0
 445.61266584 8.62843400358659e-006 0 0
 449.002195825 2.2502367026138e-005 0 0
 452.391848636 -1.12228938118427e-005 0 0
 455.781612741 3.53539050295584e-005 0 0
 459.171476608 3.44863083129696e-005 0 0
 462.561428705 4.1826506631057e-005 0 0
 465.9514575 -5.46039732517687e-005 0 0
 469.341551461 9.9031298472868e-005 0 0
 472.731699056 -1.81210545090099e-005 0 0
 476.121888753 -1.03365611283778e-005 0 0
 479.51210902 2.37405178636475e-005 0 0
 482.902348325 0.000137892604133643 0 0
 486.292595136 4.20782998278968e-005 0 0
 489.682837921 3.14070840332955e-005 0 0
 493.073065148 1.8950766208277e-005 0 0
 496.463265285 8.67888850236967e-005 0 0
 499.8534268 0.000104844427204176 0 0
 503.243538161 0.000135402368389856 0 0
 506.633587836 6.04037508566489e-005 0 0
 510.023564293 -6.30291333580561e-005 0 0
 513.413456 1.20869861337264e-005 0 0
 516.803251425 8.38958470574014e-005 0 0
 520.192939036 0.000124899032858052 0 0
 523.582507301 -6.680137777833e-006 0 0
 526.971944688 3.61191592298271e-005 0 0
 530.361239665 -1.77322483485866e-005 0 0
 533.7503807 7.33863042941264e-005 0 0
 537.139356261 3.57996668622496e-006 0 0
 540.528154816 1.24235828333934e-005 0 0
 543.916764833 -4.0244279851512e-005 0 0
 547.30517478 6.59552889982491e-005 0 0
 550.693373125 3.23571020301808e-005 0 0
 554.081348336 0.000118325048957024 0 0
 557.469088881 0.000147747500163721 0 0
 560.856583228 4.18261800856555e-005 0 0
 564.243819845 6.60171043208632e-005 0 0
 567.6307872 6.88953979721638e-005 0 0
 571.017473761 3.87043901985712e-005 0 0
 574.403867996 5.90388087334423e-005 0 0
 577.789958373 1.96621848241678e-006 0 0
 581.17573336 1.0679329705528e-005 0 0
 584.561181425 -3.62373916451185e-005 0 0
 587.946291036 0.000148989955512431 0 0
 591.331050661 5.34458722207491e-005 0 0
 594.715448768 8.09925190128331e-005 0 0
 598.099473825 1.94224540982461e-005 0 0
 601.4831143 4.29068174161696e-005 0 0
 604.866358661 4.55886533070673e-005 0 0
 608.249195376 5.28077070616434e-005 0 0
 611.631612913 0.000107971951090499 0 0
 615.01359974 0.000107740161918089 0 0
 618.395144325 -5.16067405147854e-005 0 0
 621.776235136 9.85126089926062e-005 0 0
 625.156860641 -6.01154794420923e-005 0 0
 628.537009308 6.22515479216519e-005 0 0
 631.916669605 0.00011859811244472 0 0
 635.29583 9.75436729625112e-005 0 0
 638.674478961 -9.82782683700732e-005 0 0
 642.052604956 -0.000172904383627574 0 0
 645.430196453 -4.49993104212903e-005 0 0
 648.80724192 4.88214102787365e-005 0 0
 652.183729825 7.84601072561323e-005 0 0
 655.559648636 -3.50099113345042e-005 0 0
 658.934986821 -8.65350790220701e-006 0 0
 662.309732848 4.6734917967369e-005 0 0
 665.683875185 0.000215028441358783 0 0
 669.0574023 0.000171673302065166 0 0
 672.430302661 1.27626330294194e-006 0 0
 675.802564736 -8.0874737500108e-005 0 0
 679.174176993 5.46543825205927e-005 0 0
 682.5451279 5.6610089926203e-005 0 0
 685.915405925 0.000197159465383764 0 0
 689.284999536 -2.70401453296757e-005 0 0
 692.653897201 -0.000107999451200611 0 0
 696.022087388 0.000131837780696727 0 0
 699.389558565 4.05287503779172e-005 0 0
 702.7562992 -3.93517269007434e-005 0 0
 706.122297761 6.43398982958884e-005 0 0
 709.487542716 8.54240217880922e-005 0 0
 712.852022533 0.000156231573628451 0 0
 716.21572568 7.43989223955975e-005 0 0
 719.578640625 0.000148994666794583 0 0
 722.940755836 8.62859821432072e-005 0 0
 726.302059781 1.73399284785566e-005 0 0
 729.662540928 1.35224929989102e-005 0 0
 733.022187745 0.000233562518419453 0 0
 736.3809887 -5.53182671563089e-005 0 0
 739.738932261 0.000151730298165347 0 0
 743.096006896 2.2651030845186e-006 0 0
 746.452201073 8.27156367922365e-005 0 0
 749.80750326 -0.00112232209284575 0 0
 753.161901925 0.00011064429790271 0 0
 756.515385536 0.000142565336736833 0 0
 759.867942561 0.000105517660309353 0 0
 763.219561468 2.49735584995667e-005 0 0
 766.570230725 0.000151285908715557 0 0
 769.9199388 -6.95477603180563e-005 0 0
 773.268674161 3.26340009194044e-005 0 0
 776.616425276 0.00026267932038954 0 0
 779.963180613 7.63797743731432e-005 0 0
 783.30892864 0.000139136032862477 0 0
 786.653657825 -0.000172118109670903 0 0
 789.997356636 0.000103145466839102 0 0
 793.340013541 1.01018653680767e-005 0 0
 796.681617008 0.000213166232803697 0 0
 800.022155505 -5.07375687386672e-005 0 0
 803.3616175 0.000134644835604684 0 0
 806.699991461 0.000228049832342032 0 0
 810.037265856 -1.28419649414618e-005 0 0
 813.373429153 -1.73839353221621e-005 0 0
 816.70846982 5.92635194930803e-005 0 0
 820.042376325 9.4921069490264e-007 0 0
 823.375137136 0.000318215121139828 0 0
 826.706740721 6.09268717008064e-005 0 0
 830.037175548 -3.33471442463072e-005 0 0
 833.366430085 0.000247069556282123 0 0
 836.6944928 0.000139010170570161 0 0
 840.021352161 1.54573773097317e-005 0 0
 843.346996636 -2.67984159193222e-005 0 0
 846.671414693 -9.1969486089846e-005 0 0
 849.9945948 0.000224604007639927 0 0
 853.316525425 0.000105158677323444 0 0
 856.637195036 -0.000169149454101908 0 0
 859.956592101 0.000353234938666389 0 0
 863.274705088 0.000177908823967072 0 0
 866.591522465 0.000227534245478239 0 0
 869.9070327 0.000331240411747938 0 0
 873.221224261 0.00016561489069561 0 0
 876.534085616 0.000343244990670688 0 0
 879.845605233 6.80158069468953e-005 0 0
 883.15577158 0.00100651805973575 0 0
 886.464573125 0.000442405045449002 0 0
 889.771998336 0.000262976353011658 0 0
 893.078035681 0.000288080823058659 0 0
 896.382673628 0.000262119305696846 0 0
 899.685900645 0.000287687671478607 0 0
 902.9877052 1.80062848470164e-005 0 0
 906.288075761 -0.000215087541978776 0 0
 909.587000796 -7.65847861720121e-005 0 0
 912.884468773 -0.000175975605445585 0 0
 916.18046816 0.000352647094942706 0 0
 919.474987425 0.000497878159137081 0 0
 922.768015036 0.000278836996999278 0 0
 926.059539461 -0.000307109549896528 0 0
 929.349549168 -0.000334617209678739 0 0
 932.638032625 0.000512911674412595 0 0
 935.9249783 -6.33901046871109e-005 0 0
 939.210374661 0.0018126211631066 0 0
 942.494210176 0.000761782210183375 0 0
 945.776473313 3.51922176629963e-005 0 0
 949.05715254 0.00199820557313075 0 0
 952.336236325 -0.000234959864767381 0 0
 955.613713136 0 0 0
 958.889571441 0 0 0
 962.163799708 0 0 0
 965.436386405 0 0 0
 968.70732 0 0 0
 971.976588961 0 0 0
 975.244181756 0 0 0
 978.510086853 0 0 0
 981.77429272 0 0 0
 985.036787825 0 0 0
 988.297560636 0 0 0
 991.556599621 0 0 0
 994.813893248 0 0 0
 998.069429985 0 0 0
 1001.3231983 0 0 0
 1004.575186661 0 0 0
 1007.825383536 0 0 0
 1011.073777393 0 0 0
 1014.3203567 0 0 0
 1017.565109925 0 0 0
 1020.808025536 0 0 0
 1024.049092001 0 0 0
 1027.288297788 0 0 0
 1030.525631365 0 0 0
 1033.7610812 0 0 0
 1036.994635761 0 0 0
 1040.226283516 0 0 0
 1043.456012933 0 0 0
 1046.68381248 0 0 0
 1049.909670625 0 0 0
 1053.133575836 0 0 0
 1056.355516581 0 0 0
 1059.575481328 0 0 0
 1062.793458545 0 0 0
 1066.0094367 0 0 0
 1069.223404261 0 0 0
 1072.435349696 0 0 0
 1075.645261473 0 0 0
 1078.85312806 0 0 0
 1082.058937925 0 0 0
 1085.262679536 0 0 0
 1088.464341361 0 0 0
 1091.663911868 0 0 0
 1094.861379525 0 0 0
 1098.0567328 0 0 0
 1101.249960161 0 0 0
 1104.441050076 0 0 0
 1107.629991013 0 0 0
 1110.81677144 0 0 0
 1114.001379825 0 0 0
 1117.183804636 0 0 0
 1120.364034341 0 0 0
 1123.542057408 0 0 0
 1126.717862305 0 0 0
 1129.8914375 0 0 0
 1133.062771461 0 0 0
 1136.231852656 0 0 0
 1139.398669553 0 0 0
 1142.56321062 0 0 0
 1145.725464325 0 0 0
 1148.885419136 0 0 0
[END] of [DATA]
[END] of [Spectrum]


#TBID:2021-11-09 01:00:00;SAM_84DC;RAW;

[Spectrum]
Version            = 1
IDData             = 96B1_2021-11-09_01-00-00_000_159
IDDevice           = SAM_84DC
IDDataType         = SPECTRUM
IDDataTypeSub1     = RAW
IDDataTypeSub2     = 
IDDataTypeSub3     = 
DateTime           = 2021-11-09 01:00:00
PositionLatitude   = 0
PositionLongitude  = 0
Comment            = 
CommentSub1        = 
CommentSub2        = 
CommentSub3        = 
IDMethodType       = SAM Control
MethodName         = SAM_84DC
Mission            = No Mission
MissionSub         = 1
RecordType         = 0
[Attributes]
CalFactor = 1
IDBasisSpec = 
IDDataBack = DLAB_2015-08-21_13-19-54_137_939
IDDataCal = DLAB_2015-08-24_10-46-55_592_608
IntegrationTime = 4096
P31 = -1
P31e = 0
PathLength = +INF
PathLengthCustomOn = 0
RAWDynamic = 65535
Salinity = 0
Temperature = -NAN
Unit1 = $05 $00 Pixel 
Unit2 = $03 $05 Intensity counts
Unit3 = $f0 $05 Error counts
Unit4 = $f1 $00 Status 
p999 = 1615
[END] of [Attributes]
[DATA]
 0 11 0 0
 1 1216 0 0
 2 1204 0 0
 3 1219 0 0
 4 1220 0 0
 5 1219 0 0
 6 1212 0 0
 7 1218 0 0
 8 1216 0 0
 9 1215 0 0
 10 1218 0 0
 11 1223 0 0
 12 1220 0 0
 13 1215 0 0
 14 1219 0 0
 15 1214 0 0
 16 1215 0 0
 17 1223 0 0
 18 1215 0 0
 19 1220 0 0
 20 1215 0 0
 21 1214 0 0
 22 1220 0 0
 23 1217 0 0
 24 1218 0 0
 25 1214 0 0
 26 1220 0 0
 27 1218 0 0
 28 1216 0 0
 29 1213 0 0
 30 1211 0 0
 31 1217 0 0
 32 1211 0 0
 33 1219 0 0
 34 1216 0 0
 35 1216 0 0
 36 1216 0 0
 37 1214 0 0
 38 1214 0 0
 39 1218 0 0
 40 1214 0 0
 41 1211 0 0
 42 1216 0 0
 43 1216 0 0
 44 1213 0 0
 45 1220 0 0
 46 1218 0 0
 47 1217 0 0
 48 1217 0 0
 49 1212 0 0
 50 1213 0 0
 51 1217 0 0
 52 1217 0 0
 53 1218 0 0
 54 1209 0 0
 55 1219 0 0
 56 1214 0 0
 57 1214 0 0
 58 1215 0 0
 59 1214 0 0
 60 1210 0 0
 61 1215 0 0
 62 1217 0 0
 63 1215 0 0
 64 1213 0 0
 65 1210 0 0
 66 1208 0 0
 67 1216 0 0
 68 1211 0 0
 69 1210 0 0
 70 1212 0 0
 71 1216 0 0
 72 1211 0 0
 73 1213 0 0
 74 1213 0 0
 75 1207 0 0
 76 1213 0 0
 77 1212 0 0
 78 1204 0 0
 79 1206 0 0
 80 1210 0 0
 81 1218 0 0
 82 1216 0 0
 83 1212 0 0
 84 1211 0 0
 85 1216 0 0
 86 1209 0 0
 87 1210 0 0
 88 1208 0 0
 89 1204 0 0
 90 1207 0 0
 91 1208 0 0
 92 1206 0 0
 93 1211 0 0
 94 1208 0 0
 95 1213 0 0
 96 1212 0 0
 97 1208 0 0
 98 1208 0 0
 99 1211 0 0
 100 1206 0 0
 101 1205 0 0
 102 1209 0 0
 103 1208 0 0
 104 1206 0 0
 105 1208 0 0
 106 1206 0 0
 107 1208 0 0
 108 1206 0 0
 109 1210 0 0
 110 1205 0 0
 111 1210 0 0
 112 1207 0 0
 113 1207 0 0
 114 1206 0 0
 115 1209 0 0
 116 1206 0 0
 117 1206 0 0
 118 1205 0 0
 119 1206 0 0
 120 1203 0 0
 121 1207 0 0
 122 1203 0 0
 123 1208 0 0
 124 1206 0 0
 125 1198 0 0
 126 1209 0 0
 127 1206 0 0
 128 1203 0 0
 129 1205 0 0
 130 1202 0 0
 131 1202 0 0
 132 1208 0 0
 133 1205 0 0
 134 1206 0 0
 135 1204 0 0
 136 1202 0 0
 137 1203 0 0
 138 1199 0 0
 139 1206 0 0
 140 1201 0 0
 141 1204 0 0
 142 1197 0 0
 143 1212 0 0
 144 1201 0 0
 145 1203 0 0
 146 1198 0 0
 147 1203 0 0
 148 1205 0 0
 149 1205 0 0
 150 1198 0 0
 151 1202 0 0
 152 1204 0 0
 153 1202 0 0
 154 1197 0 0
 155 1199 0 0
 156 1200 0 0
 157 1208 0 0
 158 1199 0 0
 159 1197 0 0
 160 1200 0 0
 161 1200 0 0
 162 1194 0 0
 163 1204 0 0
 164 1200 0 0
 165 1204 0 0
 166 1202 0 0
 167 1198 0 0
 168 1198 0 0
 169 1202 0 0
 170 1195 0 0
 171 1198 0 0
 172 1192 0 0
 173 1201 0 0
 174 1198 0 0
 175 1201 0 0
 176 1196 0 0
 177 1197 0 0
 178 1197 0 0
 179 1191 0 0
 180 1192 0 0
 181 1197 0 0
 182 1199 0 0
 183 1204 0 0
 184 1197 0 0
 185 1195 0 0
 186 1194 0 0
 187 1201 0 0
 188 1194 0 0
 189 1198 0 0
 190 1192 0 0
 191 1199 0 0
 192 1201 0 0
 193 1197 0 0
 194 1197 0 0
 195 1198 0 0
 196 1196 0 0
 197 1195 0 0
 198 1191 0 0
 199 1197 0 0
 200 1191 0 0
 201 1199 0 0
 202 1195 0 0
 203 1196 0 0
 204 1199 0 0
 205 1200 0 0
 206 1200 0 0
 207 1194 0 0
 208 1194 0 0
 209 1190 0 0
 210 1192 0 0
 211 1198 0 0
 212 1198 0 0
 213 1192 0 0
 214 1189 0 0
 215 1195 0 0
 216 1189 0 0
 217 1194 0 0
 218 1188 0 0
 219 1191 0 0
 220 1195 0 0
 221 1198 0 0
 222 1190 0 0
 223 1195 0 0
 224 1187 0 0
 225 1191 0 0
 226 1198 0 0
 227 1195 0 0
 228 1189 0 0
 229 1190 0 0
 230 1189 0 0
 231 1190 0 0
 232 1195 0 0
 233 1194 0 0
 234 1195 0 0
 235 1194 0 0
 236 1197 0 0
 237 1194 0 0
 238 1188 0 0
 239 1195 0 0
 240 1195 0 0
 241 1193 0 0
 242 1195 0 0
 243 1190 0 0
 244 1184 0 0
 245 1196 0 0
 246 1191 0 0
 247 1193 0 0
 248 1192 0 0
 249 1191 0 0
 250 1190 0 0
 251 1195 0 0
 252 1195 0 0
 253 1195 0 0
 254 1194 0 0
 255 1258 0 0
[END] of [DATA]
[END] of [Spectrum]


#TBID:2021-11-09 01:00:00;SAM_84DC;CALIBRATED;

[Spectrum]
Version            = 1
IDData             = 96B1_2021-11-09_01-00-00_000_160
IDDevice           = SAM_84DC
IDDataType         = SPECTRUM
IDDataTypeSub1     = CALIBRATED
IDDataTypeSub2     = 
IDDataTypeSub3     = 
DateTime           = 2021-11-09 01:00:00
PositionLatitude   = 0
PositionLongitude  = 0
Comment            = 
CommentSub1        = 
CommentSub2        = 
CommentSub3        = 
IDMethodType       = SAM Control
MethodName         = SAM_84DC
Mission            = No Mission
MissionSub         = 1
RecordType         = 0
[Attributes]
CalFactor = 1
IDBasisSpec = 
IDDataBack = DLAB_2015-08-21_13-19-54_137_939
IDDataCal = DLAB_2015-08-24_10-46-55_592_608
IntegrationTime = 4096
P31 = -1
P31e = 0
PathLength = +INF
PathLengthCustomOn = 0
RAWDynamic = 65535
Salinity = 0
Temperature = -NAN
Unit1 = $01 $01 Wavelength nm
Unit2 = $03 $03 Intensity mW/(m^2 nm Sr)
Unit3 = $f0 $03 Error mW/(m^2 nm Sr)
Unit4 = $f1 $00 Status 
p999 = 1615
[END] of [Attributes]
[DATA]
 0 11 0 0
 305.71650776488 0 0 0
 309.04007505697 0 0 0
 312.36416914304 0 0 0
 315.68877841375 0 0 0
 319.01389125976 0.00162147240873521 0 0
 322.33949607173 0.00148361639539915 0 0
 325.66558124032 0.0012028089200559 0 0
 328.99213515619 0.00113768092159542 0 0
 332.31914621 0.000906617705456689 0 0
 335.64660279241 0.00102295115985302 0 0
 338.97449329408 0.00101168369710769 0 0
 342.30280610567 0.00100036386137428 0 0
 345.63152961784 0.00079006518965953 0 0
 348.96065222125 0.000593696949045088 0 0
 352.29016230656 0.000722505584130325 0 0
 355.62004826443 0.00053832077248409 0 0
 358.95029848552 0.000566689567687984 0 0
 362.28090136049 0.000567874384935806 0 0
 365.61184528 0.000624208784329378 0 0
 368.94311863471 0.000600605405183222 0 0
 372.27470981528 0.000661188497281823 0 0
 375.60660721237 0.000630337555628549 0 0
 378.93879921664 0.000595161704284751 0 0
 382.27127421875 0.000643850495462718 0 0
 385.60402060936 0.000702052045829866 0 0
 388.93702677913 0.000682053778998991 0 0
 392.27028111872 0.000623730909152272 0 0
 395.60377201879 0.000693799851088871 0 0
 398.93748787 0.000619980444672877 0 0
 402.27141706301 0.000579144733418559 0 0
 405.60554798848 0.000486662502983289 0 0
 408.93986903707 0.00040171997942334 0 0
 412.27436859944 0.000557220066449093 0 0
 415.60903506625 0.000399440235241126 0 0
 418.94385682816 0.000450570709644557 0 0
 422.27882227583 0.000298326873245677 0 0
 425.61391979992 0.000285113047460293 0 0
 428.94913779109 0.000308918494232853 0 0
 432.28446464 0.000382867778905288 0 0
 435.61988873731 0.000206317121322191 0 0
 438.95539847368 0.000244632837618441 0 0
 442.29098223977 0.000310243931850984 0 0
 445.62662842624 0.000288390079562357 0 0
 448.96232542375 0.000239641685259309 0 0
 452.29806162296 0.000335198017013008 0 0
 455.63382541453 0.000274232639256905 0 0
 458.96960518912 0.00025044430387582 0 0
 462.30538933739 0.00035714410756858 0 0
 465.64116625 0.000296209257644212 0 0
 468.97692431761 0.000335292978911822 0 0
 472.31265193088 0.000361927509485166 0 0
 475.64833748047 0.000352981115207514 0 0
 478.98396935704 0.000402649146991569 0 0
 482.31953595125 0.000290455658634981 0 0
 485.65502565376 0.000365485048653996 0 0
 488.99042685523 0.000331952232900809 0 0
 492.32572794632 0.000280763570355756 0 0
 495.66091731769 0.000299082466115155 0 0
 498.99598336 0.000200394038089724 0 0
 502.33091446391 0.000234832122200547 0 0
 505.66569902008 0.000258702152744837 0 0
 509.00032541917 0.000369650049875823 0 0
 512.33478205184 0.00029521612506082 0 0
 515.66905730875 0.000249881611340243 0 0
 519.00313958056 0.000249940700162085 0 0
 522.33701725793 0.00030863806989624 0 0
 525.67067873152 0.000262152252936132 0 0
 529.00411239199 0.000186859444560273 0 0
 532.33730663 0.000222380400199524 0 0
 535.67024983621 0.000188826250185006 0 0
 539.00293040128 0.000194513209290219 0 0
 542.33533671587 0.000217410927960698 0 0
 545.66745717064 0.000192033621370644 0 0
 548.99928015625 0.00017879162718713 0 0
 552.33079406336 0.000199519486988714 0 0
 555.66198728263 0.00020369607257605 0 0
 558.99284820472 0.000205952360482957 0 0
 562.32336522029 0.000198762248513519 0 0
 565.65352672 0.000113887186337836 0 0
 568.98332109451 0.00023502541506487 0 0
 572.31273673448 0.000248175686479775 0 0
 575.64176203057 0.000316285247116642 0 0
 578.97038537344 0.000234464032475511 0 0
 582.29859515375 0.000318873676186589 0 0
 585.62637976216 0.000212361009958405 0 0
 588.95372758933 0.000201814272004068 0 0
 592.28062702592 0.000205296562333767 0 0
 595.60706646259 0.00024623836281476 0 0
 598.93303429 0.000104969925360259 0 0
 602.25851889881 0.000288121905292447 0 0
 605.58350867968 0.000214311901410978 0 0
 608.90799202327 0.000190723312221335 0 0
 612.23195732024 0.000278514668943632 0 0
 615.55539296125 0.000180341391755911 0 0
 618.87828733696 0.000269403261198187 0 0
 622.20062883803 0.000344440845391124 0 0
 625.52240585512 0.000161934544063691 0 0
 628.84360677889 0.000289982126048363 0 0
 632.16422 0.000297536830748802 0 0
 635.48423390911 0.000198967630594926 0 0
 638.80363689688 0.000258953724490973 0 0
 642.12241735397 0.000271793900810587 0 0
 645.44056367104 0.00029337964001694 0 0
 648.75806423875 0.000264485844733574 0 0
 652.07490744776 0.000240844660812082 0 0
 655.39108168873 0.000234679880928314 0 0
 658.70657535232 0.000140346507935278 0 0
 662.02137682919 0.0002305960645005 0 0
 665.33547451 0.000292566180971505 0 0
 668.64885678541 0.000263433437864922 0 0
 671.96151204608 0.00029951089314419 0 0
 675.27342868267 0.00026342052726908 0 0
 678.58459508584 0.000389897110232447 0 0
 681.89499964625 0.000226915353395979 0 0
 685.20463075456 0.000240493729512752 0 0
 688.51347680143 0.000297790843868243 0 0
 691.82152617752 0.000307373708210695 0 0
 695.12876727349 0.000337336812621722 0 0
 698.43518848 0.000305800402490599 0 0
 701.74077818771 0.00041792028383173 0 0
 705.04552478728 0.00017057403071442 0 0
 708.34941666937 0.00030180012460866 0 0
 711.65244222464 0.000276687691634587 0 0
 714.95458984375 0.000236016766239235 0 0
 718.25584791736 0.000198436104732561 0 0
 721.55620483613 0.00030338318701514 0 0
 724.85564899072 0.000265875505175774 0 0
 728.15416877179 0.000272047146935823 0 0
 731.45175257 0.000330617320078731 0 0
 734.74838877601 0.000115912936155076 0 0
 738.04406578048 0.000263672815879433 0 0
 741.33877197407 0.00031938180253927 0 0
 744.63249574744 0.000297327735667253 0 0
 747.92522549125 0.000364803396854305 0 0
 751.21694959616 0.000242989830051025 0 0
 754.50765645283 0.000366686261301429 0 0
 757.79733445192 0.000251087431788599 0 0
 761.08597198409 0.000280675348321297 0 0
 764.37355744 0.000374856197872314 0 0
 767.66007921031 0.000326324038788032 0 0
 770.94552568568 0.00024293205862777 0 0
 774.22988525677 0.000244888354179957 0 0
 777.51314631424 0.000512368494223602 0 0
 780.79529724875 0.000289365924302454 0 0
 784.07632645096 0.000469757614322234 0 0
 787.35622231153 0.000291523744493888 0 0
 790.63497322112 0.000408531129907139 0 0
 793.91256757039 0.000362257401911011 0 0
 797.18899375 0.000427167810948004 0 0
 800.46424015061 0.000368649274400246 0 0
 803.73829516288 0.000325926994331067 0 0
 807.01114717747 0.000470008109443854 0 0
 810.28278458504 0.000277355123892393 0 0
 813.55319577625 0.000182214851497369 0 0
 816.82236914176 0.000323043203128061 0 0
 820.09029307223 0.000554143555772465 0 0
 823.35695595832 0.000559816457736826 0 0
 826.62234619069 0.000417012449787362 0 0
 829.88645216 0.000194876698089777 0 0
 833.14926225691 0.000370739221160915 0 0
 836.41076487208 0.000683800099061411 0 0
 839.67094839617 0.000589564946379938 0 0
 842.92980121984 0.000924460878080886 0 0
 846.18731173375 0.000643639821870398 0 0
 849.44346832856 0.000777276229200364 0 0
 852.69825939493 0.000373519302661555 0 0
 855.95167332352 0.000299195220116913 0 0
 859.20369850499 0.000442697108080113 0 0
 862.45432333 0.000715712121743704 0 0
 865.70353618921 0.000303667177763557 0 0
 868.95132547328 0.000161605883597202 0 0
 872.19767957287 0.000737791117602215 0 0
 875.44258687864 0.000616936942205145 0 0
 878.68603578125 0.000594861608335647 0 0
 881.92801467136 0.0011499883843299 0 0
 885.16851193963 0.000417266099417171 0 0
 888.40751597672 0.000876939347660857 0 0
 891.64501517329 0.000611807122527946 0 0
 894.88099792 0.000616012064643601 0 0
 898.11545260751 0.000602602049318352 0 0
 901.34836762648 0.00121726990728157 0 0
 904.57973136757 0.00110807645987959 0 0
 907.80953222144 0.00165303261371108 0 0
 911.03775857875 0.00106115383153905 0 0
 914.26439883016 0.000712932526381836 0 0
 917.48944136633 0.000425485664031713 0 0
 920.71287457792 0.00141907852283729 0 0
 923.93468685559 0.00131435556458171 0 0
 927.15486659 0.00209267811785649 0 0
 930.37340217181 0.000930532064198257 0 0
 933.59028199168 0.00170018827685333 0 0
 936.80549444027 0.00055068729515829 0 0
 940.01902790824 0.00101026306006327 0 0
 943.23087078625 0.00162411808006286 0 0
 946.44101146496 0.00268955754397104 0 0
 949.64943833503 0.000310599326832183 0 0
 952.85613978712 0.000996209820320137 0 0
 956.06110421189 0 0 0
 959.26432 0 0 0
 962.46577554211 0 0 0
 965.66545922888 0 0 0
 968.86335945097 0 0 0
 972.05946459904 0 0 0
 975.25376306375 0 0 0
 978.44624323576 0 0 0
 981.63689350573 0 0 0
 984.82570226432 0 0 0
 988.01265790219 0 0 0
 991.19774881 0 0 0
 994.38096337841 0 0 0
 997.56228999808 0 0 0
 1000.74171705967 0 0 0
 1003.91923295384 0 0 0
 1007.09482607125 0 0 0
 1010.26848480256 0 0 0
 1013.44019753843 0 0 0
 1016.60995266952 0 0 0
 1019.77773858649 0 0 0
 1022.94354368 0 0 0
 1026.10735634071 0 0 0
 1029.26916495928 0 0 0
 1032.42895792637 0 0 0
 1035.58672363264 0 0 0
 1038.74245046875 0 0 0
 1041.89612682536 0 0 0
 1045.04774109313 0 0 0
 1048.19728166272 0 0 0
 1051.34473692479 0 0 0
 1054.49009527 0 0 0
 1057.63334508901 0 0 0
 1060.77447477248 0 0 0
 1063.91347271107 0 0 0
 1067.05032729544 0 0 0
 1070.18502691625 0 0 0
 1073.31755996416 0 0 0
 1076.44791482983 0 0 0
 1079.57607990392 0 0 0
 1082.70204357709 0 0 0
 1085.82579424 0 0 0
 1088.94732028331 0 0 0
 1092.06661009768 0 0 0
 1095.18365207377 0 0 0
 1098.29843460224 0 0 0
 1101.41094607375 0 0 0
 1104.52117487896 0 0 0
 1107.62910940853 0 0 0
 1110.73473805312 0 0 0
 1113.83804920339 0 0 0
 1116.93903125 0 0 0
 1120.03767258361 0 0 0
 1123.13396159488 0 0 0
 1126.22788667447 0 0 0
 1129.31943621304 0 0 0
 1132.40859860125 0 0 0
 1135.49536222976 0 0 0
[END] of [DATA]
[END] of [Spectrum]


#TBID:2021-11-09 01:00:00;SAM_84CE;RAW;

[Spectrum]
Version            = 1
IDData             = 96B1_2021-11-09_01-00-00_000_162
IDDevice           = SAM_84CE
IDDataType         = SPECTRUM
IDDataTypeSub1     = RAW
IDDataTypeSub2     = 
IDDataTypeSub3     = 
DateTime           = 2021-11-09 01:00:00
PositionLatitude   = 0
PositionLongitude  = 0
Comment            = 
CommentSub1        = 
CommentSub2        = 
CommentSub3        = 
IDMethodType       = SAM Control
MethodName         = SAM_84CE
Mission            = No Mission
MissionSub         = 1
RecordType         = 0
[Attributes]
CalFactor = 1
IDBasisSpec = 
IDDataBack = DLAB_2015-08-21_11-56-43_233_004
IDDataCal = DLAB_2015-08-26_10-05-37_585_478
IntegrationTime = 4096
P31 = -1
P31e = 0
PathLength = +INF
PathLengthCustomOn = 0
RAWDynamic = 65535
Salinity = 0
Temperature = -NAN
Unit1 = $05 $00 Pixel 
Unit2 = $03 $05 Intensity counts
Unit3 = $f0 $05 Error counts
Unit4 = $f1 $00 Status 
p999 = 1615
[END] of [Attributes]
[DATA]
 0 11 0 0
 1 1130 0 0
 2 1117 0 0
 3 1130 0 0
 4 1129 0 0
 5 1129 0 0
 6 1126 0 0
 7 1124 0 0
 8 1131 0 0
 9 1131 0 0
 10 1127 0 0
 11 1126 0 0
 12 1130 0 0
 13 1132 0 0
 14 1133 0 0
 15 1132 0 0
 16 1134 0 0
 17 1130 0 0
 18 1131 0 0
 19 1132 0 0
 20 1132 0 0
 21 1132 0 0
 22 1132 0 0
 23 1138 0 0
 24 1140 0 0
 25 1132 0 0
 26 1135 0 0
 27 1140 0 0
 28 1132 0 0
 29 1133 0 0
 30 1136 0 0
 31 1135 0 0
 32 1139 0 0
 33 1138 0 0
 34 1133 0 0
 35 1135 0 0
 36 1138 0 0
 37 1141 0 0
 38 1136 0 0
 39 1138 0 0
 40 1137 0 0
 41 1140 0 0
 42 1137 0 0
 43 1136 0 0
 44 1134 0 0
 45 1144 0 0
 46 1140 0 0
 47 1139 0 0
 48 1140 0 0
 49 1143 0 0
 50 1138 0 0
 51 1136 0 0
 52 1133 0 0
 53 1144 0 0
 54 1142 0 0
 55 1139 0 0
 56 1142 0 0
 57 1138 0 0
 58 1141 0 0
 59 1146 0 0
 60 1136 0 0
 61 1140 0 0
 62 1137 0 0
 63 1142 0 0
 64 1138 0 0
 65 1140 0 0
 66 1139 0 0
 67 1142 0 0
 68 1139 0 0
 69 1138 0 0
 70 1139 0 0
 71 1140 0 0
 72 1139 0 0
 73 1141 0 0
 74 1140 0 0
 75 1144 0 0
 76 1137 0 0
 77 1140 0 0
 78 1143 0 0
 79 1143 0 0
 80 1145 0 0
 81 1146 0 0
 82 1143 0 0
 83 1141 0 0
 84 1141 0 0
 85 1144 0 0
 86 1144 0 0
 87 1137 0 0
 88 1143 0 0
 89 1143 0 0
 90 1144 0 0
 91 1146 0 0
 92 1142 0 0
 93 1153 0 0
 94 1146 0 0
 95 1141 0 0
 96 1138 0 0
 97 1146 0 0
 98 1148 0 0
 99 1148 0 0
 100 1139 0 0
 101 1142 0 0
 102 1142 0 0
 103 1144 0 0
 104 1143 0 0
 105 1142 0 0
 106 1146 0 0
 107 1143 0 0
 108 1145 0 0
 109 1146 0 0
 110 1144 0 0
 111 1142 0 0
 112 1144 0 0
 113 1146 0 0
 114 1144 0 0
 115 1142 0 0
 116 1143 0 0
 117 1147 0 0
 118 1144 0 0
 119 1145 0 0
 120 1147 0 0
 121 1140 0 0
 122 1145 0 0
 123 1145 0 0
 124 1148 0 0
 125 1149 0 0
 126 1146 0 0
 127 1145 0 0
 128 1148 0 0
 129 1147 0 0
 130 1145 0 0
 131 1146 0 0
 132 1142 0 0
 133 1149 0 0
 134 1142 0 0
 135 1146 0 0
 136 1142 0 0
 137 1148 0 0
 138 1142 0 0
 139 1144 0 0
 140 1146 0 0
 141 1149 0 0
 142 1150 0 0
 143 1148 0 0
 144 1145 0 0
 145 1149 0 0
 146 1144 0 0
 147 1144 0 0
 148 1149 0 0
 149 1145 0 0
 150 1142 0 0
 151 1148 0 0
 152 1146 0 0
 153 1143 0 0
 154 1146 0 0
 155 1142 0 0
 156 1144 0 0
 157 1148 0 0
 158 1141 0 0
 159 1144 0 0
 160 1145 0 0
 161 1152 0 0
 162 1145 0 0
 163 1145 0 0
 164 1142 0 0
 165 1150 0 0
 166 1148 0 0
 167 1142 0 0
 168 1148 0 0
 169 1149 0 0
 170 1147 0 0
 171 1152 0 0
 172 1146 0 0
 173 1147 0 0
 174 1142 0 0
 175 1151 0 0
 176 1148 0 0
 177 1142 0 0
 178 1151 0 0
 179 1143 0 0
 180 1148 0 0
 181 1148 0 0
 182 1143 0 0
 183 1144 0 0
 184 1144 0 0
 185 1142 0 0
 186 1145 0 0
 187 1147 0 0
 188 1146 0 0
 189 1142 0 0
 190 1148 0 0
 191 1148 0 0
 192 1149 0 0
 193 1152 0 0
 194 1141 0 0
 195 1145 0 0
 196 1149 0 0
 197 1148 0 0
 198 1146 0 0
 199 1140 0 0
 200 1144 0 0
 201 1156 0 0
 202 1144 0 0
 203 1141 0 0
 204 1149 0 0
 205 1151 0 0
 206 1151 0 0
 207 1152 0 0
 208 1146 0 0
 209 1144 0 0
 210 1147 0 0
 211 1147 0 0
 212 1142 0 0
 213 1147 0 0
 214 1145 0 0
 215 1147 0 0
 216 1146 0 0
 217 1148 0 0
 218 1152 0 0
 219 1147 0 0
 220 1146 0 0
 221 1144 0 0
 222 1149 0 0
 223 1144 0 0
 224 1141 0 0
 225 1150 0 0
 226 1148 0 0
 227 1157 0 0
 228 1146 0 0
 229 1145 0 0
 230 1144 0 0
 231 1151 0 0
 232 1152 0 0
 233 1148 0 0
 234 1145 0 0
 235 1149 0 0
 236 1150 0 0
 237 1151 0 0
 238 1150 0 0
 239 1148 0 0
 240 1153 0 0
 241 1147 0 0
 242 1150 0 0
 243 1154 0 0
 244 1146 0 0
 245 1148 0 0
 246 1147 0 0
 247 1150 0 0
 248 1153 0 0
 249 1148 0 0
 250 1146 0 0
 251 1150 0 0
 252 1149 0 0
 253 1151 0 0
 254 1152 0 0
 255 1198 0 0
[END] of [DATA]
[END] of [Spectrum]


#TBID:2021-11-09 01:00:00;SAM_84CE;CALIBRATED;

[Spectrum]
Version            = 1
IDData             = 96B1_2021-11-09_01-00-00_000_163
IDDevice           = SAM_84CE
IDDataType         = SPECTRUM
IDDataTypeSub1     = CALIBRATED
IDDataTypeSub2     = 
IDDataTypeSub3     = 
DateTime           = 2021-11-09 01:00:00
PositionLatitude   = 0
PositionLongitude  = 0
Comment            = 
CommentSub1        = 
CommentSub2        = 
CommentSub3        = 
IDMethodType       = SAM Control
MethodName         = SAM_84CE
Mission            = No Mission
MissionSub         = 1
RecordType         = 0
[Attributes]
CalFactor = 1
IDBasisSpec = 
IDDataBack = DLAB_2015-08-21_11-56-43_233_004
IDDataCal = DLAB_2015-08-26_10-05-37_585_478
IntegrationTime = 4096
P31 = -1
P31e = 0
PathLength = +INF
PathLengthCustomOn = 0
RAWDynamic = 65535
Salinity = 0
Temperature = -NAN
Unit1 = $01 $01 Wavelength nm
Unit2 = $03 $06 Intensity mW/(m^2 nm)
Unit3 = $f0 $06 Error mW/(m^2 nm)
Unit4 = $f1 $00 Status 
p999 = 1615
[END] of [Attributes]
[DATA]
 0 11 0 0
 303.485180022 0 0 0
 306.85638880275 0 0 0
 310.228324544 0 0 0
 313.60097308125 0 0 0
 316.97432025 -0.00515376603216288 0 0
 320.34835188575 -0.00330011615728423 0 0
 323.723053824 -0.00291522109315432 0 0
 327.09841190025 -0.000860975120173796 0 0
 330.47441195 -0.00329247834351426 0 0
 333.85103980875 -0.00362507605246331 0 0
 337.228281312 -0.00458178830906625 0 0
 340.60612229525 -0.00307167221393099 0 0
 343.984548594 -0.00223571961216029 0 0
 347.36354604375 -0.00317710382043441 0 0
 350.74310048 -0.00118964423058692 0 0
 354.12319773825 -0.00106539634058486 0 0
 357.503823654 -0.000914990964757084 0 0
 360.88496406275 -0.00155038728973522 0 0
 364.2666048 -0.000201691871548489 0 0
 367.64873170125 -0.00213434351500832 0 0
 371.031330602 -0.00158450689482805 0 0
 374.41438733775 -0.00119455786422819 0 0
 377.797887744 -0.00268683013173549 0 0
 381.18181765625 -0.00046492074318945 0 0
 384.56616291 -0.00216946934212019 0 0
 387.95090934075 -0.00253010650317558 0 0
 391.336042784 -0.00179136415480162 0 0
 394.72154907525 -0.000959566465877154 0 0
 398.10741405 -0.00121566398584132 0 0
 401.49362354375 -0.000730559859535229 0 0
 404.880163392 -0.00236480496339908 0 0
 408.26701943025 -0.000929662651869846 0 0
 411.654177494 -0.000483266495655111 0 0
 415.04162341875 -0.000794678292356893 0 0
 418.42934304 -0.000140722934791721 0 0
 421.81732219325 -0.000932061368294293 0 0
 425.205546714 0.00075828122268609 0 0
 428.59400243775 -0.00116199348926412 0 0
 431.9826752 -0.000452520400255403 0 0
 435.37155083625 -0.000628162831414553 0 0
 438.760615182 -9.08630561196234e-005 0 0
 442.14985407275 -0.00065891353319408 0 0
 445.539253344 -0.000679655952565158 0 0
 448.92879883125 -0.000230002553669609 0 0
 452.31847637 0.000920592609435805 0 0
 455.70827179575 -0.000767353665979702 0 0
 459.098170944 -0.00128966445634897 0 0
 462.48815965025 -0.000404807524873023 0 0
 465.87822375 -7.15806311377663e-006 0 0
 469.26834907875 -0.000900948683512745 0 0
 472.658521472 -0.000292018136885647 0 0
 476.04872676525 -0.000648726550935075 0 0
 479.438950794 -0.000102676708387479 0 0
 482.82917939375 -0.000749779923353247 0 0
 486.2193984 -8.08122736414828e-005 0 0
 489.60959364825 0.000394871144064862 0 0
 492.999750974 -0.000237726449360895 0 0
 496.38985621275 -0.000481064905674312 0 0
 499.7798952 0.000632013427729403 0 0
 503.16985377125 -0.000142047264665577 0 0
 506.559717762 -0.000224541444990379 0 0
 509.94947300775 -0.00162152636992106 0 0
 513.339105344 -0.000421999860450208 0 0
 516.72860060625 -0.000749806613007151 0 0
 520.11794463 -8.23892236130438e-005 0 0
 523.50712325075 -0.00129611892823525 0 0
 526.896122304 -0.000142283969564233 0 0
 530.28492762525 -0.000708701906402129 0 0
 533.67352505 0.000131558310233951 0 0
 537.06190041375 0.000927256186884724 0 0
 540.450039552 0.000193426770301557 0 0
 543.83792830025 -0.000405357789941933 0 0
 547.225552494 -0.000416429244687712 0 0
 550.61289796875 -9.95776000165206e-005 0 0
 553.99995056 0.000109348556337738 0 0
 557.38669610325 -0.00154265835171742 0 0
 560.773120434 -0.000168121637564302 0 0
 564.15920938775 0.000535133309175648 0 0
 567.5449488 -0.000239574474155634 0 0
 570.93032450625 -0.000191341077221617 0 0
 574.315322342 -0.00017707625289976 0 0
 577.69992814275 9.06978083749915e-005 0 0
 581.084127744 0.00012259045547616 0 0
 584.46790698125 2.58264165473883e-006 0 0
 587.85125169 0.000264267443547266 0 0
 591.23414770575 2.86157056479972e-005 0 0
 594.616580864 -0.0010962589567415 0 0
 597.99853700025 5.84850265473679e-005 0 0
 601.38000195 2.25305444899552e-005 0 0
 604.76096154875 -0.000909368233057073 0 0
 608.141401632 -0.000421891072988757 0 0
 611.52130803525 -0.000759137013731764 0 0
 614.900666594 8.15797105421856e-005 0 0
 618.27946314375 0.000205876185600356 0 0
 621.65768352 -1.48293197868506e-005 0 0
 625.03531355825 -0.000507708585233902 0 0
 628.412339094 -0.000366373702213179 0 0
 631.78874596275 -0.000685225343986336 0 0
 635.16452 -0.000437432209548547 0 0
 638.53964704125 -0.00188566297340468 0 0
 641.914112922 -0.000649162190814882 0 0
 645.28790347775 -0.00125242459803924 0 0
 648.661004544 -0.00120756473756186 0 0
 652.03340195625 -0.00069324816189121 0 0
 655.40508155 -0.00189347566186214 0 0
 658.77602916075 -0.00053725382307388 0 0
 662.146230624 -0.000539519070233881 0 0
 665.51567177525 -0.000104903228459996 0 0
 668.88433845 -0.00181223860170953 0 0
 672.25221648375 -0.000458935520806608 0 0
 675.619291712 -0.00280928700943674 0 0
 678.98554997025 -0.00102928504399127 0 0
 682.350977094 0.000278038342504577 0 0
 685.71555891875 -0.00110595521027128 0 0
 689.07928128 -0.000922455644263831 0 0
 692.44213001325 -8.90066564845529e-005 0 0
 695.804090954 -0.00087155936630603 0 0
 699.16514993775 -0.00102504323747812 0 0
 702.5252928 -0.00100828487556312 0 0
 705.88450537625 -0.000786828212043511 0 0
 709.242773502 -0.00150247025700734 0 0
 712.60008301275 -0.00124853946542193 0 0
 715.956419744 -0.000340565246247987 0 0
 719.31176953125 9.34811520463057e-005 0 0
 722.66611821 0.00060066861546137 0 0
 726.01945161575 -0.00178853954866848 0 0
 729.371755584 -4.84043924245957e-005 0 0
 732.72301595025 -9.3440004457633e-005 0 0
 736.07321855 5.03785494660973e-005 0 0
 739.42234921875 0.000355374030169705 0 0
 742.770393792 -0.00220825959935224 0 0
 746.11733810525 -0.000998121552342254 0 0
 749.463167994 0.000486966396312943 0 0
 752.80786929375 -0.00129142827107262 0 0
 756.15142784 -0.000659377463273954 0 0
 759.49382946825 -0.00127925447592494 0 0
 762.835060014 -0.00129446788284771 0 0
 766.17510531275 0.000326131916859388 0 0
 769.5139512 -0.00214831741634562 0 0
 772.85158351125 0.000705460013612601 0 0
 776.187988082 0.00015884068596171 0 0
 779.52315074775 0.00118768784988503 0 0
 782.857057344 0.000192700635575159 0 0
 786.18969370625 -0.000947256636260492 0 0
 789.52104567 -0.00232312843010172 0 0
 792.85109907075 -0.00267313073029649 0 0
 796.179839744 0.000691742399789288 0 0
 799.50725352525 -0.000375127565986364 0 0
 802.83332625 -0.000286295802235701 0 0
 806.15804375375 -0.00100180681005173 0 0
 809.481391872 0.00150841430165453 0 0
 812.80335644025 0.000497537986476204 0 0
 816.123923294 -0.00284683310317127 0 0
 819.44307826875 -0.000842145925967449 0 0
 822.7608072 -0.00232246325589414 0 0
 826.07709592325 -0.00107658531329762 0 0
 829.391930274 -0.000659366020752076 0 0
 832.70529608775 -0.00102744358745252 0 0
 836.0171792 -0.00273879283018223 0 0
 839.32756544625 -0.00286131405426797 0 0
 842.636440662 -0.000230894043881183 0 0
 845.94379068275 -0.0029977852744552 0 0
 849.249601344 -0.00260275110076151 0 0
 852.55385848125 -0.00499981380483627 0 0
 855.85654793 0.00177713177153823 0 0
 859.15765552575 0.00111167050849594 0 0
 862.457167104 -0.00479991355683234 0 0
 865.75506850025 -1.61539171627717e-005 0 0
 869.05134555 -0.00232206857237875 0 0
 872.34598408875 -0.00476324287788754 0 0
 875.638969952 -0.00176659399871595 0 0
 878.93028897525 -0.00440957272938183 0 0
 882.219926994 -0.00280365035599456 0 0
 885.50786984375 -0.00375999389937656 0 0
 888.79410336 -0.000144853735517321 0 0
 892.07861337825 -0.00269178811123827 0 0
 895.361385734 -0.0092886019493672 0 0
 898.64240626275 -0.00316070957421561 0 0
 901.9216608 -0.0104997870897401 0 0
 905.19913518125 -0.00641941345177297 0 0
 908.474815242 -0.00475127669693956 0 0
 911.74868681775 -0.00981139707230829 0 0
 915.020735744 0.0015469892430241 0 0
 918.29094785625 -0.000629633101036976 0 0
 921.55930899 -0.012120024916014 0 0
 924.82580498075 -0.0129257928697892 0 0
 928.090421664 -0.0129439241774417 0 0
 931.35314487525 -0.00562592233256256 0 0
 934.61396045 -0.0136954294256528 0 0
 937.87285422375 -0.00406093660038447 0 0
 941.129812032 -0.0106312645883673 0 0
 944.38481971025 -0.0019999608205448 0 0
 947.637863094 0.00334820098016904 0 0
 950.88892801875 -0.0178443060551001 0 0
 954.13800032 0 0 0
 957.38506583325 0 0 0
 960.630110394 0 0 0
 963.87311983775 0 0 0
 967.11408 0 0 0
 970.35297671625 0 0 0
 973.589795822 0 0 0
 976.82452315275 0 0 0
 980.057144544 0 0 0
 983.28764583125 0 0 0
 986.51601285 0 0 0
 989.74223143575 0 0 0
 992.966287424 0 0 0
 996.18816665025 0 0 0
 999.40785495 0 0 0
 1002.62533815875 0 0 0
 1005.840602112 0 0 0
 1009.05363264525 0 0 0
 1012.264415594 0 0 0
 1015.47293679375 0 0 0
 1018.67918208 0 0 0
 1021.88313728825 0 0 0
 1025.084788254 0 0 0
 1028.28412081275 0 0 0
 1031.4811208 0 0 0
 1034.67577405125 0 0 0
 1037.868066402 0 0 0
 1041.05798368775 0 0 0
 1044.245511744 0 0 0
 1047.43063640625 0 0 0
 1050.61334351 0 0 0
 1053.79361889075 0 0 0
 1056.971448384 0 0 0
 1060.14681782525 0 0 0
 1063.31971305 0 0 0
 1066.49011989375 0 0 0
 1069.658024192 0 0 0
 1072.82341178025 0 0 0
 1075.986268494 0 0 0
 1079.14658016875 0 0 0
 1082.30433264 0 0 0
 1085.45951174325 0 0 0
 1088.612103314 0 0 0
 1091.76209318775 0 0 0
 1094.9094672 0 0 0
 1098.05421118625 0 0 0
 1101.196310982 0 0 0
 1104.33575242275 0 0 0
 1107.472521344 0 0 0
 1110.60660358125 0 0 0
 1113.73798497 0 0 0
 1116.86665134575 0 0 0
 1119.992588544 0 0 0
 1123.11578240025 0 0 0
 1126.23621875 0 0 0
 1129.35388342875 0 0 0
 1132.468762272 0 0 0
 1135.58084111525 0 0 0
 1138.690105794 0 0 0
 1141.79654214375 0 0 0
 1144.900136 0 0 0
[END] of [DATA]
[END] of [Spectrum]


#TBID:2021-11-09 01:00:00;SAM_84C8;RAW;

[Spectrum]
Version            = 1
IDData             = 96B1_2021-11-09_01-00-00_000_165
IDDevice           = SAM_84C8
IDDataType         = SPECTRUM
IDDataTypeSub1     = RAW
IDDataTypeSub2     = 
IDDataTypeSub3     = 
DateTime           = 2021-11-09 01:00:00
PositionLatitude   = 0
PositionLongitude  = 0
Comment            = 
CommentSub1        = 
CommentSub2        = 
CommentSub3        = 
IDMethodType       = SAM Control
MethodName         = SAM_84C8
Mission            = No Mission
MissionSub         = 1
RecordType         = 0
[Attributes]
CalFactor = 1
IDBasisSpec = 
IDDataBack = DLAB_2015-08-21_12-14-03_013_778
IDDataCal = DLAB_2015-08-24_11-04-47_772_747
IntegrationTime = 4096
P31 = -1
P31e = 0
PathLength = +INF
PathLengthCustomOn = 0
RAWDynamic = 65535
Salinity = 0
Temperature = -NAN
Unit1 = $05 $00 Pixel 
Unit2 = $03 $05 Intensity counts
Unit3 = $f0 $05 Error counts
Unit4 = $f1 $00 Status 
p999 = 1615
[END] of [Attributes]
[DATA]
 0 11 0 0
 1 1112 0 0
 2 1103 0 0
 3 1112 0 0
 4 1114 0 0
 5 1105 0 0
 6 1112 0 0
 7 1108 0 0
 8 1107 0 0
 9 1106 0 0
 10 1110 0 0
 11 1114 0 0
 12 1111 0 0
 13 1110 0 0
 14 1108 0 0
 15 1111 0 0
 16 1110 0 0
 17 1115 0 0
 18 1110 0 0
 19 1105 0 0
 20 1118 0 0
 21 1115 0 0
 22 1112 0 0
 23 1118 0 0
 24 1114 0 0
 25 1109 0 0
 26 1112 0 0
 27 1114 0 0
 28 1113 0 0
 29 1115 0 0
 30 1115 0 0
 31 1110 0 0
 32 1112 0 0
 33 1115 0 0
 34 1110 0 0
 35 1106 0 0
 36 1118 0 0
 37 1118 0 0
 38 1118 0 0
 39 1114 0 0
 40 1116 0 0
 41 1116 0 0
 42 1117 0 0
 43 1116 0 0
 44 1115 0 0
 45 1116 0 0
 46 1114 0 0
 47 1120 0 0
 48 1116 0 0
 49 1116 0 0
 50 1116 0 0
 51 1114 0 0
 52 1114 0 0
 53 1118 0 0
 54 1112 0 0
 55 1121 0 0
 56 1117 0 0
 57 1118 0 0
 58 1119 0 0
 59 1122 0 0
 60 1120 0 0
 61 1118 0 0
 62 1126 0 0
 63 1121 0 0
 64 1115 0 0
 65 1124 0 0
 66 1112 0 0
 67 1121 0 0
 68 1119 0 0
 69 1116 0 0
 70 1119 0 0
 71 1123 0 0
 72 1121 0 0
 73 1124 0 0
 74 1119 0 0
 75 1123 0 0
 76 1121 0 0
 77 1123 0 0
 78 1124 0 0
 79 1123 0 0
 80 1125 0 0
 81 1126 0 0
 82 1121 0 0
 83 1121 0 0
 84 1121 0 0
 85 1121 0 0
 86 1122 0 0
 87 1128 0 0
 88 1124 0 0
 89 1126 0 0
 90 1127 0 0
 91 1127 0 0
 92 1126 0 0
 93 1121 0 0
 94 1121 0 0
 95 1125 0 0
 96 1127 0 0
 97 1124 0 0
 98 1124 0 0
 99 1122 0 0
 100 1124 0 0
 101 1130 0 0
 102 1126 0 0
 103 1122 0 0
 104 1123 0 0
 105 1128 0 0
 106 1124 0 0
 107 1124 0 0
 108 1125 0 0
 109 1123 0 0
 110 1126 0 0
 111 1130 0 0
 112 1125 0 0
 113 1122 0 0
 114 1125 0 0
 115 1122 0 0
 116 1131 0 0
 117 1123 0 0
 118 1122 0 0
 119 1127 0 0
 120 1124 0 0
 121 1127 0 0
 122 1126 0 0
 123 1128 0 0
 124 1123 0 0
 125 1126 0 0
 126 1122 0 0
 127 1126 0 0
 128 1122 0 0
 129 1124 0 0
 130 1125 0 0
 131 1130 0 0
 132 1124 0 0
 133 1146 0 0
 134 1124 0 0
 135 1132 0 0
 136 1124 0 0
 137 1128 0 0
 138 1125 0 0
 139 1130 0 0
 140 1122 0 0
 141 1126 0 0
 142 1129 0 0
 143 1128 0 0
 144 1123 0 0
 145 1130 0 0
 146 1130 0 0
 147 1128 0 0
 148 1128 0 0
 149 1127 0 0
 150 1126 0 0
 151 1130 0 0
 152 1129 0 0
 153 1122 0 0
 154 1124 0 0
 155 1122 0 0
 156 1120 0 0
 157 1127 0 0
 158 1134 0 0
 159 1130 0 0
 160 1127 0 0
 161 1122 0 0
 162 1124 0 0
 163 1129 0 0
 164 1129 0 0
 165 1129 0 0
 166 1129 0 0
 167 1130 0 0
 168 1128 0 0
 169 1126 0 0
 170 1120 0 0
 171 1122 0 0
 172 1126 0 0
 173 1117 0 0
 174 1125 0 0
 175 1126 0 0
 176 1123 0 0
 177 1130 0 0
 178 1123 0 0
 179 1129 0 0
 180 1128 0 0
 181 1128 0 0
 182 1126 0 0
 183 1130 0 0
 184 1121 0 0
 185 1129 0 0
 186 1129 0 0
 187 1125 0 0
 188 1125 0 0
 189 1128 0 0
 190 1121 0 0
 191 1125 0 0
 192 1124 0 0
 193 1122 0 0
 194 1125 0 0
 195 1128 0 0
 196 1123 0 0
 197 1124 0 0
 198 1129 0 0
 199 1127 0 0
 200 1126 0 0
 201 1123 0 0
 202 1127 0 0
 203 1120 0 0
 204 1130 0 0
 205 1126 0 0
 206 1121 0 0
 207 1123 0 0
 208 1120 0 0
 209 1123 0 0
 210 1118 0 0
 211 1122 0 0
 212 1122 0 0
 213 1126 0 0
 214 1124 0 0
 215 1126 0 0
 216 1127 0 0
 217 1128 0 0
 218 1126 0 0
 219 1128 0 0
 220 1126 0 0
 221 1128 0 0
 222 1125 0 0
 223 1130 0 0
 224 1130 0 0
 225 1122 0 0
 226 1123 0 0
 227 1126 0 0
 228 1123 0 0
 229 1119 0 0
 230 1126 0 0
 231 1127 0 0
 232 1128 0 0
 233 1122 0 0
 234 1124 0 0
 235 1126 0 0
 236 1128 0 0
 237 1124 0 0
 238 1124 0 0
 239 1120 0 0
 240 1122 0 0
 241 1128 0 0
 242 1124 0 0
 243 1129 0 0
 244 1123 0 0
 245 1122 0 0
 246 1127 0 0
 247 1123 0 0
 248 1121 0 0
 249 1126 0 0
 250 1124 0 0
 251 1122 0 0
 252 1122 0 0
 253 1124 0 0
 254 1128 0 0
 255 1172 0 0
[END] of [DATA]
[END] of [Spectrum]


#TBID:2021-11-09 01:00:00;SAM_84C8;CALIBRATED;

[Spectrum]
Version            = 1
IDData             = 96B1_2021-11-09_01-00-00_000_166
IDDevice           = SAM_84C8
IDDataType         = SPECTRUM
IDDataTypeSub1     = CALIBRATED
IDDataTypeSub2     = 
IDDataTypeSub3     = 
DateTime           = 2021-11-09 01:00:00
PositionLatitude   = 0
PositionLongitude  = 0
Comment            = 
CommentSub1        = 
CommentSub2        = 
CommentSub3        = 
IDMethodType       = SAM Control
MethodName         = SAM_84C8
Mission            = No Mission
MissionSub         = 1
RecordType         = 0
[Attributes]
CalFactor = 1
IDBasisSpec = 
IDDataBack = DLAB_2015-08-21_12-14-03_013_778
IDDataCal = DLAB_2015-08-24_11-04-47_772_747
IntegrationTime = 4096
P31 = -1
P31e = 0
PathLength = +INF
PathLengthCustomOn = 0
RAWDynamic = 65535
Salinity = 0
Temperature = -NAN
Unit1 = $01 $01 Wavelength nm
Unit2 = $03 $03 Intensity mW/(m^2 nm Sr)
Unit3 = $f0 $03 Error mW/(m^2 nm Sr)
Unit4 = $f1 $00 Status 
p999 = 1615
[END] of [Attributes]
[DATA]
 0 11 0 0
 303.516048156 0 0 0
 306.890006053 0 0 0
 310.26457112 0 0 0
 313.639731825 0 0 0
 317.015476636 -0.000562047602923806 0 0
 320.391794021 -0.000324843887377337 0 0
 323.768672448 -0.0002892994827881 0 0
 327.146100385 -0.000234671805970122 0 0
 330.5240663 -0.00031048887894843 0 0
 333.902558661 4.19947615159475e-005 0 0
 337.281565936 -0.000119687085098652 0 0
 340.661076593 -0.00030623206736107 0 0
 344.0410791 -8.90771899536376e-005 0 0
 347.421561925 -0.000137582504640374 0 0
 350.802513536 -0.000126984505538834 0 0
 354.183922401 -0.000144823954095275 0 0
 357.565776988 -8.3616603281851e-005 0 0
 360.948065765 -0.000143216336634698 0 0
 364.3307772 -0.000241712150896404 0 0
 367.713899761 6.1374754569583e-005 0 0
 371.097421916 -4.25658401249244e-005 0 0
 374.481332133 -0.00013356549418605 0 0
 377.86561888 -2.97030582136457e-005 0 0
 381.250270625 -0.00014586912724686 0 0
 384.635275836 -0.000182080823173005 0 0
 388.020622981 3.00511365677087e-005 0 0
 391.406300528 -2.97851318223074e-005 0 0
 394.792296945 -0.000128250457100056 0 0
 398.1786007 -3.90860961688795e-005 0 0
 401.565200261 -0.000108772421241278 0 0
 404.952084096 -0.000141953952552955 0 0
 408.339240673 -9.96140819615598e-005 0 0
 411.72665846 2.69364678148114e-005 0 0
 415.114325925 -6.25786383967863e-005 0 0
 418.502231536 -9.33772348710434e-005 0 0
 421.890363761 1.62128922406754e-006 0 0
 425.278711068 -0.000145239693184925 0 0
 428.667261925 -9.722247254974e-006 0 0
 432.0560048 2.96871277411791e-005 0 0
 435.444928161 1.98769344844251e-005 0 0
 438.834020476 -2.20502051911395e-005 0 0
 442.223270213 2.57750034676331e-005 0 0
 445.61266584 -2.58700295992352e-005 0 0
 449.002195825 2.12565675192788e-005 0 0
 452.391848636 -6.9715900759632e-005 0 0
 455.781612741 -4.80991584179375e-005 0 0
 459.171476608 4.52046917281248e-005 0 0
 462.561428705 -4.62295040245211e-005 0 0
 465.9514575 -9.40154954141857e-005 0 0
 469.341551461 2.0096354446175e-005 0 0
 472.731699056 -8.5153676797633e-005 0 0
 476.121888753 -7.81641872949152e-005 0 0
 479.51210902 8.81089730171008e-006 0 0
 482.902348325 6.81125452315742e-005 0 0
 486.292595136 4.05367511874015e-005 0 0
 489.682837921 -4.05179011181159e-005 0 0
 493.073065148 -8.23305840611362e-005 0 0
 496.463265285 2.78953010694081e-005 0 0
 499.8534268 0.00014625204780853 0 0
 503.243538161 7.68223333371671e-005 0 0
 506.633587836 2.49933178749959e-006 0 0
 510.023564293 -5.07057699735992e-005 0 0
 513.413456 -1.65879356382731e-005 0 0
 516.803251425 4.26956684828711e-005 0 0
 520.192939036 0.000110583529502044 0 0
 523.582507301 -0.000120830185098285 0 0
 526.971944688 2.25705812573584e-005 0 0
 530.361239665 -5.48186296770257e-005 0 0
 533.7503807 -9.85415198160046e-006 0 0
 537.139356261 -5.54491775690286e-005 0 0
 540.528154816 3.40574777591414e-005 0 0
 543.916764833 -5.29109104137147e-005 0 0
 547.30517478 5.33047976287425e-005 0 0
 550.693373125 8.27048582383334e-006 0 0
 554.081348336 2.53697100681522e-005 0 0
 557.469088881 7.93079201636822e-006 0 0
 560.856583228 2.88586743610411e-005 0 0
 564.243819845 4.10366102094188e-005 0 0
 567.6307872 1.94603153125206e-005 0 0
 571.017473761 4.95923028934389e-005 0 0
 574.403867996 9.510691722959e-005 0 0
 577.789958373 -6.31637051702782e-005 0 0
 581.17573336 -2.98141275514675e-005 0 0
 584.561181425 -5.10292374925437e-005 0 0
 587.946291036 3.84510278926626e-005 0 0
 591.331050661 3.79321899624996e-005 0 0
 594.715448768 6.50956299855149e-005 0 0
 598.099473825 6.1783384267672e-005 0 0
 601.4831143 0.000116424352586741 0 0
 604.866358661 -2.27314023803176e-006 0 0
 608.249195376 5.10696317540656e-005 0 0
 611.631612913 4.31563419774559e-005 0 0
 615.01359974 5.84576192195695e-005 0 0
 618.395144325 -0.000101254436453729 0 0
 621.776235136 6.4488608256184e-005 0 0
 625.156860641 3.42215865445854e-006 0 0
 628.537009308 4.37118551086142e-005 0 0
 631.916669605 6.52492461470512e-005 0 0
 635.29583 6.02366442196589e-005 0 0
 638.674478961 -8.20719185129763e-005 0 0
 642.052604956 -4.36537255950901e-005 0 0
 645.430196453 1.05634424526219e-005 0 0
 648.80724192 2.69654577358844e-005 0 0
 652.183729825 3.61381746538198e-005 0 0
 655.559648636 -1.69071290907338e-005 0 0
 658.934986821 9.22365122720063e-005 0 0
 662.309732848 4.44211332799634e-005 0 0
 665.683875185 0.000170830496759665 0 0
 669.0574023 8.52664633701714e-005 0 0
 672.430302661 -6.44598740023615e-005 0 0
 675.802564736 -0.000125965540876829 0 0
 679.174176993 8.96010410265351e-006 0 0
 682.5451279 -5.52361668211036e-005 0 0
 685.915405925 4.02056223638065e-005 0 0
 689.284999536 -0.000163071355855817 0 0
 692.653897201 -2.08509124557216e-005 0 0
 696.022087388 3.90603228932526e-005 0 0
 699.389558565 3.79992956386947e-005 0 0
 702.7562992 -4.18997115882632e-005 0 0
 706.122297761 0.000154094122722313 0 0
 709.487542716 8.2844690261128e-005 0 0
 712.852022533 0.000200291754177634 0 0
 716.21572568 0.000188786210911151 0 0
 719.578640625 9.95110077927567e-005 0 0
 722.940755836 6.02057655950955e-005 0 0
 726.302059781 -3.22559464689581e-005 0 0
 729.662540928 -0.000154012088399826 0 0
 733.022187745 4.17653205554709e-005 0 0
 736.3809887 -3.41741424382927e-005 0 0
 739.738932261 0.000149063889842169 0 0
 743.096006896 9.65783561435548e-005 0 0
 746.452201073 -1.83347015362169e-005 0 0
 749.80750326 -0.000950610548076556 0 0
 753.161901925 -9.42682145344286e-005 0 0
 756.515385536 0.000242189491520839 0 0
 759.867942561 2.46753850645441e-005 0 0
 763.219561468 4.83961609254648e-005 0 0
 766.570230725 0.000121568212879309 0 0
 769.9199388 8.9717652013011e-006 0 0
 773.268674161 -5.33405291591052e-005 0 0
 776.616425276 0.000146862149069912 0 0
 779.963180613 7.31828941615784e-005 0 0
 783.30892864 0.000135861907336883 0 0
 786.653657825 -0.000236042936096787 0 0
 789.997356636 9.96823008046804e-005 0 0
 793.340013541 0.000103061903191566 0 0
 796.681617008 0.000242758740996012 0 0
 800.022155505 4.8841250129477e-005 0 0
 803.3616175 0.000202036764813765 0 0
 806.699991461 0.000113055106378541 0 0
 810.037265856 0.000212658739446473 0 0
 813.373429153 1.7876586610544e-005 0 0
 816.70846982 -2.75270393293424e-005 0 0
 820.042376325 0.000166587632728591 0 0
 823.375137136 0.000180793076436822 0 0
 826.706740721 -0.000219434968181512 0 0
 830.037175548 9.04420587126397e-006 0 0
 833.366430085 0.000439965693833157 0 0
 836.6944928 0.000443313499535384 0 0
 840.021352161 9.46562328344299e-006 0 0
 843.346996636 -3.30681663789158e-005 0 0
 846.671414693 -9.85382415932151e-005 0 0
 849.9945948 0.000341632634793335 0 0
 853.316525425 0.000746545532517877 0 0
 856.637195036 9.51320636174845e-005 0 0
 859.956592101 0.000274212635411526 0 0
 863.274705088 9.52304799186679e-005 0 0
 866.591522465 0.000141240561434134 0 0
 869.9070327 0.000322242808794397 0 0
 873.221224261 -0.000602725979627226 0 0
 876.534085616 -1.70526251953244e-005 0 0
 879.845605233 5.79110289836682e-005 0 0
 883.15577158 0.000335694175958503 0 0
 886.464573125 0.000529231335113732 0 0
 889.771998336 -0.000455906380415729 0 0
 893.078035681 0.000171820966515567 0 0
 896.382673628 0.000791680316761616 0 0
 899.685900645 0.000387618280181252 0 0
 902.9877052 0.000472008796986939 0 0
 906.288075761 1.43563343911381e-005 0 0
 909.587000796 0.000289424781825264 0 0
 912.884468773 7.39255246238468e-005 0 0
 916.18046816 0.000752255508175338 0 0
 919.474987425 0.000337144321216398 0 0
 922.768015036 0.000566005443282818 0 0
 926.059539461 0.00126788793748294 0 0
 929.349549168 -0.000855451317146051 0 0
 932.638032625 0.000493382990214329 0 0
 935.9249783 0.00102671044498674 0 0
 939.210374661 0.00101098923147291 0 0
 942.494210176 0.000327103491028687 0 0
 945.776473313 -0.000854867858161643 0 0
 949.05715254 0.00151848684148586 0 0
 952.336236325 -0.000261302165332879 0 0
 955.613713136 0 0 0
 958.889571441 0 0 0
 962.163799708 0 0 0
 965.436386405 0 0 0
 968.70732 0 0 0
 971.976588961 0 0 0
 975.244181756 0 0 0
 978.510086853 0 0 0
 981.77429272 0 0 0
 985.036787825 0 0 0
 988.297560636 0 0 0
 991.556599621 0 0 0
 994.813893248 0 0 0
 998.069429985 0 0 0
 1001.3231983 0 0 0
 1004.575186661 0 0 0
 1007.825383536 0 0 0
 1011.073777393 0 0 0
 1014.3203567 0 0 0
 1017.565109925 0 0 0
 1020.808025536 0 0 0
 1024.049092001 0 0 0
 1027.288297788 0 0 0
 1030.525631365 0 0 0
 1033.7610812 0 0 0
 1036.994635761 0 0 0
 1040.226283516 0 0 0
 1043.456012933 0 0 0
 1046.68381248 0 0 0
 1049.909670625 0 0 0
 1053.133575836 0 0 0
 1056.355516581 0 0 0
 1059.575481328 0 0 0
 1062.793458545 0 0 0
 1066.0094367 0 0 0
 1069.223404261 0 0 0
 1072.435349696 0 0 0
 1075.645261473 0 0 0
 1078.85312806 0 0 0
 1082.058937925 0 0 0
 1085.262679536 0 0 0
 1088.464341361 0 0 0
 1091.663911868 0 0 0
 1094.861379525 0 0 0
 1098.0567328 0 0 0
 1101.249960161 0 0 0
 1104.441050076 0 0 0
 1107.629991013 0 0 0
 1110.81677144 0 0 0
 1114.001379825 0 0 0
 1117.183804636 0 0 0
 1120.364034341 0 0 0
 1123.542057408 0 0 0
 1126.717862305 0 0 0
 1129.8914375 0 0 0
 1133.062771461 0 0 0
 1136.231852656 0 0 0
 1139.398669553 0 0 0
 1142.56321062 0 0 0
 1145.725464325 0 0 0
 1148.885419136 0 0 0
[END] of [DATA]
[END] of [Spectrum]

