
#TBID:2021-11-28 00:30:00;SAM_84DC;RAW;

[Spectrum]
Version            = 1
IDData             = 96B1_2021-11-28_00-30-00_000_562
IDDevice           = SAM_84DC
IDDataType         = SPECTRUM
IDDataTypeSub1     = RAW
IDDataTypeSub2     = 
IDDataTypeSub3     = 
DateTime           = 2021-11-28 00:30:00
PositionLatitude   = 0
PositionLongitude  = 0
Comment            = 
CommentSub1        = 
CommentSub2        = 
CommentSub3        = 
IDMethodType       = SAM Control
MethodName         = SAM_84DC
Mission            = No Mission
MissionSub         = 1
RecordType         = 0
[Attributes]
CalFactor = 1
IDBasisSpec = 
IDDataBack = DLAB_2015-08-21_13-19-54_137_939
IDDataCal = DLAB_2015-08-24_10-46-55_592_608
IntegrationTime = 4096
P31 = -1
P31e = 0
PathLength = +INF
PathLengthCustomOn = 0
RAWDynamic = 65535
Salinity = 0
Temperature = -NAN
Unit1 = $05 $00 Pixel 
Unit2 = $03 $05 Intensity counts
Unit3 = $f0 $05 Error counts
Unit4 = $f1 $00 Status 
p999 = 755
[END] of [Attributes]
[DATA]
 0 11 0 0
 1 1206 0 0
 2 1196 0 0
 3 1207 0 0
 4 1205 0 0
 5 1205 0 0
 6 1198 0 0
 7 1200 0 0
 8 1207 0 0
 9 1205 0 0
 10 1207 0 0
 11 1203 0 0
 12 1210 0 0
 13 1208 0 0
 14 1211 0 0
 15 1204 0 0
 16 1208 0 0
 17 1206 0 0
 18 1201 0 0
 19 1204 0 0
 20 1210 0 0
 21 1206 0 0
 22 1210 0 0
 23 1208 0 0
 24 1214 0 0
 25 1209 0 0
 26 1204 0 0
 27 1210 0 0
 28 1204 0 0
 29 1208 0 0
 30 1209 0 0
 31 1210 0 0
 32 1213 0 0
 33 1205 0 0
 34 1208 0 0
 35 1213 0 0
 36 1211 0 0
 37 1207 0 0
 38 1209 0 0
 39 1209 0 0
 40 1212 0 0
 41 1215 0 0
 42 1209 0 0
 43 1210 0 0
 44 1216 0 0
 45 1207 0 0
 46 1206 0 0
 47 1215 0 0
 48 1211 0 0
 49 1208 0 0
 50 1212 0 0
 51 1212 0 0
 52 1209 0 0
 53 1212 0 0
 54 1209 0 0
 55 1215 0 0
 56 1212 0 0
 57 1208 0 0
 58 1211 0 0
 59 1213 0 0
 60 1214 0 0
 61 1210 0 0
 62 1213 0 0
 63 1217 0 0
 64 1209 0 0
 65 1214 0 0
 66 1203 0 0
 67 1212 0 0
 68 1208 0 0
 69 1212 0 0
 70 1214 0 0
 71 1212 0 0
 72 1218 0 0
 73 1209 0 0
 74 1212 0 0
 75 1210 0 0
 76 1212 0 0
 77 1210 0 0
 78 1208 0 0
 79 1213 0 0
 80 1215 0 0
 81 1214 0 0
 82 1214 0 0
 83 1216 0 0
 84 1209 0 0
 85 1220 0 0
 86 1210 0 0
 87 1211 0 0
 88 1213 0 0
 89 1218 0 0
 90 1214 0 0
 91 1215 0 0
 92 1209 0 0
 93 1212 0 0
 94 1214 0 0
 95 1214 0 0
 96 1211 0 0
 97 1215 0 0
 98 1209 0 0
 99 1210 0 0
 100 1208 0 0
 101 1212 0 0
 102 1211 0 0
 103 1209 0 0
 104 1212 0 0
 105 1218 0 0
 106 1211 0 0
 107 1220 0 0
 108 1208 0 0
 109 1208 0 0
 110 1212 0 0
 111 1218 0 0
 112 1211 0 0
 113 1213 0 0
 114 1210 0 0
 115 1214 0 0
 116 1213 0 0
 117 1216 0 0
 118 1206 0 0
 119 1212 0 0
 120 1215 0 0
 121 1215 0 0
 122 1216 0 0
 123 1213 0 0
 124 1211 0 0
 125 1218 0 0
 126 1213 0 0
 127 1214 0 0
 128 1212 0 0
 129 1214 0 0
 130 1214 0 0
 131 1210 0 0
 132 1214 0 0
 133 1214 0 0
 134 1213 0 0
 135 1214 0 0
 136 1212 0 0
 137 1221 0 0
 138 1211 0 0
 139 1215 0 0
 140 1212 0 0
 141 1216 0 0
 142 1212 0 0
 143 1211 0 0
 144 1205 0 0
 145 1213 0 0
 146 1218 0 0
 147 1216 0 0
 148 1216 0 0
 149 1214 0 0
 150 1206 0 0
 151 1209 0 0
 152 1209 0 0
 153 1212 0 0
 154 1214 0 0
 155 1216 0 0
 156 1213 0 0
 157 1215 0 0
 158 1210 0 0
 159 1217 0 0
 160 1213 0 0
 161 1214 0 0
 162 1213 0 0
 163 1206 0 0
 164 1211 0 0
 165 1214 0 0
 166 1219 0 0
 167 1212 0 0
 168 1210 0 0
 169 1218 0 0
 170 1209 0 0
 171 1216 0 0
 172 1211 0 0
 173 1216 0 0
 174 1211 0 0
 175 1216 0 0
 176 1212 0 0
 177 1213 0 0
 178 1211 0 0
 179 1212 0 0
 180 1214 0 0
 181 1215 0 0
 182 1215 0 0
 183 1216 0 0
 184 1208 0 0
 185 1216 0 0
 186 1210 0 0
 187 1213 0 0
 188 1209 0 0
 189 1213 0 0
 190 1214 0 0
 191 1222 0 0
 192 1212 0 0
 193 1214 0 0
 194 1218 0 0
 195 1211 0 0
 196 1215 0 0
 197 1209 0 0
 198 1205 0 0
 199 1215 0 0
 200 1213 0 0
 201 1218 0 0
 202 1211 0 0
 203 1214 0 0
 204 1217 0 0
 205 1216 0 0
 206 1215 0 0
 207 1209 0 0
 208 1204 0 0
 209 1212 0 0
 210 1215 0 0
 211 1215 0 0
 212 1209 0 0
 213 1211 0 0
 214 1217 0 0
 215 1215 0 0
 216 1211 0 0
 217 1212 0 0
 218 1211 0 0
 219 1215 0 0
 220 1216 0 0
 221 1217 0 0
 222 1213 0 0
 223 1214 0 0
 224 1208 0 0
 225 1213 0 0
 226 1210 0 0
 227 1208 0 0
 228 1217 0 0
 229 1216 0 0
 230 1211 0 0
 231 1217 0 0
 232 1219 0 0
 233 1216 0 0
 234 1211 0 0
 235 1214 0 0
 236 1209 0 0
 237 1217 0 0
 238 1212 0 0
 239 1219 0 0
 240 1212 0 0
 241 1213 0 0
 242 1213 0 0
 243 1219 0 0
 244 1211 0 0
 245 1213 0 0
 246 1214 0 0
 247 1210 0 0
 248 1221 0 0
 249 1214 0 0
 250 1212 0 0
 251 1214 0 0
 252 1219 0 0
 253 1219 0 0
 254 1216 0 0
 255 1275 0 0
[END] of [DATA]
[END] of [Spectrum]


#TBID:2021-11-28 00:30:00;SAM_84DC;CALIBRATED;

[Spectrum]
Version            = 1
IDData             = 96B1_2021-11-28_00-30-00_000_563
IDDevice           = SAM_84DC
IDDataType         = SPECTRUM
IDDataTypeSub1     = CALIBRATED
IDDataTypeSub2     = 
IDDataTypeSub3     = 
DateTime           = 2021-11-28 00:30:00
PositionLatitude   = 0
PositionLongitude  = 0
Comment            = 
CommentSub1        = 
CommentSub2        = 
CommentSub3        = 
IDMethodType       = SAM Control
MethodName         = SAM_84DC
Mission            = No Mission
MissionSub         = 1
RecordType         = 0
[Attributes]
CalFactor = 1
IDBasisSpec = 
IDDataBack = DLAB_2015-08-21_13-19-54_137_939
IDDataCal = DLAB_2015-08-24_10-46-55_592_608
IntegrationTime = 4096
P31 = -1
P31e = 0
PathLength = +INF
PathLengthCustomOn = 0
RAWDynamic = 65535
Salinity = 0
Temperature = -NAN
Unit1 = $01 $01 Wavelength nm
Unit2 = $03 $03 Intensity mW/(m^2 nm Sr)
Unit3 = $f0 $03 Error mW/(m^2 nm Sr)
Unit4 = $f1 $00 Status 
p999 = 755
[END] of [Attributes]
[DATA]
 0 11 0 0
 305.71650776488 0 0 0
 309.04007505697 0 0 0
 312.36416914304 0 0 0
 315.68877841375 0 0 0
 319.01389125976 0.000105270918223976 0 0
 322.33949607173 7.59208834217754e-005 0 0
 325.66558124032 -0.000272119873422189 0 0
 328.99213515619 7.05414958133902e-005 0 0
 332.31914621 -0.000128314571399533 0 0
 335.64660279241 3.12675003142749e-005 0 0
 338.97449329408 -0.000147661455738942 0 0
 342.30280610567 0.000196509389747803 0 0
 345.63152961784 0.00012135449397451 0 0
 348.96065222125 -3.80954372204412e-005 0 0
 352.29016230656 0.00010226556599672 0 0
 355.62004826443 9.80447268824665e-006 0 0
 358.95029848552 -0.000115609833648045 0 0
 362.28090136049 -5.84037625840605e-005 0 0
 365.61184528 -4.60456885426169e-005 0 0
 368.94311863471 0.000108590341011295 0 0
 372.27470981528 9.42947573955916e-005 0 0
 375.60660721237 5.85017932147077e-006 0 0
 378.93879921664 -2.28017962221362e-005 0 0
 382.27127421875 0.000117816265776144 0 0
 385.60402060936 0.00015586306753065 0 0
 388.93702677913 -7.50514132793442e-005 0 0
 392.27028111872 3.8037455138517e-005 0 0
 395.60377201879 5.19814149194044e-005 0 0
 398.93748787 0.000129696434026595 0 0
 402.27141706301 0.000163532571996922 0 0
 405.60554798848 1.17329376794577e-005 0 0
 408.93986903707 9.21279930304639e-005 0 0
 412.27436859944 3.84701228644947e-005 0 0
 415.60903506625 -7.22447774282353e-006 0 0
 418.94385682816 0.000131623848874202 0 0
 422.27882227583 -2.64161317980113e-005 0 0
 425.61391979992 -4.65778190119033e-005 0 0
 428.94913779109 1.2290763615354e-005 0 0
 432.28446464 5.27731758369829e-005 0 0
 435.61988873731 -4.51166998780815e-005 0 0
 438.95539847368 5.68530588332144e-005 0 0
 442.29098223977 9.23798953398374e-006 0 0
 445.62662842624 -5.99807588343954e-006 0 0
 448.96232542375 3.47884385671049e-005 0 0
 452.29806162296 -4.89481460709231e-005 0 0
 455.63382541453 -0.000109528999003113 0 0
 458.96960518912 -2.9033218144996e-005 0 0
 462.30538933739 2.37116811467958e-005 0 0
 465.64116625 -2.01997947845582e-005 0 0
 468.97692431761 5.06497862199907e-005 0 0
 472.31265193088 2.53833291608349e-005 0 0
 475.64833748047 -2.30720284014736e-005 0 0
 478.98396935704 4.92372538306315e-005 0 0
 482.31953595125 9.38536294074941e-006 0 0
 485.65502565376 3.07776065186169e-005 0 0
 488.99042685523 2.03130092122704e-005 0 0
 492.32572794632 -8.40683499039327e-005 0 0
 495.66091731769 -4.03732330490237e-005 0 0
 498.99598336 -9.89848599958676e-005 0 0
 502.33091446391 2.21542842936914e-006 0 0
 505.66569902008 -8.29434720083959e-005 0 0
 509.00032541917 4.70761623685382e-005 0 0
 512.33478205184 5.17079225076358e-005 0 0
 515.66905730875 -5.75620208823004e-005 0 0
 519.00313958056 4.17713307320235e-005 0 0
 522.33701725793 6.7803509190637e-006 0 0
 525.67067873152 -2.10798971849493e-005 0 0
 529.00411239199 -7.91708251534556e-005 0 0
 532.33730663 1.27987914635418e-005 0 0
 535.67024983621 -1.80193170678818e-005 0 0
 539.00293040128 -7.12017994199785e-005 0 0
 542.33533671587 6.30025286986293e-005 0 0
 545.66745717064 -7.38167985978822e-005 0 0
 548.99928015625 -5.82404879866359e-005 0 0
 552.33079406336 1.20092846198884e-006 0 0
 555.66198728263 -3.85640199442804e-005 0 0
 558.99284820472 -5.04631189793088e-005 0 0
 562.32336522029 2.21772296991711e-006 0 0
 565.65352672 -5.3513761755786e-005 0 0
 568.98332109451 4.20165455372211e-005 0 0
 572.31273673448 -5.14349908693648e-005 0 0
 575.64176203057 3.32895018108475e-005 0 0
 578.97038537344 1.64158947603087e-005 0 0
 582.29859515375 2.27584761184193e-005 0 0
 585.62637976216 -1.58180366609858e-005 0 0
 588.95372758933 -6.95728595667179e-005 0 0
 592.28062702592 -7.21482720797447e-005 0 0
 595.60706646259 1.58382908563369e-005 0 0
 598.93303429 -8.11379882313726e-006 0 0
 602.25851889881 7.58600350055342e-005 0 0
 605.58350867968 -1.61139342604422e-006 0 0
 608.90799202327 -8.61026240009511e-005 0 0
 612.23195732024 -3.18303176130496e-005 0 0
 615.55539296125 -6.04849417723805e-005 0 0
 618.87828733696 -4.80844302835212e-005 0 0
 622.20062883803 -6.22045099560143e-006 0 0
 625.52240585512 -7.1778111840755e-005 0 0
 628.84360677889 -4.22793465492675e-005 0 0
 632.16422 -7.57615002056829e-005 0 0
 635.48423390911 -0.000135898189600881 0 0
 638.80363689688 -9.43567980801317e-007 0 0
 642.12241735397 -8.19159964752681e-005 0 0
 645.44056367104 -8.55624478222159e-005 0 0
 648.75806423875 -3.08810560330081e-005 0 0
 652.07490744776 1.45295655023578e-005 0 0
 655.39108168873 -8.68383415440697e-005 0 0
 658.70657535232 -5.32044756033555e-005 0 0
 662.02137682919 -0.000152772915148265 0 0
 665.33547451 -0.000168248923414084 0 0
 668.64885678541 -2.79409054300237e-005 0 0
 671.96151204608 2.69672457994428e-005 0 0
 675.27342868267 -8.51540934795063e-005 0 0
 678.58459508584 7.87562319466681e-005 0 0
 681.89499964625 -0.000125074011391857 0 0
 685.20463075456 -9.63298963883561e-005 0 0
 688.51347680143 -3.82626308599067e-006 0 0
 691.82152617752 6.21223315699789e-005 0 0
 695.12876727349 -9.13890438561422e-005 0 0
 698.43518848 -2.5966440374189e-005 0 0
 701.74077818771 0.000206149260874012 0 0
 705.04552478728 -0.000125269455455875 0 0
 708.34941666937 0.000108018810831543 0 0
 711.65244222464 -8.49555741365512e-005 0 0
 714.95458984375 -0.000127077550675893 0 0
 718.25584791736 0.000149406112350731 0 0
 721.55620483613 -8.25595655653844e-005 0 0
 724.85564899072 -3.64728854223683e-005 0 0
 728.15416877179 -1.0089174304632e-005 0 0
 731.45175257 4.72455407388471e-005 0 0
 734.74838877601 -0.000105121383113328 0 0
 738.04406578048 -4.5680894053963e-005 0 0
 741.33877197407 -3.70966637244459e-005 0 0
 744.63249574744 2.56227572490766e-006 0 0
 747.92522549125 2.08575253161764e-005 0 0
 751.21694959616 -3.7608978214252e-005 0 0
 754.50765645283 8.18492070161936e-005 0 0
 757.79733445192 0.000149554355763859 0 0
 761.08597198409 3.5332226316263e-005 0 0
 764.37355744 5.40092563059558e-005 0 0
 767.66007921031 4.99358365165106e-005 0 0
 770.94552568568 -1.2703143340658e-005 0 0
 774.22988525677 6.04230377715952e-005 0 0
 777.51314631424 -8.56950331456593e-005 0 0
 780.79529724875 -0.00019120277406161 0 0
 784.07632645096 0.000137747860227975 0 0
 787.35622231153 0.000226782133110189 0 0
 790.63497322112 0.000141044200549038 0 0
 793.91256757039 2.57984131044611e-005 0 0
 797.18899375 1.64429382158992e-005 0 0
 800.46424015061 -8.96319577154906e-005 0 0
 803.73829516288 -0.000183092274563766 0 0
 807.01114717747 -0.000127027596142265 0 0
 810.28278458504 -0.000163762080099997 0 0
 813.55319577625 -1.5817426164908e-005 0 0
 816.82236914176 0.000117637674885331 0 0
 820.09029307223 0.000180999771510589 0 0
 823.35695595832 -7.70372533838945e-005 0 0
 826.62234619069 -7.21268673495292e-005 0 0
 829.88645216 9.0008497492228e-005 0 0
 833.14926225691 -6.59045469722703e-005 0 0
 836.41076487208 0.000277640732482347 0 0
 839.67094839617 0.000419814092142921 0 0
 842.92980121984 -0.000158182505935932 0 0
 846.18731173375 1.20960168000119e-005 0 0
 849.44346832856 5.7528927525819e-005 0 0
 852.69825939493 4.77153169997049e-005 0 0
 855.95167332352 -0.000233328188355727 0 0
 859.20369850499 -0.000247388363261086 0 0
 862.45432333 0.000274071951155201 0 0
 865.70353618921 -0.00030158374895201 0 0
 868.95132547328 -0.000166281180657354 0 0
 872.19767957287 0.000475682712913017 0 0
 875.44258687864 1.81721074002549e-005 0 0
 878.68603578125 -0.00019525119222573 0 0
 881.92801467136 0.000507263735013648 0 0
 885.16851193963 -0.000156911639623536 0 0
 888.40751597672 0.000282789253654442 0 0
 891.64501517329 -0.000195971873771354 0 0
 894.88099792 0.000482313284350271 0 0
 898.11545260751 0.000567976316881843 0 0
 901.34836762648 0.000750408702490419 0 0
 904.57973136757 0.000399307859671354 0 0
 907.80953222144 0.000449146165265784 0 0
 911.03775857875 -0.0003106163659495 0 0
 914.26439883016 0.000544728368928438 0 0
 917.48944136633 -0.000407343423216144 0 0
 920.71287457792 2.25178234002776e-006 0 0
 923.93468685559 0.000261368842109226 0 0
 927.15486659 0.000990605381914373 0 0
 930.37340217181 0.000877979817932357 0 0
 933.59028199168 0.00181065498824516 0 0
 936.80549444027 -0.00142649237937528 0 0
 940.01902790824 3.20884857298448e-005 0 0
 943.23087078625 0.00136555943353246 0 0
 946.44101146496 0.000785938331897633 0 0
 949.64943833503 -0.000402308231460844 0 0
 952.85613978712 -0.000863255718409101 0 0
 956.06110421189 0 0 0
 959.26432 0 0 0
 962.46577554211 0 0 0
 965.66545922888 0 0 0
 968.86335945097 0 0 0
 972.05946459904 0 0 0
 975.25376306375 0 0 0
 978.44624323576 0 0 0
 981.63689350573 0 0 0
 984.82570226432 0 0 0
 988.01265790219 0 0 0
 991.19774881 0 0 0
 994.38096337841 0 0 0
 997.56228999808 0 0 0
 1000.74171705967 0 0 0
 1003.91923295384 0 0 0
 1007.09482607125 0 0 0
 1010.26848480256 0 0 0
 1013.44019753843 0 0 0
 1016.60995266952 0 0 0
 1019.77773858649 0 0 0
 1022.94354368 0 0 0
 1026.10735634071 0 0 0
 1029.26916495928 0 0 0
 1032.42895792637 0 0 0
 1035.58672363264 0 0 0
 1038.74245046875 0 0 0
 1041.89612682536 0 0 0
 1045.04774109313 0 0 0
 1048.19728166272 0 0 0
 1051.34473692479 0 0 0
 1054.49009527 0 0 0
 1057.63334508901 0 0 0
 1060.77447477248 0 0 0
 1063.91347271107 0 0 0
 1067.05032729544 0 0 0
 1070.18502691625 0 0 0
 1073.31755996416 0 0 0
 1076.44791482983 0 0 0
 1079.57607990392 0 0 0
 1082.70204357709 0 0 0
 1085.82579424 0 0 0
 1088.94732028331 0 0 0
 1092.06661009768 0 0 0
 1095.18365207377 0 0 0
 1098.29843460224 0 0 0
 1101.41094607375 0 0 0
 1104.52117487896 0 0 0
 1107.62910940853 0 0 0
 1110.73473805312 0 0 0
 1113.83804920339 0 0 0
 1116.93903125 0 0 0
 1120.03767258361 0 0 0
 1123.13396159488 0 0 0
 1126.22788667447 0 0 0
 1129.31943621304 0 0 0
 1132.40859860125 0 0 0
 1135.49536222976 0 0 0
[END] of [DATA]
[END] of [Spectrum]


#TBID:2021-11-28 00:30:00;SAM_84C8;RAW;

[Spectrum]
Version            = 1
IDData             = 96B1_2021-11-28_00-30-00_000_565
IDDevice           = SAM_84C8
IDDataType         = SPECTRUM
IDDataTypeSub1     = RAW
IDDataTypeSub2     = 
IDDataTypeSub3     = 
DateTime           = 2021-11-28 00:30:00
PositionLatitude   = 0
PositionLongitude  = 0
Comment            = 
CommentSub1        = 
CommentSub2        = 
CommentSub3        = 
IDMethodType       = SAM Control
MethodName         = SAM_84C8
Mission            = No Mission
MissionSub         = 1
RecordType         = 0
[Attributes]
CalFactor = 1
IDBasisSpec = 
IDDataBack = DLAB_2015-08-21_12-14-03_013_778
IDDataCal = DLAB_2015-08-24_11-04-47_772_747
IntegrationTime = 4096
P31 = -1
P31e = 0
PathLength = +INF
PathLengthCustomOn = 0
RAWDynamic = 65535
Salinity = 0
Temperature = -NAN
Unit1 = $05 $00 Pixel 
Unit2 = $03 $05 Intensity counts
Unit3 = $f0 $05 Error counts
Unit4 = $f1 $00 Status 
p999 = 755
[END] of [Attributes]
[DATA]
 0 11 0 0
 1 1108 0 0
 2 1091 0 0
 3 1096 0 0
 4 1104 0 0
 5 1095 0 0
 6 1099 0 0
 7 1100 0 0
 8 1100 0 0
 9 1101 0 0
 10 1096 0 0
 11 1096 0 0
 12 1105 0 0
 13 1099 0 0
 14 1098 0 0
 15 1096 0 0
 16 1100 0 0
 17 1099 0 0
 18 1098 0 0
 19 1098 0 0
 20 1104 0 0
 21 1102 0 0
 22 1100 0 0
 23 1103 0 0
 24 1099 0 0
 25 1105 0 0
 26 1100 0 0
 27 1102 0 0
 28 1101 0 0
 29 1104 0 0
 30 1102 0 0
 31 1101 0 0
 32 1102 0 0
 33 1104 0 0
 34 1106 0 0
 35 1104 0 0
 36 1100 0 0
 37 1106 0 0
 38 1102 0 0
 39 1106 0 0
 40 1104 0 0
 41 1107 0 0
 42 1105 0 0
 43 1107 0 0
 44 1103 0 0
 45 1109 0 0
 46 1106 0 0
 47 1104 0 0
 48 1107 0 0
 49 1110 0 0
 50 1102 0 0
 51 1105 0 0
 52 1105 0 0
 53 1101 0 0
 54 1102 0 0
 55 1109 0 0
 56 1106 0 0
 57 1106 0 0
 58 1111 0 0
 59 1104 0 0
 60 1107 0 0
 61 1106 0 0
 62 1112 0 0
 63 1110 0 0
 64 1107 0 0
 65 1110 0 0
 66 1107 0 0
 67 1106 0 0
 68 1108 0 0
 69 1106 0 0
 70 1111 0 0
 71 1109 0 0
 72 1107 0 0
 73 1109 0 0
 74 1108 0 0
 75 1110 0 0
 76 1112 0 0
 77 1108 0 0
 78 1109 0 0
 79 1110 0 0
 80 1106 0 0
 81 1108 0 0
 82 1110 0 0
 83 1113 0 0
 84 1111 0 0
 85 1107 0 0
 86 1112 0 0
 87 1111 0 0
 88 1106 0 0
 89 1110 0 0
 90 1112 0 0
 91 1110 0 0
 92 1113 0 0
 93 1109 0 0
 94 1112 0 0
 95 1110 0 0
 96 1112 0 0
 97 1107 0 0
 98 1114 0 0
 99 1107 0 0
 100 1109 0 0
 101 1115 0 0
 102 1113 0 0
 103 1112 0 0
 104 1112 0 0
 105 1112 0 0
 106 1113 0 0
 107 1112 0 0
 108 1113 0 0
 109 1114 0 0
 110 1108 0 0
 111 1117 0 0
 112 1114 0 0
 113 1110 0 0
 114 1114 0 0
 115 1117 0 0
 116 1107 0 0
 117 1118 0 0
 118 1116 0 0
 119 1115 0 0
 120 1104 0 0
 121 1111 0 0
 122 1109 0 0
 123 1113 0 0
 124 1110 0 0
 125 1108 0 0
 126 1112 0 0
 127 1117 0 0
 128 1114 0 0
 129 1116 0 0
 130 1112 0 0
 131 1115 0 0
 132 1110 0 0
 133 1135 0 0
 134 1110 0 0
 135 1111 0 0
 136 1115 0 0
 137 1108 0 0
 138 1116 0 0
 139 1116 0 0
 140 1107 0 0
 141 1110 0 0
 142 1115 0 0
 143 1118 0 0
 144 1113 0 0
 145 1117 0 0
 146 1112 0 0
 147 1107 0 0
 148 1115 0 0
 149 1114 0 0
 150 1110 0 0
 151 1118 0 0
 152 1119 0 0
 153 1112 0 0
 154 1112 0 0
 155 1112 0 0
 156 1112 0 0
 157 1112 0 0
 158 1111 0 0
 159 1112 0 0
 160 1113 0 0
 161 1113 0 0
 162 1118 0 0
 163 1112 0 0
 164 1114 0 0
 165 1114 0 0
 166 1113 0 0
 167 1110 0 0
 168 1111 0 0
 169 1116 0 0
 170 1111 0 0
 171 1114 0 0
 172 1114 0 0
 173 1110 0 0
 174 1106 0 0
 175 1115 0 0
 176 1111 0 0
 177 1112 0 0
 178 1114 0 0
 179 1110 0 0
 180 1112 0 0
 181 1109 0 0
 182 1113 0 0
 183 1112 0 0
 184 1106 0 0
 185 1112 0 0
 186 1109 0 0
 187 1112 0 0
 188 1113 0 0
 189 1110 0 0
 190 1107 0 0
 191 1116 0 0
 192 1113 0 0
 193 1108 0 0
 194 1112 0 0
 195 1121 0 0
 196 1107 0 0
 197 1114 0 0
 198 1115 0 0
 199 1111 0 0
 200 1111 0 0
 201 1112 0 0
 202 1109 0 0
 203 1107 0 0
 204 1114 0 0
 205 1110 0 0
 206 1111 0 0
 207 1113 0 0
 208 1110 0 0
 209 1110 0 0
 210 1109 0 0
 211 1112 0 0
 212 1113 0 0
 213 1110 0 0
 214 1108 0 0
 215 1112 0 0
 216 1112 0 0
 217 1114 0 0
 218 1114 0 0
 219 1112 0 0
 220 1114 0 0
 221 1112 0 0
 222 1112 0 0
 223 1113 0 0
 224 1113 0 0
 225 1110 0 0
 226 1115 0 0
 227 1112 0 0
 228 1112 0 0
 229 1111 0 0
 230 1112 0 0
 231 1113 0 0
 232 1112 0 0
 233 1108 0 0
 234 1113 0 0
 235 1113 0 0
 236 1112 0 0
 237 1112 0 0
 238 1108 0 0
 239 1111 0 0
 240 1110 0 0
 241 1109 0 0
 242 1114 0 0
 243 1112 0 0
 244 1117 0 0
 245 1113 0 0
 246 1110 0 0
 247 1110 0 0
 248 1113 0 0
 249 1117 0 0
 250 1109 0 0
 251 1112 0 0
 252 1112 0 0
 253 1114 0 0
 254 1115 0 0
 255 1159 0 0
[END] of [DATA]
[END] of [Spectrum]


#TBID:2021-11-28 00:30:00;SAM_84C8;CALIBRATED;

[Spectrum]
Version            = 1
IDData             = 96B1_2021-11-28_00-30-00_000_566
IDDevice           = SAM_84C8
IDDataType         = SPECTRUM
IDDataTypeSub1     = CALIBRATED
IDDataTypeSub2     = 
IDDataTypeSub3     = 
DateTime           = 2021-11-28 00:30:00
PositionLatitude   = 0
PositionLongitude  = 0
Comment            = 
CommentSub1        = 
CommentSub2        = 
CommentSub3        = 
IDMethodType       = SAM Control
MethodName         = SAM_84C8
Mission            = No Mission
MissionSub         = 1
RecordType         = 0
[Attributes]
CalFactor = 1
IDBasisSpec = 
IDDataBack = DLAB_2015-08-21_12-14-03_013_778
IDDataCal = DLAB_2015-08-24_11-04-47_772_747
IntegrationTime = 4096
P31 = -1
P31e = 0
PathLength = +INF
PathLengthCustomOn = 0
RAWDynamic = 65535
Salinity = 0
Temperature = -NAN
Unit1 = $01 $01 Wavelength nm
Unit2 = $03 $03 Intensity mW/(m^2 nm Sr)
Unit3 = $f0 $03 Error mW/(m^2 nm Sr)
Unit4 = $f1 $00 Status 
p999 = 755
[END] of [Attributes]
[DATA]
 0 11 0 0
 303.516048156 0 0 0
 306.890006053 0 0 0
 310.26457112 0 0 0
 313.639731825 0 0 0
 317.015476636 -0.000473318319501272 0 0
 320.391794021 -0.000367977423765407 0 0
 323.768672448 -0.000138447956906698 0 0
 327.146100385 -5.74684397094735e-005 0 0
 330.5240663 -7.12425089829257e-005 0 0
 333.902558661 -2.55259948439817e-005 0 0
 337.281565936 -0.000310460403836356 0 0
 340.661076593 -0.000132706216375398 0 0
 344.0410791 -6.34425683448707e-005 0 0
 347.421561925 -8.90443431177422e-005 0 0
 350.802513536 -0.000196850772679633 0 0
 354.183922401 -0.000103564446819689 0 0
 357.565776988 -0.000163698709884082 0 0
 360.948065765 -0.000144258191217402 0 0
 364.3307772 -0.000151241073133687 0 0
 367.713899761 2.38474761254693e-005 0 0
 371.097421916 -6.21256087333284e-005 0 0
 374.481332133 -0.000134623252999869 0 0
 377.86561888 -8.9551002927009e-005 0 0
 381.250270625 -0.000207270309271699 0 0
 384.635275836 -1.91154636777071e-005 0 0
 388.020622981 2.89033114189668e-005 0 0
 391.406300528 -3.09280485231879e-005 0 0
 394.792296945 -0.000129380591063178 0 0
 398.1786007 -2.03267124854182e-005 0 0
 401.565200261 -0.000129072987791674 0 0
 404.952084096 -8.75692375552957e-005 0 0
 408.339240673 -6.54881644984234e-005 0 0
 411.72665846 4.26454207660465e-005 0 0
 415.114325925 6.20905498343666e-005 0 0
 418.502231536 5.33778975748709e-005 0 0
 421.890363761 -8.25489055709703e-005 0 0
 425.278711068 -0.000145968831194601 0 0
 428.667261925 -6.02207662667583e-005 0 0
 432.0560048 7.66665024075386e-005 0 0
 435.444928161 1.92382964908706e-005 0 0
 438.834020476 1.09437715253485e-005 0 0
 442.223270213 2.51592179050233e-005 0 0
 445.61266584 6.78030202486535e-006 0 0
 449.002195825 2.06336677658529e-005 0 0
 452.391848636 -1.31302744731823e-005 0 0
 455.781612741 -1.80878728690247e-006 0 0
 459.171476608 -3.69793260351625e-006 0 0
 462.561428705 -9.76881211244448e-006 0 0
 465.9514575 -1.87113369967107e-005 0 0
 469.341551461 -6.45449036279946e-006 0 0
 472.731699056 -4.65370574357065e-005 0 0
 476.121888753 -3.90895765685381e-005 0 0
 479.51210902 -5.91188762550925e-005 0 0
 482.902348325 9.46593067704074e-005 0 0
 486.292595136 3.97659768671538e-005 0 0
 489.682837921 -2.72274147314387e-005 0 0
 493.073065148 -8.31218446101121e-005 0 0
 496.463265285 8.44013072958187e-005 0 0
 499.8534268 5.94553046186359e-005 0 0
 503.243538161 6.17815135263425e-005 0 0
 506.633587836 1.71683963792026e-006 0 0
 510.023564293 -7.92035478001602e-005 0 0
 513.413456 -3.75968116132638e-006 0 0
 516.803251425 9.49316091755801e-005 0 0
 520.192939036 8.40998482934339e-005 0 0
 523.582507301 -3.38255758601337e-005 0 0
 526.971944688 -1.46880081669327e-005 0 0
 530.361239665 -4.3560263916604e-005 0 0
 533.7503807 1.29069102812955e-005 0 0
 537.139356261 -9.89407711117018e-006 0 0
 540.528154816 1.05147097517112e-005 0 0
 543.916764833 -7.63441769537909e-005 0 0
 547.30517478 1.85159463626046e-005 0 0
 550.693373125 1.904607728457e-005 0 0
 554.081348336 1.32727824045326e-005 0 0
 557.469088881 4.19229274833853e-005 0 0
 560.856583228 -6.80196638164327e-006 0 0
 564.243819845 4.88063189022602e-006 0 0
 567.6307872 6.76752381882933e-006 0 0
 571.017473761 -3.6830504122088e-005 0 0
 574.403867996 1.95026128818922e-005 0 0
 577.789958373 -5.11288279735844e-005 0 0
 581.17573336 2.15257914707926e-005 0 0
 584.561181425 -2.51435072595473e-005 0 0
 587.946291036 1.0437738016421e-005 0 0
 591.331050661 6.5081133914433e-005 0 0
 594.715448768 -7.23521508877237e-006 0 0
 598.099473825 -2.70116424336217e-005 0 0
 601.4831143 5.54382154566094e-005 0 0
 604.866358661 -4.9280258898394e-005 0 0
 608.249195376 -2.80127947406193e-005 0 0
 611.631612913 2.65144963943783e-005 0 0
 615.01359974 5.75775738142394e-005 0 0
 618.395144325 -5.42664385115162e-005 0 0
 621.776235136 1.52433440324192e-005 0 0
 625.156860641 -4.6500271278547e-005 0 0
 628.537009308 -4.06437471906953e-005 0 0
 631.916669605 9.85922875830932e-005 0 0
 635.29583 6.2396289339561e-006 0 0
 638.674478961 -0.000137781246146756 0 0
 642.052604956 -0.000100982646496596 0 0
 645.430196453 -9.73833263592331e-006 0 0
 648.80724192 6.52133746858712e-005 0 0
 652.183729825 5.50716708180116e-005 0 0
 655.559648636 -9.95010730779494e-005 0 0
 658.934986821 0.000111726629805662 0 0
 662.309732848 4.32642409362629e-005 0 0
 665.683875185 0.000169667392954426 0 0
 669.0574023 0.000147152442435504 0 0
 672.430302661 -0.000192410569828749 0 0
 675.802564736 -0.000148510942565187 0 0
 679.174176993 2.94022812896257e-005 0 0
 682.5451279 -5.64518870031387e-005 0 0
 685.915405925 6.1051054639895e-005 0 0
 689.284999536 -8.49043480338676e-006 0 0
 692.653897201 -0.00029101138256489 0 0
 696.022087388 0.000195779001615333 0 0
 699.389558565 0.00017332512418719 0 0
 702.7562992 -4.31737039320204e-005 0 0
 706.122297761 -3.18253421609906e-005 0 0
 709.487542716 -1.13009104729359e-005 0 0
 712.852022533 8.23659768254015e-005 0 0
 716.21572568 0.000117294155588929 0 0
 719.578640625 7.47691782918461e-005 0 0
 722.940755836 -8.1931414592093e-005 0 0
 726.302059781 1.34244646669083e-005 0 0
 729.662540928 -8.46423007894124e-005 0 0
 733.022187745 0.000135036560612612 0 0
 736.3809887 5.9652910997921e-005 0 0
 739.738932261 0.000123733010772009 0 0
 743.096006896 2.24750858828815e-005 0 0
 746.452201073 -6.88598707004409e-005 0 0
 749.80750326 -0.000927069449196902 0 0
 753.161901925 -0.00014619809782329 0 0
 756.515385536 1.02075310952176e-005 0 0
 759.867942561 0.000101186824135521 0 0
 763.219561468 -0.000163871173559272 0 0
 766.570230725 0.000200320106845357 0 0
 769.9199388 -4.68978971874743e-005 0 0
 773.268674161 -0.000137779799771922 0 0
 776.616425276 3.26100746600144e-005 0 0
 779.963180613 1.40406102477111e-005 0 0
 783.30892864 0.000193159104034691 0 0
 786.653657825 -0.000177164806494002 0 0
 789.997356636 6.6782223477718e-005 0 0
 793.340013541 -9.17966376307569e-005 0 0
 796.681617008 -5.87149362132459e-005 0 0
 800.022155505 1.24566816968853e-005 0 0
 803.3616175 0.000164376569079277 0 0
 806.699991461 -3.68487328238588e-005 0 0
 810.037265856 0.000210531374310739 0 0
 813.373429153 9.50089783383533e-005 0 0
 816.70846982 5.24116332702533e-005 0 0
 820.042376325 0.000164221369556682 0 0
 823.375137136 0.000266681854376198 0 0
 826.706740721 -3.84741442574728e-005 0 0
 830.037175548 -0.00013667606015791 0 0
 833.366430085 -0.000108410468633374 0 0
 836.6944928 0.000130397812203215 0 0
 840.021352161 -0.000101381826202745 0 0
 843.346996636 0.00013308022080043 0 0
 846.671414693 0.000252890177836554 0 0
 849.9945948 2.84089562356609e-005 0 0
 853.316525425 0.00054836420085668 0 0
 856.637195036 -0.000112517700304901 0 0
 859.956592101 -1.42187714686787e-005 0 0
 863.274705088 -0.000504187514432179 0 0
 866.591522465 -0.000251395700966486 0 0
 869.9070327 0.000479700860481152 0 0
 873.221224261 -0.000354420698364359 0 0
 876.534085616 0.000328638330568003 0 0
 879.845605233 5.2858640002065e-005 0 0
 883.15577158 0.000802126407647367 0 0
 886.464573125 -0.000159952339100178 0 0
 889.771998336 -0.000360429767382402 0 0
 893.078035681 0.000166007973688417 0 0
 896.382673628 0.000135746791692737 0 0
 899.685900645 0.00071863842150874 0 0
 902.9877052 -0.000351681475038377 0 0
 906.288075761 -0.000478273164873712 0 0
 909.587000796 -0.000604483201552741 0 0
 912.884468773 -6.57251068855478e-005 0 0
 916.18046816 -8.53852041777173e-005 0 0
 919.474987425 -0.000104873733065504 0 0
 922.768015036 -0.00020259245706436 0 0
 926.059539461 -1.51156336969471e-005 0 0
 929.349549168 -0.00103216288932245 0 0
 932.638032625 0.000483618648115217 0 0
 935.9249783 -9.42420070363495e-005 0 0
 939.210374661 0.000610173265656094 0 0
 942.494210176 0.000933365915112821 0 0
 945.776473313 -0.000650394597499226 0 0
 949.05715254 0.00105139228698955 0 0
 952.336236325 -0.000511554020704761 0 0
 955.613713136 0 0 0
 958.889571441 0 0 0
 962.163799708 0 0 0
 965.436386405 0 0 0
 968.70732 0 0 0
 971.976588961 0 0 0
 975.244181756 0 0 0
 978.510086853 0 0 0
 981.77429272 0 0 0
 985.036787825 0 0 0
 988.297560636 0 0 0
 991.556599621 0 0 0
 994.813893248 0 0 0
 998.069429985 0 0 0
 1001.3231983 0 0 0
 1004.575186661 0 0 0
 1007.825383536 0 0 0
 1011.073777393 0 0 0
 1014.3203567 0 0 0
 1017.565109925 0 0 0
 1020.808025536 0 0 0
 1024.049092001 0 0 0
 1027.288297788 0 0 0
 1030.525631365 0 0 0
 1033.7610812 0 0 0
 1036.994635761 0 0 0
 1040.226283516 0 0 0
 1043.456012933 0 0 0
 1046.68381248 0 0 0
 1049.909670625 0 0 0
 1053.133575836 0 0 0
 1056.355516581 0 0 0
 1059.575481328 0 0 0
 1062.793458545 0 0 0
 1066.0094367 0 0 0
 1069.223404261 0 0 0
 1072.435349696 0 0 0
 1075.645261473 0 0 0
 1078.85312806 0 0 0
 1082.058937925 0 0 0
 1085.262679536 0 0 0
 1088.464341361 0 0 0
 1091.663911868 0 0 0
 1094.861379525 0 0 0
 1098.0567328 0 0 0
 1101.249960161 0 0 0
 1104.441050076 0 0 0
 1107.629991013 0 0 0
 1110.81677144 0 0 0
 1114.001379825 0 0 0
 1117.183804636 0 0 0
 1120.364034341 0 0 0
 1123.542057408 0 0 0
 1126.717862305 0 0 0
 1129.8914375 0 0 0
 1133.062771461 0 0 0
 1136.231852656 0 0 0
 1139.398669553 0 0 0
 1142.56321062 0 0 0
 1145.725464325 0 0 0
 1148.885419136 0 0 0
[END] of [DATA]
[END] of [Spectrum]


#TBID:2021-11-28 01:00:00;SAM_84CE;RAW;

[Spectrum]
Version            = 1
IDData             = 96B1_2021-11-28_01-00-00_000_569
IDDevice           = SAM_84CE
IDDataType         = SPECTRUM
IDDataTypeSub1     = RAW
IDDataTypeSub2     = 
IDDataTypeSub3     = 
DateTime           = 2021-11-28 01:00:00
PositionLatitude   = 0
PositionLongitude  = 0
Comment            = 
CommentSub1        = 
CommentSub2        = 
CommentSub3        = 
IDMethodType       = SAM Control
MethodName         = SAM_84CE
Mission            = No Mission
MissionSub         = 1
RecordType         = 0
[Attributes]
CalFactor = 1
IDBasisSpec = 
IDDataBack = DLAB_2015-08-21_11-56-43_233_004
IDDataCal = DLAB_2015-08-26_10-05-37_585_478
IntegrationTime = 4096
P31 = -1
P31e = 0
PathLength = +INF
PathLengthCustomOn = 0
RAWDynamic = 65535
Salinity = 0
Temperature = -NAN
Unit1 = $05 $00 Pixel 
Unit2 = $03 $05 Intensity counts
Unit3 = $f0 $05 Error counts
Unit4 = $f1 $00 Status 
p999 = 756
[END] of [Attributes]
[DATA]
 0 11 0 0
 1 1109 0 0
 2 1102 0 0
 3 1110 0 0
 4 1118 0 0
 5 1117 0 0
 6 1109 0 0
 7 1118 0 0
 8 1118 0 0
 9 1113 0 0
 10 1115 0 0
 11 1117 0 0
 12 1114 0 0
 13 1117 0 0
 14 1114 0 0
 15 1114 0 0
 16 1114 0 0
 17 1113 0 0
 18 1113 0 0
 19 1117 0 0
 20 1118 0 0
 21 1117 0 0
 22 1116 0 0
 23 1121 0 0
 24 1116 0 0
 25 1120 0 0
 26 1118 0 0
 27 1120 0 0
 28 1119 0 0
 29 1122 0 0
 30 1116 0 0
 31 1119 0 0
 32 1119 0 0
 33 1120 0 0
 34 1117 0 0
 35 1116 0 0
 36 1120 0 0
 37 1116 0 0
 38 1122 0 0
 39 1118 0 0
 40 1124 0 0
 41 1121 0 0
 42 1119 0 0
 43 1120 0 0
 44 1118 0 0
 45 1116 0 0
 46 1122 0 0
 47 1118 0 0
 48 1120 0 0
 49 1119 0 0
 50 1121 0 0
 51 1122 0 0
 52 1120 0 0
 53 1120 0 0
 54 1119 0 0
 55 1124 0 0
 56 1119 0 0
 57 1124 0 0
 58 1123 0 0
 59 1122 0 0
 60 1117 0 0
 61 1122 0 0
 62 1121 0 0
 63 1123 0 0
 64 1122 0 0
 65 1117 0 0
 66 1122 0 0
 67 1123 0 0
 68 1123 0 0
 69 1121 0 0
 70 1122 0 0
 71 1120 0 0
 72 1121 0 0
 73 1128 0 0
 74 1125 0 0
 75 1123 0 0
 76 1122 0 0
 77 1121 0 0
 78 1125 0 0
 79 1124 0 0
 80 1122 0 0
 81 1127 0 0
 82 1124 0 0
 83 1118 0 0
 84 1124 0 0
 85 1124 0 0
 86 1118 0 0
 87 1129 0 0
 88 1120 0 0
 89 1124 0 0
 90 1126 0 0
 91 1126 0 0
 92 1130 0 0
 93 1124 0 0
 94 1127 0 0
 95 1124 0 0
 96 1119 0 0
 97 1122 0 0
 98 1129 0 0
 99 1123 0 0
 100 1125 0 0
 101 1123 0 0
 102 1125 0 0
 103 1126 0 0
 104 1124 0 0
 105 1118 0 0
 106 1123 0 0
 107 1124 0 0
 108 1128 0 0
 109 1129 0 0
 110 1124 0 0
 111 1127 0 0
 112 1128 0 0
 113 1125 0 0
 114 1124 0 0
 115 1120 0 0
 116 1127 0 0
 117 1128 0 0
 118 1125 0 0
 119 1124 0 0
 120 1122 0 0
 121 1124 0 0
 122 1126 0 0
 123 1115 0 0
 124 1122 0 0
 125 1122 0 0
 126 1128 0 0
 127 1123 0 0
 128 1122 0 0
 129 1125 0 0
 130 1122 0 0
 131 1129 0 0
 132 1121 0 0
 133 1121 0 0
 134 1124 0 0
 135 1125 0 0
 136 1126 0 0
 137 1121 0 0
 138 1125 0 0
 139 1129 0 0
 140 1125 0 0
 141 1122 0 0
 142 1124 0 0
 143 1124 0 0
 144 1120 0 0
 145 1128 0 0
 146 1132 0 0
 147 1122 0 0
 148 1127 0 0
 149 1125 0 0
 150 1126 0 0
 151 1120 0 0
 152 1122 0 0
 153 1123 0 0
 154 1121 0 0
 155 1126 0 0
 156 1125 0 0
 157 1124 0 0
 158 1124 0 0
 159 1121 0 0
 160 1123 0 0
 161 1130 0 0
 162 1123 0 0
 163 1126 0 0
 164 1123 0 0
 165 1119 0 0
 166 1123 0 0
 167 1126 0 0
 168 1118 0 0
 169 1127 0 0
 170 1126 0 0
 171 1125 0 0
 172 1121 0 0
 173 1123 0 0
 174 1125 0 0
 175 1123 0 0
 176 1125 0 0
 177 1126 0 0
 178 1124 0 0
 179 1122 0 0
 180 1116 0 0
 181 1124 0 0
 182 1120 0 0
 183 1120 0 0
 184 1122 0 0
 185 1122 0 0
 186 1120 0 0
 187 1121 0 0
 188 1127 0 0
 189 1126 0 0
 190 1126 0 0
 191 1124 0 0
 192 1122 0 0
 193 1122 0 0
 194 1123 0 0
 195 1126 0 0
 196 1124 0 0
 197 1120 0 0
 198 1124 0 0
 199 1123 0 0
 200 1124 0 0
 201 1126 0 0
 202 1125 0 0
 203 1126 0 0
 204 1122 0 0
 205 1124 0 0
 206 1126 0 0
 207 1129 0 0
 208 1126 0 0
 209 1123 0 0
 210 1117 0 0
 211 1124 0 0
 212 1117 0 0
 213 1124 0 0
 214 1127 0 0
 215 1133 0 0
 216 1124 0 0
 217 1126 0 0
 218 1121 0 0
 219 1128 0 0
 220 1122 0 0
 221 1122 0 0
 222 1120 0 0
 223 1127 0 0
 224 1121 0 0
 225 1118 0 0
 226 1130 0 0
 227 1126 0 0
 228 1121 0 0
 229 1129 0 0
 230 1123 0 0
 231 1126 0 0
 232 1122 0 0
 233 1124 0 0
 234 1126 0 0
 235 1128 0 0
 236 1125 0 0
 237 1126 0 0
 238 1125 0 0
 239 1127 0 0
 240 1122 0 0
 241 1127 0 0
 242 1123 0 0
 243 1126 0 0
 244 1127 0 0
 245 1129 0 0
 246 1124 0 0
 247 1126 0 0
 248 1122 0 0
 249 1121 0 0
 250 1126 0 0
 251 1129 0 0
 252 1128 0 0
 253 1128 0 0
 254 1133 0 0
 255 1180 0 0
[END] of [DATA]
[END] of [Spectrum]


#TBID:2021-11-28 01:00:00;SAM_84CE;CALIBRATED;

[Spectrum]
Version            = 1
IDData             = 96B1_2021-11-28_01-00-00_000_570
IDDevice           = SAM_84CE
IDDataType         = SPECTRUM
IDDataTypeSub1     = CALIBRATED
IDDataTypeSub2     = 
IDDataTypeSub3     = 
DateTime           = 2021-11-28 01:00:00
PositionLatitude   = 0
PositionLongitude  = 0
Comment            = 
CommentSub1        = 
CommentSub2        = 
CommentSub3        = 
IDMethodType       = SAM Control
MethodName         = SAM_84CE
Mission            = No Mission
MissionSub         = 1
RecordType         = 0
[Attributes]
CalFactor = 1
IDBasisSpec = 
IDDataBack = DLAB_2015-08-21_11-56-43_233_004
IDDataCal = DLAB_2015-08-26_10-05-37_585_478
IntegrationTime = 4096
P31 = -1
P31e = 0
PathLength = +INF
PathLengthCustomOn = 0
RAWDynamic = 65535
Salinity = 0
Temperature = -NAN
Unit1 = $01 $01 Wavelength nm
Unit2 = $03 $06 Intensity mW/(m^2 nm)
Unit3 = $f0 $06 Error mW/(m^2 nm)
Unit4 = $f1 $00 Status 
p999 = 756
[END] of [Attributes]
[DATA]
 0 11 0 0
 303.485180022 0 0 0
 306.85638880275 0 0 0
 310.228324544 0 0 0
 313.60097308125 0 0 0
 316.97432025 0.000216987817154767 0 0
 320.34835188575 -0.00049482857896309 0 0
 323.723053824 0.00392168833869132 0 0
 327.09841190025 0.0031234061396842 0 0
 330.47441195 -0.00133119494491495 0 0
 333.85103980875 0.000343035351918874 0 0
 337.228281312 9.54330960594468e-005 0 0
 340.60612229525 -0.000816886109820479 0 0
 343.984548594 0.000139120929067659 0 0
 347.36354604375 -0.00201948684236186 0 0
 350.74310048 9.69342399829296e-005 0 0
 354.12319773825 -0.000308836932661057 0 0
 357.503823654 0.000383692380819748 0 0
 360.88496406275 -0.000506598350846713 0 0
 364.2666048 0.00137290703897701 0 0
 367.64873170125 -0.000376936364840444 0 0
 371.031330602 1.59640002061183e-005 0 0
 374.41438733775 0.000260969956009883 0 0
 377.797887744 -0.00138624870427243 0 0
 381.18181765625 -0.000554905159010681 0 0
 384.56616291 0.000205649924978447 0 0
 387.95090934075 -0.00117892028014835 0 0
 391.336042784 -0.00106487141257016 0 0
 394.72154907525 0.0011664976311611 0 0
 398.10741405 0.00124008036180999 0 0
 401.49362354375 -5.94895691482224e-005 0 0
 404.880163392 -0.00100153651350663 0 0
 408.26701943025 -0.000320796263268843 0 0
 411.654177494 0.000413107121411709 0 0
 415.04162341875 0.00035209708460557 0 0
 418.42934304 0.000508487170474217 0 0
 421.81732219325 -0.000187587023710282 0 0
 425.205546714 0.000575601570826788 0 0
 428.59400243775 -1.51647113711637e-005 0 0
 431.9826752 -4.39673314465976e-005 0 0
 435.37155083625 0.00054533159108286 0 0
 438.760615182 0.000404286179549446 0 0
 442.14985407275 -6.09007066202699e-005 0 0
 445.539253344 0.00013608496745088 0 0
 448.92879883125 0.00059665227804576 0 0
 452.31847637 0.000423563657839935 0 0
 455.70827179575 -0.000130323707214129 0 0
 459.098170944 -0.000988380118277159 0 0
 462.48815965025 2.49781380647265e-005 0 0
 465.87822375 -6.21142306791471e-005 0 0
 469.26834907875 -7.67335578713488e-005 0 0
 472.658521472 0.000926123069401747 0 0
 476.04872676525 0.000712808201297028 0 0
 479.438950794 -0.00016063328383517 0 0
 482.82917939375 -0.000676297354836187 0 0
 486.2193984 0.00106814445173224 0 0
 489.60959364825 0.000470395760701266 0 0
 492.999750974 0.00107209042043179 0 0
 496.38985621275 0.000281968578898187 0 0
 499.7798952 0.000571187704210746 0 0
 503.16985377125 0.000476810581469784 0 0
 506.559717762 0.000520674874383877 0 0
 509.94947300775 -0.000625220270821487 0 0
 513.339105344 0.000165338456330133 0 0
 516.72860060625 0.000198593277086214 0 0
 520.11794463 -1.4619898794832e-005 0 0
 523.50712325075 -0.000519528735538553 0 0
 526.896122304 0.000382586715693435 0 0
 530.28492762525 0.000141285905492743 0 0
 533.67352505 0.000855367727562316 0 0
 537.06190041375 0.00164105353429228 0 0
 540.450039552 0.000577207609161942 0 0
 543.83792830025 0.000191418187132934 0 0
 547.225552494 0.000716415736777619 0 0
 550.61289796875 0.000821807941200321 0 0
 553.99995056 0.000386101691369304 0 0
 557.38669610325 -0.000608275824711706 0 0
 560.773120434 0.000335857044882143 0 0
 564.15920938775 0.0011597807285413 0 0
 567.5449488 0.00028177958823747 0 0
 570.93032450625 -0.00012648806335117 0 0
 574.315322342 0.000365245425361633 0 0
 577.69992814275 0.000644372716447106 0 0
 581.084127744 0.000191582752150799 0 0
 584.46790698125 0.000835100315736586 0 0
 587.85125169 0.000726284857548225 0 0
 591.23414770575 -0.000296411834266099 0 0
 594.616580864 0.00101514052233872 0 0
 597.99853700025 0.000135305924689951 0 0
 601.38000195 0.000663175148091068 0 0
 604.76096154875 -0.000117532868877839 0 0
 608.141401632 9.08815132879155e-005 0 0
 611.52130803525 0.000924286804589566 0 0
 614.900666594 -0.000719677700668764 0 0
 618.27946314375 0.000884710697681736 0 0
 621.65768352 0.000980283713779766 0 0
 625.03531355825 0.000202609648477741 0 0
 628.412339094 -0.000438100720878302 0 0
 631.78874596275 7.79465597605567e-005 0 0
 635.16452 -0.000687805379336909 0 0
 638.53964704125 -0.000176258624001792 0 0
 641.914112922 0.000189052534844049 0 0
 645.28790347775 -1.70034408583014e-005 0 0
 648.661004544 -0.000137646315159035 0 0
 652.03340195625 0.000200183836995241 0 0
 655.40508155 -0.00198190477418767 0 0
 658.77602916075 -0.000425305603513651 0 0
 662.146230624 0.000387047945451233 0 0
 665.51567177525 0.00123617891189365 0 0
 668.88433845 -0.000465298086442774 0 0
 672.25221648375 0.000272576033349383 0 0
 675.619291712 -0.00105170274138892 0 0
 678.98554997025 0.000518080511546468 0 0
 682.350977094 0.000799501664624298 0 0
 685.71555891875 -0.000382540490863485 0 0
 689.07928128 -0.00060489828504551 0 0
 692.44213001325 0.00146877771202225 0 0
 695.804090954 8.20159637761422e-005 0 0
 699.16514993775 -5.82182841204759e-005 0 0
 702.5252928 -0.000460544989015533 0 0
 705.88450537625 -0.00109862296174454 0 0
 709.242773502 0.000139475545515171 0 0
 712.60008301275 -0.000253787458568637 0 0
 715.956419744 -0.00175420196455801 0 0
 719.31176953125 -0.0004445756744319 0 0
 722.66611821 -0.000159074757027796 0 0
 726.01945161575 -0.000561232878020896 0 0
 729.371755584 0.000296292824804138 0 0
 732.72301595025 -0.000637401182342982 0 0
 736.07321855 0.000398884611860955 0 0
 739.42234921875 0.000480941953956066 0 0
 742.770393792 -0.000710020469410311 0 0
 746.11733810525 -0.000406418526728264 0 0
 749.463167994 -0.000556595116660372 0 0
 752.80786929375 3.14130950786671e-005 0 0
 756.15142784 -4.24206536507417e-005 0 0
 759.49382946825 0.000571273216473751 0 0
 762.835060014 -0.0021502779865358 0 0
 766.17510531275 0.00198015714217813 0 0
 769.5139512 4.54910517443524e-005 0 0
 772.85158351125 0.00137168454965929 0 0
 776.187988082 -0.000756210239001257 0 0
 779.52315074775 0.000524833872999752 0 0
 782.857057344 6.92842534654001e-005 0 0
 786.18969370625 -0.0013598761552356 0 0
 789.52104567 -0.00157150098556373 0 0
 792.85109907075 0.000835150470687437 0 0
 796.179839744 0.00117986795721666 0 0
 799.50725352525 0.000130415856835302 0 0
 802.83332625 0.000911249712039257 0 0
 806.15804375375 0.00163561748315834 0 0
 809.481391872 -9.96202168666472e-005 0 0
 812.80335644025 0.000330768756737453 0 0
 816.123923294 -0.00146248751399282 0 0
 819.44307826875 -0.00142565810891767 0 0
 822.7608072 0.000840824971602482 0 0
 826.07709592325 0.000905588641942106 0 0
 829.391930274 -0.000860418720417545 0 0
 832.70529608775 0.00206050066942748 0 0
 836.0171792 -0.00246611922645726 0 0
 839.32756544625 -0.00206422539267189 0 0
 842.636440662 0.000603817996290784 0 0
 845.94379068275 -0.00212323493933884 0 0
 849.249601344 8.15572800541069e-005 0 0
 852.55385848125 -0.00218577622999871 0 0
 855.85654793 -0.00304769385463534 0 0
 859.15765552575 0.000130466319555255 0 0
 862.457167104 0.000575070685838866 0 0
 865.75506850025 -0.00480023894721742 0 0
 869.05134555 -0.00111589081197774 0 0
 872.34598408875 -0.00269810275822156 0 0
 875.638969952 -0.00466030920491105 0 0
 878.93028897525 -0.00566999394901917 0 0
 882.219926994 -0.00320600090167266 0 0
 885.50786984375 0.00238111542640979 0 0
 888.79410336 -0.00446108068911756 0 0
 892.07861337825 -0.00213387253628917 0 0
 895.361385734 -0.00142815984029376 0 0
 898.64240626275 -0.0068812333441556 0 0
 901.9216608 -0.00763433511960785 0 0
 905.19913518125 -0.0162664726451451 0 0
 908.474815242 -0.0052912140380336 0 0
 911.74868681775 -0.00910639589884721 0 0
 915.020735744 0.000957839207263592 0 0
 918.29094785625 0.00152741670240373 0 0
 921.55930899 -0.00694616167770179 0 0
 924.82580498075 -0.0151284719082865 0 0
 928.090421664 -0.0168643960555847 0 0
 931.35314487525 0.00205367942987171 0 0
 934.61396045 -0.000287164645468455 0 0
 937.87285422375 -0.00115649976774111 0 0
 941.129812032 -0.0115051042809609 0 0
 944.38481971025 -0.00913114466995709 0 0
 947.637863094 -0.0105893022205776 0 0
 950.88892801875 -0.0052701921381755 0 0
 954.13800032 0 0 0
 957.38506583325 0 0 0
 960.630110394 0 0 0
 963.87311983775 0 0 0
 967.11408 0 0 0
 970.35297671625 0 0 0
 973.589795822 0 0 0
 976.82452315275 0 0 0
 980.057144544 0 0 0
 983.28764583125 0 0 0
 986.51601285 0 0 0
 989.74223143575 0 0 0
 992.966287424 0 0 0
 996.18816665025 0 0 0
 999.40785495 0 0 0
 1002.62533815875 0 0 0
 1005.840602112 0 0 0
 1009.05363264525 0 0 0
 1012.264415594 0 0 0
 1015.47293679375 0 0 0
 1018.67918208 0 0 0
 1021.88313728825 0 0 0
 1025.084788254 0 0 0
 1028.28412081275 0 0 0
 1031.4811208 0 0 0
 1034.67577405125 0 0 0
 1037.868066402 0 0 0
 1041.05798368775 0 0 0
 1044.245511744 0 0 0
 1047.43063640625 0 0 0
 1050.61334351 0 0 0
 1053.79361889075 0 0 0
 1056.971448384 0 0 0
 1060.14681782525 0 0 0
 1063.31971305 0 0 0
 1066.49011989375 0 0 0
 1069.658024192 0 0 0
 1072.82341178025 0 0 0
 1075.986268494 0 0 0
 1079.14658016875 0 0 0
 1082.30433264 0 0 0
 1085.45951174325 0 0 0
 1088.612103314 0 0 0
 1091.76209318775 0 0 0
 1094.9094672 0 0 0
 1098.05421118625 0 0 0
 1101.196310982 0 0 0
 1104.33575242275 0 0 0
 1107.472521344 0 0 0
 1110.60660358125 0 0 0
 1113.73798497 0 0 0
 1116.86665134575 0 0 0
 1119.992588544 0 0 0
 1123.11578240025 0 0 0
 1126.23621875 0 0 0
 1129.35388342875 0 0 0
 1132.468762272 0 0 0
 1135.58084111525 0 0 0
 1138.690105794 0 0 0
 1141.79654214375 0 0 0
 1144.900136 0 0 0
[END] of [DATA]
[END] of [Spectrum]


#TBID:2021-11-28 01:00:00;SAM_84DC;RAW;

[Spectrum]
Version            = 1
IDData             = 96B1_2021-11-28_01-00-00_000_572
IDDevice           = SAM_84DC
IDDataType         = SPECTRUM
IDDataTypeSub1     = RAW
IDDataTypeSub2     = 
IDDataTypeSub3     = 
DateTime           = 2021-11-28 01:00:00
PositionLatitude   = 0
PositionLongitude  = 0
Comment            = 
CommentSub1        = 
CommentSub2        = 
CommentSub3        = 
IDMethodType       = SAM Control
MethodName         = SAM_84DC
Mission            = No Mission
MissionSub         = 1
RecordType         = 0
[Attributes]
CalFactor = 1
IDBasisSpec = 
IDDataBack = DLAB_2015-08-21_13-19-54_137_939
IDDataCal = DLAB_2015-08-24_10-46-55_592_608
IntegrationTime = 4096
P31 = -1
P31e = 0
PathLength = +INF
PathLengthCustomOn = 0
RAWDynamic = 65535
Salinity = 0
Temperature = -NAN
Unit1 = $05 $00 Pixel 
Unit2 = $03 $05 Intensity counts
Unit3 = $f0 $05 Error counts
Unit4 = $f1 $00 Status 
p999 = 756
[END] of [Attributes]
[DATA]
 0 11 0 0
 1 1210 0 0
 2 1194 0 0
 3 1201 0 0
 4 1208 0 0
 5 1205 0 0
 6 1199 0 0
 7 1204 0 0
 8 1205 0 0
 9 1208 0 0
 10 1211 0 0
 11 1209 0 0
 12 1205 0 0
 13 1213 0 0
 14 1211 0 0
 15 1205 0 0
 16 1208 0 0
 17 1207 0 0
 18 1203 0 0
 19 1206 0 0
 20 1205 0 0
 21 1209 0 0
 22 1209 0 0
 23 1210 0 0
 24 1207 0 0
 25 1206 0 0
 26 1209 0 0
 27 1208 0 0
 28 1206 0 0
 29 1203 0 0
 30 1206 0 0
 31 1209 0 0
 32 1206 0 0
 33 1208 0 0
 34 1210 0 0
 35 1206 0 0
 36 1216 0 0
 37 1210 0 0
 38 1210 0 0
 39 1210 0 0
 40 1214 0 0
 41 1211 0 0
 42 1214 0 0
 43 1217 0 0
 44 1213 0 0
 45 1214 0 0
 46 1212 0 0
 47 1215 0 0
 48 1207 0 0
 49 1209 0 0
 50 1215 0 0
 51 1212 0 0
 52 1213 0 0
 53 1213 0 0
 54 1210 0 0
 55 1214 0 0
 56 1214 0 0
 57 1210 0 0
 58 1207 0 0
 59 1215 0 0
 60 1210 0 0
 61 1217 0 0
 62 1214 0 0
 63 1210 0 0
 64 1213 0 0
 65 1218 0 0
 66 1208 0 0
 67 1214 0 0
 68 1210 0 0
 69 1206 0 0
 70 1211 0 0
 71 1214 0 0
 72 1216 0 0
 73 1212 0 0
 74 1216 0 0
 75 1213 0 0
 76 1212 0 0
 77 1213 0 0
 78 1211 0 0
 79 1209 0 0
 80 1212 0 0
 81 1218 0 0
 82 1211 0 0
 83 1214 0 0
 84 1207 0 0
 85 1218 0 0
 86 1215 0 0
 87 1213 0 0
 88 1213 0 0
 89 1214 0 0
 90 1216 0 0
 91 1216 0 0
 92 1212 0 0
 93 1212 0 0
 94 1216 0 0
 95 1213 0 0
 96 1211 0 0
 97 1215 0 0
 98 1215 0 0
 99 1218 0 0
 100 1212 0 0
 101 1208 0 0
 102 1211 0 0
 103 1216 0 0
 104 1212 0 0
 105 1215 0 0
 106 1212 0 0
 107 1220 0 0
 108 1210 0 0
 109 1213 0 0
 110 1217 0 0
 111 1212 0 0
 112 1212 0 0
 113 1216 0 0
 114 1207 0 0
 115 1217 0 0
 116 1210 0 0
 117 1215 0 0
 118 1211 0 0
 119 1207 0 0
 120 1211 0 0
 121 1215 0 0
 122 1210 0 0
 123 1216 0 0
 124 1213 0 0
 125 1208 0 0
 126 1217 0 0
 127 1216 0 0
 128 1210 0 0
 129 1212 0 0
 130 1214 0 0
 131 1217 0 0
 132 1216 0 0
 133 1213 0 0
 134 1209 0 0
 135 1212 0 0
 136 1214 0 0
 137 1212 0 0
 138 1208 0 0
 139 1212 0 0
 140 1216 0 0
 141 1217 0 0
 142 1212 0 0
 143 1216 0 0
 144 1210 0 0
 145 1213 0 0
 146 1213 0 0
 147 1217 0 0
 148 1215 0 0
 149 1215 0 0
 150 1214 0 0
 151 1216 0 0
 152 1212 0 0
 153 1218 0 0
 154 1205 0 0
 155 1217 0 0
 156 1214 0 0
 157 1216 0 0
 158 1214 0 0
 159 1216 0 0
 160 1216 0 0
 161 1216 0 0
 162 1212 0 0
 163 1210 0 0
 164 1214 0 0
 165 1217 0 0
 166 1219 0 0
 167 1220 0 0
 168 1216 0 0
 169 1219 0 0
 170 1213 0 0
 171 1217 0 0
 172 1206 0 0
 173 1213 0 0
 174 1211 0 0
 175 1220 0 0
 176 1218 0 0
 177 1217 0 0
 178 1214 0 0
 179 1212 0 0
 180 1216 0 0
 181 1213 0 0
 182 1214 0 0
 183 1214 0 0
 184 1217 0 0
 185 1217 0 0
 186 1218 0 0
 187 1216 0 0
 188 1211 0 0
 189 1215 0 0
 190 1214 0 0
 191 1218 0 0
 192 1220 0 0
 193 1217 0 0
 194 1214 0 0
 195 1214 0 0
 196 1218 0 0
 197 1212 0 0
 198 1210 0 0
 199 1215 0 0
 200 1210 0 0
 201 1226 0 0
 202 1209 0 0
 203 1217 0 0
 204 1211 0 0
 205 1220 0 0
 206 1216 0 0
 207 1217 0 0
 208 1211 0 0
 209 1215 0 0
 210 1215 0 0
 211 1221 0 0
 212 1212 0 0
 213 1216 0 0
 214 1211 0 0
 215 1221 0 0
 216 1214 0 0
 217 1213 0 0
 218 1212 0 0
 219 1219 0 0
 220 1216 0 0
 221 1220 0 0
 222 1214 0 0
 223 1216 0 0
 224 1219 0 0
 225 1219 0 0
 226 1213 0 0
 227 1217 0 0
 228 1212 0 0
 229 1217 0 0
 230 1217 0 0
 231 1217 0 0
 232 1219 0 0
 233 1212 0 0
 234 1218 0 0
 235 1217 0 0
 236 1212 0 0
 237 1211 0 0
 238 1214 0 0
 239 1216 0 0
 240 1220 0 0
 241 1215 0 0
 242 1214 0 0
 243 1217 0 0
 244 1219 0 0
 245 1212 0 0
 246 1212 0 0
 247 1218 0 0
 248 1214 0 0
 249 1218 0 0
 250 1211 0 0
 251 1223 0 0
 252 1216 0 0
 253 1218 0 0
 254 1220 0 0
 255 1278 0 0
[END] of [DATA]
[END] of [Spectrum]


#TBID:2021-11-28 01:00:00;SAM_84DC;CALIBRATED;

[Spectrum]
Version            = 1
IDData             = 96B1_2021-11-28_01-00-00_000_573
IDDevice           = SAM_84DC
IDDataType         = SPECTRUM
IDDataTypeSub1     = CALIBRATED
IDDataTypeSub2     = 
IDDataTypeSub3     = 
DateTime           = 2021-11-28 01:00:00
PositionLatitude   = 0
PositionLongitude  = 0
Comment            = 
CommentSub1        = 
CommentSub2        = 
CommentSub3        = 
IDMethodType       = SAM Control
MethodName         = SAM_84DC
Mission            = No Mission
MissionSub         = 1
RecordType         = 0
[Attributes]
CalFactor = 1
IDBasisSpec = 
IDDataBack = DLAB_2015-08-21_13-19-54_137_939
IDDataCal = DLAB_2015-08-24_10-46-55_592_608
IntegrationTime = 4096
P31 = -1
P31e = 0
PathLength = +INF
PathLengthCustomOn = 0
RAWDynamic = 65535
Salinity = 0
Temperature = -NAN
Unit1 = $01 $01 Wavelength nm
Unit2 = $03 $03 Intensity mW/(m^2 nm Sr)
Unit3 = $f0 $03 Error mW/(m^2 nm Sr)
Unit4 = $f1 $00 Status 
p999 = 756
[END] of [Attributes]
[DATA]
 0 11 0 0
 305.71650776488 0 0 0
 309.04007505697 0 0 0
 312.36416914304 0 0 0
 315.68877841375 0 0 0
 319.01389125976 5.89039001655267e-005 0 0
 322.33949607173 7.16160041802529e-005 0 0
 325.66558124032 -0.000166477590693732 0 0
 328.99213515619 -3.54156102926278e-005 0 0
 332.31914621 -6.78546102086209e-005 0 0
 335.64660279241 0.000117213417474298 0 0
 338.97449329408 -1.37738265388069e-005 0 0
 342.30280610567 4.4578132223898e-005 0 0
 345.63152961784 0.000210009321053962 0 0
 348.96065222125 -6.12380154719266e-005 0 0
 352.29016230656 0.000100134156999697 0 0
 355.62004826443 -1.02150841222026e-005 0 0
 358.95029848552 -0.000117537233086848 0 0
 362.28090136049 -4.30819730422907e-005 0 0
 365.61184528 -3.05035558383394e-005 0 0
 368.94311863471 -1.4130269946247e-006 0 0
 372.27470981528 0.000129595832773122 0 0
 375.60660721237 -3.49239105405042e-005 0 0
 378.93879921664 -5.27091677513303e-006 0 0
 382.27127421875 -4.42111551821689e-005 0 0
 385.60402060936 7.3712692745808e-005 0 0
 388.93702677913 1.75635985034125e-006 0 0
 392.27028111872 -2.2033668350074e-005 0 0
 395.60377201879 6.8598073461008e-005 0 0
 398.93748787 2.00800901829129e-005 0 0
 402.27141706301 9.33149922133574e-005 0 0
 405.60554798848 -2.24475992174095e-005 0 0
 408.93986903707 -3.13704496289901e-005 0 0
 412.27436859944 6.54387743658341e-005 0 0
 415.60903506625 4.69243692337228e-006 0 0
 418.94385682816 2.95048978380797e-005 0 0
 422.27882227583 1.97871412773098e-005 0 0
 425.61391979992 -2.52189374587699e-005 0 0
 428.94913779109 1.10849598323556e-005 0 0
 432.28446464 5.16026275991517e-005 0 0
 435.61988873731 -3.59319027566108e-005 0 0
 438.95539847368 4.50233262642353e-006 0 0
 442.29098223977 4.91440803714645e-005 0 0
 445.62662842624 5.51884819150982e-005 0 0
 448.96232542375 -8.77230929273195e-006 0 0
 452.29806162296 1.50762144430651e-005 0 0
 455.63382541453 -5.48833288301656e-005 0 0
 458.96960518912 -4.17947488308784e-005 0 0
 462.30538933739 -3.64369134234087e-005 0 0
 465.64116625 -2.15348540775071e-005 0 0
 468.97692431761 7.36923303902813e-005 0 0
 472.31265193088 1.17026714240731e-005 0 0
 475.64833748047 1.27425567041438e-005 0 0
 478.98396935704 4.7851324837843e-005 0 0
 482.31953595125 7.98700326067813e-006 0 0
 485.65502565376 3.94452044025273e-006 0 0
 488.99042685523 3.16970904429015e-005 0 0
 492.32572794632 -7.26226426016684e-005 0 0
 495.66091731769 -0.000106259149342494 0 0
 498.99598336 -8.75799495926075e-005 0 0
 502.33091446391 -6.26352861977477e-005 0 0
 505.66569902008 -9.33689431765908e-006 0 0
 509.00032541917 4.57150911132328e-005 0 0
 512.33478205184 -4.54292293305201e-005 0 0
 515.66905730875 -2.38340274739206e-005 0 0
 519.00313958056 7.45737768240327e-005 0 0
 522.33701725793 4.97275873589054e-005 0 0
 525.67067873152 -1.1519318277909e-005 0 0
 529.00411239199 -6.98364297249041e-005 0 0
 532.33730663 -6.04975088594249e-005 0 0
 535.67024983621 -5.9840551976936e-005 0 0
 539.00293040128 -6.22325164255419e-005 0 0
 542.33533671587 3.1673288268644e-005 0 0
 545.66745717064 -5.47473591908575e-005 0 0
 548.99928015625 -2.88936546794082e-005 0 0
 552.33079406336 2.05768795824156e-005 0 0
 555.66198728263 -5.01002148262013e-005 0 0
 558.99284820472 -3.05587210301835e-005 0 0
 562.32336522029 2.24677649956212e-005 0 0
 565.65352672 -0.000109314077786994 0 0
 568.98332109451 -3.76119915843964e-006 0 0
 572.31273673448 -1.85663089660841e-005 0 0
 575.64176203057 -1.45225647476662e-005 0 0
 578.97038537344 -2.05862134580291e-005 0 0
 582.29859515375 -1.51010015158677e-005 0 0
 585.62637976216 -5.45393294206405e-005 0 0
 588.95372758933 -2.01012470407938e-005 0 0
 592.28062702592 -6.05880706458489e-005 0 0
 595.60706646259 1.06905547438618e-006 0 0
 598.93303429 -7.74718163222876e-005 0 0
 602.25851889881 8.81650709641953e-005 0 0
 605.58350867968 -3.17605498283477e-006 0 0
 608.90799202327 -5.9056411841303e-005 0 0
 612.23195732024 -4.79941189962107e-005 0 0
 615.55539296125 -4.73787467504332e-005 0 0
 618.87828733696 -7.95024830863992e-005 0 0
 622.20062883803 -2.29186079663985e-005 0 0
 625.52240585512 -8.87138115439763e-005 0 0
 628.84360677889 3.38639075876889e-005 0 0
 632.16422 3.44503879808787e-005 0 0
 635.48423390911 -8.83216249828984e-005 0 0
 638.80363689688 -8.75759988047267e-005 0 0
 642.12241735397 -0.00010124440616302 0 0
 645.44056367104 1.90413576750504e-005 0 0
 648.75806423875 -5.09740424797151e-005 0 0
 652.07490744776 -6.09087996008842e-005 0 0
 655.39108168873 -8.88993557906883e-005 0 0
 658.70657535232 -7.40164093171878e-005 0 0
 662.02137682919 -0.000136013615491489 0 0
 665.33547451 -9.46026738547437e-005 0 0
 668.64885678541 4.5958384536085e-005 0 0
 671.96151204608 -0.000108248207146789 0 0
 675.27342868267 -8.72666669385894e-005 0 0
 678.58459508584 0.00011473851038788 0 0
 681.89499964625 -0.000204004959859433 0 0
 685.20463075456 -5.96247576683643e-005 0 0
 688.51347680143 -8.46946178490831e-005 0 0
 691.82152617752 2.01423661990448e-005 0 0
 695.12876727349 -1.3235892935699e-005 0 0
 698.43518848 -0.000150096891786185 0 0
 701.74077818771 0.000101402303282022 0 0
 705.04552478728 -0.000148203059034968 0 0
 708.34941666937 -3.96240949034032e-005 0 0
 711.65244222464 -4.55457310717485e-005 0 0
 714.95458984375 -0.000108457329295631 0 0
 718.25584791736 -8.40700418484584e-005 0 0
 721.55620483613 -2.17443439466358e-005 0 0
 724.85564899072 -1.7722597633337e-005 0 0
 728.15416877179 -7.59209825940724e-005 0 0
 731.45175257 -1.88745411071266e-005 0 0
 734.74838877601 -0.000128888514217459 0 0
 738.04406578048 8.14179170039431e-005 0 0
 741.33877197407 -1.76964750842446e-005 0 0
 744.63249574744 -4.41089220992978e-005 0 0
 747.92522549125 -9.37910985298674e-005 0 0
 751.21694959616 -0.000108390659578467 0 0
 754.50765645283 0.000102378003721435 0 0
 757.79733445192 -8.73561549605361e-005 0 0
 761.08597198409 -6.22774028685363e-005 0 0
 764.37355744 -4.49185506770056e-005 0 0
 767.66007921031 0.000120387731213172 0 0
 770.94552568568 -1.54519089532227e-005 0 0
 774.22988525677 3.24737474066909e-005 0 0
 777.51314631424 1.39822214158833e-005 0 0
 780.79529724875 -8.92639592571126e-005 0 0
 784.07632645096 0.000107837071570833 0 0
 787.35622231153 5.72207699624043e-005 0 0
 790.63497322112 0.000137859832342393 0 0
 793.91256757039 -3.68753201046033e-005 0 0
 797.18899375 1.30202309431305e-005 0 0
 800.46424015061 0.000130627239115328 0 0
 803.73829516288 1.24006330552629e-005 0 0
 807.01114717747 -6.19660128412152e-005 0 0
 810.28278458504 1.10951899510393e-005 0 0
 813.55319577625 -0.000391253619232976 0 0
 816.82236914176 0.000113358393046939 0 0
 820.09029307223 0.000176557583602708 0 0
 823.35695595832 -8.1652135348539e-005 0 0
 826.62234619069 5.25557036853631e-005 0 0
 829.88645216 -4.87225542936535e-006 0 0
 833.14926225691 2.24638346737298e-005 0 0
 836.41076487208 0.000320964398250779 0 0
 839.67094839617 0.000312305217792808 0 0
 842.92980121984 -4.36432022862634e-006 0 0
 846.18731173375 0.000117353317645074 0 0
 849.44346832856 0.000167760496250747 0 0
 852.69825939493 -2.01605133465163e-005 0 0
 855.95167332352 0.00020689116264832 0 0
 859.20369850499 7.91036876960377e-005 0 0
 862.45432333 0.000266323877986979 0 0
 865.70353618921 -9.17634276906162e-005 0 0
 868.95132547328 -0.000174688541279268 0 0
 872.19767957287 -4.84936235051681e-006 0 0
 875.44258687864 -0.000317499087869156 0 0
 878.68603578125 -0.000289312239911611 0 0
 881.92801467136 0.000760458293835197 0 0
 885.16851193963 0.000286313281741217 0 0
 888.40751597672 0.000553805086008242 0 0
 891.64501517329 -1.287530127685e-005 0 0
 894.88099792 0.000370897634105826 0 0
 898.11545260751 0.000660311603379198 0 0
 901.34836762648 0.000415226299050616 0 0
 904.57973136757 0.000163051659601939 0 0
 907.80953222144 8.66857291747236e-005 0 0
 911.03775857875 0.000644243281321937 0 0
 914.26439883016 0.000530711355807316 0 0
 917.48944136633 0.000498540847123625 0 0
 920.71287457792 0.000261241616624468 0 0
 923.93468685559 0.00038900359634831 0 0
 927.15486659 0.00112418995596796 0 0
 930.37340217181 0.000702805663712683 0 0
 933.59028199168 0.000963743534241125 0 0
 936.80549444027 -0.000224677283090175 0 0
 940.01902790824 0.000378525314139591 0 0
 943.23087078625 0.000374417955165935 0 0
 946.44101146496 0.00117119460100772 0 0
 949.64943833503 1.6727182385302e-006 0 0
 952.85613978712 -0.000441776862963816 0 0
 956.06110421189 0 0 0
 959.26432 0 0 0
 962.46577554211 0 0 0
 965.66545922888 0 0 0
 968.86335945097 0 0 0
 972.05946459904 0 0 0
 975.25376306375 0 0 0
 978.44624323576 0 0 0
 981.63689350573 0 0 0
 984.82570226432 0 0 0
 988.01265790219 0 0 0
 991.19774881 0 0 0
 994.38096337841 0 0 0
 997.56228999808 0 0 0
 1000.74171705967 0 0 0
 1003.91923295384 0 0 0
 1007.09482607125 0 0 0
 1010.26848480256 0 0 0
 1013.44019753843 0 0 0
 1016.60995266952 0 0 0
 1019.77773858649 0 0 0
 1022.94354368 0 0 0
 1026.10735634071 0 0 0
 1029.26916495928 0 0 0
 1032.42895792637 0 0 0
 1035.58672363264 0 0 0
 1038.74245046875 0 0 0
 1041.89612682536 0 0 0
 1045.04774109313 0 0 0
 1048.19728166272 0 0 0
 1051.34473692479 0 0 0
 1054.49009527 0 0 0
 1057.63334508901 0 0 0
 1060.77447477248 0 0 0
 1063.91347271107 0 0 0
 1067.05032729544 0 0 0
 1070.18502691625 0 0 0
 1073.31755996416 0 0 0
 1076.44791482983 0 0 0
 1079.57607990392 0 0 0
 1082.70204357709 0 0 0
 1085.82579424 0 0 0
 1088.94732028331 0 0 0
 1092.06661009768 0 0 0
 1095.18365207377 0 0 0
 1098.29843460224 0 0 0
 1101.41094607375 0 0 0
 1104.52117487896 0 0 0
 1107.62910940853 0 0 0
 1110.73473805312 0 0 0
 1113.83804920339 0 0 0
 1116.93903125 0 0 0
 1120.03767258361 0 0 0
 1123.13396159488 0 0 0
 1126.22788667447 0 0 0
 1129.31943621304 0 0 0
 1132.40859860125 0 0 0
 1135.49536222976 0 0 0
[END] of [DATA]
[END] of [Spectrum]


#TBID:2021-11-28 01:00:00;SAM_84C8;RAW;

[Spectrum]
Version            = 1
IDData             = 96B1_2021-11-28_01-00-00_000_575
IDDevice           = SAM_84C8
IDDataType         = SPECTRUM
IDDataTypeSub1     = RAW
IDDataTypeSub2     = 
IDDataTypeSub3     = 
DateTime           = 2021-11-28 01:00:00
PositionLatitude   = 0
PositionLongitude  = 0
Comment            = 
CommentSub1        = 
CommentSub2        = 
CommentSub3        = 
IDMethodType       = SAM Control
MethodName         = SAM_84C8
Mission            = No Mission
MissionSub         = 1
RecordType         = 0
[Attributes]
CalFactor = 1
IDBasisSpec = 
IDDataBack = DLAB_2015-08-21_12-14-03_013_778
IDDataCal = DLAB_2015-08-24_11-04-47_772_747
IntegrationTime = 4096
P31 = -1
P31e = 0
PathLength = +INF
PathLengthCustomOn = 0
RAWDynamic = 65535
Salinity = 0
Temperature = -NAN
Unit1 = $05 $00 Pixel 
Unit2 = $03 $05 Intensity counts
Unit3 = $f0 $05 Error counts
Unit4 = $f1 $00 Status 
p999 = 756
[END] of [Attributes]
[DATA]
 0 11 0 0
 1 1098 0 0
 2 1086 0 0
 3 1092 0 0
 4 1097 0 0
 5 1099 0 0
 6 1092 0 0
 7 1093 0 0
 8 1095 0 0
 9 1094 0 0
 10 1089 0 0
 11 1098 0 0
 12 1099 0 0
 13 1096 0 0
 14 1097 0 0
 15 1095 0 0
 16 1095 0 0
 17 1096 0 0
 18 1095 0 0
 19 1094 0 0
 20 1097 0 0
 21 1096 0 0
 22 1098 0 0
 23 1098 0 0
 24 1095 0 0
 25 1095 0 0
 26 1094 0 0
 27 1091 0 0
 28 1094 0 0
 29 1101 0 0
 30 1100 0 0
 31 1098 0 0
 32 1095 0 0
 33 1098 0 0
 34 1096 0 0
 35 1094 0 0
 36 1100 0 0
 37 1098 0 0
 38 1098 0 0
 39 1098 0 0
 40 1093 0 0
 41 1094 0 0
 42 1102 0 0
 43 1098 0 0
 44 1105 0 0
 45 1101 0 0
 46 1095 0 0
 47 1096 0 0
 48 1101 0 0
 49 1102 0 0
 50 1097 0 0
 51 1102 0 0
 52 1105 0 0
 53 1095 0 0
 54 1094 0 0
 55 1099 0 0
 56 1100 0 0
 57 1106 0 0
 58 1106 0 0
 59 1102 0 0
 60 1104 0 0
 61 1103 0 0
 62 1106 0 0
 63 1109 0 0
 64 1106 0 0
 65 1102 0 0
 66 1102 0 0
 67 1104 0 0
 68 1102 0 0
 69 1098 0 0
 70 1103 0 0
 71 1105 0 0
 72 1106 0 0
 73 1107 0 0
 74 1105 0 0
 75 1103 0 0
 76 1108 0 0
 77 1104 0 0
 78 1105 0 0
 79 1105 0 0
 80 1104 0 0
 81 1109 0 0
 82 1110 0 0
 83 1108 0 0
 84 1106 0 0
 85 1108 0 0
 86 1101 0 0
 87 1106 0 0
 88 1107 0 0
 89 1102 0 0
 90 1110 0 0
 91 1106 0 0
 92 1105 0 0
 93 1106 0 0
 94 1108 0 0
 95 1106 0 0
 96 1110 0 0
 97 1110 0 0
 98 1104 0 0
 99 1104 0 0
 100 1110 0 0
 101 1109 0 0
 102 1106 0 0
 103 1106 0 0
 104 1103 0 0
 105 1110 0 0
 106 1105 0 0
 107 1105 0 0
 108 1108 0 0
 109 1103 0 0
 110 1110 0 0
 111 1109 0 0
 112 1107 0 0
 113 1108 0 0
 114 1109 0 0
 115 1109 0 0
 116 1110 0 0
 117 1111 0 0
 118 1102 0 0
 119 1106 0 0
 120 1109 0 0
 121 1109 0 0
 122 1106 0 0
 123 1113 0 0
 124 1106 0 0
 125 1111 0 0
 126 1111 0 0
 127 1106 0 0
 128 1107 0 0
 129 1106 0 0
 130 1109 0 0
 131 1108 0 0
 132 1106 0 0
 133 1126 0 0
 134 1106 0 0
 135 1107 0 0
 136 1109 0 0
 137 1106 0 0
 138 1108 0 0
 139 1108 0 0
 140 1105 0 0
 141 1109 0 0
 142 1108 0 0
 143 1111 0 0
 144 1112 0 0
 145 1107 0 0
 146 1104 0 0
 147 1110 0 0
 148 1110 0 0
 149 1104 0 0
 150 1106 0 0
 151 1108 0 0
 152 1110 0 0
 153 1112 0 0
 154 1103 0 0
 155 1108 0 0
 156 1108 0 0
 157 1107 0 0
 158 1110 0 0
 159 1107 0 0
 160 1108 0 0
 161 1108 0 0
 162 1107 0 0
 163 1104 0 0
 164 1105 0 0
 165 1110 0 0
 166 1103 0 0
 167 1107 0 0
 168 1106 0 0
 169 1107 0 0
 170 1107 0 0
 171 1110 0 0
 172 1108 0 0
 173 1100 0 0
 174 1106 0 0
 175 1110 0 0
 176 1108 0 0
 177 1106 0 0
 178 1107 0 0
 179 1105 0 0
 180 1107 0 0
 181 1113 0 0
 182 1106 0 0
 183 1110 0 0
 184 1108 0 0
 185 1105 0 0
 186 1107 0 0
 187 1110 0 0
 188 1104 0 0
 189 1106 0 0
 190 1103 0 0
 191 1112 0 0
 192 1108 0 0
 193 1105 0 0
 194 1107 0 0
 195 1107 0 0
 196 1107 0 0
 197 1110 0 0
 198 1105 0 0
 199 1111 0 0
 200 1102 0 0
 201 1107 0 0
 202 1103 0 0
 203 1108 0 0
 204 1105 0 0
 205 1102 0 0
 206 1111 0 0
 207 1108 0 0
 208 1106 0 0
 209 1103 0 0
 210 1103 0 0
 211 1105 0 0
 212 1102 0 0
 213 1112 0 0
 214 1106 0 0
 215 1108 0 0
 216 1109 0 0
 217 1106 0 0
 218 1106 0 0
 219 1110 0 0
 220 1104 0 0
 221 1107 0 0
 222 1111 0 0
 223 1110 0 0
 224 1109 0 0
 225 1112 0 0
 226 1106 0 0
 227 1110 0 0
 228 1104 0 0
 229 1104 0 0
 230 1103 0 0
 231 1105 0 0
 232 1101 0 0
 233 1102 0 0
 234 1107 0 0
 235 1109 0 0
 236 1105 0 0
 237 1108 0 0
 238 1104 0 0
 239 1107 0 0
 240 1106 0 0
 241 1109 0 0
 242 1105 0 0
 243 1110 0 0
 244 1105 0 0
 245 1106 0 0
 246 1105 0 0
 247 1108 0 0
 248 1112 0 0
 249 1108 0 0
 250 1104 0 0
 251 1109 0 0
 252 1108 0 0
 253 1109 0 0
 254 1114 0 0
 255 1153 0 0
[END] of [DATA]
[END] of [Spectrum]


#TBID:2021-11-28 01:00:00;SAM_84C8;CALIBRATED;

[Spectrum]
Version            = 1
IDData             = 96B1_2021-11-28_01-00-00_000_576
IDDevice           = SAM_84C8
IDDataType         = SPECTRUM
IDDataTypeSub1     = CALIBRATED
IDDataTypeSub2     = 
IDDataTypeSub3     = 
DateTime           = 2021-11-28 01:00:00
PositionLatitude   = 0
PositionLongitude  = 0
Comment            = 
CommentSub1        = 
CommentSub2        = 
CommentSub3        = 
IDMethodType       = SAM Control
MethodName         = SAM_84C8
Mission            = No Mission
MissionSub         = 1
RecordType         = 0
[Attributes]
CalFactor = 1
IDBasisSpec = 
IDDataBack = DLAB_2015-08-21_12-14-03_013_778
IDDataCal = DLAB_2015-08-24_11-04-47_772_747
IntegrationTime = 4096
P31 = -1
P31e = 0
PathLength = +INF
PathLengthCustomOn = 0
RAWDynamic = 65535
Salinity = 0
Temperature = -NAN
Unit1 = $01 $01 Wavelength nm
Unit2 = $03 $03 Intensity mW/(m^2 nm Sr)
Unit3 = $f0 $03 Error mW/(m^2 nm Sr)
Unit4 = $f1 $00 Status 
p999 = 756
[END] of [Attributes]
[DATA]
 0 11 0 0
 303.516048156 0 0 0
 306.890006053 0 0 0
 310.26457112 0 0 0
 313.639731825 0 0 0
 317.015476636 -8.5444594825674e-005 0 0
 320.391794021 -0.000470135799421388 0 0
 323.768672448 -0.000234058078944199 0 0
 327.146100385 -7.53878812414482e-005 0 0
 330.5240663 -0.000157371202170504 0 0
 333.902558661 -0.000107645833660122 0 0
 337.281565936 -0.000105685373631656 0 0
 340.661076593 -0.000176493113353089 0 0
 344.0410791 -2.27287575544875e-005 0 0
 347.421561925 -1.67565237701629e-006 0 0
 350.802513536 -0.000116822139409256 0 0
 354.183922401 -0.000114174034404838 0 0
 357.565776988 -0.000134079300592844 0 0
 360.948065765 -0.000116128117484269 0 0
 364.3307772 -0.000142092312461054 0 0
 367.713899761 -2.17938084687288e-005 0 0
 371.097421916 -8.99210693873832e-005 0 0
 374.481332133 -8.7024106377785e-005 0 0
 377.86561888 -9.93443029710148e-005 0 0
 381.250270625 -0.000197222843122179 0 0
 384.635275836 -0.000131937635635986 0 0
 388.020622981 -2.08796759721113e-006 0 0
 391.406300528 -0.000164649302526853 0 0
 394.792296945 -0.000180236619403907 0 0
 398.1786007 9.46760277654125e-006 0 0
 401.565200261 -8.09926985933543e-005 0 0
 404.952084096 -5.98638167074339e-005 0 0
 408.339240673 -0.000109364344093878 0 0
 411.72665846 1.76959072552683e-005 0 0
 415.114325925 -2.42188881718133e-005 0 0
 418.502231536 -2.77883488616941e-005 0 0
 421.890363761 -2.00004121911688e-005 0 0
 425.278711068 -0.000191904525804412 0 0
 428.667261925 -5.39949214570859e-005 0 0
 432.0560048 3.4980578407814e-005 0 0
 435.444928161 -5.54823487553571e-005 0 0
 438.834020476 -8.43029914486554e-005 0 0
 442.223270213 4.17854280955658e-005 0 0
 445.61266584 -4.31192614006423e-005 0 0
 449.002195825 9.35129389170217e-005 0 0
 452.391848636 -5.31852683613412e-005 0 0
 455.781612741 -7.80901030943776e-005 0 0
 459.171476608 -4.59015673006863e-005 0 0
 462.561428705 -2.83431268601045e-005 0 0
 465.9514575 -6.30492994294276e-005 0 0
 469.341551461 -1.29128039649833e-005 0 0
 472.731699056 -2.68644400249155e-005 0 0
 476.121888753 2.06282247302594e-005 0 0
 479.51210902 -7.92738640137053e-005 0 0
 482.902348325 4.68751360005142e-005 0 0
 486.292595136 -3.6540680837417e-005 0 0
 489.682837921 -4.83358342867436e-005 0 0
 493.073065148 -1.90297401427525e-005 0 0
 496.463265285 7.72385741121897e-005 0 0
 499.8534268 9.52888224493264e-005 0 0
 503.243538161 8.31553100996203e-005 0 0
 506.633587836 2.28441276766632e-005 0 0
 510.023564293 -9.99992235114347e-005 0 0
 513.413456 4.37803207238274e-005 0 0
 516.803251425 0.000141281810071924 0 0
 520.192939036 3.90060127220155e-005 0 0
 523.582507301 -4.00899077252803e-005 0 0
 526.971944688 1.5796292271124e-005 0 0
 530.361239665 -6.14411977713863e-005 0 0
 533.7503807 -2.80630017919116e-005 0 0
 537.139356261 -5.03162085033517e-005 0 0
 540.528154816 1.62413289967619e-005 0 0
 543.916764833 -3.64442906828496e-005 0 0
 547.30517478 4.69795519439905e-005 0 0
 550.693373125 3.61602519574999e-005 0 0
 554.081348336 -1.53778357461466e-005 0 0
 557.469088881 4.76951769023127e-005 0 0
 560.856583228 -9.66588805567581e-007 0 0
 564.243819845 1.0797064706094e-005 0 0
 567.6307872 7.55148900764827e-007 0 0
 571.017473761 -6.20824966776726e-006 0 0
 574.403867996 8.81707425187925e-005 0 0
 577.789958373 6.21382219889531e-006 0 0
 581.17573336 1.50179144116329e-005 0 0
 584.561181425 -3.17998378908891e-005 0 0
 587.946291036 8.53922163339338e-005 0 0
 591.331050661 -2.56739072963143e-005 0 0
 594.715448768 -1.43888151510646e-005 0 0
 598.099473825 5.36370515427832e-005 0 0
 601.4831143 2.80634368676963e-006 0 0
 604.866358661 -1.08198890853699e-005 0 0
 608.249195376 -2.01914558565295e-005 0 0
 611.631612913 -2.86663600126703e-005 0 0
 615.01359974 8.13387997581674e-005 0 0
 618.395144325 -4.62873445213292e-005 0 0
 621.776235136 2.33016599963081e-005 0 0
 625.156860641 -5.6546467879056e-006 0 0
 628.537009308 8.44991792972923e-005 0 0
 631.916669605 4.2791132354334e-006 0 0
 635.29583 3.27472546196651e-005 0 0
 638.674478961 -3.75044564059517e-005 0 0
 642.052604956 -0.000129125934939153 0 0
 645.430196453 -5.78214841614268e-005 0 0
 648.80724192 3.57078387530248e-005 0 0
 652.183729825 -3.51408697290165e-005 0 0
 655.559648636 -4.85869980173366e-005 0 0
 658.934986821 3.94985471809418e-005 0 0
 662.309732848 -8.79591453029215e-006 0 0
 665.683875185 0.000159199458707267 0 0
 669.0574023 1.05362244988282e-005 0 0
 672.430302661 -5.50689972444607e-005 0 0
 675.802564736 -0.000223266748163429 0 0
 679.174176993 -2.47093642052984e-005 0 0
 682.5451279 -1.74447881152298e-006 0 0
 685.915405925 5.00152375525545e-005 0 0
 689.284999536 -8.63992190138112e-005 0 0
 692.653897201 -0.000122939200699738 0 0
 696.022087388 0.000139360277275385 0 0
 699.389558565 -4.29432560164789e-005 0 0
 702.7562992 -0.000146367083776429 0 0
 706.122297761 0.0001874314060807 0 0
 709.487542716 4.67340488836794e-005 0 0
 712.852022533 0.000117354943732108 0 0
 716.21572568 0.000222582455245294 0 0
 719.578640625 8.64889922659621e-005 0 0
 722.940755836 9.41100471076369e-005 0 0
 726.302059781 9.56492047114663e-005 0 0
 729.662540928 -0.000237779379099191 0 0
 733.022187745 7.5920985928509e-005 0 0
 736.3809887 -7.11763606948264e-005 0 0
 739.738932261 0.000159729523134869 0 0
 743.096006896 -3.81548625122155e-005 0 0
 746.452201073 -5.65699646875213e-005 0 0
 749.80750326 -0.00103923586150581 0 0
 753.161901925 -0.000133566504590864 0 0
 756.515385536 2.30163509960188e-005 0 0
 759.867942561 6.22092985710615e-005 0 0
 763.219561468 -9.79951042364222e-005 0 0
 766.570230725 0.000106709364961188 0 0
 769.9199388 -0.000142027322335931 0 0
 773.268674161 -6.86931238159801e-005 0 0
 776.616425276 0.000131211179972667 0 0
 779.963180613 -5.78891945123991e-005 0 0
 783.30892864 0.000119491279708939 0 0
 786.653657825 -7.11841732089921e-005 0 0
 789.997356636 -0.000104644495225935 0 0
 793.340013541 -0.00020442129883999 0 0
 796.681617008 0.000190971851659454 0 0
 800.022155505 -4.77811387644827e-006 0 0
 803.3616175 -3.18528718530628e-005 0 0
 806.699991461 -1.83674375797272e-005 0 0
 810.037265856 -7.77741270544454e-008 0 0
 813.373429153 -8.34974139460019e-005 0 0
 816.70846982 0.000237412561286457 0 0
 820.042376325 -2.74459473680099e-005 0 0
 823.375137136 0.000288767540132037 0 0
 826.706740721 -1.55354482671019e-005 0 0
 830.037175548 -0.000160521194599048 0 0
 833.366430085 6.51960551625636e-005 0 0
 836.6944928 0.000104560737102393 0 0
 840.021352161 -0.000128344719321008 0 0
 843.346996636 0.00010486634373224 0 0
 846.671414693 -0.000131382019110014 0 0
 849.9945948 -0.00018843820584273 0 0
 853.316525425 0.000256497148773822 0 0
 856.637195036 -7.85386480266921e-005 0 0
 859.956592101 -0.000405379172580193 0 0
 863.274705088 -0.000392571749966848 0 0
 866.591522465 -0.000290227858786328 0 0
 869.9070327 0.00011529794086324 0 0
 873.221224261 -0.000312255650602741 0 0
 876.534085616 0.00037245831087603 0 0
 879.845605233 -8.35558625013147e-005 0 0
 883.15577158 0.000283286060038434 0 0
 886.464573125 0.000279605752327594 0 0
 889.771998336 -0.000410976209576514 0 0
 893.078035681 0.00032295878002157 0 0
 896.382673628 -2.67321548839588e-005 0 0
 899.685900645 0.000437583584532575 0 0
 902.9877052 -0.000410053226599227 0 0
 906.288075761 -0.000539008308618694 0 0
 909.587000796 0.000472429565823917 0 0
 912.884468773 -0.000396476602565705 0 0
 916.18046816 0.000260429768812078 0 0
 919.474987425 0.000835419218770554 0 0
 922.768015036 -0.000582668341851429 0 0
 926.059539461 0.000383057888393365 0 0
 929.349549168 -0.000613635481536233 0 0
 932.638032625 -0.000307293061913446 0 0
 935.9249783 -1.68629998857058e-006 0 0
 939.210374661 0.000707669041125052 0 0
 942.494210176 0.0010363161380705 0 0
 945.776473313 -0.000758645147261678 0 0
 949.05715254 0.00139224507000037 0 0
 952.336236325 -0.000630094373249341 0 0
 955.613713136 0 0 0
 958.889571441 0 0 0
 962.163799708 0 0 0
 965.436386405 0 0 0
 968.70732 0 0 0
 971.976588961 0 0 0
 975.244181756 0 0 0
 978.510086853 0 0 0
 981.77429272 0 0 0
 985.036787825 0 0 0
 988.297560636 0 0 0
 991.556599621 0 0 0
 994.813893248 0 0 0
 998.069429985 0 0 0
 1001.3231983 0 0 0
 1004.575186661 0 0 0
 1007.825383536 0 0 0
 1011.073777393 0 0 0
 1014.3203567 0 0 0
 1017.565109925 0 0 0
 1020.808025536 0 0 0
 1024.049092001 0 0 0
 1027.288297788 0 0 0
 1030.525631365 0 0 0
 1033.7610812 0 0 0
 1036.994635761 0 0 0
 1040.226283516 0 0 0
 1043.456012933 0 0 0
 1046.68381248 0 0 0
 1049.909670625 0 0 0
 1053.133575836 0 0 0
 1056.355516581 0 0 0
 1059.575481328 0 0 0
 1062.793458545 0 0 0
 1066.0094367 0 0 0
 1069.223404261 0 0 0
 1072.435349696 0 0 0
 1075.645261473 0 0 0
 1078.85312806 0 0 0
 1082.058937925 0 0 0
 1085.262679536 0 0 0
 1088.464341361 0 0 0
 1091.663911868 0 0 0
 1094.861379525 0 0 0
 1098.0567328 0 0 0
 1101.249960161 0 0 0
 1104.441050076 0 0 0
 1107.629991013 0 0 0
 1110.81677144 0 0 0
 1114.001379825 0 0 0
 1117.183804636 0 0 0
 1120.364034341 0 0 0
 1123.542057408 0 0 0
 1126.717862305 0 0 0
 1129.8914375 0 0 0
 1133.062771461 0 0 0
 1136.231852656 0 0 0
 1139.398669553 0 0 0
 1142.56321062 0 0 0
 1145.725464325 0 0 0
 1148.885419136 0 0 0
[END] of [DATA]
[END] of [Spectrum]

