
#TBID:2021-10-18 00:30:00;SAM_84DC;CALIBRATED;

[Spectrum]
Version            = 1
IDData             = 96B1_2021-10-18_00-30-00_000_573
IDDevice           = SAM_84DC
IDDataType         = SPECTRUM
IDDataTypeSub1     = CALIBRATED
IDDataTypeSub2     = 
IDDataTypeSub3     = 
DateTime           = 2021-10-18 00:30:00
PositionLatitude   = 0
PositionLongitude  = 0
Comment            = 
CommentSub1        = 
CommentSub2        = 
CommentSub3        = 
IDMethodType       = SAM Control
MethodName         = SAM_84DC
Mission            = No Mission
MissionSub         = 1
RecordType         = 0
[Attributes]
CalFactor = 1
IDBasisSpec = 
IDDataBack = DLAB_2015-08-21_13-19-54_137_939
IDDataCal = DLAB_2015-08-24_10-46-55_592_608
IntegrationTime = 4096
P31 = -1
P31e = 0
PathLength = +INF
PathLengthCustomOn = 0
RAWDynamic = 65535
Salinity = 0
Temperature = -NAN
Unit1 = $01 $01 Wavelength nm
Unit2 = $03 $03 Intensity mW/(m^2 nm Sr)
Unit3 = $f0 $03 Error mW/(m^2 nm Sr)
Unit4 = $f1 $00 Status 
p999 = 556
[END] of [Attributes]
[DATA]
 0 11 0 0
 305.71650776488 0 0 0
 309.04007505697 0 0 0
 312.36416914304 0 0 0
 315.68877841375 0 0 0
 319.01389125976 -0.000634283019808261 0 0
 322.33949607173 -0.000726939095121895 0 0
 325.66558124032 -0.000737352233899435 0 0
 328.99213515619 -0.000635208514499898 0 0
 332.31914621 -0.000439505548117468 0 0
 335.64660279241 -0.000287724076837354 0 0
 338.97449329408 -0.000331756945889127 0 0
 342.30280610567 -0.000219229778567606 0 0
 345.63152961784 -0.000373846040140722 0 0
 348.96065222125 -0.000365562919478947 0 0
 352.29016230656 -0.000122598083189173 0 0
 355.62004826443 -0.000237437053920793 0 0
 358.95029848552 -0.000284257284543249 0 0
 362.28090136049 -0.000243222848931666 0 0
 365.61184528 -0.000303462261457223 0 0
 368.94311863471 -0.000120416670564663 0 0
 372.27470981528 -0.000124779563329673 0 0
 375.60660721237 -8.53550216855761e-005 0 0
 378.93879921664 -0.000155379072040102 0 0
 382.27127421875 -7.6394684002654e-005 0 0
 385.60402060936 -3.8411467433501e-005 0 0
 388.93702677913 -0.000148567424703472 0 0
 392.27028111872 -0.00013037623035628 0 0
 395.60377201879 -0.000111069547020087 0 0
 398.93748787 -6.26304238082269e-005 0 0
 402.27141706301 -3.66824190075643e-005 0 0
 405.60554798848 -9.71050877026695e-005 0 0
 408.93986903707 -1.02234560229182e-005 0 0
 412.27436859944 -3.96463122730024e-007 0 0
 415.60903506625 -0.000124159202904874 0 0
 418.94385682816 -1.59590187190971e-005 0 0
 422.27882227583 -8.25201062466155e-005 0 0
 425.61391979992 -5.47444501939834e-005 0 0
 428.94913779109 -4.98081312090408e-005 0 0
 432.28446464 -3.911486083274e-005 0 0
 435.61988873731 -9.39109345858965e-005 0 0
 438.95539847368 -4.27271268862237e-005 0 0
 442.29098223977 -8.43470783690038e-006 0 0
 445.62662842624 -3.42824280733294e-005 0 0
 448.96232542375 -5.76309859463315e-005 0 0
 452.29806162296 -6.76722515042589e-005 0 0
 455.63382541453 -3.93589907128501e-005 0 0
 458.96960518912 -6.02989683254064e-005 0 0
 462.30538933739 -4.36285932089757e-005 0 0
 465.64116625 -0.000100970882007936 0 0
 468.97692431761 -3.13545621507508e-005 0 0
 472.31265193088 -8.20098340727417e-005 0 0
 475.64833748047 -1.96283182951637e-005 0 0
 478.98396935704 -7.20315330383171e-005 0 0
 482.31953595125 -0.000100385871944808 0 0
 485.65502565376 -5.46645886256461e-005 0 0
 488.99042685523 -4.01649223254591e-005 0 0
 492.32572794632 -9.33679870870223e-005 0 0
 495.66091731769 -0.000127027536000217 0 0
 498.99598336 -0.000121081873902185 0 0
 502.33091446391 -8.30773592867291e-005 0 0
 505.66569902008 -7.94714636267568e-005 0 0
 509.00032541917 -7.20175724706486e-005 0 0
 512.33478205184 -8.86752215872323e-005 0 0
 515.66905730875 -0.000136044467082569 0 0
 519.00313958056 -6.86215166930086e-005 0 0
 522.33701725793 -1.22391395042945e-005 0 0
 525.67067873152 -8.26261238990235e-005 0 0
 529.00411239199 -0.000128759800867637 0 0
 532.33730663 -9.77182863671805e-005 0 0
 535.67024983621 -0.000116920886109563 0 0
 539.00293040128 -8.85797852216999e-005 0 0
 542.33533671587 -1.47611216543687e-005 0 0
 545.66745717064 -6.09168837048943e-005 0 0
 548.99928015625 -0.000106211273200374 0 0
 552.33079406336 -6.77546622901191e-005 0 0
 555.66198728263 -6.68276974049852e-005 0 0
 558.99284820472 -4.75360016338487e-005 0 0
 562.32336522029 -0.000102010434515326 0 0
 565.65352672 -8.3233495294146e-005 0 0
 568.98332109451 -6.62416344862995e-005 0 0
 572.31273673448 -0.000105162643980497 0 0
 575.64176203057 -6.81496123741058e-005 0 0
 578.97038537344 -8.73221586375294e-005 0 0
 582.29859515375 -5.90450380556637e-005 0 0
 585.62637976216 -0.000124375946719302 0 0
 588.95372758933 -0.000142366803712006 0 0
 592.28062702592 -0.000198587975262985 0 0
 595.60706646259 -0.000179854077954502 0 0
 598.93303429 -0.000248605185586493 0 0
 602.25851889881 -0.000169471619420281 0 0
 605.58350867968 -0.00016668318766739 0 0
 608.90799202327 -0.00019667390312422 0 0
 612.23195732024 -0.000246000685939926 0 0
 615.55539296125 -0.0002628118274237 0 0
 618.87828733696 -0.000296948480116839 0 0
 622.20062883803 -0.000212442689584937 0 0
 625.52240585512 -0.000204723354511037 0 0
 628.84360677889 -0.000115826807931555 0 0
 632.16422 -0.000263299471232816 0 0
 635.48423390911 -0.000263074006560491 0 0
 638.80363689688 -0.000165733517917614 0 0
 642.12241735397 -0.000320621856119 0 0
 645.44056367104 -0.000204968678625699 0 0
 648.75806423875 -0.000224778375243723 0 0
 652.07490744776 -0.000237271463963866 0 0
 655.39108168873 -0.000267177088123131 0 0
 658.70657535232 -0.000235308895599381 0 0
 662.02137682919 -0.000317223543030385 0 0
 665.33547451 -0.000238738905135166 0 0
 668.64885678541 -0.00023169180490801 0 0
 671.96151204608 -0.00019592697741661 0 0
 675.27342868267 -0.000174938465490505 0 0
 678.58459508584 -0.000106446671794866 0 0
 681.89499964625 -0.000234937358583211 0 0
 685.20463075456 -0.000265821272242439 0 0
 688.51347680143 -0.000195068993944653 0 0
 691.82152617752 -0.000151091703077129 0 0
 695.12876727349 -0.000226482347590052 0 0
 698.43518848 -0.000304695726726579 0 0
 701.74077818771 -0.000157049429037341 0 0
 705.04552478728 -0.000202097027445834 0 0
 708.34941666937 -0.000280697276923743 0 0
 711.65244222464 -0.000204344216362279 0 0
 714.95458984375 -0.000184101978652948 0 0
 718.25584791736 -0.000370078330742463 0 0
 721.55620483613 -0.000224071908178243 0 0
 724.85564899072 -0.000178271936826923 0 0
 728.15416877179 -0.000194653351116096 0 0
 731.45175257 -0.000223138365381291 0 0
 734.74838877601 -0.000163350854318445 0 0
 738.04406578048 -0.000233931019866145 0 0
 741.33877197407 -0.000183810590315974 0 0
 744.63249574744 -0.000123941234167015 0 0
 747.92522549125 -0.000129930338655249 0 0
 751.21694959616 -0.000327055496650055 0 0
 754.50765645283 -0.000235064092120982 0 0
 757.79733445192 -0.000171967051647818 0 0
 761.08597198409 -0.000148015590665993 0 0
 764.37355744 -0.00017994163858618 0 0
 767.66007921031 -0.000187161886020333 0 0
 770.94552568568 -0.000228481243926911 0 0
 774.22988525677 -8.35158076076558e-005 0 0
 777.51314631424 -0.000206731699398961 0 0
 780.79529724875 -0.000157708592054417 0 0
 784.07632645096 -1.62927013562977e-005 0 0
 787.35622231153 -0.000264945820018383 0 0
 790.63497322112 -0.000223565959111706 0 0
 793.91256757039 -0.000262830621410961 0 0
 797.18899375 -0.000375457044515983 0 0
 800.46424015061 -0.000304562303010079 0 0
 803.73829516288 -0.000373052364042633 0 0
 807.01114717747 -0.000427459024914767 0 0
 810.28278458504 -0.000332658306853838 0 0
 813.55319577625 -0.000488206921838463 0 0
 816.82236914176 -0.0002182859494283 0 0
 820.09029307223 -0.000247671361599779 0 0
 823.35695595832 -0.000397771549926575 0 0
 826.62234619069 -0.000275934916156566 0 0
 829.88645216 -0.000122224765621857 0 0
 833.14926225691 -0.000473958544572924 0 0
 836.41076487208 -4.99944898914296e-005 0 0
 839.67094839617 -0.000177143078590588 0 0
 842.92980121984 -0.000409616078726721 0 0
 846.18731173375 -0.000362496142089774 0 0
 849.44346832856 -0.000334765772936431 0 0
 852.69825939493 -0.000607286445841305 0 0
 855.95167332352 -0.000535091453156886 0 0
 859.20369850499 -0.000495967538421623 0 0
 862.45432333 -0.000752547743633859 0 0
 865.70353618921 -0.000354038829267357 0 0
 868.95132547328 -0.000599260252685802 0 0
 872.19767957287 -0.000524697698317421 0 0
 875.44258687864 -0.000775644908439558 0 0
 878.68603578125 -0.000679665587807999 0 0
 881.92801467136 -0.00025718906758219 0 0
 885.16851193963 -0.000585026620487217 0 0
 888.40751597672 -0.000629283259074701 0 0
 891.64501517329 -0.000944513743675369 0 0
 894.88099792 -0.000392299570068589 0 0
 898.11545260751 -2.6432089944903e-005 0 0
 901.34836762648 -0.000620247911575895 0 0
 904.57973136757 -0.000688714114332506 0 0
 907.80953222144 -0.00114956325820726 0 0
 911.03775857875 -0.0012453029220814 0 0
 914.26439883016 -0.000555607161079203 0 0
 917.48944136633 -0.000502315161235632 0 0
 920.71287457792 -0.000370998272952255 0 0
 923.93468685559 -0.000847458085342857 0 0
 927.15486659 -0.000771041188417344 0 0
 930.37340217181 -0.000654794031489728 0 0
 933.59028199168 -0.000463118154569991 0 0
 936.80549444027 -0.00225031724376426 0 0
 940.01902790824 -0.00120081905066957 0 0
 943.23087078625 -0.00110152098544507 0 0
 946.44101146496 -0.00119699834734549 0 0
 949.64943833503 -0.0016261328731972 0 0
 952.85613978712 -0.000578137669137276 0 0
 956.06110421189 0 0 0
 959.26432 0 0 0
 962.46577554211 0 0 0
 965.66545922888 0 0 0
 968.86335945097 0 0 0
 972.05946459904 0 0 0
 975.25376306375 0 0 0
 978.44624323576 0 0 0
 981.63689350573 0 0 0
 984.82570226432 0 0 0
 988.01265790219 0 0 0
 991.19774881 0 0 0
 994.38096337841 0 0 0
 997.56228999808 0 0 0
 1000.74171705967 0 0 0
 1003.91923295384 0 0 0
 1007.09482607125 0 0 0
 1010.26848480256 0 0 0
 1013.44019753843 0 0 0
 1016.60995266952 0 0 0
 1019.77773858649 0 0 0
 1022.94354368 0 0 0
 1026.10735634071 0 0 0
 1029.26916495928 0 0 0
 1032.42895792637 0 0 0
 1035.58672363264 0 0 0
 1038.74245046875 0 0 0
 1041.89612682536 0 0 0
 1045.04774109313 0 0 0
 1048.19728166272 0 0 0
 1051.34473692479 0 0 0
 1054.49009527 0 0 0
 1057.63334508901 0 0 0
 1060.77447477248 0 0 0
 1063.91347271107 0 0 0
 1067.05032729544 0 0 0
 1070.18502691625 0 0 0
 1073.31755996416 0 0 0
 1076.44791482983 0 0 0
 1079.57607990392 0 0 0
 1082.70204357709 0 0 0
 1085.82579424 0 0 0
 1088.94732028331 0 0 0
 1092.06661009768 0 0 0
 1095.18365207377 0 0 0
 1098.29843460224 0 0 0
 1101.41094607375 0 0 0
 1104.52117487896 0 0 0
 1107.62910940853 0 0 0
 1110.73473805312 0 0 0
 1113.83804920339 0 0 0
 1116.93903125 0 0 0
 1120.03767258361 0 0 0
 1123.13396159488 0 0 0
 1126.22788667447 0 0 0
 1129.31943621304 0 0 0
 1132.40859860125 0 0 0
 1135.49536222976 0 0 0
[END] of [DATA]
[END] of [Spectrum]


#TBID:2021-10-18 00:30:00;SAM_84C8;RAW;

[Spectrum]
Version            = 1
IDData             = 96B1_2021-10-18_00-30-00_000_575
IDDevice           = SAM_84C8
IDDataType         = SPECTRUM
IDDataTypeSub1     = RAW
IDDataTypeSub2     = 
IDDataTypeSub3     = 
DateTime           = 2021-10-18 00:30:00
PositionLatitude   = 0
PositionLongitude  = 0
Comment            = 
CommentSub1        = 
CommentSub2        = 
CommentSub3        = 
IDMethodType       = SAM Control
MethodName         = SAM_84C8
Mission            = No Mission
MissionSub         = 1
RecordType         = 0
[Attributes]
CalFactor = 1
IDBasisSpec = 
IDDataBack = DLAB_2015-08-21_12-14-03_013_778
IDDataCal = DLAB_2015-08-24_11-04-47_772_747
IntegrationTime = 4096
P31 = -1
P31e = 0
PathLength = +INF
PathLengthCustomOn = 0
RAWDynamic = 65535
Salinity = 0
Temperature = -NAN
Unit1 = $05 $00 Pixel 
Unit2 = $03 $05 Intensity counts
Unit3 = $f0 $05 Error counts
Unit4 = $f1 $00 Status 
p999 = 556
[END] of [Attributes]
[DATA]
 0 11 0 0
 1 1376 0 0
 2 1360 0 0
 3 1358 0 0
 4 1365 0 0
 5 1367 0 0
 6 1370 0 0
 7 1360 0 0
 8 1365 0 0
 9 1365 0 0
 10 1361 0 0
 11 1362 0 0
 12 1370 0 0
 13 1371 0 0
 14 1368 0 0
 15 1374 0 0
 16 1372 0 0
 17 1376 0 0
 18 1372 0 0
 19 1372 0 0
 20 1383 0 0
 21 1381 0 0
 22 1385 0 0
 23 1386 0 0
 24 1387 0 0
 25 1386 0 0
 26 1385 0 0
 27 1385 0 0
 28 1386 0 0
 29 1383 0 0
 30 1387 0 0
 31 1386 0 0
 32 1388 0 0
 33 1384 0 0
 34 1385 0 0
 35 1385 0 0
 36 1389 0 0
 37 1396 0 0
 38 1385 0 0
 39 1381 0 0
 40 1391 0 0
 41 1388 0 0
 42 1383 0 0
 43 1394 0 0
 44 1388 0 0
 45 1392 0 0
 46 1391 0 0
 47 1387 0 0
 48 1390 0 0
 49 1394 0 0
 50 1391 0 0
 51 1394 0 0
 52 1386 0 0
 53 1387 0 0
 54 1384 0 0
 55 1392 0 0
 56 1397 0 0
 57 1388 0 0
 58 1389 0 0
 59 1394 0 0
 60 1389 0 0
 61 1391 0 0
 62 1400 0 0
 63 1393 0 0
 64 1387 0 0
 65 1393 0 0
 66 1392 0 0
 67 1390 0 0
 68 1396 0 0
 69 1393 0 0
 70 1396 0 0
 71 1396 0 0
 72 1405 0 0
 73 1397 0 0
 74 1397 0 0
 75 1395 0 0
 76 1399 0 0
 77 1399 0 0
 78 1399 0 0
 79 1402 0 0
 80 1396 0 0
 81 1395 0 0
 82 1397 0 0
 83 1400 0 0
 84 1408 0 0
 85 1396 0 0
 86 1395 0 0
 87 1402 0 0
 88 1396 0 0
 89 1396 0 0
 90 1402 0 0
 91 1401 0 0
 92 1399 0 0
 93 1395 0 0
 94 1406 0 0
 95 1400 0 0
 96 1405 0 0
 97 1400 0 0
 98 1398 0 0
 99 1399 0 0
 100 1404 0 0
 101 1406 0 0
 102 1398 0 0
 103 1398 0 0
 104 1394 0 0
 105 1406 0 0
 106 1397 0 0
 107 1398 0 0
 108 1396 0 0
 109 1401 0 0
 110 1405 0 0
 111 1406 0 0
 112 1402 0 0
 113 1396 0 0
 114 1400 0 0
 115 1400 0 0
 116 1403 0 0
 117 1393 0 0
 118 1398 0 0
 119 1402 0 0
 120 1397 0 0
 121 1397 0 0
 122 1394 0 0
 123 1395 0 0
 124 1399 0 0
 125 1400 0 0
 126 1397 0 0
 127 1403 0 0
 128 1397 0 0
 129 1403 0 0
 130 1398 0 0
 131 1403 0 0
 132 1398 0 0
 133 1444 0 0
 134 1396 0 0
 135 1398 0 0
 136 1398 0 0
 137 1406 0 0
 138 1398 0 0
 139 1408 0 0
 140 1400 0 0
 141 1402 0 0
 142 1405 0 0
 143 1399 0 0
 144 1402 0 0
 145 1405 0 0
 146 1402 0 0
 147 1402 0 0
 148 1402 0 0
 149 1400 0 0
 150 1401 0 0
 151 1402 0 0
 152 1406 0 0
 153 1403 0 0
 154 1397 0 0
 155 1397 0 0
 156 1398 0 0
 157 1399 0 0
 158 1404 0 0
 159 1397 0 0
 160 1402 0 0
 161 1402 0 0
 162 1401 0 0
 163 1400 0 0
 164 1397 0 0
 165 1400 0 0
 166 1403 0 0
 167 1402 0 0
 168 1399 0 0
 169 1402 0 0
 170 1405 0 0
 171 1402 0 0
 172 1406 0 0
 173 1395 0 0
 174 1397 0 0
 175 1406 0 0
 176 1398 0 0
 177 1399 0 0
 178 1398 0 0
 179 1398 0 0
 180 1402 0 0
 181 1399 0 0
 182 1400 0 0
 183 1397 0 0
 184 1396 0 0
 185 1400 0 0
 186 1398 0 0
 187 1405 0 0
 188 1395 0 0
 189 1401 0 0
 190 1398 0 0
 191 1399 0 0
 192 1404 0 0
 193 1391 0 0
 194 1397 0 0
 195 1400 0 0
 196 1396 0 0
 197 1397 0 0
 198 1402 0 0
 199 1398 0 0
 200 1395 0 0
 201 1396 0 0
 202 1399 0 0
 203 1394 0 0
 204 1402 0 0
 205 1400 0 0
 206 1395 0 0
 207 1400 0 0
 208 1400 0 0
 209 1394 0 0
 210 1396 0 0
 211 1398 0 0
 212 1396 0 0
 213 1402 0 0
 214 1397 0 0
 215 1399 0 0
 216 1400 0 0
 217 1397 0 0
 218 1398 0 0
 219 1400 0 0
 220 1399 0 0
 221 1402 0 0
 222 1404 0 0
 223 1396 0 0
 224 1399 0 0
 225 1402 0 0
 226 1400 0 0
 227 1405 0 0
 228 1400 0 0
 229 1394 0 0
 230 1397 0 0
 231 1401 0 0
 232 1398 0 0
 233 1394 0 0
 234 1401 0 0
 235 1402 0 0
 236 1400 0 0
 237 1399 0 0
 238 1396 0 0
 239 1399 0 0
 240 1403 0 0
 241 1397 0 0
 242 1398 0 0
 243 1403 0 0
 244 1395 0 0
 245 1402 0 0
 246 1398 0 0
 247 1396 0 0
 248 1395 0 0
 249 1397 0 0
 250 1396 0 0
 251 1383 0 0
 252 1378 0 0
 253 1382 0 0
 254 1376 0 0
 255 1421 0 0
[END] of [DATA]
[END] of [Spectrum]


#TBID:2021-10-18 00:30:00;SAM_84C8;CALIBRATED;

[Spectrum]
Version            = 1
IDData             = 96B1_2021-10-18_00-30-00_000_576
IDDevice           = SAM_84C8
IDDataType         = SPECTRUM
IDDataTypeSub1     = CALIBRATED
IDDataTypeSub2     = 
IDDataTypeSub3     = 
DateTime           = 2021-10-18 00:30:00
PositionLatitude   = 0
PositionLongitude  = 0
Comment            = 
CommentSub1        = 
CommentSub2        = 
CommentSub3        = 
IDMethodType       = SAM Control
MethodName         = SAM_84C8
Mission            = No Mission
MissionSub         = 1
RecordType         = 0
[Attributes]
CalFactor = 1
IDBasisSpec = 
IDDataBack = DLAB_2015-08-21_12-14-03_013_778
IDDataCal = DLAB_2015-08-24_11-04-47_772_747
IntegrationTime = 4096
P31 = -1
P31e = 0
PathLength = +INF
PathLengthCustomOn = 0
RAWDynamic = 65535
Salinity = 0
Temperature = -NAN
Unit1 = $01 $01 Wavelength nm
Unit2 = $03 $03 Intensity mW/(m^2 nm Sr)
Unit3 = $f0 $03 Error mW/(m^2 nm Sr)
Unit4 = $f1 $00 Status 
p999 = 556
[END] of [Attributes]
[DATA]
 0 11 0 0
 303.516048156 0 0 0
 306.890006053 0 0 0
 310.26457112 0 0 0
 313.639731825 0 0 0
 317.015476636 -0.000927105226147893 0 0
 320.391794021 -0.00081520409052604 0 0
 323.768672448 -0.000977692361458108 0 0
 327.146100385 -0.000664738402737511 0 0
 330.5240663 -0.00068945512897377 0 0
 333.902558661 -0.000582116013486718 0 0
 337.281565936 -0.000812771802714556 0 0
 340.661076593 -0.000627335978530801 0 0
 344.0410791 -0.000333360054695933 0 0
 347.421561925 -0.00038720733532816 0 0
 350.802513536 -0.000287041772079586 0 0
 354.183922401 -0.00031457735545766 0 0
 357.565776988 -0.000261333059029273 0 0
 360.948065765 -0.000293243396544735 0 0
 364.3307772 -0.000296604714932204 0 0
 367.713899761 -2.99078146188071e-005 0 0
 371.097421916 -0.000116687068535731 0 0
 374.481332133 -7.64465182395426e-005 0 0
 377.86561888 -6.88762583896621e-005 0 0
 381.250270625 -8.55843303497333e-005 0 0
 384.635275836 -3.84889679533696e-005 0 0
 388.020622981 9.20336946000716e-005 0 0
 391.406300528 -9.21263120635189e-006 0 0
 394.792296945 -6.7223223091175e-005 0 0
 398.1786007 -7.88118498514854e-005 0 0
 401.565200261 -7.0308189882615e-005 0 0
 404.952084096 -3.11322691615016e-005 0 0
 408.339240673 5.68874906753841e-006 0 0
 411.72665846 1.03034588076316e-005 0 0
 415.114325925 1.58844870633826e-005 0 0
 418.502231536 3.94402592978861e-005 0 0
 421.890363761 1.55209544195837e-005 0 0
 425.278711068 -4.02438197910684e-005 0 0
 428.667261925 -4.70773161130045e-005 0 0
 432.0560048 -6.04366425858075e-006 0 0
 435.444928161 7.73543539046041e-005 0 0
 438.834020476 3.60797861571121e-007 0 0
 442.223270213 -1.85615570404765e-005 0 0
 445.61266584 6.28403053794488e-005 0 0
 449.002195825 5.48931542044374e-005 0 0
 452.391848636 -1.05019695135576e-006 0 0
 455.781612741 3.40499509131936e-005 0 0
 459.171476608 9.03014770198041e-006 0 0
 462.561428705 3.30200196924314e-006 0 0
 465.9514575 7.32841871774311e-006 0 0
 469.341551461 8.46794904680176e-005 0 0
 472.731699056 4.59971059409779e-005 0 0
 476.121888753 -5.1622942273223e-005 0 0
 479.51210902 -4.62576120402721e-006 0 0
 482.902348325 9.54177856715179e-005 0 0
 486.292595136 5.44106889518705e-005 0 0
 489.682837921 0.000100204895917255 0 0
 493.073065148 -8.23305840611313e-005 0 0
 496.463265285 2.7895301069413e-005 0 0
 499.8534268 0.000174918862073084 0 0
 503.243538161 6.25731356216502e-005 0 0
 506.633587836 4.47539078649902e-005 0 0
 510.023564293 4.74936525646787e-006 0 0
 513.413456 1.05777797246734e-005 0 0
 516.803251425 6.91814975665009e-005 0 0
 520.192939036 9.76995764816404e-005 0 0
 523.582507301 4.45645220465229e-006 0 0
 526.971944688 1.03768610821371e-005 0 0
 530.361239665 2.86257283119623e-005 0 0
 533.7503807 7.20856721648178e-005 0 0
 537.139356261 2.53950852153383e-005 0 0
 540.528154816 6.84171932294469e-005 0 0
 543.916764833 0.000106688634670052 0 0
 547.30517478 8.74611243264069e-005 0 0
 550.693373125 9.95460840794633e-005 0 0
 554.081348336 4.82902045886969e-005 0 0
 557.469088881 0.000100286782719207 0 0
 560.856583228 9.88832052739507e-005 0 0
 564.243819845 0.0001002009383681 0 0
 567.6307872 0.000127683063837683 0 0
 571.017473761 6.18412046751686e-005 0 0
 574.403867996 8.2621802750155e-005 0 0
 577.789958373 1.32931617263629e-005 0 0
 581.17573336 8.73276595134081e-005 0 0
 584.561181425 0.000175286003973079 0 0
 587.946291036 0.000106591462726767 0 0
 591.331050661 7.98191320597691e-005 0 0
 594.715448768 0.000122324430483854 0 0
 598.099473825 9.11101820772755e-005 0 0
 601.4831143 0.000116424352586742 0 0
 604.866358661 7.46475993880183e-005 0 0
 608.249195376 0.000113640342826786 0 0
 611.631612913 9.0454218897785e-005 0 0
 615.01359974 0.000121820888403379 0 0
 618.395144325 0.000138118383251883 0 0
 621.776235136 0.000145071767895075 0 0
 625.156860641 0.000134128157024513 0 0
 628.537009308 0.000143826196299006 0 0
 631.916669605 0.000133840645672624 0 0
 635.29583 0.000183938897419636 0 0
 638.674478961 0.000100249517379396 0 0
 642.052604956 6.89194281751426e-005 0 0
 645.430196453 4.90299636730268e-005 0 0
 648.80724192 0.000144987601467272 0 0
 652.183729825 5.6185405886495e-005 0 0
 655.559648636 0.000146017911103229 0 0
 658.934986821 0.000154146297378911 0 0
 662.309732848 0.000127717382026454 0 0
 665.683875185 0.000191766365253985 0 0
 669.0574023 0.000253409500830698 0 0
 672.430302661 0.000125705380345117 0 0
 675.802564736 2.18726872016047e-006 0 0
 679.174176993 0.000160472711488443 0 0
 682.5451279 3.2295686285484e-005 0 0
 685.915405925 0.000150563793237214 0 0
 689.284999536 1.50058651965842e-005 0 0
 692.653897201 2.39683360416546e-005 0 0
 696.022087388 3.90603228932552e-005 0 0
 699.389558565 0.000174589851556804 0 0
 702.7562992 7.27595993499707e-005 0 0
 706.122297761 0.00022333309585127 0 0
 709.487542716 8.28446902611306e-005 0 0
 712.852022533 0.000153639798302028 0 0
 716.21572568 0.000118594011140244 0 0
 719.578640625 0.000240148775482151 0 0
 722.940755836 0.000154094545168287 0 0
 726.302059781 8.52079678804131e-005 0 0
 729.662540928 1.09047651645541e-005 0 0
 733.022187745 0.00015999646992368 0 0
 736.3809887 0.00017991012033166 0 0
 739.738932261 0.000221056914567891 0 0
 743.096006896 0.000169334294217674 0 0
 746.452201073 7.99845465671423e-005 0 0
 749.80750326 -0.000252686204821102 0 0
 753.161901925 -4.37418416047214e-005 0 0
 756.515385536 0.000139718932314432 0 0
 759.867942561 0.000128615453236439 0 0
 763.219561468 0.000259199582758587 0 0
 766.570230725 0.000201805991637171 0 0
 769.9199388 0.000226410451254921 0 0
 773.268674161 0.000167736833899912 0 0
 776.616425276 0.000315892615320177 0 0
 779.963180613 0.000245814425585846 0 0
 783.30892864 0.000165329037067187 0 0
 786.653657825 3.64786923503857e-005 0 0
 789.997356636 0.000255524772353459 0 0
 793.340013541 0.000167418852453988 0 0
 796.681617008 0.000375925027861456 0 0
 800.022155505 0.000186719614716149 0 0
 803.3616175 0.000309071005322318 0 0
 806.699991461 0.000297868058819861 0 0
 810.037265856 0.000289243884332948 0 0
 813.373429153 0.000295553196830657 0 0
 816.70846982 0.000424697451376938 0 0
 820.042376325 0.000294365844011724 0 0
 823.375137136 0.000401649933995218 0 0
 826.706740721 0.000147584167664428 0 0
 830.037175548 0.000104424743635821 0 0
 833.366430085 0.000439965693833162 0 0
 836.6944928 0.000288291048930461 0 0
 840.021352161 0.000279094554466074 0 0
 843.346996636 0.0005312093749849 0 0
 846.671414693 0.00031529335511848 0 0
 849.9945948 0.000403588966815739 0 0
 853.316525425 0.000616826842703281 0 0
 856.637195036 0.00016309016817391 0 0
 859.956592101 0.000558692927129 0 0
 863.274705088 0.000244051499205784 0 0
 866.591522465 0.000218904877073827 0 0
 869.9070327 0.000808113368284955 0 0
 873.221224261 0.000662225453221334 0 0
 876.534085616 0.000859346980965225 0 0
 879.845605233 0.000967341045672876 0 0
 883.15577158 0.00109037104520789 0 0
 886.464573125 0.00072459048685942 0 0
 889.771998336 0.000555022463466523 0 0
 893.078035681 0.000694990320959423 0 0
 896.382673628 0.000683361019043831 0 0
 899.685900645 0.000949727954133595 0 0
 902.9877052 0.000355265293865254 0 0
 906.288075761 0.000500237484351009 0 0
 909.587000796 0.00041612040151665 0 0
 912.884468773 0.000603127917712113 0 0
 916.18046816 0.000337277540587599 0 0
 919.474987425 0.00106044659185954 0 0
 922.768015036 0.000718035797197663 0 0
 926.059539461 0.00110861852864684 0 0
 929.349549168 0.000818658313998818 0 0
 932.638032625 0.000493382990214349 0 0
 935.9249783 0.00158204468727344 0 0
 939.210374661 0.00237593008803835 0 0
 942.494210176 0.00115070527469017 0 0
 945.776473313 0.00131014313708742 0 0
 949.05715254 0.001291251652812 0 0
 952.336236325 0.000212859244845469 0 0
 955.613713136 0 0 0
 958.889571441 0 0 0
 962.163799708 0 0 0
 965.436386405 0 0 0
 968.70732 0 0 0
 971.976588961 0 0 0
 975.244181756 0 0 0
 978.510086853 0 0 0
 981.77429272 0 0 0
 985.036787825 0 0 0
 988.297560636 0 0 0
 991.556599621 0 0 0
 994.813893248 0 0 0
 998.069429985 0 0 0
 1001.3231983 0 0 0
 1004.575186661 0 0 0
 1007.825383536 0 0 0
 1011.073777393 0 0 0
 1014.3203567 0 0 0
 1017.565109925 0 0 0
 1020.808025536 0 0 0
 1024.049092001 0 0 0
 1027.288297788 0 0 0
 1030.525631365 0 0 0
 1033.7610812 0 0 0
 1036.994635761 0 0 0
 1040.226283516 0 0 0
 1043.456012933 0 0 0
 1046.68381248 0 0 0
 1049.909670625 0 0 0
 1053.133575836 0 0 0
 1056.355516581 0 0 0
 1059.575481328 0 0 0
 1062.793458545 0 0 0
 1066.0094367 0 0 0
 1069.223404261 0 0 0
 1072.435349696 0 0 0
 1075.645261473 0 0 0
 1078.85312806 0 0 0
 1082.058937925 0 0 0
 1085.262679536 0 0 0
 1088.464341361 0 0 0
 1091.663911868 0 0 0
 1094.861379525 0 0 0
 1098.0567328 0 0 0
 1101.249960161 0 0 0
 1104.441050076 0 0 0
 1107.629991013 0 0 0
 1110.81677144 0 0 0
 1114.001379825 0 0 0
 1117.183804636 0 0 0
 1120.364034341 0 0 0
 1123.542057408 0 0 0
 1126.717862305 0 0 0
 1129.8914375 0 0 0
 1133.062771461 0 0 0
 1136.231852656 0 0 0
 1139.398669553 0 0 0
 1142.56321062 0 0 0
 1145.725464325 0 0 0
 1148.885419136 0 0 0
[END] of [DATA]
[END] of [Spectrum]


#TBID:2021-10-18 01:00:00;SAM_84DC;RAW;

[Spectrum]
Version            = 1
IDData             = 96B1_2021-10-18_01-00-00_000_579
IDDevice           = SAM_84DC
IDDataType         = SPECTRUM
IDDataTypeSub1     = RAW
IDDataTypeSub2     = 
IDDataTypeSub3     = 
DateTime           = 2021-10-18 01:00:00
PositionLatitude   = 0
PositionLongitude  = 0
Comment            = 
CommentSub1        = 
CommentSub2        = 
CommentSub3        = 
IDMethodType       = SAM Control
MethodName         = SAM_84DC
Mission            = No Mission
MissionSub         = 1
RecordType         = 0
[Attributes]
CalFactor = 1
IDBasisSpec = 
IDDataBack = DLAB_2015-08-21_13-19-54_137_939
IDDataCal = DLAB_2015-08-24_10-46-55_592_608
IntegrationTime = 4096
P31 = -1
P31e = 0
PathLength = +INF
PathLengthCustomOn = 0
RAWDynamic = 65535
Salinity = 0
Temperature = -NAN
Unit1 = $05 $00 Pixel 
Unit2 = $03 $05 Intensity counts
Unit3 = $f0 $05 Error counts
Unit4 = $f1 $00 Status 
p999 = 557
[END] of [Attributes]
[DATA]
 0 11 0 0
 1 1418 0 0
 2 1402 0 0
 3 1416 0 0
 4 1425 0 0
 5 1421 0 0
 6 1416 0 0
 7 1427 0 0
 8 1427 0 0
 9 1428 0 0
 10 1424 0 0
 11 1428 0 0
 12 1429 0 0
 13 1425 0 0
 14 1429 0 0
 15 1419 0 0
 16 1425 0 0
 17 1435 0 0
 18 1428 0 0
 19 1431 0 0
 20 1428 0 0
 21 1428 0 0
 22 1431 0 0
 23 1434 0 0
 24 1433 0 0
 25 1433 0 0
 26 1435 0 0
 27 1437 0 0
 28 1432 0 0
 29 1435 0 0
 30 1434 0 0
 31 1435 0 0
 32 1439 0 0
 33 1436 0 0
 34 1435 0 0
 35 1435 0 0
 36 1436 0 0
 37 1439 0 0
 38 1443 0 0
 39 1438 0 0
 40 1450 0 0
 41 1443 0 0
 42 1435 0 0
 43 1444 0 0
 44 1444 0 0
 45 1440 0 0
 46 1442 0 0
 47 1442 0 0
 48 1437 0 0
 49 1441 0 0
 50 1443 0 0
 51 1445 0 0
 52 1440 0 0
 53 1441 0 0
 54 1438 0 0
 55 1442 0 0
 56 1438 0 0
 57 1440 0 0
 58 1440 0 0
 59 1447 0 0
 60 1440 0 0
 61 1442 0 0
 62 1438 0 0
 63 1442 0 0
 64 1442 0 0
 65 1438 0 0
 66 1431 0 0
 67 1435 0 0
 68 1443 0 0
 69 1441 0 0
 70 1442 0 0
 71 1446 0 0
 72 1439 0 0
 73 1449 0 0
 74 1444 0 0
 75 1438 0 0
 76 1444 0 0
 77 1443 0 0
 78 1439 0 0
 79 1445 0 0
 80 1441 0 0
 81 1444 0 0
 82 1440 0 0
 83 1442 0 0
 84 1443 0 0
 85 1442 0 0
 86 1437 0 0
 87 1440 0 0
 88 1439 0 0
 89 1437 0 0
 90 1441 0 0
 91 1433 0 0
 92 1434 0 0
 93 1435 0 0
 94 1433 0 0
 95 1433 0 0
 96 1431 0 0
 97 1437 0 0
 98 1438 0 0
 99 1433 0 0
 100 1436 0 0
 101 1436 0 0
 102 1436 0 0
 103 1438 0 0
 104 1435 0 0
 105 1440 0 0
 106 1435 0 0
 107 1442 0 0
 108 1434 0 0
 109 1444 0 0
 110 1442 0 0
 111 1438 0 0
 112 1435 0 0
 113 1436 0 0
 114 1440 0 0
 115 1445 0 0
 116 1439 0 0
 117 1438 0 0
 118 1434 0 0
 119 1441 0 0
 120 1434 0 0
 121 1439 0 0
 122 1436 0 0
 123 1440 0 0
 124 1444 0 0
 125 1432 0 0
 126 1433 0 0
 127 1442 0 0
 128 1435 0 0
 129 1437 0 0
 130 1442 0 0
 131 1435 0 0
 132 1442 0 0
 133 1438 0 0
 134 1439 0 0
 135 1440 0 0
 136 1436 0 0
 137 1446 0 0
 138 1438 0 0
 139 1442 0 0
 140 1434 0 0
 141 1443 0 0
 142 1442 0 0
 143 1440 0 0
 144 1433 0 0
 145 1436 0 0
 146 1438 0 0
 147 1441 0 0
 148 1437 0 0
 149 1443 0 0
 150 1438 0 0
 151 1444 0 0
 152 1439 0 0
 153 1443 0 0
 154 1438 0 0
 155 1436 0 0
 156 1436 0 0
 157 1444 0 0
 158 1442 0 0
 159 1443 0 0
 160 1440 0 0
 161 1443 0 0
 162 1436 0 0
 163 1436 0 0
 164 1437 0 0
 165 1439 0 0
 166 1442 0 0
 167 1444 0 0
 168 1442 0 0
 169 1440 0 0
 170 1438 0 0
 171 1444 0 0
 172 1431 0 0
 173 1442 0 0
 174 1436 0 0
 175 1440 0 0
 176 1442 0 0
 177 1441 0 0
 178 1441 0 0
 179 1444 0 0
 180 1437 0 0
 181 1436 0 0
 182 1442 0 0
 183 1440 0 0
 184 1436 0 0
 185 1437 0 0
 186 1438 0 0
 187 1441 0 0
 188 1436 0 0
 189 1433 0 0
 190 1441 0 0
 191 1434 0 0
 192 1446 0 0
 193 1443 0 0
 194 1441 0 0
 195 1437 0 0
 196 1444 0 0
 197 1433 0 0
 198 1436 0 0
 199 1444 0 0
 200 1442 0 0
 201 1439 0 0
 202 1439 0 0
 203 1448 0 0
 204 1443 0 0
 205 1444 0 0
 206 1441 0 0
 207 1439 0 0
 208 1437 0 0
 209 1440 0 0
 210 1434 0 0
 211 1444 0 0
 212 1435 0 0
 213 1443 0 0
 214 1439 0 0
 215 1439 0 0
 216 1444 0 0
 217 1447 0 0
 218 1444 0 0
 219 1441 0 0
 220 1439 0 0
 221 1449 0 0
 222 1442 0 0
 223 1448 0 0
 224 1444 0 0
 225 1445 0 0
 226 1439 0 0
 227 1444 0 0
 228 1446 0 0
 229 1444 0 0
 230 1439 0 0
 231 1445 0 0
 232 1449 0 0
 233 1447 0 0
 234 1450 0 0
 235 1448 0 0
 236 1443 0 0
 237 1455 0 0
 238 1446 0 0
 239 1448 0 0
 240 1450 0 0
 241 1449 0 0
 242 1446 0 0
 243 1445 0 0
 244 1448 0 0
 245 1447 0 0
 246 1454 0 0
 247 1451 0 0
 248 1454 0 0
 249 1443 0 0
 250 1440 0 0
 251 1450 0 0
 252 1444 0 0
 253 1440 0 0
 254 1432 0 0
 255 1488 0 0
[END] of [DATA]
[END] of [Spectrum]


#TBID:2021-10-18 01:00:00;SAM_84DC;CALIBRATED;

[Spectrum]
Version            = 1
IDData             = 96B1_2021-10-18_01-00-00_000_580
IDDevice           = SAM_84DC
IDDataType         = SPECTRUM
IDDataTypeSub1     = CALIBRATED
IDDataTypeSub2     = 
IDDataTypeSub3     = 
DateTime           = 2021-10-18 01:00:00
PositionLatitude   = 0
PositionLongitude  = 0
Comment            = 
CommentSub1        = 
CommentSub2        = 
CommentSub3        = 
IDMethodType       = SAM Control
MethodName         = SAM_84DC
Mission            = No Mission
MissionSub         = 1
RecordType         = 0
[Attributes]
CalFactor = 1
IDBasisSpec = 
IDDataBack = DLAB_2015-08-21_13-19-54_137_939
IDDataCal = DLAB_2015-08-24_10-46-55_592_608
IntegrationTime = 4096
P31 = -1
P31e = 0
PathLength = +INF
PathLengthCustomOn = 0
RAWDynamic = 65535
Salinity = 0
Temperature = -NAN
Unit1 = $01 $01 Wavelength nm
Unit2 = $03 $03 Intensity mW/(m^2 nm Sr)
Unit3 = $f0 $03 Error mW/(m^2 nm Sr)
Unit4 = $f1 $00 Status 
p999 = 557
[END] of [Attributes]
[DATA]
 0 11 0 0
 305.71650776488 0 0 0
 309.04007505697 0 0 0
 312.36416914304 0 0 0
 315.68877841375 0 0 0
 319.01389125976 -0.00055777744001183 0 0
 322.33949607173 -0.000462189021768358 0 0
 325.66558124032 -0.000450899121116507 0 0
 328.99213515619 -0.000334366016806035 0 0
 332.31914621 -0.000412832035827365 0 0
 335.64660279241 -0.000411684534279702 0 0
 338.97449329408 -0.000336321296884591 0 0
 342.30280610567 -0.000123927444302616 0 0
 345.63152961784 -0.000218066843986829 0 0
 348.96065222125 -0.000327377665364001 0 0
 352.29016230656 -0.000221708601550732 0 0
 355.62004826443 -0.000258457588571767 0 0
 358.95029848552 -0.000165722219056908 0 0
 362.28090136049 -0.0001426736050638 0 0
 365.61184528 -0.000131527418416149 0 0
 368.94311863471 -0.000141417313547614 0 0
 372.27470981528 -9.05167548750138e-005 0 0
 375.60660721237 -0.000204458284177136 0 0
 378.93879921664 -0.00013894387255854 0 0
 382.27127421875 -0.000139651964787752 0 0
 385.60402060936 -1.77684084026438e-006 0 0
 388.93702677913 -9.26074757089894e-005 0 0
 392.27028111872 -5.63600246292702e-005 0 0
 395.60377201879 -2.07164662001169e-005 0 0
 398.93748787 4.20033589516474e-005 0 0
 402.27141706301 4.58706815487854e-005 0 0
 405.60554798848 -9.98035511418986e-005 0 0
 408.93986903707 2.46474014072173e-006 0 0
 412.27436859944 2.57789927462152e-005 0 0
 415.60903506625 -7.27675084069051e-005 0 0
 418.94385682816 7.12266199454484e-006 0 0
 422.27882227583 -0.000108261929817154 0 0
 425.61391979992 -4.53214142146616e-005 0 0
 428.94913779109 3.52010354923163e-005 0 0
 432.28446464 2.23389216533789e-005 0 0
 435.61988873731 1.80287803320335e-005 0 0
 438.95539847368 1.702098454544e-005 0 0
 442.29098223977 -5.11912337342034e-005 0 0
 445.62662842624 1.593672785566e-005 0 0
 448.96232542375 -6.41767427327993e-006 0 0
 452.29806162296 -3.68680780494172e-005 0 0
 455.63382541453 -6.35769581758603e-005 0 0
 458.96960518912 -8.51839531628757e-005 0 0
 462.30538933739 -4.55899604232235e-005 0 0
 465.64116625 -6.8492018550731e-006 0 0
 468.97692431761 3.98062360222078e-005 0 0
 472.31265193088 3.90639868975975e-005 0 0
 475.64833748047 -3.40919007416654e-005 0 0
 478.98396935704 1.32031000181449e-005 0 0
 482.31953595125 -2.69719887410931e-005 0 0
 485.65502565376 -3.13621717681189e-005 0 0
 488.99042685523 -5.51065289406652e-005 0 0
 492.32572794632 -8.26376364911513e-005 0 0
 495.66091731769 -7.76130987801168e-005 0 0
 498.99598336 -7.18981977881224e-005 0 0
 502.33091446391 -7.25038732062232e-005 0 0
 505.66569902008 -8.15546686557392e-005 0 0
 509.00032541917 -3.73102554603733e-005 0 0
 512.33478205184 -3.07921242590157e-005 0 0
 515.66905730875 -4.458971572523e-005 0 0
 519.00313958056 -4.78045797500044e-005 0 0
 522.33701725793 -3.61668855207799e-005 0 0
 525.67067873152 -0.000116685686255358 0 0
 529.00411239199 -4.6500441153523e-005 0 0
 532.33730663 -1.69778305426623e-005 0 0
 535.67024983621 -5.75799446845533e-005 0 0
 539.00293040128 -4.98997523081896e-005 0 0
 542.33533671587 -4.66498128063194e-005 0 0
 545.66745717064 8.06961767934404e-006 0 0
 548.99928015625 -5.71117636286647e-005 0 0
 552.33079406336 -3.86907356094801e-005 0 0
 555.66198728263 -3.74104004560874e-005 0 0
 558.99284820472 -3.87546495974692e-005 0 0
 562.32336522029 -7.3117085715923e-006 0 0
 565.65352672 -5.23007114072805e-005 0 0
 568.98332109451 -2.35569806484534e-005 0 0
 572.31273673448 -7.29260521138168e-005 0 0
 575.64176203057 -3.51980529891865e-005 0 0
 578.97038537344 -5.3623810081543e-005 0 0
 582.29859515375 4.84488359416863e-005 0 0
 585.62637976216 -0.000138896431504171 0 0
 588.95372758933 -0.000131765743885025 0 0
 592.28062702592 -0.000109718926739909 0 0
 595.60706646259 -6.24386566680008e-005 0 0
 598.93303429 -0.000183016625560125 0 0
 602.25851889881 8.18233723289683e-006 0 0
 605.58350867968 -0.000197194088024798 0 0
 608.90799202327 -0.000184741750700848 0 0
 612.23195732024 -0.000161140728678336 0 0
 615.55539296125 -0.000250524769590626 0 0
 618.87828733696 -0.000239899910553722 0 0
 622.20062883803 -0.000184890730583126 0 0
 625.52240585512 -0.000222505839199421 0 0
 628.84360677889 -8.72730876301987e-005 0 0
 632.16422 -0.000217970388188346 0 0
 635.48423390911 -0.000199943565048169 0 0
 638.80363689688 -0.000134658841643818 0 0
 642.12241735397 -0.000201752136539331 0 0
 645.44056367104 -0.000136877522217104 0 0
 648.75806423875 -0.000191624947606661 0 0
 652.07490744776 -0.000166930285691928 0 0
 655.39108168873 -0.000233170353053939 0 0
 658.70657535232 -0.000238430685656455 0 0
 662.02137682919 -0.000263803275374412 0 0
 665.33547451 -9.03943167370646e-005 0 0
 668.64885678541 -6.38348462707036e-005 0 0
 671.96151204608 -0.00019909608959504 0 0
 675.27342868267 -0.000235146809074355 0 0
 678.58459508584 -9.0572137188452e-005 0 0
 681.89499964625 -0.000161339582309394 0 0
 685.20463075456 -0.000113602902844821 0 0
 688.51347680143 -0.000119664717206098 0 0
 691.82152617752 -0.000134520664114922 0 0
 695.12876727349 -0.000169542194776589 0 0
 698.43518848 -8.46462901325851e-005 0 0
 701.74077818771 -5.79952408797027e-005 0 0
 705.04552478728 -0.000288098040867435 0 0
 708.34941666937 -0.000138821672194072 0 0
 711.65244222464 -0.000186957520892516 0 0
 714.95458984375 -0.000103802273950563 0 0
 718.25584791736 -0.000226490495909966 0 0
 721.55620483613 -0.000332837592996394 0 0
 724.85564899072 -0.000118505394499382 0 0
 728.15416877179 -0.000198180055131605 0 0
 731.45175257 -0.000141668978821078 0 0
 734.74838877601 -0.000188306341977779 0 0
 738.04406578048 -0.00019436252208397 0 0
 741.33877197407 -0.000121972489025329 0 0
 744.63249574744 -0.000171840621407649 0 0
 747.92522549125 -0.000111237628245572 0 0
 751.21694959616 -0.000171588589367946 0 0
 754.50765645283 -0.000100343863742834 0 0
 757.79733445192 -1.18572009934185e-005 0 0
 761.08597198409 -8.07440894710679e-005 0 0
 764.37355744 -6.36346222683733e-005 0 0
 767.66007921031 -0.000191226418406683 0 0
 770.94552568568 -0.00013364883029346 0 0
 774.22988525677 1.2909244151262e-005 0 0
 777.51314631424 -0.000159740993677095 0 0
 780.79529724875 -0.000293141588866112 0 0
 784.07632645096 -0.000101538449029153 0 0
 787.35622231153 -0.000103091791559139 0 0
 790.63497322112 -5.63866282628911e-005 0 0
 793.91256757039 -0.000297466105552816 0 0
 797.18899375 -7.2547450876054e-005 0 0
 800.46424015061 -8.60793900246752e-005 0 0
 803.73829516288 -7.98130026140865e-005 0 0
 807.01114717747 -0.000192089179443321 0 0
 810.28278458504 -0.000195554311018364 0 0
 813.55319577625 -0.000308740170207031 0 0
 816.82236914176 -0.000340245481822428 0 0
 820.09029307223 -0.000174375261119775 0 0
 823.35695595832 -0.000197024184464606 0 0
 826.62234619069 -6.7331383848183e-005 0 0
 829.88645216 -0.000174658865920629 0 0
 833.14926225691 -0.000294622711232516 0 0
 836.41076487208 0.000136838818734943 0 0
 839.67094839617 -3.28548524891317e-005 0 0
 842.92980121984 -0.000258755935052255 0 0
 846.18731173375 -0.000316059097599314 0 0
 849.44346832856 -0.000344492087823935 0 0
 852.69825939493 -0.00049529132577004 0 0
 855.95167332352 -0.000226227876242752 0 0
 859.20369850499 -0.000239968089375691 0 0
 862.45432333 -0.00041550656081633 0 0
 865.70353618921 -0.000511404070213416 0 0
 868.95132547328 -0.000460538802424255 0 0
 872.19767957287 -0.000459170597145135 0 0
 875.44258687864 -0.000462654199336997 0 0
 878.68603578125 -0.000778429687878186 0 0
 881.92801467136 -0.000184152175614449 0 0
 885.16851193963 -0.000328157631969001 0 0
 888.40751597672 -8.20397514372076e-005 0 0
 891.64501517329 -0.000379068446265853 0 0
 894.88099792 0.000493454849374725 0 0
 898.11545260751 -0.000355376548091763 0 0
 901.34836762648 -0.000422729709548889 0 0
 904.57973136757 -0.000147811761542007 0 0
 907.80953222144 -0.000469949940536552 0 0
 911.03775857875 -0.000781321825872058 0 0
 914.26439883016 -0.000828938916940997 0 0
 917.48944136633 -0.000918729704859583 0 0
 920.71287457792 -0.000530962582363228 0 0
 923.93468685559 -0.000440622306205784 0 0
 927.15486659 -0.000796088296052418 0 0
 930.37340217181 0.000107213539365835 0 0
 933.59028199168 -0.00148493523494444 0 0
 936.80549444027 -0.00105819420470724 0 0
 940.01902790824 -0.000497756075367408 0 0
 943.23087078625 -0.000358164876670164 0 0
 946.44101146496 -0.000415154742386804 0 0
 949.64943833503 -0.00102016144864811 0 0
 952.85613978712 -0.00262354976173948 0 0
 956.06110421189 0 0 0
 959.26432 0 0 0
 962.46577554211 0 0 0
 965.66545922888 0 0 0
 968.86335945097 0 0 0
 972.05946459904 0 0 0
 975.25376306375 0 0 0
 978.44624323576 0 0 0
 981.63689350573 0 0 0
 984.82570226432 0 0 0
 988.01265790219 0 0 0
 991.19774881 0 0 0
 994.38096337841 0 0 0
 997.56228999808 0 0 0
 1000.74171705967 0 0 0
 1003.91923295384 0 0 0
 1007.09482607125 0 0 0
 1010.26848480256 0 0 0
 1013.44019753843 0 0 0
 1016.60995266952 0 0 0
 1019.77773858649 0 0 0
 1022.94354368 0 0 0
 1026.10735634071 0 0 0
 1029.26916495928 0 0 0
 1032.42895792637 0 0 0
 1035.58672363264 0 0 0
 1038.74245046875 0 0 0
 1041.89612682536 0 0 0
 1045.04774109313 0 0 0
 1048.19728166272 0 0 0
 1051.34473692479 0 0 0
 1054.49009527 0 0 0
 1057.63334508901 0 0 0
 1060.77447477248 0 0 0
 1063.91347271107 0 0 0
 1067.05032729544 0 0 0
 1070.18502691625 0 0 0
 1073.31755996416 0 0 0
 1076.44791482983 0 0 0
 1079.57607990392 0 0 0
 1082.70204357709 0 0 0
 1085.82579424 0 0 0
 1088.94732028331 0 0 0
 1092.06661009768 0 0 0
 1095.18365207377 0 0 0
 1098.29843460224 0 0 0
 1101.41094607375 0 0 0
 1104.52117487896 0 0 0
 1107.62910940853 0 0 0
 1110.73473805312 0 0 0
 1113.83804920339 0 0 0
 1116.93903125 0 0 0
 1120.03767258361 0 0 0
 1123.13396159488 0 0 0
 1126.22788667447 0 0 0
 1129.31943621304 0 0 0
 1132.40859860125 0 0 0
 1135.49536222976 0 0 0
[END] of [DATA]
[END] of [Spectrum]


#TBID:2021-10-18 01:00:00;SAM_84CE;RAW;

[Spectrum]
Version            = 1
IDData             = 96B1_2021-10-18_01-00-00_000_582
IDDevice           = SAM_84CE
IDDataType         = SPECTRUM
IDDataTypeSub1     = RAW
IDDataTypeSub2     = 
IDDataTypeSub3     = 
DateTime           = 2021-10-18 01:00:00
PositionLatitude   = 0
PositionLongitude  = 0
Comment            = 
CommentSub1        = 
CommentSub2        = 
CommentSub3        = 
IDMethodType       = SAM Control
MethodName         = SAM_84CE
Mission            = No Mission
MissionSub         = 1
RecordType         = 0
[Attributes]
CalFactor = 1
IDBasisSpec = 
IDDataBack = DLAB_2015-08-21_11-56-43_233_004
IDDataCal = DLAB_2015-08-26_10-05-37_585_478
IntegrationTime = 4096
P31 = -1
P31e = 0
PathLength = +INF
PathLengthCustomOn = 0
RAWDynamic = 65535
Salinity = 0
Temperature = -NAN
Unit1 = $05 $00 Pixel 
Unit2 = $03 $05 Intensity counts
Unit3 = $f0 $05 Error counts
Unit4 = $f1 $00 Status 
p999 = 557
[END] of [Attributes]
[DATA]
 0 11 0 0
 1 1322 0 0
 2 1320 0 0
 3 1320 0 0
 4 1329 0 0
 5 1328 0 0
 6 1326 0 0
 7 1329 0 0
 8 1324 0 0
 9 1333 0 0
 10 1328 0 0
 11 1334 0 0
 12 1338 0 0
 13 1330 0 0
 14 1342 0 0
 15 1335 0 0
 16 1340 0 0
 17 1335 0 0
 18 1334 0 0
 19 1335 0 0
 20 1344 0 0
 21 1345 0 0
 22 1338 0 0
 23 1349 0 0
 24 1348 0 0
 25 1341 0 0
 26 1349 0 0
 27 1351 0 0
 28 1344 0 0
 29 1343 0 0
 30 1346 0 0
 31 1347 0 0
 32 1351 0 0
 33 1348 0 0
 34 1342 0 0
 35 1344 0 0
 36 1348 0 0
 37 1344 0 0
 38 1352 0 0
 39 1347 0 0
 40 1348 0 0
 41 1347 0 0
 42 1355 0 0
 43 1352 0 0
 44 1342 0 0
 45 1351 0 0
 46 1351 0 0
 47 1361 0 0
 48 1354 0 0
 49 1349 0 0
 50 1347 0 0
 51 1351 0 0
 52 1348 0 0
 53 1356 0 0
 54 1353 0 0
 55 1347 0 0
 56 1351 0 0
 57 1349 0 0
 58 1351 0 0
 59 1348 0 0
 60 1346 0 0
 61 1352 0 0
 62 1351 0 0
 63 1350 0 0
 64 1350 0 0
 65 1349 0 0
 66 1355 0 0
 67 1353 0 0
 68 1354 0 0
 69 1351 0 0
 70 1348 0 0
 71 1349 0 0
 72 1354 0 0
 73 1358 0 0
 74 1354 0 0
 75 1357 0 0
 76 1353 0 0
 77 1352 0 0
 78 1352 0 0
 79 1355 0 0
 80 1356 0 0
 81 1355 0 0
 82 1356 0 0
 83 1356 0 0
 84 1347 0 0
 85 1350 0 0
 86 1353 0 0
 87 1358 0 0
 88 1351 0 0
 89 1354 0 0
 90 1353 0 0
 91 1358 0 0
 92 1354 0 0
 93 1353 0 0
 94 1352 0 0
 95 1349 0 0
 96 1352 0 0
 97 1350 0 0
 98 1354 0 0
 99 1357 0 0
 100 1352 0 0
 101 1353 0 0
 102 1347 0 0
 103 1353 0 0
 104 1352 0 0
 105 1356 0 0
 106 1356 0 0
 107 1356 0 0
 108 1352 0 0
 109 1358 0 0
 110 1354 0 0
 111 1364 0 0
 112 1350 0 0
 113 1350 0 0
 114 1358 0 0
 115 1353 0 0
 116 1358 0 0
 117 1357 0 0
 118 1349 0 0
 119 1356 0 0
 120 1356 0 0
 121 1352 0 0
 122 1350 0 0
 123 1351 0 0
 124 1350 0 0
 125 1354 0 0
 126 1355 0 0
 127 1351 0 0
 128 1350 0 0
 129 1351 0 0
 130 1352 0 0
 131 1354 0 0
 132 1351 0 0
 133 1354 0 0
 134 1348 0 0
 135 1349 0 0
 136 1353 0 0
 137 1352 0 0
 138 1350 0 0
 139 1352 0 0
 140 1349 0 0
 141 1350 0 0
 142 1354 0 0
 143 1356 0 0
 144 1343 0 0
 145 1354 0 0
 146 1352 0 0
 147 1352 0 0
 148 1350 0 0
 149 1347 0 0
 150 1352 0 0
 151 1346 0 0
 152 1344 0 0
 153 1346 0 0
 154 1349 0 0
 155 1348 0 0
 156 1350 0 0
 157 1352 0 0
 158 1347 0 0
 159 1348 0 0
 160 1352 0 0
 161 1356 0 0
 162 1355 0 0
 163 1349 0 0
 164 1354 0 0
 165 1348 0 0
 166 1345 0 0
 167 1350 0 0
 168 1348 0 0
 169 1350 0 0
 170 1348 0 0
 171 1352 0 0
 172 1356 0 0
 173 1349 0 0
 174 1350 0 0
 175 1348 0 0
 176 1346 0 0
 177 1349 0 0
 178 1350 0 0
 179 1352 0 0
 180 1348 0 0
 181 1346 0 0
 182 1350 0 0
 183 1349 0 0
 184 1347 0 0
 185 1348 0 0
 186 1349 0 0
 187 1350 0 0
 188 1350 0 0
 189 1348 0 0
 190 1347 0 0
 191 1354 0 0
 192 1351 0 0
 193 1345 0 0
 194 1343 0 0
 195 1350 0 0
 196 1346 0 0
 197 1346 0 0
 198 1352 0 0
 199 1347 0 0
 200 1353 0 0
 201 1344 0 0
 202 1346 0 0
 203 1351 0 0
 204 1352 0 0
 205 1349 0 0
 206 1353 0 0
 207 1349 0 0
 208 1353 0 0
 209 1346 0 0
 210 1349 0 0
 211 1344 0 0
 212 1340 0 0
 213 1353 0 0
 214 1353 0 0
 215 1354 0 0
 216 1354 0 0
 217 1352 0 0
 218 1345 0 0
 219 1351 0 0
 220 1339 0 0
 221 1349 0 0
 222 1354 0 0
 223 1346 0 0
 224 1346 0 0
 225 1348 0 0
 226 1349 0 0
 227 1348 0 0
 228 1340 0 0
 229 1354 0 0
 230 1351 0 0
 231 1348 0 0
 232 1351 0 0
 233 1351 0 0
 234 1349 0 0
 235 1354 0 0
 236 1349 0 0
 237 1350 0 0
 238 1350 0 0
 239 1353 0 0
 240 1347 0 0
 241 1349 0 0
 242 1344 0 0
 243 1355 0 0
 244 1351 0 0
 245 1354 0 0
 246 1345 0 0
 247 1346 0 0
 248 1343 0 0
 249 1344 0 0
 250 1336 0 0
 251 1343 0 0
 252 1338 0 0
 253 1336 0 0
 254 1332 0 0
 255 1381 0 0
[END] of [DATA]
[END] of [Spectrum]


#TBID:2021-10-18 01:00:00;SAM_84CE;CALIBRATED;

[Spectrum]
Version            = 1
IDData             = 96B1_2021-10-18_01-00-00_000_583
IDDevice           = SAM_84CE
IDDataType         = SPECTRUM
IDDataTypeSub1     = CALIBRATED
IDDataTypeSub2     = 
IDDataTypeSub3     = 
DateTime           = 2021-10-18 01:00:00
PositionLatitude   = 0
PositionLongitude  = 0
Comment            = 
CommentSub1        = 
CommentSub2        = 
CommentSub3        = 
IDMethodType       = SAM Control
MethodName         = SAM_84CE
Mission            = No Mission
MissionSub         = 1
RecordType         = 0
[Attributes]
CalFactor = 1
IDBasisSpec = 
IDDataBack = DLAB_2015-08-21_11-56-43_233_004
IDDataCal = DLAB_2015-08-26_10-05-37_585_478
IntegrationTime = 4096
P31 = -1
P31e = 0
PathLength = +INF
PathLengthCustomOn = 0
RAWDynamic = 65535
Salinity = 0
Temperature = -NAN
Unit1 = $01 $01 Wavelength nm
Unit2 = $03 $06 Intensity mW/(m^2 nm)
Unit3 = $f0 $06 Error mW/(m^2 nm)
Unit4 = $f1 $00 Status 
p999 = 557
[END] of [Attributes]
[DATA]
 0 11 0 0
 303.485180022 0 0 0
 306.85638880275 0 0 0
 310.228324544 0 0 0
 313.60097308125 0 0 0
 316.97432025 -0.00363033104605841 0 0
 320.34835188575 -0.00146954714431197 0 0
 323.723053824 0.000697955726840031 0 0
 327.09841190025 -0.00188852607666359 0 0
 330.47441195 -0.001076228103097 0 0
 333.85103980875 -0.00181271747834647 0 0
 337.228281312 -0.000636498497872426 0 0
 340.60612229525 0.000592355205248662 0 0
 343.984548594 -0.00160345687066457 0 0
 347.36354604375 0.000196926152240596 0 0
 350.74310048 0.00049577356585962 0 0
 354.12319773825 0.00112153319794502 0 0
 357.503823654 0.000922976142966096 0 0
 360.88496406275 -0.000183023779791247 0 0
 364.2666048 0.00113773966922321 0 0
 367.64873170125 0.000859379130335845 0 0
 371.031330602 0.00164761289968907 0 0
 374.41438733775 0.00078538806771334 0 0
 377.797887744 0.000344185906843653 0 0
 381.18181765625 0.00202089874387052 0 0
 384.56616291 0.000559634046517156 0 0
 387.95090934075 0.00123718389831572 0 0
 391.336042784 0.00133028434697417 0 0
 394.72154907525 0.00231904816797663 0 0
 398.10741405 0.00157693025020461 0 0
 401.49362354375 0.00196420677530026 0 0
 404.880163392 0.000572236623501634 0 0
 408.26701943025 0.0018578037834443 0 0
 411.654177494 0.0018204137002066 0 0
 415.04162341875 0.00122061078921689 0 0
 418.42934304 0.0017514870061664 0 0
 421.81732219325 0.000981237697286602 0 0
 425.205546714 0.00167870562243854 0 0
 428.59400243775 0.0012716838591715 0 0
 431.9826752 0.00107316996607757 0 0
 435.37155083625 0.00107031593798958 0 0
 438.760615182 0.00113493322242696 0 0
 442.14985407275 0.00173911790136699 0 0
 445.539253344 0.00150964872247788 0 0
 448.92879883125 0.00111331154786789 0 0
 452.31847637 0.00218180357411023 0 0
 455.70827179575 0.000984478720625613 0 0
 459.098170944 0.00180832449817233 0 0
 462.48815965025 0.00180455939866635 0 0
 465.87822375 0.00126370331183463 0 0
 469.26834907875 0.000768436189608373 0 0
 472.658521472 0.002165510924636 0 0
 476.04872676525 0.00183786586498354 0 0
 479.438950794 0.002019982867384 0 0
 482.82917939375 0.00127099071086682 0 0
 486.2193984 0.00156801523484936 0 0
 489.60959364825 0.00219990948167577 0 0
 492.999750974 0.00185645749943553 0 0
 496.38985621275 0.001479931149677 0 0
 499.7798952 0.00149117677243032 0 0
 503.16985377125 0.00179754378968558 0 0
 506.559717762 0.00195894237077618 0 0
 509.94947300775 0.000788655296283042 0 0
 513.339105344 0.0011609485298968 0 0
 516.72860060625 0.00129343726785575 0 0
 520.11794463 0.00153729763954297 0 0
 523.50712325075 0.00110604565086894 0 0
 526.896122304 0.00161795308465355 0 0
 530.28492762525 0.0014600169960061 0 0
 533.67352505 0.00203922550336209 0 0
 537.06190041375 0.00237299827188815 0 0
 540.450039552 0.0016266083404208 0 0
 543.83792830025 0.00166545485050785 0 0
 547.225552494 0.00186714774426607 0 0
 550.61289796875 0.00186883696531036 0 0
 553.99995056 0.00198044040405116 0 0
 557.38669610325 0.000671949585666241 0 0
 560.773120434 0.00163268023995774 0 0
 564.15920938775 0.00202804064145955 0 0
 567.5449488 0.00162331260244411 0 0
 570.93032450625 0.00159211680421577 0 0
 574.315322342 0.00140359302886209 0 0
 577.69992814275 0.00219061117923386 0 0
 581.084127744 0.00251662315008728 0 0
 584.46790698125 0.00130780102898643 0 0
 587.85125169 0.00159978653089378 0 0
 591.23414770575 0.0017941062065448 0 0
 594.616580864 0.00233476519676383 0 0
 597.99853700025 0.00175622687549854 0 0
 601.38000195 0.00217103378827417 0 0
 604.76096154875 0.000983118287331283 0 0
 608.141401632 0.00192564592355913 0 0
 611.52130803525 0.00161222442265355 0 0
 614.900666594 0.000711139105065042 0 0
 618.27946314375 0.00173739307261321 0 0
 621.65768352 0.00184889932782518 0 0
 625.03531355825 0.0023422267670971 0 0
 628.412339094 0.000969542020424589 0 0
 631.78874596275 0.00103656492666212 0 0
 635.16452 0.00186407500504438 0 0
 638.53964704125 0.00120517861185285 0 0
 641.914112922 0.00216192377938274 0 0
 645.28790347775 0.00049601042949647 0 0
 648.661004544 0.00134954029198087 0 0
 652.03340195625 0.00191077924949733 0 0
 655.40508155 0.00174317158252303 0 0
 658.77602916075 0.00233981541962417 0 0
 662.146230624 0.00297465583071819 0 0
 665.51567177525 0.00220221265706362 0 0
 668.88433845 0.00153228318619858 0 0
 672.25221648375 0.00247854056385104 0 0
 675.619291712 0.00258900752813869 0 0
 678.98554997025 0.00107558721905636 0 0
 682.350977094 0.0019671260598054 0 0
 685.71555891875 0.00261284858168443 0 0
 689.07928128 0.00219641127663043 0 0
 692.44213001325 0.00388563434257322 0 0
 695.804090954 0.00211708526578076 0 0
 699.16514993775 0.000943978313872182 0 0
 702.5252928 0.00226624705488444 0 0
 705.88450537625 0.00207928506405431 0 0
 709.242773502 0.00203495709695657 0 0
 712.60008301275 0.000777357914389017 0 0
 715.956419744 0.0019139415889877 0 0
 719.31176953125 0.00147530891095618 0 0
 722.66611821 0.00264707415103696 0 0
 726.01945161575 0.00114472339417923 0 0
 729.371755584 0.00222905936426527 0 0
 732.72301595025 0.00130355120238422 0 0
 736.07321855 0.00190492866721016 0 0
 739.42234921875 0.00290440288303297 0 0
 742.770393792 0.000597764533844058 0 0
 746.11733810525 0.002076161559 0 0
 749.463167994 0.00266540105464468 0 0
 752.80786929375 0.00115582825630723 0 0
 756.15142784 0.00109760823369648 0 0
 759.49382946825 0.00246262137267533 0 0
 762.835060014 0.000762237043757468 0 0
 766.17510531275 0.0034239249236004 0 0
 769.5139512 0.000999940190458788 0 0
 772.85158351125 0.00260275162713683 0 0
 776.187988082 0.00156093484517909 0 0
 779.52315074775 0.00343235245342828 0 0
 782.857057344 0.0036020781913569 0 0
 786.18969370625 -0.000296587394799823 0 0
 789.52104567 0.000405605988112278 0 0
 792.85109907075 0.00105441804574889 0 0
 796.179839744 0.00454444769234112 0 0
 799.50725352525 0.00134010904715855 0 0
 802.83332625 0.00182812049640598 0 0
 806.15804375375 0.00398214939108785 0 0
 809.481391872 0.00233253199239656 0 0
 812.80335644025 0.00135223028888716 0 0
 816.123923294 -1.32507253216833e-005 0 0
 819.44307826875 0.00209785776505082 0 0
 822.7608072 0.00198053911239165 0 0
 826.07709592325 0.00339539251254805 0 0
 829.391930274 0.00308524051051688 0 0
 832.70529608775 0.00381382495087623 0 0
 836.0171792 0.00132404386532 0 0
 839.32756544625 0.00291757874230361 0 0
 842.636440662 0.00421096645560536 0 0
 845.94379068275 0.00502933744429152 0 0
 849.249601344 0.00227483363998875 0 0
 852.55385848125 0.0050552228954979 0 0
 855.85654793 0.00325338438850161 0 0
 859.15765552575 0.00197965882948177 0 0
 862.457167104 0.00393443583750828 0 0
 865.75506850025 0.00315948873209737 0 0
 869.05134555 0.00177032025755318 0 0
 872.34598408875 -0.000498279587273114 0 0
 875.638969952 0.00182721359607454 0 0
 878.93028897525 0.00804920624934069 0 0
 882.219926994 0.00287955110170787 0 0
 885.50786984375 0.00774157526162997 0 0
 888.79410336 0.00109606151364255 0 0
 892.07861337825 -0.000404334253946998 0 0
 895.361385734 0.00244426384579376 0 0
 898.64240626275 0.00037978885201736 0 0
 901.9216608 0.00438810466812083 0 0
 905.19913518125 -0.00143110057092034 0 0
 908.474815242 -0.00198409782383308 0 0
 911.74868681775 0.00450012674895247 0 0
 915.020735744 0.0138454962395234 0 0
 918.29094785625 0.00946227847934631 0 0
 921.55930899 0.00283567350723215 0 0
 924.82580498075 -0.000302747610708796 0 0
 928.090421664 -0.00127161017660761 0 0
 931.35314487525 0.00832847599186049 0 0
 934.61396045 0.00454375428268594 0 0
 937.87285422375 0.0020591267255424 0 0
 941.129812032 0.00957627830285903 0 0
 944.38481971025 0.0109971968404803 0 0
 947.637863094 -0.00253919261325016 0 0
 950.88892801875 -0.00363555732897564 0 0
 954.13800032 0 0 0
 957.38506583325 0 0 0
 960.630110394 0 0 0
 963.87311983775 0 0 0
 967.11408 0 0 0
 970.35297671625 0 0 0
 973.589795822 0 0 0
 976.82452315275 0 0 0
 980.057144544 0 0 0
 983.28764583125 0 0 0
 986.51601285 0 0 0
 989.74223143575 0 0 0
 992.966287424 0 0 0
 996.18816665025 0 0 0
 999.40785495 0 0 0
 1002.62533815875 0 0 0
 1005.840602112 0 0 0
 1009.05363264525 0 0 0
 1012.264415594 0 0 0
 1015.47293679375 0 0 0
 1018.67918208 0 0 0
 1021.88313728825 0 0 0
 1025.084788254 0 0 0
 1028.28412081275 0 0 0
 1031.4811208 0 0 0
 1034.67577405125 0 0 0
 1037.868066402 0 0 0
 1041.05798368775 0 0 0
 1044.245511744 0 0 0
 1047.43063640625 0 0 0
 1050.61334351 0 0 0
 1053.79361889075 0 0 0
 1056.971448384 0 0 0
 1060.14681782525 0 0 0
 1063.31971305 0 0 0
 1066.49011989375 0 0 0
 1069.658024192 0 0 0
 1072.82341178025 0 0 0
 1075.986268494 0 0 0
 1079.14658016875 0 0 0
 1082.30433264 0 0 0
 1085.45951174325 0 0 0
 1088.612103314 0 0 0
 1091.76209318775 0 0 0
 1094.9094672 0 0 0
 1098.05421118625 0 0 0
 1101.196310982 0 0 0
 1104.33575242275 0 0 0
 1107.472521344 0 0 0
 1110.60660358125 0 0 0
 1113.73798497 0 0 0
 1116.86665134575 0 0 0
 1119.992588544 0 0 0
 1123.11578240025 0 0 0
 1126.23621875 0 0 0
 1129.35388342875 0 0 0
 1132.468762272 0 0 0
 1135.58084111525 0 0 0
 1138.690105794 0 0 0
 1141.79654214375 0 0 0
 1144.900136 0 0 0
[END] of [DATA]
[END] of [Spectrum]


#TBID:2021-10-18 01:00:00;SAM_84C8;RAW;

[Spectrum]
Version            = 1
IDData             = 96B1_2021-10-18_01-00-00_000_585
IDDevice           = SAM_84C8
IDDataType         = SPECTRUM
IDDataTypeSub1     = RAW
IDDataTypeSub2     = 
IDDataTypeSub3     = 
DateTime           = 2021-10-18 01:00:00
PositionLatitude   = 0
PositionLongitude  = 0
Comment            = 
CommentSub1        = 
CommentSub2        = 
CommentSub3        = 
IDMethodType       = SAM Control
MethodName         = SAM_84C8
Mission            = No Mission
MissionSub         = 1
RecordType         = 0
[Attributes]
CalFactor = 1
IDBasisSpec = 
IDDataBack = DLAB_2015-08-21_12-14-03_013_778
IDDataCal = DLAB_2015-08-24_11-04-47_772_747
IntegrationTime = 4096
P31 = -1
P31e = 0
PathLength = +INF
PathLengthCustomOn = 0
RAWDynamic = 65535
Salinity = 0
Temperature = -NAN
Unit1 = $05 $00 Pixel 
Unit2 = $03 $05 Intensity counts
Unit3 = $f0 $05 Error counts
Unit4 = $f1 $00 Status 
p999 = 557
[END] of [Attributes]
[DATA]
 0 11 0 0
 1 1334 0 0
 2 1320 0 0
 3 1323 0 0
 4 1329 0 0
 5 1324 0 0
 6 1324 0 0
 7 1322 0 0
 8 1324 0 0
 9 1328 0 0
 10 1325 0 0
 11 1328 0 0
 12 1325 0 0
 13 1329 0 0
 14 1330 0 0
 15 1335 0 0
 16 1333 0 0
 17 1332 0 0
 18 1335 0 0
 19 1335 0 0
 20 1336 0 0
 21 1344 0 0
 22 1340 0 0
 23 1347 0 0
 24 1348 0 0
 25 1344 0 0
 26 1340 0 0
 27 1341 0 0
 28 1349 0 0
 29 1352 0 0
 30 1348 0 0
 31 1341 0 0
 32 1344 0 0
 33 1346 0 0
 34 1344 0 0
 35 1340 0 0
 36 1345 0 0
 37 1353 0 0
 38 1348 0 0
 39 1345 0 0
 40 1347 0 0
 41 1349 0 0
 42 1346 0 0
 43 1351 0 0
 44 1344 0 0
 45 1352 0 0
 46 1347 0 0
 47 1347 0 0
 48 1351 0 0
 49 1358 0 0
 50 1343 0 0
 51 1349 0 0
 52 1351 0 0
 53 1349 0 0
 54 1344 0 0
 55 1349 0 0
 56 1350 0 0
 57 1360 0 0
 58 1349 0 0
 59 1347 0 0
 60 1346 0 0
 61 1351 0 0
 62 1358 0 0
 63 1354 0 0
 64 1347 0 0
 65 1352 0 0
 66 1353 0 0
 67 1351 0 0
 68 1357 0 0
 69 1353 0 0
 70 1361 0 0
 71 1356 0 0
 72 1356 0 0
 73 1356 0 0
 74 1354 0 0
 75 1353 0 0
 76 1354 0 0
 77 1361 0 0
 78 1358 0 0
 79 1363 0 0
 80 1363 0 0
 81 1356 0 0
 82 1360 0 0
 83 1359 0 0
 84 1362 0 0
 85 1352 0 0
 86 1357 0 0
 87 1362 0 0
 88 1354 0 0
 89 1353 0 0
 90 1365 0 0
 91 1358 0 0
 92 1362 0 0
 93 1355 0 0
 94 1358 0 0
 95 1355 0 0
 96 1362 0 0
 97 1357 0 0
 98 1360 0 0
 99 1352 0 0
 100 1356 0 0
 101 1364 0 0
 102 1359 0 0
 103 1356 0 0
 104 1350 0 0
 105 1362 0 0
 106 1356 0 0
 107 1360 0 0
 108 1356 0 0
 109 1354 0 0
 110 1363 0 0
 111 1362 0 0
 112 1362 0 0
 113 1358 0 0
 114 1358 0 0
 115 1362 0 0
 116 1359 0 0
 117 1356 0 0
 118 1360 0 0
 119 1357 0 0
 120 1355 0 0
 121 1359 0 0
 122 1357 0 0
 123 1358 0 0
 124 1354 0 0
 125 1360 0 0
 126 1360 0 0
 127 1363 0 0
 128 1358 0 0
 129 1363 0 0
 130 1362 0 0
 131 1361 0 0
 132 1356 0 0
 133 1398 0 0
 134 1359 0 0
 135 1363 0 0
 136 1359 0 0
 137 1363 0 0
 138 1358 0 0
 139 1365 0 0
 140 1362 0 0
 141 1356 0 0
 142 1359 0 0
 143 1360 0 0
 144 1359 0 0
 145 1365 0 0
 146 1360 0 0
 147 1357 0 0
 148 1362 0 0
 149 1356 0 0
 150 1360 0 0
 151 1360 0 0
 152 1362 0 0
 153 1358 0 0
 154 1360 0 0
 155 1353 0 0
 156 1360 0 0
 157 1363 0 0
 158 1363 0 0
 159 1358 0 0
 160 1361 0 0
 161 1361 0 0
 162 1362 0 0
 163 1360 0 0
 164 1358 0 0
 165 1362 0 0
 166 1361 0 0
 167 1362 0 0
 168 1357 0 0
 169 1362 0 0
 170 1362 0 0
 171 1362 0 0
 172 1360 0 0
 173 1352 0 0
 174 1354 0 0
 175 1368 0 0
 176 1356 0 0
 177 1363 0 0
 178 1360 0 0
 179 1362 0 0
 180 1363 0 0
 181 1354 0 0
 182 1361 0 0
 183 1361 0 0
 184 1354 0 0
 185 1364 0 0
 186 1358 0 0
 187 1363 0 0
 188 1359 0 0
 189 1356 0 0
 190 1353 0 0
 191 1360 0 0
 192 1359 0 0
 193 1358 0 0
 194 1362 0 0
 195 1361 0 0
 196 1355 0 0
 197 1362 0 0
 198 1362 0 0
 199 1356 0 0
 200 1356 0 0
 201 1354 0 0
 202 1354 0 0
 203 1361 0 0
 204 1360 0 0
 205 1360 0 0
 206 1356 0 0
 207 1362 0 0
 208 1356 0 0
 209 1356 0 0
 210 1356 0 0
 211 1357 0 0
 212 1356 0 0
 213 1362 0 0
 214 1356 0 0
 215 1362 0 0
 216 1358 0 0
 217 1362 0 0
 218 1360 0 0
 219 1355 0 0
 220 1360 0 0
 221 1360 0 0
 222 1358 0 0
 223 1360 0 0
 224 1362 0 0
 225 1359 0 0
 226 1365 0 0
 227 1361 0 0
 228 1356 0 0
 229 1357 0 0
 230 1358 0 0
 231 1361 0 0
 232 1360 0 0
 233 1357 0 0
 234 1360 0 0
 235 1362 0 0
 236 1359 0 0
 237 1362 0 0
 238 1352 0 0
 239 1356 0 0
 240 1358 0 0
 241 1361 0 0
 242 1364 0 0
 243 1360 0 0
 244 1360 0 0
 245 1358 0 0
 246 1358 0 0
 247 1351 0 0
 248 1363 0 0
 249 1356 0 0
 250 1351 0 0
 251 1347 0 0
 252 1347 0 0
 253 1338 0 0
 254 1333 0 0
 255 1381 0 0
[END] of [DATA]
[END] of [Spectrum]


#TBID:2021-10-18 01:00:00;SAM_84C8;CALIBRATED;

[Spectrum]
Version            = 1
IDData             = 96B1_2021-10-18_01-00-00_000_586
IDDevice           = SAM_84C8
IDDataType         = SPECTRUM
IDDataTypeSub1     = CALIBRATED
IDDataTypeSub2     = 
IDDataTypeSub3     = 
DateTime           = 2021-10-18 01:00:00
PositionLatitude   = 0
PositionLongitude  = 0
Comment            = 
CommentSub1        = 
CommentSub2        = 
CommentSub3        = 
IDMethodType       = SAM Control
MethodName         = SAM_84C8
Mission            = No Mission
MissionSub         = 1
RecordType         = 0
[Attributes]
CalFactor = 1
IDBasisSpec = 
IDDataBack = DLAB_2015-08-21_12-14-03_013_778
IDDataCal = DLAB_2015-08-24_11-04-47_772_747
IntegrationTime = 4096
P31 = -1
P31e = 0
PathLength = +INF
PathLengthCustomOn = 0
RAWDynamic = 65535
Salinity = 0
Temperature = -NAN
Unit1 = $01 $01 Wavelength nm
Unit2 = $03 $03 Intensity mW/(m^2 nm Sr)
Unit3 = $f0 $03 Error mW/(m^2 nm Sr)
Unit4 = $f1 $00 Status 
p999 = 557
[END] of [Attributes]
[DATA]
 0 11 0 0
 303.516048156 0 0 0
 306.890006053 0 0 0
 310.26457112 0 0 0
 313.639731825 0 0 0
 317.015476636 -0.00106907207962392 0 0
 320.391794021 -0.00106492456435176 0 0
 323.768672448 -0.000905453602585322 0 0
 327.146100385 -0.00070455938391967 0 0
 330.5240663 -0.000589928639068117 0 0
 333.902558661 -0.000454374041994937 0 0
 337.281565936 -0.000627249125776959 0 0
 340.661076593 -0.000776535775639965 0 0
 344.0410791 -0.000390660973586097 0 0
 347.421561925 -0.000340055978420462 0 0
 350.802513536 -0.000266717039820438 0 0
 354.183922401 -0.000295715866417391 0 0
 357.565776988 -0.000342512180790445 0 0
 360.948065765 -0.000239066958243884 0 0
 364.3307772 -0.00024374520882365 0 0
 367.713899761 -0.000159731913020082 0 0
 371.097421916 -6.31550702390334e-005 0 0
 374.481332133 -0.00017376032911136 0 0
 377.86561888 -5.14659472003193e-005 0 0
 381.250270625 -6.7722168306143e-005 0 0
 384.635275836 -8.17944480989725e-005 0 0
 388.020622981 -1.35662190846837e-005 0 0
 391.406300528 -9.37884670719185e-005 0 0
 394.792296945 -8.45625700855615e-006 0 0
 398.1786007 9.77470554045701e-005 0 0
 401.565200261 -5.32129759454353e-005 0 0
 404.952084096 -0.000125535925383847 0 0
 408.339240673 -6.64631907116551e-005 0 0
 411.72665846 4.17213647100924e-005 0 0
 415.114325925 -1.55176303887653e-006 0 0
 418.502231536 -3.59869596128617e-005 0 0
 421.890363761 -4.16221136064083e-005 0 0
 425.278711068 -8.10755483331226e-005 0 0
 428.667261925 -1.11057683237863e-005 0 0
 432.0560048 4.02740290744461e-005 0 0
 435.444928161 3.00951423813486e-005 0 0
 438.834020476 1.03212436627737e-005 0 0
 442.223270213 1.34592922153827e-005 0 0
 445.61266584 2.83418417766283e-005 0 0
 449.002195825 8.79857245070629e-006 0 0
 452.391848636 -2.32178405891679e-006 0 0
 455.781612741 -1.41963513923894e-005 0 0
 459.171476608 7.69034977508566e-006 0 0
 462.561428705 1.43090033011893e-005 0 0
 465.9514575 5.65928214207615e-005 0 0
 469.341551461 -2.00887079674092e-005 0 0
 472.731699056 -2.10355163476436e-005 0 0
 476.121888753 1.32556566686799e-005 0 0
 479.51210902 2.07545937512625e-005 0 0
 482.902348325 9.39008278692985e-005 0 0
 486.292595136 1.12473270179713e-005 0 0
 489.682837921 1.35351358771882e-007 0 0
 493.073065148 8.69991734205343e-005 0 0
 496.463265285 2.63035825841616e-005 0 0
 499.8534268 7.29924113546751e-005 0 0
 503.243538161 1.8242298284481e-005 0 0
 506.633587836 4.31889235658235e-005 0 0
 510.023564293 -2.45186227816228e-005 0 0
 513.413456 2.26514309970929e-005 0 0
 516.803251425 6.77100626174101e-005 0 0
 520.192939036 8.33840731256341e-005 0 0
 523.582507301 1.55930421871347e-005 0 0
 526.971944688 2.12157234601124e-005 0 0
 530.361239665 3.92218372629439e-005 0 0
 533.7503807 7.07850400355092e-005 0 0
 537.139356261 8.18577449377501e-005 0 0
 540.528154816 6.71446111749907e-005 0 0
 543.916764833 2.82226405998192e-006 0 0
 547.30517478 7.48106329569017e-005 0 0
 550.693373125 6.40500180911639e-005 0 0
 554.081348336 2.40963492614563e-005 0 0
 557.469088881 4.12815664368383e-005 0 0
 560.856583228 0.000120927965005792 0 0
 564.243819845 8.70533098883929e-005 0 0
 567.6307872 0.000138371730358686 0 0
 571.017473761 0.000146222528060407 0 0
 574.403867996 9.37196822874313e-005 0 0
 577.789958373 5.01057272691889e-005 0 0
 581.17573336 7.28657104930527e-005 0 0
 584.561181425 9.39308518122343e-005 0 0
 587.946291036 5.05648829742819e-005 0 0
 591.331050661 0.000106192391898789 0 0
 594.715448768 0.000120734741581122 0 0
 598.099473825 6.01541177226953e-005 0 0
 601.4831143 6.96404665691064e-005 0 0
 604.866358661 0.000119090693394179 0 0
 608.249195376 6.49742342146708e-005 0 0
 611.631612913 0.00013600032259884 0 0
 615.01359974 0.000120060797592717 0 0
 618.395144325 8.67974741107076e-006 0 0
 621.776235136 6.26978713753211e-005 0 0
 625.156860641 8.32980465472697e-005 0 0
 628.537009308 9.1915056422507e-005 0 0
 631.916669605 0.000166231028781921 0 0
 635.29583 5.82731163910892e-005 0 0
 638.674478961 -4.76334250666382e-005 0 0
 642.052604956 2.9310355552283e-005 0 0
 645.430196453 6.61261953265384e-005 0 0
 648.80724192 0.000103461291635858 0 0
 652.183729825 -2.62309891811611e-005 0 0
 655.559648636 6.22925432257765e-005 0 0
 658.934986821 0.000131216747339317 0 0
 662.309732848 0.000167051721712295 0 0
 665.683875185 0.000189440157643504 0 0
 669.0574023 0.000103949023088009 0 0
 672.430302661 8.10987157450906e-005 0 0
 675.802564736 -8.56211378555536e-005 0 0
 679.174176993 0.000158067749466446 0 0
 682.5451279 7.3630172474704e-005 0 0
 685.915405925 0.000103968121090664 0 0
 689.284999536 5.70518757228441e-005 0 0
 692.653897201 -6.81601192029476e-005 0 0
 696.022087388 0.00010425529324164 0 0
 699.389558565 0.000217590582123615 0 0
 702.7562992 -4.44476962757777e-005 0 0
 706.122297761 0.000174609374019783 0 0
 709.487542716 0.000126693326219461 0 0
 712.852022533 0.000221025956789017 0 0
 716.21572568 0.000186186499808527 0 0
 719.578640625 0.000120346232635631 0 0
 722.940755836 0.000151486523513476 0 0
 726.302059781 0.00015307600728227 0 0
 729.662540928 8.28703733019797e-006 0 0
 733.022187745 0.000181015340922471 0 0
 736.3809887 0.000177267104741907 0 0
 739.738932261 0.000314381205879008 0 0
 743.096006896 0.00011813567112848 0 0
 746.452201073 2.80938322903699e-005 0 0
 749.80750326 -0.000405010962277648 0 0
 753.161901925 2.92406970715173e-005 0 0
 756.515385536 0.000264960726900043 0 0
 759.867942561 0.000151713246163525 0 0
 763.219561468 0.000177220474267928 0 0
 766.570230725 0.000198834222053545 0 0
 769.9199388 0.000141850962234069 0 0
 773.268674161 0.000219935655733289 0 0
 776.616425276 0.000143731955250465 0 0
 779.963180613 6.99860139500201e-005 0 0
 783.30892864 0.000191522041271898 0 0
 786.653657825 -5.7726315014069e-005 0 0
 789.997356636 0.000252061606319041 0 0
 793.340013541 9.94865171214338e-005 0 0
 796.681617008 0.000205768105755615 0 0
 800.022155505 0.000182889660144296 0 0
 803.3616175 0.000162394453514305 0 0
 806.699991461 0.000256798513832901 0 0
 810.037265856 0.000208404009175005 0 0
 813.373429153 0.000132473282891861 0 0
 816.70846982 0.000214572940543717 0 0
 820.042376325 0.000417411528951031 0 0
 823.375137136 0.000220056517780539 0 0
 826.706740721 0.00023424146362805 0 0
 830.037175548 0.000289886900400225 0 0
 833.366430085 0.00038485251167572 0 0
 836.6944928 0.000334223626887475 0 0
 840.021352161 0.000219177014203266 0 0
 843.346996636 0.000468511870388919 0 0
 846.671414693 0.000367843399145359 0 0
 849.9945948 0.00039670492992436 0 0
 853.316525425 0.000674479593731991 0 0
 856.637195036 0.000291455476780475 0 0
 859.956592101 0.000408550550944779 0 0
 863.274705088 0.000235783664800942 0 0
 866.591522465 5.49468773900469e-005 0 0
 869.9070327 0.000799115765331423 0 0
 873.221224261 0.000399865156037927 0 0
 876.534085616 0.000849609207563438 0 0
 879.845605233 0.000411578257696141 0 0
 883.15577158 0.000796885596055361 0 0
 886.464573125 0.000420698473032808 0 0
 889.771998336 0.000745975689533165 0 0
 893.078035681 0.000474096593527574 0 0
 896.382673628 0.00110460273239082 0 0
 899.685900645 0.00116208049762669 0 0
 902.9877052 0.00080926780600519 0 0
 906.288075761 0.000608211073230972 0 0
 909.587000796 -0.000231434988017031 0 0
 912.884468773 0.000720728449509497 0 0
 916.18046816 0.000875211943016164 0 0
 919.474987425 0.000755052299810213 0 0
 922.768015036 0.00130926495131088 0 0
 926.059539461 0.00109092192766504 0 0
 929.349549168 0.00046523516964601 0 0
 932.638032625 0.00117688693715269 0 0
 935.9249783 0.000635919681896136 0 0
 939.210374661 0.00137930660546677 0 0
 942.494210176 0.00133372789328159 0 0
 945.776473313 0.000203581961737906 0 0
 949.05715254 0.00285664961923206 0 0
 952.336236325 0.0013719204697258 0 0
 955.613713136 0 0 0
 958.889571441 0 0 0
 962.163799708 0 0 0
 965.436386405 0 0 0
 968.70732 0 0 0
 971.976588961 0 0 0
 975.244181756 0 0 0
 978.510086853 0 0 0
 981.77429272 0 0 0
 985.036787825 0 0 0
 988.297560636 0 0 0
 991.556599621 0 0 0
 994.813893248 0 0 0
 998.069429985 0 0 0
 1001.3231983 0 0 0
 1004.575186661 0 0 0
 1007.825383536 0 0 0
 1011.073777393 0 0 0
 1014.3203567 0 0 0
 1017.565109925 0 0 0
 1020.808025536 0 0 0
 1024.049092001 0 0 0
 1027.288297788 0 0 0
 1030.525631365 0 0 0
 1033.7610812 0 0 0
 1036.994635761 0 0 0
 1040.226283516 0 0 0
 1043.456012933 0 0 0
 1046.68381248 0 0 0
 1049.909670625 0 0 0
 1053.133575836 0 0 0
 1056.355516581 0 0 0
 1059.575481328 0 0 0
 1062.793458545 0 0 0
 1066.0094367 0 0 0
 1069.223404261 0 0 0
 1072.435349696 0 0 0
 1075.645261473 0 0 0
 1078.85312806 0 0 0
 1082.058937925 0 0 0
 1085.262679536 0 0 0
 1088.464341361 0 0 0
 1091.663911868 0 0 0
 1094.861379525 0 0 0
 1098.0567328 0 0 0
 1101.249960161 0 0 0
 1104.441050076 0 0 0
 1107.629991013 0 0 0
 1110.81677144 0 0 0
 1114.001379825 0 0 0
 1117.183804636 0 0 0
 1120.364034341 0 0 0
 1123.542057408 0 0 0
 1126.717862305 0 0 0
 1129.8914375 0 0 0
 1133.062771461 0 0 0
 1136.231852656 0 0 0
 1139.398669553 0 0 0
 1142.56321062 0 0 0
 1145.725464325 0 0 0
 1148.885419136 0 0 0
[END] of [DATA]
[END] of [Spectrum]

