
#TBID:2021-10-23 00:30:00;SAM_84CE;CALIBRATED;

[Spectrum]
Version            = 1
IDData             = 96B1_2021-10-23_00-30-00_000_973
IDDevice           = SAM_84CE
IDDataType         = SPECTRUM
IDDataTypeSub1     = CALIBRATED
IDDataTypeSub2     = 
IDDataTypeSub3     = 
DateTime           = 2021-10-23 00:30:00
PositionLatitude   = 0
PositionLongitude  = 0
Comment            = 
CommentSub1        = 
CommentSub2        = 
CommentSub3        = 
IDMethodType       = SAM Control
MethodName         = SAM_84CE
Mission            = No Mission
MissionSub         = 1
RecordType         = 0
[Attributes]
CalFactor = 1
IDBasisSpec = 
IDDataBack = DLAB_2015-08-21_11-56-43_233_004
IDDataCal = DLAB_2015-08-26_10-05-37_585_478
IntegrationTime = 4096
P31 = -1
P31e = 0
PathLength = +INF
PathLengthCustomOn = 0
RAWDynamic = 65535
Salinity = 0
Temperature = -NAN
Unit1 = $01 $01 Wavelength nm
Unit2 = $03 $06 Intensity mW/(m^2 nm)
Unit3 = $f0 $06 Error mW/(m^2 nm)
Unit4 = $f1 $00 Status 
p999 = 796
[END] of [Attributes]
[DATA]
 0 11 0 0
 303.485180022 0 0 0
 306.85638880275 0 0 0
 310.228324544 0 0 0
 313.60097308125 0 0 0
 316.97432025 -0.000531819209913488 0 0
 320.34835188575 0.00223913812872296 0 0
 323.723053824 0.0013470294070786 0 0
 327.09841190025 0.00327019913346852 0 0
 330.47441195 0.000924280963474438 0 0
 333.85103980875 0.00116336607494028 0 0
 337.228281312 0.000863068670183205 0 0
 340.60612229525 0.00108973449292015 0 0
 343.984548594 0.00163496204919186 0 0
 347.36354604375 0.00138277769075403 0 0
 350.74310048 0.00203966773054354 0 0
 354.12319773825 0.00168895275388794 0 0
 357.503823654 0.00244177530982722 0 0
 360.88496406275 0.000881640937875099 0 0
 364.2666048 0.00162852374523119 0 0
 367.64873170125 0.000798074229748612 0 0
 371.031330602 0.00177232491748397 0 0
 374.41438733775 0.00226232070883734 0 0
 377.797887744 0.000674842201961405 0 0
 381.18181765625 0.00154848056080936 0 0
 384.56616291 0.00295759099887639 0 0
 387.95090934075 0.00116847951409401 0 0
 391.336042784 0.00228380607115299 0 0
 394.72154907525 0.00285615909775475 0 0
 398.10741405 0.00288086530205488 0 0
 401.49362354375 0.00265624801226193 0 0
 404.880163392 0.00195555313883375 0 0
 408.26701943025 0.00180072255951297 0 0
 411.654177494 0.00289606204068681 0 0
 415.04162341875 0.00223247141594853 0 0
 418.42934304 0.0031290791807552 0 0
 421.81732219325 0.00294664996698842 0 0
 425.205546714 0.00252184247717364 0 0
 428.59400243775 0.00159172909951373 0 0
 431.9826752 0.00206901807129912 0 0
 435.37155083625 0.0024785092449865 0 0
 438.760615182 0.0021856157468955 0 0
 442.14985407275 0.0025643756020389 0 0
 445.539253344 0.00233738583249417 0 0
 448.92879883125 0.00249917405986137 0 0
 452.31847637 0.00270368397328587 0 0
 455.70827179575 0.00186358006372212 0 0
 459.098170944 0.00200481428387137 0 0
 462.48815965025 0.00261040751667465 0 0
 465.87822375 0.00270630271042476 0 0
 469.26834907875 0.00236098744932228 0 0
 472.658521472 0.00212301762674227 0 0
 476.04872676525 0.00269778255060383 0 0
 479.438950794 0.00249812461482743 0 0
 482.82917939375 0.00215278153307197 0 0
 486.2193984 0.00259759983291155 0 0
 489.60959364825 0.0025624276415307 0 0
 492.999750974 0.0029073570810134 0 0
 496.38985621275 0.00280760941283317 0 0
 499.7798952 0.00240356262521011 0 0
 503.16985377125 0.00283903626245004 0 0
 506.559717762 0.00258492407905058 0 0
 509.94947300775 0.00206334104071928 0 0
 513.339105344 0.00266510763384648 0 0
 516.72860060625 0.00238130773002169 0 0
 520.11794463 0.00259449910670759 0 0
 523.50712325075 0.00225118712145562 0 0
 526.896122304 0.00261648755904621 0 0
 530.28492762525 0.00254750140240103 0 0
 533.67352505 0.00255447966485009 0 0
 537.06190041375 0.00342554690281118 0 0
 540.450039552 0.00277795085700198 0 0
 543.83792830025 0.00302610407823857 0 0
 547.225552494 0.00236798447291392 0 0
 550.61289796875 0.00301757738033397 0 0
 553.99995056 0.00291899451415823 0 0
 557.38669610325 0.00172768049280258 0 0
 560.773120434 0.00281272788666164 0 0
 564.15920938775 0.00300249061566999 0 0
 567.5449488 0.00215738261757853 0 0
 570.93032450625 0.00272055924556163 0 0
 574.315322342 0.0024353269533594 0 0
 577.69992814275 0.00287932874781139 0 0
 581.084127744 0.00334453071018337 0 0
 584.46790698125 0.0027894002794711 0 0
 587.85125169 0.0024660691821456 0 0
 591.23414770575 0.00254757913998196 0 0
 594.616580864 0.00228952092221213 0 0
 597.99853700025 0.00350774335314956 0 0
 601.38000195 0.00353045038615948 0 0
 604.76096154875 0.00250344218655544 0 0
 608.141401632 0.00187757349359571 0 0
 611.52130803525 0.00243774956433038 0 0
 614.900666594 0.00125076144322753 0 0
 618.27946314375 0.00243278452401367 0 0
 621.65768352 0.00301267558742006 0 0
 625.03531355825 0.00338171686521177 0 0
 628.412339094 0.00220683309239787 0 0
 631.78874596275 0.00181835077928092 0 0
 635.16452 0.00197963185263902 0 0
 638.53964704125 0.00132443938041586 0 0
 641.914112922 0.00375657618429489 0 0
 645.28790347775 0.00307154945209406 0 0
 648.661004544 0.00321119834696181 0 0
 652.03340195625 0.0018454061764081 0 0
 655.40508155 0.0030696082674052 0 0
 658.77602916075 0.00287716687351333 0 0
 662.146230624 0.00250007272512339 0 0
 665.51567177525 0.00417974055894106 0 0
 668.88433845 0.00146379468542233 0 0
 672.25221648375 0.00385012472789356 0 0
 675.619291712 0.002520530218994 0 0
 678.98554997025 0.00305530491511202 0 0
 682.350977094 0.00291936343063275 0 0
 685.71555891875 0.00295194923140687 0 0
 689.07928128 0.00294493933764509 0 0
 692.44213001325 0.00340455387582849 0 0
 695.804090954 0.00162866863329967 0 0
 699.16514993775 0.00278330383489408 0 0
 702.5252928 0.00198046972277267 0 0
 705.88450537625 0.00287076404406462 0 0
 709.242773502 0.00283178373641605 0 0
 712.60008301275 0.00266981295181727 0 0
 715.956419744 0.00162146502657876 0 0
 719.31176953125 0.00250250830696004 0 0
 722.66611821 0.00323526256844795 0 0
 726.01945161575 0.00217566099752323 0 0
 729.371755584 0.00237678674307761 0 0
 732.72301595025 0.00345467040583991 0 0
 736.07321855 0.00317448646593434 0 0
 739.42234921875 0.00328110665439211 0 0
 742.770393792 0.00303557735544452 0 0
 746.11733810525 0.0031566627362082 0 0
 749.463167994 0.0028219352815907 0 0
 752.80786929375 0.00321946078750328 0 0
 756.15142784 0.00270706078053969 0 0
 759.49382946825 0.00385051714197438 0 0
 762.835060014 0.00192172170036715 0 0
 766.17510531275 0.00308751301336611 0 0
 769.5139512 0.00194014381964024 0 0
 772.85158351125 0.00303724588977601 0 0
 776.187988082 0.00226936136773109 0 0
 779.52315074775 0.00388429834675917 0 0
 782.857057344 0.00378720276452156 0 0
 786.18969370625 0.00303610871999903 0 0
 789.52104567 0.00148402797375379 0 0
 792.85109907075 0.00307842643093196 0 0
 796.179839744 0.00412605435740339 0 0
 799.50725352525 0.00318173151600899 0 0
 802.83332625 0.00373670865978175 0 0
 806.15804375375 0.00351672157463905 0 0
 809.481391872 0.00402096823684383 0 0
 812.80335644025 0.00385376873496825 0 0
 816.123923294 0.00297174445134441 0 0
 819.44307826875 0.00479099091712873 0 0
 822.7608072 0.00142231177812758 0 0
 826.07709592325 0.0054259121740132 0 0
 829.391930274 0.00338681956001511 0 0
 832.70529608775 0.00271472614758 0 0
 836.0171792 0.00459612711001991 0 0
 839.32756544625 0.00120953161031204 0 0
 842.636440662 0.00027589540908034 0 0
 845.94379068275 0.00540414473077003 0 0
 849.249601344 0.000899943981522267 0 0
 852.55385848125 0.00176073988105397 0 0
 855.85654793 0.00627790194520739 0 0
 859.15765552575 0.0037911127167569 0 0
 862.457167104 0.00369730417974345 0 0
 865.75506850025 0.00365439408003412 0 0
 869.05134555 0.00228725358343943 0 0
 872.34598408875 0.00246474754094342 0 0
 875.638969952 0.00322739837326579 0 0
 878.93028897525 -0.00184025255089044 0 0
 882.219926994 0.00438836564800071 0 0
 885.50786984375 0.00368219791068653 0 0
 888.79410336 0.00562809981492287 0 0
 892.07861337825 -0.000739083598916366 0 0
 895.361385734 0.00105712700301621 0 0
 898.64240626275 -0.00106041389763669 0 0
 901.9216608 0.00289308624892151 0 0
 905.19913518125 -0.00181980027592173 0 0
 908.474815242 0.00125552622273101 0 0
 911.74868681775 0.00534612815710598 0 0
 915.020735744 0.00810128339085908 0 0
 918.29094785625 0.0117734032687473 0 0
 921.55930899 0.00380577286441587 0 0
 924.82580498075 -0.00233598980009074 0 0
 928.090421664 -0.0098253670016464 0 0
 931.35314487525 -0.00571957601259237 0 0
 934.61396045 0.00750145974890328 0 0
 937.87285422375 -0.00603180445110694 0 0
 941.129812032 0.00105634130007179 0 0
 944.38481971025 0.00616639487797549 0 0
 947.637863094 -0.00326009795121956 0 0
 950.88892801875 0.00466335785619489 0 0
 954.13800032 0 0 0
 957.38506583325 0 0 0
 960.630110394 0 0 0
 963.87311983775 0 0 0
 967.11408 0 0 0
 970.35297671625 0 0 0
 973.589795822 0 0 0
 976.82452315275 0 0 0
 980.057144544 0 0 0
 983.28764583125 0 0 0
 986.51601285 0 0 0
 989.74223143575 0 0 0
 992.966287424 0 0 0
 996.18816665025 0 0 0
 999.40785495 0 0 0
 1002.62533815875 0 0 0
 1005.840602112 0 0 0
 1009.05363264525 0 0 0
 1012.264415594 0 0 0
 1015.47293679375 0 0 0
 1018.67918208 0 0 0
 1021.88313728825 0 0 0
 1025.084788254 0 0 0
 1028.28412081275 0 0 0
 1031.4811208 0 0 0
 1034.67577405125 0 0 0
 1037.868066402 0 0 0
 1041.05798368775 0 0 0
 1044.245511744 0 0 0
 1047.43063640625 0 0 0
 1050.61334351 0 0 0
 1053.79361889075 0 0 0
 1056.971448384 0 0 0
 1060.14681782525 0 0 0
 1063.31971305 0 0 0
 1066.49011989375 0 0 0
 1069.658024192 0 0 0
 1072.82341178025 0 0 0
 1075.986268494 0 0 0
 1079.14658016875 0 0 0
 1082.30433264 0 0 0
 1085.45951174325 0 0 0
 1088.612103314 0 0 0
 1091.76209318775 0 0 0
 1094.9094672 0 0 0
 1098.05421118625 0 0 0
 1101.196310982 0 0 0
 1104.33575242275 0 0 0
 1107.472521344 0 0 0
 1110.60660358125 0 0 0
 1113.73798497 0 0 0
 1116.86665134575 0 0 0
 1119.992588544 0 0 0
 1123.11578240025 0 0 0
 1126.23621875 0 0 0
 1129.35388342875 0 0 0
 1132.468762272 0 0 0
 1135.58084111525 0 0 0
 1138.690105794 0 0 0
 1141.79654214375 0 0 0
 1144.900136 0 0 0
[END] of [DATA]
[END] of [Spectrum]


#TBID:2021-10-23 00:30:00;SAM_84C8;RAW;

[Spectrum]
Version            = 1
IDData             = 96B1_2021-10-23_00-30-00_000_975
IDDevice           = SAM_84C8
IDDataType         = SPECTRUM
IDDataTypeSub1     = RAW
IDDataTypeSub2     = 
IDDataTypeSub3     = 
DateTime           = 2021-10-23 00:30:00
PositionLatitude   = 0
PositionLongitude  = 0
Comment            = 
CommentSub1        = 
CommentSub2        = 
CommentSub3        = 
IDMethodType       = SAM Control
MethodName         = SAM_84C8
Mission            = No Mission
MissionSub         = 1
RecordType         = 0
[Attributes]
CalFactor = 1
IDBasisSpec = 
IDDataBack = DLAB_2015-08-21_12-14-03_013_778
IDDataCal = DLAB_2015-08-24_11-04-47_772_747
IntegrationTime = 4096
P31 = -1
P31e = 0
PathLength = +INF
PathLengthCustomOn = 0
RAWDynamic = 65535
Salinity = 0
Temperature = -NAN
Unit1 = $05 $00 Pixel 
Unit2 = $03 $05 Intensity counts
Unit3 = $f0 $05 Error counts
Unit4 = $f1 $00 Status 
p999 = 796
[END] of [Attributes]
[DATA]
 0 11 0 0
 1 1270 0 0
 2 1257 0 0
 3 1266 0 0
 4 1266 0 0
 5 1260 0 0
 6 1265 0 0
 7 1267 0 0
 8 1261 0 0
 9 1268 0 0
 10 1264 0 0
 11 1265 0 0
 12 1267 0 0
 13 1271 0 0
 14 1265 0 0
 15 1272 0 0
 16 1272 0 0
 17 1269 0 0
 18 1268 0 0
 19 1269 0 0
 20 1274 0 0
 21 1275 0 0
 22 1282 0 0
 23 1277 0 0
 24 1278 0 0
 25 1280 0 0
 26 1277 0 0
 27 1274 0 0
 28 1283 0 0
 29 1286 0 0
 30 1278 0 0
 31 1281 0 0
 32 1286 0 0
 33 1280 0 0
 34 1278 0 0
 35 1280 0 0
 36 1283 0 0
 37 1290 0 0
 38 1285 0 0
 39 1275 0 0
 40 1284 0 0
 41 1283 0 0
 42 1280 0 0
 43 1278 0 0
 44 1283 0 0
 45 1286 0 0
 46 1282 0 0
 47 1287 0 0
 48 1286 0 0
 49 1290 0 0
 50 1286 0 0
 51 1290 0 0
 52 1282 0 0
 53 1284 0 0
 54 1276 0 0
 55 1287 0 0
 56 1286 0 0
 57 1294 0 0
 58 1287 0 0
 59 1284 0 0
 60 1281 0 0
 61 1285 0 0
 62 1292 0 0
 63 1288 0 0
 64 1284 0 0
 65 1283 0 0
 66 1292 0 0
 67 1292 0 0
 68 1287 0 0
 69 1291 0 0
 70 1290 0 0
 71 1288 0 0
 72 1292 0 0
 73 1290 0 0
 74 1290 0 0
 75 1293 0 0
 76 1294 0 0
 77 1291 0 0
 78 1295 0 0
 79 1297 0 0
 80 1293 0 0
 81 1287 0 0
 82 1292 0 0
 83 1294 0 0
 84 1296 0 0
 85 1294 0 0
 86 1293 0 0
 87 1298 0 0
 88 1291 0 0
 89 1291 0 0
 90 1292 0 0
 91 1298 0 0
 92 1288 0 0
 93 1292 0 0
 94 1294 0 0
 95 1300 0 0
 96 1292 0 0
 97 1289 0 0
 98 1291 0 0
 99 1292 0 0
 100 1290 0 0
 101 1299 0 0
 102 1293 0 0
 103 1293 0 0
 104 1294 0 0
 105 1300 0 0
 106 1289 0 0
 107 1291 0 0
 108 1290 0 0
 109 1291 0 0
 110 1294 0 0
 111 1299 0 0
 112 1296 0 0
 113 1298 0 0
 114 1293 0 0
 115 1299 0 0
 116 1292 0 0
 117 1290 0 0
 118 1291 0 0
 119 1299 0 0
 120 1291 0 0
 121 1295 0 0
 122 1291 0 0
 123 1293 0 0
 124 1291 0 0
 125 1295 0 0
 126 1290 0 0
 127 1303 0 0
 128 1295 0 0
 129 1296 0 0
 130 1288 0 0
 131 1297 0 0
 132 1291 0 0
 133 1332 0 0
 134 1295 0 0
 135 1292 0 0
 136 1294 0 0
 137 1298 0 0
 138 1297 0 0
 139 1297 0 0
 140 1291 0 0
 141 1293 0 0
 142 1293 0 0
 143 1294 0 0
 144 1292 0 0
 145 1301 0 0
 146 1292 0 0
 147 1293 0 0
 148 1297 0 0
 149 1291 0 0
 150 1291 0 0
 151 1296 0 0
 152 1297 0 0
 153 1296 0 0
 154 1291 0 0
 155 1291 0 0
 156 1297 0 0
 157 1290 0 0
 158 1292 0 0
 159 1290 0 0
 160 1288 0 0
 161 1292 0 0
 162 1291 0 0
 163 1288 0 0
 164 1286 0 0
 165 1292 0 0
 166 1293 0 0
 167 1296 0 0
 168 1294 0 0
 169 1294 0 0
 170 1293 0 0
 171 1287 0 0
 172 1290 0 0
 173 1283 0 0
 174 1286 0 0
 175 1294 0 0
 176 1297 0 0
 177 1296 0 0
 178 1293 0 0
 179 1292 0 0
 180 1294 0 0
 181 1288 0 0
 182 1289 0 0
 183 1293 0 0
 184 1288 0 0
 185 1292 0 0
 186 1290 0 0
 187 1295 0 0
 188 1290 0 0
 189 1292 0 0
 190 1289 0 0
 191 1295 0 0
 192 1292 0 0
 193 1284 0 0
 194 1292 0 0
 195 1292 0 0
 196 1287 0 0
 197 1295 0 0
 198 1290 0 0
 199 1292 0 0
 200 1290 0 0
 201 1291 0 0
 202 1290 0 0
 203 1288 0 0
 204 1292 0 0
 205 1290 0 0
 206 1289 0 0
 207 1290 0 0
 208 1285 0 0
 209 1286 0 0
 210 1284 0 0
 211 1288 0 0
 212 1293 0 0
 213 1292 0 0
 214 1288 0 0
 215 1292 0 0
 216 1291 0 0
 217 1286 0 0
 218 1289 0 0
 219 1292 0 0
 220 1288 0 0
 221 1293 0 0
 222 1293 0 0
 223 1293 0 0
 224 1293 0 0
 225 1291 0 0
 226 1293 0 0
 227 1290 0 0
 228 1289 0 0
 229 1287 0 0
 230 1288 0 0
 231 1292 0 0
 232 1292 0 0
 233 1291 0 0
 234 1286 0 0
 235 1289 0 0
 236 1290 0 0
 237 1291 0 0
 238 1288 0 0
 239 1290 0 0
 240 1291 0 0
 241 1292 0 0
 242 1286 0 0
 243 1292 0 0
 244 1290 0 0
 245 1287 0 0
 246 1287 0 0
 247 1288 0 0
 248 1291 0 0
 249 1288 0 0
 250 1288 0 0
 251 1283 0 0
 252 1277 0 0
 253 1286 0 0
 254 1276 0 0
 255 1321 0 0
[END] of [DATA]
[END] of [Spectrum]


#TBID:2021-10-23 00:30:00;SAM_84C8;CALIBRATED;

[Spectrum]
Version            = 1
IDData             = 96B1_2021-10-23_00-30-00_000_976
IDDevice           = SAM_84C8
IDDataType         = SPECTRUM
IDDataTypeSub1     = CALIBRATED
IDDataTypeSub2     = 
IDDataTypeSub3     = 
DateTime           = 2021-10-23 00:30:00
PositionLatitude   = 0
PositionLongitude  = 0
Comment            = 
CommentSub1        = 
CommentSub2        = 
CommentSub3        = 
IDMethodType       = SAM Control
MethodName         = SAM_84C8
Mission            = No Mission
MissionSub         = 1
RecordType         = 0
[Attributes]
CalFactor = 1
IDBasisSpec = 
IDDataBack = DLAB_2015-08-21_12-14-03_013_778
IDDataCal = DLAB_2015-08-24_11-04-47_772_747
IntegrationTime = 4096
P31 = -1
P31e = 0
PathLength = +INF
PathLengthCustomOn = 0
RAWDynamic = 65535
Salinity = 0
Temperature = -NAN
Unit1 = $01 $01 Wavelength nm
Unit2 = $03 $03 Intensity mW/(m^2 nm Sr)
Unit3 = $f0 $03 Error mW/(m^2 nm Sr)
Unit4 = $f1 $00 Status 
p999 = 796
[END] of [Attributes]
[DATA]
 0 11 0 0
 303.516048156 0 0 0
 306.890006053 0 0 0
 310.26457112 0 0 0
 313.639731825 0 0 0
 317.015476636 -0.000937245715681881 0 0
 320.391794021 -0.000742558134503996 0 0
 323.768672448 -0.00045077435556253 0 0
 327.146100385 -0.000565185949782084 0 0
 330.5240663 -0.000352596240062342 0 0
 333.902558661 -0.000260936199450246 0 0
 337.281565936 -0.000504734150440809 0 0
 340.661076593 -0.000517057867624014 0 0
 344.0410791 -0.000149393946680119 0 0
 347.421561925 -0.000292904621512765 0 0
 350.802513536 -0.000177796336186682 0 0
 354.183922401 -0.000170758501525631 0 0
 357.565776988 -0.00026572111966501 0 0
 360.948065765 -0.000241150667409298 0 0
 364.3307772 -0.000227480745405632 0 0
 367.713899761 -7.04778453692037e-005 0 0
 371.097421916 -0.000102274607455849 0 0
 374.481332133 -4.51891889950259e-006 0 0
 377.86561888 -0.000112402036363019 0 0
 381.250270625 -0.000130239735458709 0 0
 384.635275836 -2.2534317373409e-005 0 0
 388.020622981 6.67815413276323e-005 0 0
 391.406300528 -9.60743004736878e-005 0 0
 394.792296945 9.62588640148335e-006 0 0
 398.1786007 0.000115402945930178 0 0
 401.565200261 -0.000113046224725564 0 0
 404.952084096 1.70378517670686e-006 0 0
 408.339240673 8.95410034055209e-005 0 0
 411.72665846 5.65062616053705e-005 0 0
 415.114325925 1.23972370429324e-005 0 0
 418.502231536 6.56758137016257e-005 0 0
 421.890363761 2.63318051272051e-005 0 0
 425.278711068 -3.00358876555537e-005 0 0
 428.667261925 3.73174690847788e-005 0 0
 432.0560048 3.21987440802585e-006 0 0
 435.444928161 7.47998019303752e-005 0 0
 438.834020476 2.02816894639782e-005 0 0
 442.223270213 2.33118612171871e-005 0 0
 445.61266584 -3.94229974431954e-005 0 0
 449.002195825 7.48259463141599e-005 0 0
 452.391848636 7.85091280156952e-006 0 0
 455.781612741 7.97086858585275e-006 0 0
 459.171476608 9.07578212425332e-005 0 0
 462.561428705 3.76988811315777e-005 0 0
 465.9514575 4.25172777913292e-005 0 0
 469.341551461 0.000107642383275783 0 0
 472.731699056 8.24278789239254e-005 0 0
 476.121888753 -1.4760101965322e-005 0 0
 479.51210902 4.61349487065545e-005 0 0
 482.902348325 7.8731249847112e-005 0 0
 486.292595136 7.90754671998138e-005 0 0
 489.682837921 4.07886038356572e-005 0 0
 493.073065148 9.96593422042122e-005 0 0
 496.463265285 9.63391959352028e-005 0 0
 499.8534268 0.000128733439091307 0 0
 503.243538161 4.51574495249067e-005 0 0
 506.633587836 5.57087979591545e-005 0 0
 510.023564293 -1.21952593971619e-005 0 0
 513.413456 3.47250822695147e-005 0 0
 516.803251425 0.000119210285835572 0 0
 520.192939036 5.61846167492247e-005 0 0
 523.582507301 8.93729508210857e-005 0 0
 526.971944688 0.000117410627064649 0 0
 530.361239665 2.13545593450819e-006 0 0
 533.7503807 0.00012801285372507 0 0
 537.139356261 3.43777810802687e-005 0 0
 540.528154816 5.44187906304351e-005 0 0
 543.916764833 3.57555035217128e-005 0 0
 547.30517478 8.49310260525071e-005 0 0
 550.693373125 9.70106507945859e-005 0 0
 554.081348336 0.000103044719276663 0 0
 557.469088881 0.000120810336208728 0 0
 560.856583228 8.46189489768779e-005 0 0
 564.243819845 0.000133070009567368 0 0
 567.6307872 0.000149060396879691 0 0
 571.017473761 0.000108114833628366 0 0
 574.403867996 6.73622183864006e-005 0 0
 577.789958373 3.59470482142574e-005 0 0
 581.17573336 9.74510238276577e-005 0 0
 584.561181425 0.000105764328490177 0 0
 587.946291036 0.000171703433790466 0 0
 591.331050661 0.000146527965770234 0 0
 594.715448768 0.000162066653052146 0 0
 598.099473825 0.000117178446796923 0 0
 601.4831143 0.000143158001739678 0 0
 604.866358661 2.50764560734553e-005 0 0
 608.249195376 0.000172734903284354 0 0
 611.631612913 2.38868365654739e-005 0 0
 615.01359974 0.000181663975965866 0 0
 618.395144325 5.47811793543755e-005 0 0
 621.776235136 0.000254306717627792 0 0
 625.156860641 3.24679360700292e-005 0 0
 628.537009308 7.3375363609474e-005 0 0
 631.916669605 0.000130030012365649 0 0
 635.29583 0.000180011841762496 0 0
 638.674478961 -3.14270752095362e-005 0 0
 642.052604956 6.47500521095802e-005 0 0
 645.430196453 8.32224269800533e-005 0 0
 648.80724192 0.000179957125535833 0 0
 652.183729825 0.00019206108424128 0 0
 655.559648636 0.000161857845566533 0 0
 658.934986821 0.00012892379233536 0 0
 662.309732848 0.000123089812651651 0 0
 665.683875185 0.000208049818527345 0 0
 669.0574023 0.000185685221853544 0 0
 672.430302661 3.64920511450683e-005 0 0
 675.802564736 -2.55913163528147e-006 0 0
 679.174176993 0.000177307445642422 0 0
 682.5451279 0.000224379475047159 0 0
 685.915405925 0.000145658985642843 0 0
 689.284999536 0.000143617191512208 0 0
 692.653897201 -7.06500774527987e-005 0 0
 696.022087388 0.000124315284118069 0 0
 699.389558565 0.000169530942078358 0 0
 702.7562992 0.000159391078725525 0 0
 706.122297761 0.000241283940736557 0 0
 709.487542716 0.000193755945920442 0 0
 712.852022533 0.000241760159400402 0 0
 716.21572568 0.000230381588553177 0 0
 719.578640625 0.000211500341323203 0 0
 722.940755836 0.000195822891645263 0 0
 726.302059781 7.99873494648878e-005 0 0
 729.662540928 0.000170586163060223 0 0
 733.022187745 0.00027297290154219 0 0
 736.3809887 0.000174624089152158 0 0
 739.738932261 0.000143731073195824 0 0
 743.096006896 0.000188196944829484 0 0
 746.452201073 7.45223661169582e-005 0 0
 749.80750326 -0.000382854633920329 0 0
 753.161901925 0.00010222323574776 0 0
 756.515385536 0.000159643763271236 0 0
 759.867942561 0.000200796056133588 0 0
 763.219561468 0.000226993504422974 0 0
 766.570230725 0.000356338009985642 0 0
 769.9199388 0.000111651144726626 0 0
 773.268674161 0.000106326455272411 0 0
 776.616425276 0.000253288738931194 0 0
 779.963180613 9.55610556425076e-005 0 0
 783.30892864 0.000217715045476613 0 0
 786.653657825 -6.10907795627955e-005 0 0
 789.997356636 0.000342103923213893 0 0
 793.340013541 6.37326564200942e-005 0 0
 796.681617008 0.000301943757380659 0 0
 800.022155505 0.000247998887865783 0 0
 803.3616175 0.000229786382723396 0 0
 806.699991461 0.000178766378357683 0 0
 810.037265856 0.000319026996233245 0 0
 813.373429153 0.00020740189199888 0 0
 816.70846982 0.000415561603079845 0 0
 820.042376325 0.000327493528418465 0 0
 823.375137136 0.000436005445170972 0 0
 826.706740721 0.000412653543553163 0 0
 830.037175548 -1.5536316581207e-006 0 0
 833.366430085 0.000180933737693197 0 0
 836.6944928 0.000276807904441212 0 0
 840.021352161 -0.000110369457242157 0 0
 843.346996636 0.000349386611656567 0 0
 846.671414693 0.000124799445521042 0 0
 849.9945948 8.00392329210027e-005 0 0
 853.316525425 0.000342976275316902 0 0
 856.637195036 8.00302626049613e-005 0 0
 859.956592101 0.000329528247689937 0 0
 863.274705088 0.000301926340039666 0 0
 866.591522465 0.000356974771544383 0 0
 869.9070327 0.000709139735796147 0 0
 873.221224261 0.000221834954377772 0 0
 876.534085616 0.000138751749233234 0 0
 879.845605233 0.00012864447472618 0 0
 883.15577158 0.000597734755559016 0 0
 886.464573125 0.00031216561095189 0 0
 889.771998336 2.70929561058074e-005 0 0
 893.078035681 0.00129954157498343 0 0
 896.382673628 0.00109256725486663 0 0
 899.685900645 0.00114958917153888 0 0
 902.9877052 0.000446065796293253 0 0
 906.288075761 0.000351773799641064 0 0
 909.587000796 -0.000118816659402462 0 0
 912.884468773 4.45253916745271e-005 0 0
 916.18046816 0.000721516399465162 0 0
 919.474987425 0.000883639370146787 0 0
 922.768015036 0.000532220920190666 0 0
 926.059539461 0.000913955917847142 0 0
 929.349549168 0.000279222988407715 0 0
 932.638032625 0.000805841937386183 0 0
 935.9249783 0.00117068598928333 0 0
 939.210374661 0.00194261553039855 0 0
 942.494210176 0.00172265095778842 0 0
 945.776473313 0.000179526284012945 0 0
 949.05715254 0.00124075494421783 0 0
 952.336236325 0.000634336053892888 0 0
 955.613713136 0 0 0
 958.889571441 0 0 0
 962.163799708 0 0 0
 965.436386405 0 0 0
 968.70732 0 0 0
 971.976588961 0 0 0
 975.244181756 0 0 0
 978.510086853 0 0 0
 981.77429272 0 0 0
 985.036787825 0 0 0
 988.297560636 0 0 0
 991.556599621 0 0 0
 994.813893248 0 0 0
 998.069429985 0 0 0
 1001.3231983 0 0 0
 1004.575186661 0 0 0
 1007.825383536 0 0 0
 1011.073777393 0 0 0
 1014.3203567 0 0 0
 1017.565109925 0 0 0
 1020.808025536 0 0 0
 1024.049092001 0 0 0
 1027.288297788 0 0 0
 1030.525631365 0 0 0
 1033.7610812 0 0 0
 1036.994635761 0 0 0
 1040.226283516 0 0 0
 1043.456012933 0 0 0
 1046.68381248 0 0 0
 1049.909670625 0 0 0
 1053.133575836 0 0 0
 1056.355516581 0 0 0
 1059.575481328 0 0 0
 1062.793458545 0 0 0
 1066.0094367 0 0 0
 1069.223404261 0 0 0
 1072.435349696 0 0 0
 1075.645261473 0 0 0
 1078.85312806 0 0 0
 1082.058937925 0 0 0
 1085.262679536 0 0 0
 1088.464341361 0 0 0
 1091.663911868 0 0 0
 1094.861379525 0 0 0
 1098.0567328 0 0 0
 1101.249960161 0 0 0
 1104.441050076 0 0 0
 1107.629991013 0 0 0
 1110.81677144 0 0 0
 1114.001379825 0 0 0
 1117.183804636 0 0 0
 1120.364034341 0 0 0
 1123.542057408 0 0 0
 1126.717862305 0 0 0
 1129.8914375 0 0 0
 1133.062771461 0 0 0
 1136.231852656 0 0 0
 1139.398669553 0 0 0
 1142.56321062 0 0 0
 1145.725464325 0 0 0
 1148.885419136 0 0 0
[END] of [DATA]
[END] of [Spectrum]


#TBID:2021-10-23 01:00:00;SAM_84DC;RAW;

[Spectrum]
Version            = 1
IDData             = 96B1_2021-10-23_01-00-00_000_979
IDDevice           = SAM_84DC
IDDataType         = SPECTRUM
IDDataTypeSub1     = RAW
IDDataTypeSub2     = 
IDDataTypeSub3     = 
DateTime           = 2021-10-23 01:00:00
PositionLatitude   = 0
PositionLongitude  = 0
Comment            = 
CommentSub1        = 
CommentSub2        = 
CommentSub3        = 
IDMethodType       = SAM Control
MethodName         = SAM_84DC
Mission            = No Mission
MissionSub         = 1
RecordType         = 0
[Attributes]
CalFactor = 1
IDBasisSpec = 
IDDataBack = DLAB_2015-08-21_13-19-54_137_939
IDDataCal = DLAB_2015-08-24_10-46-55_592_608
IntegrationTime = 4096
P31 = -1
P31e = 0
PathLength = +INF
PathLengthCustomOn = 0
RAWDynamic = 65535
Salinity = 0
Temperature = -NAN
Unit1 = $05 $00 Pixel 
Unit2 = $03 $05 Intensity counts
Unit3 = $f0 $05 Error counts
Unit4 = $f1 $00 Status 
p999 = 797
[END] of [Attributes]
[DATA]
 0 11 0 0
 1 1374 0 0
 2 1361 0 0
 3 1370 0 0
 4 1379 0 0
 5 1372 0 0
 6 1373 0 0
 7 1378 0 0
 8 1381 0 0
 9 1381 0 0
 10 1379 0 0
 11 1384 0 0
 12 1379 0 0
 13 1381 0 0
 14 1385 0 0
 15 1379 0 0
 16 1383 0 0
 17 1381 0 0
 18 1373 0 0
 19 1385 0 0
 20 1382 0 0
 21 1382 0 0
 22 1389 0 0
 23 1387 0 0
 24 1387 0 0
 25 1384 0 0
 26 1386 0 0
 27 1394 0 0
 28 1384 0 0
 29 1385 0 0
 30 1386 0 0
 31 1394 0 0
 32 1388 0 0
 33 1388 0 0
 34 1390 0 0
 35 1386 0 0
 36 1392 0 0
 37 1390 0 0
 38 1388 0 0
 39 1388 0 0
 40 1395 0 0
 41 1397 0 0
 42 1390 0 0
 43 1390 0 0
 44 1395 0 0
 45 1397 0 0
 46 1394 0 0
 47 1395 0 0
 48 1390 0 0
 49 1393 0 0
 50 1389 0 0
 51 1391 0 0
 52 1386 0 0
 53 1393 0 0
 54 1394 0 0
 55 1397 0 0
 56 1396 0 0
 57 1396 0 0
 58 1394 0 0
 59 1395 0 0
 60 1390 0 0
 61 1399 0 0
 62 1391 0 0
 63 1394 0 0
 64 1393 0 0
 65 1391 0 0
 66 1386 0 0
 67 1392 0 0
 68 1394 0 0
 69 1394 0 0
 70 1391 0 0
 71 1403 0 0
 72 1392 0 0
 73 1393 0 0
 74 1395 0 0
 75 1392 0 0
 76 1393 0 0
 77 1397 0 0
 78 1387 0 0
 79 1391 0 0
 80 1391 0 0
 81 1397 0 0
 82 1388 0 0
 83 1393 0 0
 84 1390 0 0
 85 1399 0 0
 86 1392 0 0
 87 1392 0 0
 88 1388 0 0
 89 1396 0 0
 90 1388 0 0
 91 1390 0 0
 92 1386 0 0
 93 1390 0 0
 94 1394 0 0
 95 1394 0 0
 96 1386 0 0
 97 1395 0 0
 98 1392 0 0
 99 1385 0 0
 100 1390 0 0
 101 1388 0 0
 102 1387 0 0
 103 1391 0 0
 104 1390 0 0
 105 1390 0 0
 106 1391 0 0
 107 1394 0 0
 108 1393 0 0
 109 1393 0 0
 110 1390 0 0
 111 1397 0 0
 112 1395 0 0
 113 1386 0 0
 114 1395 0 0
 115 1393 0 0
 116 1390 0 0
 117 1393 0 0
 118 1390 0 0
 119 1389 0 0
 120 1385 0 0
 121 1399 0 0
 122 1393 0 0
 123 1398 0 0
 124 1392 0 0
 125 1387 0 0
 126 1390 0 0
 127 1393 0 0
 128 1390 0 0
 129 1389 0 0
 130 1389 0 0
 131 1390 0 0
 132 1397 0 0
 133 1392 0 0
 134 1389 0 0
 135 1395 0 0
 136 1391 0 0
 137 1392 0 0
 138 1390 0 0
 139 1395 0 0
 140 1390 0 0
 141 1396 0 0
 142 1393 0 0
 143 1396 0 0
 144 1387 0 0
 145 1388 0 0
 146 1391 0 0
 147 1392 0 0
 148 1393 0 0
 149 1399 0 0
 150 1388 0 0
 151 1392 0 0
 152 1387 0 0
 153 1397 0 0
 154 1390 0 0
 155 1392 0 0
 156 1383 0 0
 157 1394 0 0
 158 1390 0 0
 159 1398 0 0
 160 1390 0 0
 161 1388 0 0
 162 1387 0 0
 163 1394 0 0
 164 1394 0 0
 165 1389 0 0
 166 1396 0 0
 167 1395 0 0
 168 1395 0 0
 169 1394 0 0
 170 1391 0 0
 171 1395 0 0
 172 1382 0 0
 173 1394 0 0
 174 1397 0 0
 175 1395 0 0
 176 1392 0 0
 177 1391 0 0
 178 1393 0 0
 179 1393 0 0
 180 1389 0 0
 181 1395 0 0
 182 1392 0 0
 183 1393 0 0
 184 1392 0 0
 185 1391 0 0
 186 1394 0 0
 187 1396 0 0
 188 1386 0 0
 189 1392 0 0
 190 1394 0 0
 191 1392 0 0
 192 1394 0 0
 193 1396 0 0
 194 1392 0 0
 195 1387 0 0
 196 1392 0 0
 197 1395 0 0
 198 1388 0 0
 199 1399 0 0
 200 1392 0 0
 201 1393 0 0
 202 1388 0 0
 203 1398 0 0
 204 1396 0 0
 205 1396 0 0
 206 1389 0 0
 207 1395 0 0
 208 1391 0 0
 209 1392 0 0
 210 1388 0 0
 211 1397 0 0
 212 1389 0 0
 213 1392 0 0
 214 1392 0 0
 215 1398 0 0
 216 1398 0 0
 217 1403 0 0
 218 1393 0 0
 219 1398 0 0
 220 1394 0 0
 221 1398 0 0
 222 1392 0 0
 223 1398 0 0
 224 1396 0 0
 225 1400 0 0
 226 1399 0 0
 227 1395 0 0
 228 1398 0 0
 229 1396 0 0
 230 1396 0 0
 231 1395 0 0
 232 1397 0 0
 233 1398 0 0
 234 1398 0 0
 235 1400 0 0
 236 1392 0 0
 237 1401 0 0
 238 1400 0 0
 239 1402 0 0
 240 1393 0 0
 241 1400 0 0
 242 1402 0 0
 243 1398 0 0
 244 1400 0 0
 245 1402 0 0
 246 1403 0 0
 247 1403 0 0
 248 1406 0 0
 249 1400 0 0
 250 1398 0 0
 251 1393 0 0
 252 1404 0 0
 253 1387 0 0
 254 1394 0 0
 255 1452 0 0
[END] of [DATA]
[END] of [Spectrum]


#TBID:2021-10-23 01:00:00;SAM_84DC;CALIBRATED;

[Spectrum]
Version            = 1
IDData             = 96B1_2021-10-23_01-00-00_000_980
IDDevice           = SAM_84DC
IDDataType         = SPECTRUM
IDDataTypeSub1     = CALIBRATED
IDDataTypeSub2     = 
IDDataTypeSub3     = 
DateTime           = 2021-10-23 01:00:00
PositionLatitude   = 0
PositionLongitude  = 0
Comment            = 
CommentSub1        = 
CommentSub2        = 
CommentSub3        = 
IDMethodType       = SAM Control
MethodName         = SAM_84DC
Mission            = No Mission
MissionSub         = 1
RecordType         = 0
[Attributes]
CalFactor = 1
IDBasisSpec = 
IDDataBack = DLAB_2015-08-21_13-19-54_137_939
IDDataCal = DLAB_2015-08-24_10-46-55_592_608
IntegrationTime = 4096
P31 = -1
P31e = 0
PathLength = +INF
PathLengthCustomOn = 0
RAWDynamic = 65535
Salinity = 0
Temperature = -NAN
Unit1 = $01 $01 Wavelength nm
Unit2 = $03 $03 Intensity mW/(m^2 nm Sr)
Unit3 = $f0 $03 Error mW/(m^2 nm Sr)
Unit4 = $f1 $00 Status 
p999 = 797
[END] of [Attributes]
[DATA]
 0 11 0 0
 305.71650776488 0 0 0
 309.04007505697 0 0 0
 312.36416914304 0 0 0
 315.68877841375 0 0 0
 319.01389125976 -0.000618054563487811 0 0
 322.33949607173 -0.000285688972865995 0 0
 325.66558124032 -0.000503720262480727 0 0
 328.99213515619 -0.000281387463753018 0 0
 332.31914621 -0.000395049694300617 0 0
 335.64660279241 -0.000335655453715058 0 0
 338.97449329408 -0.000238948475648122 0 0
 342.30280610567 -0.000184699947312171 0 0
 345.63152961784 -0.000137011002085609 0 0
 348.96065222125 -0.000253321414959246 0 0
 352.29016230656 -7.67727897531839e-005 0 0
 355.62004826443 -0.00015835980451952 0 0
 358.95029848552 -0.00027751138650744 0 0
 362.28090136049 -0.000270993592476127 0 0
 365.61184528 -0.000104328686183658 0 0
 368.94311863471 -0.000113416456237012 0 0
 372.27470981528 -6.14452810346897e-005 0 0
 375.60660721237 -9.71580476982514e-005 0 0
 378.93879921664 -0.000127987072904157 0 0
 382.27127421875 -0.000108578212823139 0 0
 385.60402060936 -3.06404860349335e-005 0 0
 388.93702677913 -0.000121136077157154 0 0
 392.27028111872 3.16012633361702e-005 0 0
 395.60377201879 -2.90247954709145e-005 0 0
 398.93748787 -1.84317858582062e-006 0 0
 402.27141706301 3.82795918424583e-005 0 0
 405.60554798848 6.33601080100695e-006 0 0
 408.93986903707 -4.99798040023301e-005 0 0
 412.27436859944 1.94334276870799e-005 0 0
 415.60903506625 -3.85063787415874e-005 0 0
 418.94385682816 -1.10629046283232e-005 0 0
 422.27882227583 -6.60189372911426e-005 0 0
 425.61391979992 -6.165467657882e-005 0 0
 428.94913779109 -4.55878179685471e-005 0 0
 432.28446464 -3.41313957889763e-006 0 0
 435.61988873731 -5.8893895560287e-005 0 0
 438.95539847368 3.29538142605504e-005 0 0
 442.29098223977 -2.49672311838561e-005 0 0
 445.62662842624 -5.10221467163249e-005 0 0
 448.96232542375 -2.17228018997088e-005 0 0
 452.29806162296 1.26602008387653e-005 0 0
 455.63382541453 -6.85447463734008e-005 0 0
 458.96960518912 -7.88031878199345e-005 0 0
 462.30538933739 -3.9052069709068e-005 0 0
 465.64116625 -1.21894390268665e-005 0 0
 468.97692431761 -3.88095029117264e-005 0 0
 472.31265193088 -4.02838279756184e-005 0 0
 475.64833748047 -0.000113985975208041 0 0
 478.98396935704 7.65938404699323e-006 0 0
 482.31953595125 1.77755210211757e-005 0 0
 485.65502565376 1.11998506358478e-006 0 0
 488.99042685523 1.60439787507851e-005 0 0
 492.32572794632 -3.68548072820892e-005 0 0
 495.66091731769 -5.7560863386449e-005 0 0
 498.99598336 -0.000128922749804425 0 0
 502.33091446391 -0.00010351943237571 0 0
 505.66569902008 -2.46137311968668e-005 0 0
 509.00032541917 -3.05048991838453e-005 0 0
 512.33478205184 -3.61147079213801e-005 0 0
 515.66905730875 -6.14537124294199e-005 0 0
 519.00313958056 -4.14964170399997e-005 0 0
 522.33701725793 -7.94441586030948e-006 0 0
 525.67067873152 -6.76877193567716e-005 0 0
 529.00411239199 -6.16688337249196e-005 0 0
 532.33730663 -1.12515570799303e-005 0 0
 535.67024983621 -9.2619357716463e-005 0 0
 539.00293040128 -3.93217696169966e-006 0 0
 542.33533671587 -4.10553055866768e-005 0 0
 545.66745717064 -7.71819937873561e-005 0 0
 548.99928015625 -7.17851802822785e-005 0 0
 552.33079406336 -2.27340699808906e-005 0 0
 555.66198728263 -7.31726045900407e-005 0 0
 558.99284820472 -2.23627924628949e-005 0 0
 562.32336522029 -5.49588662791296e-005 0 0
 565.65352672 -0.000122657631620542 0 0
 568.98332109451 -5.07761801972242e-005 0 0
 572.31273673448 -6.6605151747801e-005 0 0
 575.64176203057 -8.68867735929817e-005 0 0
 578.97038537344 -7.08033603257708e-005 0 0
 582.29859515375 -1.78052499183149e-005 0 0
 585.62637976216 -8.21973956775345e-005 0 0
 588.95372758933 -9.92558270822712e-005 0 0
 592.28062702592 -0.000115499027456854 0 0
 595.60706646259 -0.000108223286352043 0 0
 598.93303429 -9.4057429202517e-005 0 0
 602.25851889881 -6.71860080139051e-005 0 0
 605.58350867968 -0.000133042964196404 0 0
 608.90799202327 -0.000191105565326644 0 0
 612.23195732024 -0.000123963985497063 0 0
 615.55539296125 -0.000124377642504375 0 0
 618.87828733696 -0.000112574117615742 0 0
 622.20062883803 -0.00014648496955029 0 0
 625.52240585512 -0.000137827340683314 0 0
 628.84360677889 -6.30456885866176e-005 0 0
 632.16422 -0.000225080832587475 0 0
 635.48423390911 -0.000174325414869251 0 0
 638.80363689688 -0.000142192096498068 0 0
 642.12241735397 -0.000226879069133403 0 0
 645.44056367104 -0.000127009238679622 0 0
 648.75806423875 -0.000145411078779232 0 0
 652.07490744776 -0.000211785529807364 0 0
 655.39108168873 -0.000167217897162164 0 0
 658.70657535232 -0.000246755459141987 0 0
 662.02137682919 -0.00014020344040568 0 0
 665.33547451 -0.000155623852061052 0 0
 668.64885678541 -0.000148291177660543 0 0
 671.96151204608 -7.44443439102286e-005 0 0
 675.27342868267 -9.14918138567512e-005 0 0
 678.58459508584 -0.000137137438700605 0 0
 681.89499964625 -0.000112274398126842 0 0
 685.20463075456 -0.000199967935127156 0 0
 688.51347680143 -0.000148077922933665 0 0
 691.82152617752 -8.37028112974716e-005 0 0
 695.12876727349 -9.80878853636065e-005 0 0
 698.43518848 -0.000174922982068582 0 0
 701.74077818771 -8.75976419383034e-005 0 0
 705.04552478728 -0.0001321495365296 0 0
 708.34941666937 -4.42379357076171e-005 0 0
 711.65244222464 -7.10462177607359e-005 0 0
 714.95458984375 -0.000196903380851877 0 0
 718.25584791736 -0.000172790980444147 0 0
 721.55620483613 -0.000236936666597592 0 0
 724.85564899072 -0.000148974612156558 0 0
 728.15416877179 -0.000144103926893846 0 0
 731.45175257 -0.000151114704799069 0 0
 734.74838877601 -0.000304765284388014 0 0
 738.04406578048 -0.000139206434266383 0 0
 741.33877197407 -6.61969466847468e-005 0 0
 744.63249574744 -0.000137451317747704 0 0
 747.92522549125 -0.00016606957878063 0 0
 751.21694959616 -0.000113446493961622 0 0
 754.50765645283 -4.1323573215257e-005 0 0
 757.79733445192 -0.000162855108927647 0 0
 761.08597198409 -9.12964818153646e-005 0 0
 764.37355744 -5.02659997031079e-005 0 0
 767.66007921031 -0.000104516394164631 0 0
 770.94552568568 -0.000119905002230641 0 0
 774.22988525677 -2.34248333231118e-005 0 0
 777.51314631424 -6.86075037922489e-005 0 0
 780.79529724875 -0.000252366062944306 0 0
 784.07632645096 -0.000113502764492002 0 0
 787.35622231153 -8.76771221820613e-005 0 0
 790.63497322112 -9.77834149492633e-005 0 0
 793.91256757039 -0.000191910344358597 0 0
 797.18899375 3.6979181852508e-005 0 0
 800.46424015061 -0.0001642358792227 0 0
 803.73829516288 -0.000227354819685052 0 0
 807.01114717747 -0.000345175257798728 0 0
 810.28278458504 -0.000139917906911215 0 0
 813.55319577625 -0.000325242860012211 0 0
 816.82236914176 -0.000203308462993932 0 0
 820.09029307223 -0.00039204246860586 0 0
 823.35695595832 -0.000298551587686749 0 0
 826.62234619069 -0.000259150723901865 0 0
 829.88645216 -5.98032176471221e-005 0 0
 833.14926225691 -0.000408981793362625 0 0
 836.41076487208 -0.000225996882075687 0 0
 839.67094839617 -0.000106413555991827 0 0
 842.92980121984 3.70482682310414e-005 0 0
 846.18731173375 -6.22032543847331e-005 0 0
 849.44346832856 -0.00048714470617383 0 0
 852.69825939493 -0.000400265163285333 0 0
 855.95167332352 -0.000318531933711342 0 0
 859.20369850499 -0.000202866719948743 0 0
 862.45432333 -0.000307033536461242 0 0
 865.70353618921 -0.000471054008432361 0 0
 868.95132547328 -0.000569834490509106 0 0
 872.19767957287 -0.000572750905843768 0 0
 875.44258687864 -0.000498942977203959 0 0
 878.68603578125 -5.4159620696903e-005 0 0
 881.92801467136 3.98276264200225e-005 0 0
 885.16851193963 -0.000549770092651377 0 0
 888.40751597672 -0.000311360840351963 0 0
 891.64501517329 -0.000422149992735148 0 0
 894.88099792 0.000148066333616959 0 0
 898.11545260751 -0.000401544191340417 0 0
 901.34836762648 0.000283547497699283 0 0
 904.57973136757 -0.000421371572148691 0 0
 907.80953222144 -0.000405224862663121 0 0
 911.03775857875 -0.000350962548228561 0 0
 914.26439883016 -0.000632700733245335 0 0
 917.48944136633 -0.00045117653307128 0 0
 920.71287457792 -0.000180564571272506 0 0
 923.93468685559 -0.000791617880363244 0 0
 927.15486659 0.000189097937592848 0 0
 930.37340217181 0.000194800616475672 0 0
 933.59028199168 -0.000564379306679155 0 0
 936.80549444027 -0.0018335587829557 0 0
 940.01902790824 -0.000395862890541006 0 0
 943.23087078625 -0.00063827007707809 0 0
 946.44101146496 -0.000913721678882169 0 0
 949.64943833503 -0.00197070485970548 0 0
 952.85613978712 -0.000491362610663228 0 0
 956.06110421189 0 0 0
 959.26432 0 0 0
 962.46577554211 0 0 0
 965.66545922888 0 0 0
 968.86335945097 0 0 0
 972.05946459904 0 0 0
 975.25376306375 0 0 0
 978.44624323576 0 0 0
 981.63689350573 0 0 0
 984.82570226432 0 0 0
 988.01265790219 0 0 0
 991.19774881 0 0 0
 994.38096337841 0 0 0
 997.56228999808 0 0 0
 1000.74171705967 0 0 0
 1003.91923295384 0 0 0
 1007.09482607125 0 0 0
 1010.26848480256 0 0 0
 1013.44019753843 0 0 0
 1016.60995266952 0 0 0
 1019.77773858649 0 0 0
 1022.94354368 0 0 0
 1026.10735634071 0 0 0
 1029.26916495928 0 0 0
 1032.42895792637 0 0 0
 1035.58672363264 0 0 0
 1038.74245046875 0 0 0
 1041.89612682536 0 0 0
 1045.04774109313 0 0 0
 1048.19728166272 0 0 0
 1051.34473692479 0 0 0
 1054.49009527 0 0 0
 1057.63334508901 0 0 0
 1060.77447477248 0 0 0
 1063.91347271107 0 0 0
 1067.05032729544 0 0 0
 1070.18502691625 0 0 0
 1073.31755996416 0 0 0
 1076.44791482983 0 0 0
 1079.57607990392 0 0 0
 1082.70204357709 0 0 0
 1085.82579424 0 0 0
 1088.94732028331 0 0 0
 1092.06661009768 0 0 0
 1095.18365207377 0 0 0
 1098.29843460224 0 0 0
 1101.41094607375 0 0 0
 1104.52117487896 0 0 0
 1107.62910940853 0 0 0
 1110.73473805312 0 0 0
 1113.83804920339 0 0 0
 1116.93903125 0 0 0
 1120.03767258361 0 0 0
 1123.13396159488 0 0 0
 1126.22788667447 0 0 0
 1129.31943621304 0 0 0
 1132.40859860125 0 0 0
 1135.49536222976 0 0 0
[END] of [DATA]
[END] of [Spectrum]


#TBID:2021-10-23 01:00:00;SAM_84CE;RAW;

[Spectrum]
Version            = 1
IDData             = 96B1_2021-10-23_01-00-00_000_982
IDDevice           = SAM_84CE
IDDataType         = SPECTRUM
IDDataTypeSub1     = RAW
IDDataTypeSub2     = 
IDDataTypeSub3     = 
DateTime           = 2021-10-23 01:00:00
PositionLatitude   = 0
PositionLongitude  = 0
Comment            = 
CommentSub1        = 
CommentSub2        = 
CommentSub3        = 
IDMethodType       = SAM Control
MethodName         = SAM_84CE
Mission            = No Mission
MissionSub         = 1
RecordType         = 0
[Attributes]
CalFactor = 1
IDBasisSpec = 
IDDataBack = DLAB_2015-08-21_11-56-43_233_004
IDDataCal = DLAB_2015-08-26_10-05-37_585_478
IntegrationTime = 4096
P31 = -1
P31e = 0
PathLength = +INF
PathLengthCustomOn = 0
RAWDynamic = 65535
Salinity = 0
Temperature = -NAN
Unit1 = $05 $00 Pixel 
Unit2 = $03 $05 Intensity counts
Unit3 = $f0 $05 Error counts
Unit4 = $f1 $00 Status 
p999 = 797
[END] of [Attributes]
[DATA]
 0 11 0 0
 1 1274 0 0
 2 1277 0 0
 3 1285 0 0
 4 1286 0 0
 5 1288 0 0
 6 1286 0 0
 7 1284 0 0
 8 1291 0 0
 9 1289 0 0
 10 1288 0 0
 11 1294 0 0
 12 1294 0 0
 13 1299 0 0
 14 1295 0 0
 15 1298 0 0
 16 1294 0 0
 17 1297 0 0
 18 1298 0 0
 19 1293 0 0
 20 1305 0 0
 21 1300 0 0
 22 1294 0 0
 23 1305 0 0
 24 1301 0 0
 25 1298 0 0
 26 1305 0 0
 27 1306 0 0
 28 1300 0 0
 29 1306 0 0
 30 1304 0 0
 31 1313 0 0
 32 1311 0 0
 33 1307 0 0
 34 1308 0 0
 35 1306 0 0
 36 1313 0 0
 37 1302 0 0
 38 1308 0 0
 39 1314 0 0
 40 1309 0 0
 41 1309 0 0
 42 1313 0 0
 43 1313 0 0
 44 1309 0 0
 45 1312 0 0
 46 1319 0 0
 47 1323 0 0
 48 1318 0 0
 49 1313 0 0
 50 1314 0 0
 51 1313 0 0
 52 1310 0 0
 53 1318 0 0
 54 1308 0 0
 55 1309 0 0
 56 1312 0 0
 57 1311 0 0
 58 1314 0 0
 59 1310 0 0
 60 1308 0 0
 61 1312 0 0
 62 1316 0 0
 63 1313 0 0
 64 1309 0 0
 65 1309 0 0
 66 1321 0 0
 67 1317 0 0
 68 1318 0 0
 69 1312 0 0
 70 1310 0 0
 71 1318 0 0
 72 1315 0 0
 73 1318 0 0
 74 1317 0 0
 75 1316 0 0
 76 1325 0 0
 77 1323 0 0
 78 1316 0 0
 79 1321 0 0
 80 1320 0 0
 81 1322 0 0
 82 1315 0 0
 83 1313 0 0
 84 1318 0 0
 85 1316 0 0
 86 1310 0 0
 87 1318 0 0
 88 1309 0 0
 89 1318 0 0
 90 1312 0 0
 91 1313 0 0
 92 1316 0 0
 93 1315 0 0
 94 1314 0 0
 95 1309 0 0
 96 1306 0 0
 97 1309 0 0
 98 1316 0 0
 99 1316 0 0
 100 1318 0 0
 101 1316 0 0
 102 1315 0 0
 103 1313 0 0
 104 1312 0 0
 105 1313 0 0
 106 1312 0 0
 107 1306 0 0
 108 1310 0 0
 109 1319 0 0
 110 1314 0 0
 111 1321 0 0
 112 1312 0 0
 113 1309 0 0
 114 1319 0 0
 115 1312 0 0
 116 1311 0 0
 117 1312 0 0
 118 1308 0 0
 119 1317 0 0
 120 1312 0 0
 121 1310 0 0
 122 1309 0 0
 123 1304 0 0
 124 1310 0 0
 125 1308 0 0
 126 1313 0 0
 127 1309 0 0
 128 1315 0 0
 129 1310 0 0
 130 1312 0 0
 131 1313 0 0
 132 1312 0 0
 133 1312 0 0
 134 1310 0 0
 135 1310 0 0
 136 1309 0 0
 137 1310 0 0
 138 1306 0 0
 139 1311 0 0
 140 1302 0 0
 141 1312 0 0
 142 1307 0 0
 143 1306 0 0
 144 1306 0 0
 145 1312 0 0
 146 1313 0 0
 147 1309 0 0
 148 1308 0 0
 149 1305 0 0
 150 1304 0 0
 151 1304 0 0
 152 1308 0 0
 153 1306 0 0
 154 1305 0 0
 155 1305 0 0
 156 1309 0 0
 157 1308 0 0
 158 1306 0 0
 159 1308 0 0
 160 1308 0 0
 161 1307 0 0
 162 1306 0 0
 163 1301 0 0
 164 1305 0 0
 165 1306 0 0
 166 1300 0 0
 167 1307 0 0
 168 1305 0 0
 169 1305 0 0
 170 1302 0 0
 171 1304 0 0
 172 1306 0 0
 173 1305 0 0
 174 1304 0 0
 175 1303 0 0
 176 1307 0 0
 177 1306 0 0
 178 1302 0 0
 179 1304 0 0
 180 1304 0 0
 181 1304 0 0
 182 1310 0 0
 183 1298 0 0
 184 1298 0 0
 185 1301 0 0
 186 1301 0 0
 187 1309 0 0
 188 1305 0 0
 189 1298 0 0
 190 1302 0 0
 191 1306 0 0
 192 1303 0 0
 193 1300 0 0
 194 1298 0 0
 195 1300 0 0
 196 1302 0 0
 197 1304 0 0
 198 1304 0 0
 199 1298 0 0
 200 1300 0 0
 201 1305 0 0
 202 1302 0 0
 203 1302 0 0
 204 1302 0 0
 205 1303 0 0
 206 1311 0 0
 207 1302 0 0
 208 1302 0 0
 209 1302 0 0
 210 1298 0 0
 211 1299 0 0
 212 1299 0 0
 213 1304 0 0
 214 1300 0 0
 215 1301 0 0
 216 1305 0 0
 217 1303 0 0
 218 1303 0 0
 219 1309 0 0
 220 1299 0 0
 221 1301 0 0
 222 1304 0 0
 223 1299 0 0
 224 1300 0 0
 225 1300 0 0
 226 1303 0 0
 227 1304 0 0
 228 1300 0 0
 229 1308 0 0
 230 1308 0 0
 231 1303 0 0
 232 1303 0 0
 233 1303 0 0
 234 1298 0 0
 235 1308 0 0
 236 1301 0 0
 237 1303 0 0
 238 1306 0 0
 239 1300 0 0
 240 1305 0 0
 241 1308 0 0
 242 1297 0 0
 243 1307 0 0
 244 1302 0 0
 245 1302 0 0
 246 1301 0 0
 247 1304 0 0
 248 1296 0 0
 249 1304 0 0
 250 1296 0 0
 251 1299 0 0
 252 1298 0 0
 253 1289 0 0
 254 1290 0 0
 255 1342 0 0
[END] of [DATA]
[END] of [Spectrum]


#TBID:2021-10-23 01:00:00;SAM_84CE;CALIBRATED;

[Spectrum]
Version            = 1
IDData             = 96B1_2021-10-23_01-00-00_000_983
IDDevice           = SAM_84CE
IDDataType         = SPECTRUM
IDDataTypeSub1     = CALIBRATED
IDDataTypeSub2     = 
IDDataTypeSub3     = 
DateTime           = 2021-10-23 01:00:00
PositionLatitude   = 0
PositionLongitude  = 0
Comment            = 
CommentSub1        = 
CommentSub2        = 
CommentSub3        = 
IDMethodType       = SAM Control
MethodName         = SAM_84CE
Mission            = No Mission
MissionSub         = 1
RecordType         = 0
[Attributes]
CalFactor = 1
IDBasisSpec = 
IDDataBack = DLAB_2015-08-21_11-56-43_233_004
IDDataCal = DLAB_2015-08-26_10-05-37_585_478
IntegrationTime = 4096
P31 = -1
P31e = 0
PathLength = +INF
PathLengthCustomOn = 0
RAWDynamic = 65535
Salinity = 0
Temperature = -NAN
Unit1 = $01 $01 Wavelength nm
Unit2 = $03 $06 Intensity mW/(m^2 nm)
Unit3 = $f0 $06 Error mW/(m^2 nm)
Unit4 = $f1 $00 Status 
p999 = 797
[END] of [Attributes]
[DATA]
 0 11 0 0
 303.485180022 0 0 0
 306.85638880275 0 0 0
 310.228324544 0 0 0
 313.60097308125 0 0 0
 316.97432025 -0.00133226810091759 0 0
 320.34835188575 0.00064630535120156 0 0
 323.723053824 0.000676319937498784 0 0
 327.09841190025 0.00262011587528114 0 0
 330.47441195 -0.000742809925335066 0 0
 333.85103980875 -0.000114823656279023 0 0
 337.228281312 0.000952328620662699 0 0
 340.60612229525 0.000874203468262514 0 0
 343.984548594 0.00226722479068762 0 0
 347.36354604375 -0.000325413215914095 0 0
 350.74310048 0.00233558077877462 0 0
 354.12319773825 0.000896929623717638 0 0
 357.503823654 0.00229870002599248 0 0
 360.88496406275 0.00149747641181934 0 0
 364.2666048 0.00167964708648202 0 0
 367.64873170125 0.00195264985747521 0 0
 371.031330602 0.00163722023153952 0 0
 374.41438733775 0.000967329045243124 0 0
 377.797887744 0.000531557807410385 0 0
 381.18181765625 0.0016047208206976 0 0
 384.56616291 0.000959293538577043 0 0
 387.95090934075 0.00143184632027729 0 0
 391.336042784 0.00131893289787682 0 0
 394.72154907525 0.00250927495560639 0 0
 398.10741405 0.00313078618699285 0 0
 401.49362354375 0.00251993685952706 0 0
 404.880163392 0.00254697106930185 0 0
 408.26701943025 0.00270450860509265 0 0
 411.654177494 0.00245683896832407 0 0
 415.04162341875 0.00288174865143464 0 0
 418.42934304 0.00274113655687674 0 0
 421.81732219325 0.00231384677409203 0 0
 425.205546714 0.00205109106661321 0 0
 428.59400243775 0.00138503321512605 0 0
 431.9826752 0.00244565293160729 0 0
 435.37155083625 0.00173117858644867 0 0
 438.760615182 0.00188973388655666 0 0
 442.14985407275 0.00205606469945116 0 0
 445.539253344 0.00215144488749053 0 0
 448.92879883125 0.00242015558330033 0 0
 452.31847637 0.00284657979686968 0 0
 455.70827179575 0.00246875852454944 0 0
 459.098170944 0.00262703193858498 0 0
 462.48815965025 0.00288573895699417 0 0
 465.87822375 0.0023696961840871 0 0
 469.26834907875 0.00227018408802283 0 0
 472.658521472 0.00305078796408909 0 0
 476.04872676525 0.00273361241250467 0 0
 479.438950794 0.00292555435875414 0 0
 482.82917939375 0.00126364245401513 0 0
 486.2193984 0.00250060997947091 0 0
 489.60959364825 0.00300802287968569 0 0
 492.999750974 0.00280835929434302 0 0
 496.38985621275 0.00257106903261573 0 0
 499.7798952 0.00244157870240926 0 0
 503.16985377125 0.00274092465269687 0 0
 506.559717762 0.00262218489501929 0 0
 509.94947300775 0.0020999699414215 0 0
 513.339105344 0.00218520925306257 0 0
 516.72860060625 0.00178855779871333 0 0
 520.11794463 0.00214044463042536 0 0
 523.50712325075 0.00240255639630331 0 0
 526.896122304 0.00264849186912292 0 0
 530.28492762525 0.00246625256744051 0 0
 533.67352505 0.00269556116144799 0 0
 537.06190041375 0.00312913952973516 0 0
 540.450039552 0.00313174881782642 0 0
 543.83792830025 0.002304005145978 0 0
 547.225552494 0.0023977961829525 0 0
 550.61289796875 0.00272440925358318 0 0
 553.99995056 0.00240760285159992 0 0
 557.38669610325 0.00252251238265812 0 0
 560.773120434 0.00339660562852035 0 0
 564.15920938775 0.0030337229866383 0 0
 567.5449488 0.00287583394746174 0 0
 570.93032450625 0.00263625032753007 0 0
 574.315322342 0.0028255340145475 0 0
 577.69992814275 0.00267001262402805 0 0
 581.084127744 0.00275809618844867 0 0
 584.46790698125 0.00333265333798216 0 0
 587.85125169 0.00302193388336553 0 0
 591.23414770575 0.00205265084056737 0 0
 594.616580864 0.00300588860261437 0 0
 597.99853700025 0.00216337763565427 0 0
 601.38000195 0.00342888477827153 0 0
 604.76096154875 0.00154532139589856 0 0
 608.141401632 0.0019176338518986 0 0
 611.52130803525 0.00262389739039478 0 0
 614.900666594 0.00173315110916068 0 0
 618.27946314375 0.0027722017800544 0 0
 621.65768352 0.00259945068365087 0 0
 625.03531355825 0.00217764083489562 0 0
 628.412339094 0.00160611931107752 0 0
 631.78874596275 0.0021999367311544 0 0
 635.16452 0.00254778635331263 0 0
 638.53964704125 0.00316304289576204 0 0
 641.914112922 0.00362368848388558 0 0
 645.28790347775 0.00293544373138772 0 0
 648.661004544 0.00230176768791945 0 0
 652.03340195625 0.0028804798336546 0 0
 655.40508155 0.00213004894894705 0 0
 658.77602916075 0.00253012739287659 0 0
 662.146230624 0.00194639243526277 0 0
 665.51567177525 0.00280456310993435 0 0
 668.88433845 0.00275366145004224 0 0
 672.25221648375 0.00349579881884929 0 0
 675.619291712 0.00298845849814963 0 0
 678.98554997025 0.0024977982076021 0 0
 682.350977094 0.00277199336133804 0 0
 685.71555891875 0.00382230756569443 0 0
 689.07928128 0.00300164600893407 0 0
 692.44213001325 0.00346182535996477 0 0
 695.804090954 0.00210545629834076 0 0
 699.16514993775 0.00178110723690139 0 0
 702.5252928 0.00354033766054957 0 0
 705.88450537625 0.00228315086193577 0 0
 709.242773502 0.00267483303470434 0 0
 712.60008301275 0.00163866757885958 0 0
 715.956419744 0.00146304022194057 0 0
 719.31176953125 0.00256365112815074 0 0
 722.66611821 0.00241424956914514 0 0
 726.01945161575 0.00179519592962252 0 0
 729.371755584 0.00288152195401969 0 0
 732.72301595025 0.0035164841760542 0 0
 736.07321855 0.00278864046828288 0 0
 739.42234921875 0.00402195740473169 0 0
 742.770393792 0.00149924740016513 0 0
 746.11733810525 0.0034525142490152 0 0
 749.463167994 0.00335676055698951 0 0
 752.80786929375 0.00280937996399637 0 0
 756.15142784 0.00253270342129834 0 0
 759.49382946825 0.00269393733422519 0 0
 762.835060014 0.00149381664852311 0 0
 766.17510531275 0.00366221669334974 0 0
 769.5139512 0.00201137136730549 0 0
 772.85158351125 0.00206687536988191 0 0
 776.187988082 0.00340579558099153 0 0
 779.52315074775 0.00287495251832023 0 0
 782.857057344 0.00219821684485854 0 0
 786.18969370625 0.00197281995956321 0 0
 789.52104567 0.00127161152203653 0 0
 792.85109907075 0.00285915885587053 0 0
 796.179839744 0.00515460463912538 0 0
 799.50725352525 0.00229703052607105 0 0
 802.83332625 0.00281983787541497 0 0
 806.15804375375 0.00291554397839263 0 0
 809.481391872 0.00339785486091687 0 0
 812.80335644025 0.00470846103737927 0 0
 816.123923294 0.00191185485962965 0 0
 819.44307826875 0.00247938496159522 0 0
 822.7608072 0.00279462064152685 0 0
 826.07709592325 0.00511166508354835 0 0
 829.391930274 0.003512477497306 0 0
 832.70529608775 0.0056718253088295 0 0
 836.0171792 0.00375083893847244 0 0
 839.32756544625 0.00340152542970128 0 0
 842.636440662 0.00203475292229987 0 0
 845.94379068275 0.00274925978488099 0 0
 849.249601344 0.000474382896758801 0 0
 852.55385848125 0.0025500431032645 0 0
 855.85654793 0.00516171094213741 0 0
 859.15765552575 0.00194192020683027 0 0
 862.457167104 0.00531770384113697 0 0
 865.75506850025 0.00460296266357939 0 0
 869.05134555 0.00172724248039608 0 0
 872.34598408875 -0.00135127224539595 0 0
 875.638969952 -0.000739791828775848 0 0
 878.93028897525 0.00363773198061017 0 0
 882.219926994 0.00373454601127384 0 0
 885.50786984375 0.00675275257357971 0 0
 888.79410336 0.00104210867672264 0 0
 892.07861337825 0.00556536239800887 0 0
 895.361385734 0.0044671717415113 0 0
 898.64240626275 -0.00292067578260668 0 0
 901.9216608 0.000962020790788876 0 0
 905.19913518125 -0.000329784740082589 0 0
 908.474815242 0.00159298706091473 0 0
 911.74868681775 0.0107746371927567 0 0
 915.020735744 0.00581832700228729 0 0
 918.29094785625 0.00383854149180446 0 0
 921.55930899 -0.000155466177416999 0 0
 924.82580498075 -0.00496226096137601 0 0
 928.090421664 0.00505460580857761 0 0
 931.35314487525 0.00823482231183096 0 0
 934.61396045 -0.00442795229817255 0 0
 937.87285422375 0.00195539683866245 0 0
 941.129812032 0.00356863041627831 0 0
 944.38481971025 0.00467114665148579 0 0
 947.637863094 -0.00265934350291156 0 0
 950.88892801875 -0.00376129846814467 0 0
 954.13800032 0 0 0
 957.38506583325 0 0 0
 960.630110394 0 0 0
 963.87311983775 0 0 0
 967.11408 0 0 0
 970.35297671625 0 0 0
 973.589795822 0 0 0
 976.82452315275 0 0 0
 980.057144544 0 0 0
 983.28764583125 0 0 0
 986.51601285 0 0 0
 989.74223143575 0 0 0
 992.966287424 0 0 0
 996.18816665025 0 0 0
 999.40785495 0 0 0
 1002.62533815875 0 0 0
 1005.840602112 0 0 0
 1009.05363264525 0 0 0
 1012.264415594 0 0 0
 1015.47293679375 0 0 0
 1018.67918208 0 0 0
 1021.88313728825 0 0 0
 1025.084788254 0 0 0
 1028.28412081275 0 0 0
 1031.4811208 0 0 0
 1034.67577405125 0 0 0
 1037.868066402 0 0 0
 1041.05798368775 0 0 0
 1044.245511744 0 0 0
 1047.43063640625 0 0 0
 1050.61334351 0 0 0
 1053.79361889075 0 0 0
 1056.971448384 0 0 0
 1060.14681782525 0 0 0
 1063.31971305 0 0 0
 1066.49011989375 0 0 0
 1069.658024192 0 0 0
 1072.82341178025 0 0 0
 1075.986268494 0 0 0
 1079.14658016875 0 0 0
 1082.30433264 0 0 0
 1085.45951174325 0 0 0
 1088.612103314 0 0 0
 1091.76209318775 0 0 0
 1094.9094672 0 0 0
 1098.05421118625 0 0 0
 1101.196310982 0 0 0
 1104.33575242275 0 0 0
 1107.472521344 0 0 0
 1110.60660358125 0 0 0
 1113.73798497 0 0 0
 1116.86665134575 0 0 0
 1119.992588544 0 0 0
 1123.11578240025 0 0 0
 1126.23621875 0 0 0
 1129.35388342875 0 0 0
 1132.468762272 0 0 0
 1135.58084111525 0 0 0
 1138.690105794 0 0 0
 1141.79654214375 0 0 0
 1144.900136 0 0 0
[END] of [DATA]
[END] of [Spectrum]


#TBID:2021-10-23 01:00:00;SAM_84C8;RAW;

[Spectrum]
Version            = 1
IDData             = 96B1_2021-10-23_01-00-00_000_985
IDDevice           = SAM_84C8
IDDataType         = SPECTRUM
IDDataTypeSub1     = RAW
IDDataTypeSub2     = 
IDDataTypeSub3     = 
DateTime           = 2021-10-23 01:00:00
PositionLatitude   = 0
PositionLongitude  = 0
Comment            = 
CommentSub1        = 
CommentSub2        = 
CommentSub3        = 
IDMethodType       = SAM Control
MethodName         = SAM_84C8
Mission            = No Mission
MissionSub         = 1
RecordType         = 0
[Attributes]
CalFactor = 1
IDBasisSpec = 
IDDataBack = DLAB_2015-08-21_12-14-03_013_778
IDDataCal = DLAB_2015-08-24_11-04-47_772_747
IntegrationTime = 4096
P31 = -1
P31e = 0
PathLength = +INF
PathLengthCustomOn = 0
RAWDynamic = 65535
Salinity = 0
Temperature = -NAN
Unit1 = $05 $00 Pixel 
Unit2 = $03 $05 Intensity counts
Unit3 = $f0 $05 Error counts
Unit4 = $f1 $00 Status 
p999 = 797
[END] of [Attributes]
[DATA]
 0 11 0 0
 1 1286 0 0
 2 1276 0 0
 3 1279 0 0
 4 1280 0 0
 5 1281 0 0
 6 1282 0 0
 7 1279 0 0
 8 1276 0 0
 9 1281 0 0
 10 1275 0 0
 11 1280 0 0
 12 1287 0 0
 13 1284 0 0
 14 1278 0 0
 15 1278 0 0
 16 1284 0 0
 17 1285 0 0
 18 1288 0 0
 19 1288 0 0
 20 1284 0 0
 21 1293 0 0
 22 1293 0 0
 23 1296 0 0
 24 1291 0 0
 25 1292 0 0
 26 1290 0 0
 27 1296 0 0
 28 1294 0 0
 29 1294 0 0
 30 1297 0 0
 31 1297 0 0
 32 1299 0 0
 33 1292 0 0
 34 1292 0 0
 35 1293 0 0
 36 1296 0 0
 37 1297 0 0
 38 1297 0 0
 39 1297 0 0
 40 1300 0 0
 41 1296 0 0
 42 1296 0 0
 43 1301 0 0
 44 1292 0 0
 45 1302 0 0
 46 1305 0 0
 47 1299 0 0
 48 1299 0 0
 49 1303 0 0
 50 1296 0 0
 51 1302 0 0
 52 1299 0 0
 53 1296 0 0
 54 1288 0 0
 55 1305 0 0
 56 1300 0 0
 57 1303 0 0
 58 1300 0 0
 59 1298 0 0
 60 1298 0 0
 61 1301 0 0
 62 1309 0 0
 63 1298 0 0
 64 1300 0 0
 65 1307 0 0
 66 1305 0 0
 67 1305 0 0
 68 1307 0 0
 69 1302 0 0
 70 1304 0 0
 71 1307 0 0
 72 1307 0 0
 73 1302 0 0
 74 1307 0 0
 75 1311 0 0
 76 1305 0 0
 77 1308 0 0
 78 1309 0 0
 79 1307 0 0
 80 1312 0 0
 81 1310 0 0
 82 1305 0 0
 83 1308 0 0
 84 1308 0 0
 85 1311 0 0
 86 1304 0 0
 87 1307 0 0
 88 1297 0 0
 89 1308 0 0
 90 1312 0 0
 91 1308 0 0
 92 1309 0 0
 93 1307 0 0
 94 1312 0 0
 95 1307 0 0
 96 1310 0 0
 97 1310 0 0
 98 1307 0 0
 99 1305 0 0
 100 1304 0 0
 101 1312 0 0
 102 1309 0 0
 103 1306 0 0
 104 1306 0 0
 105 1314 0 0
 106 1305 0 0
 107 1305 0 0
 108 1304 0 0
 109 1302 0 0
 110 1308 0 0
 111 1311 0 0
 112 1307 0 0
 113 1312 0 0
 114 1310 0 0
 115 1307 0 0
 116 1312 0 0
 117 1306 0 0
 118 1310 0 0
 119 1312 0 0
 120 1309 0 0
 121 1310 0 0
 122 1300 0 0
 123 1308 0 0
 124 1304 0 0
 125 1303 0 0
 126 1313 0 0
 127 1312 0 0
 128 1305 0 0
 129 1306 0 0
 130 1306 0 0
 131 1306 0 0
 132 1308 0 0
 133 1344 0 0
 134 1310 0 0
 135 1311 0 0
 136 1308 0 0
 137 1308 0 0
 138 1310 0 0
 139 1312 0 0
 140 1309 0 0
 141 1304 0 0
 142 1311 0 0
 143 1310 0 0
 144 1309 0 0
 145 1313 0 0
 146 1308 0 0
 147 1304 0 0
 148 1310 0 0
 149 1306 0 0
 150 1310 0 0
 151 1306 0 0
 152 1309 0 0
 153 1310 0 0
 154 1307 0 0
 155 1306 0 0
 156 1306 0 0
 157 1306 0 0
 158 1307 0 0
 159 1299 0 0
 160 1306 0 0
 161 1304 0 0
 162 1304 0 0
 163 1308 0 0
 164 1300 0 0
 165 1308 0 0
 166 1311 0 0
 167 1314 0 0
 168 1304 0 0
 169 1308 0 0
 170 1307 0 0
 171 1306 0 0
 172 1304 0 0
 173 1302 0 0
 174 1307 0 0
 175 1307 0 0
 176 1305 0 0
 177 1302 0 0
 178 1304 0 0
 179 1307 0 0
 180 1307 0 0
 181 1305 0 0
 182 1304 0 0
 183 1302 0 0
 184 1301 0 0
 185 1308 0 0
 186 1301 0 0
 187 1309 0 0
 188 1307 0 0
 189 1302 0 0
 190 1302 0 0
 191 1309 0 0
 192 1304 0 0
 193 1303 0 0
 194 1308 0 0
 195 1314 0 0
 196 1302 0 0
 197 1308 0 0
 198 1299 0 0
 199 1303 0 0
 200 1304 0 0
 201 1308 0 0
 202 1298 0 0
 203 1301 0 0
 204 1307 0 0
 205 1304 0 0
 206 1303 0 0
 207 1304 0 0
 208 1298 0 0
 209 1299 0 0
 210 1298 0 0
 211 1306 0 0
 212 1297 0 0
 213 1308 0 0
 214 1306 0 0
 215 1308 0 0
 216 1302 0 0
 217 1304 0 0
 218 1297 0 0
 219 1305 0 0
 220 1308 0 0
 221 1308 0 0
 222 1304 0 0
 223 1306 0 0
 224 1306 0 0
 225 1306 0 0
 226 1310 0 0
 227 1305 0 0
 228 1306 0 0
 229 1310 0 0
 230 1304 0 0
 231 1305 0 0
 232 1308 0 0
 233 1305 0 0
 234 1305 0 0
 235 1308 0 0
 236 1305 0 0
 237 1303 0 0
 238 1304 0 0
 239 1308 0 0
 240 1301 0 0
 241 1311 0 0
 242 1308 0 0
 243 1305 0 0
 244 1305 0 0
 245 1308 0 0
 246 1301 0 0
 247 1300 0 0
 248 1303 0 0
 249 1299 0 0
 250 1299 0 0
 251 1302 0 0
 252 1292 0 0
 253 1293 0 0
 254 1291 0 0
 255 1338 0 0
[END] of [DATA]
[END] of [Spectrum]


#TBID:2021-10-23 01:00:00;SAM_84C8;CALIBRATED;

[Spectrum]
Version            = 1
IDData             = 96B1_2021-10-23_01-00-00_000_986
IDDevice           = SAM_84C8
IDDataType         = SPECTRUM
IDDataTypeSub1     = CALIBRATED
IDDataTypeSub2     = 
IDDataTypeSub3     = 
DateTime           = 2021-10-23 01:00:00
PositionLatitude   = 0
PositionLongitude  = 0
Comment            = 
CommentSub1        = 
CommentSub2        = 
CommentSub3        = 
IDMethodType       = SAM Control
MethodName         = SAM_84C8
Mission            = No Mission
MissionSub         = 1
RecordType         = 0
[Attributes]
CalFactor = 1
IDBasisSpec = 
IDDataBack = DLAB_2015-08-21_12-14-03_013_778
IDDataCal = DLAB_2015-08-24_11-04-47_772_747
IntegrationTime = 4096
P31 = -1
P31e = 0
PathLength = +INF
PathLengthCustomOn = 0
RAWDynamic = 65535
Salinity = 0
Temperature = -NAN
Unit1 = $01 $01 Wavelength nm
Unit2 = $03 $03 Intensity mW/(m^2 nm Sr)
Unit3 = $f0 $03 Error mW/(m^2 nm Sr)
Unit4 = $f1 $00 Status 
p999 = 797
[END] of [Attributes]
[DATA]
 0 11 0 0
 303.516048156 0 0 0
 306.890006053 0 0 0
 310.26457112 0 0 0
 313.639731825 0 0 0
 317.015476636 -0.000643171519195808 0 0
 320.391794021 -0.000642669944973705 0 0
 323.768672448 -0.000548509146978644 0 0
 327.146100385 -0.000549257557309218 0 0
 330.5240663 -0.000406187426934613 0 0
 333.902558661 -0.000377728859099869 0 0
 337.281565936 -0.000490732438973822 0 0
 340.661076593 -0.000358127648964247 0 0
 344.0410791 -0.000191615676388665 0 0
 347.421561925 -0.000331735150730866 0 0
 350.802513536 -0.000373421884180938 0 0
 354.183922401 -0.000224985282516394 0 0
 357.565776988 -0.000237198725532707 0 0
 360.948065765 -0.000139048918303856 0 0
 364.3307772 -0.000146158428315555 0 0
 367.713899761 -0.000153646408407521 0 0
 371.097421916 -3.84479941020937e-005 0 0
 374.481332133 -7.22154829842448e-005 0 0
 377.86561888 -2.53504804163017e-005 0 0
 381.250270625 -0.000161498519034994 0 0
 384.635275836 -7.49567407075593e-005 0 0
 388.020622981 3.46424371627066e-005 0 0
 391.406300528 5.70765374450391e-005 0 0
 394.792296945 -6.27026872386642e-005 0 0
 398.1786007 -1.48092466961635e-005 0 0
 401.565200261 -2.75701550396623e-005 0 0
 404.952084096 2.83830793264994e-005 0 0
 408.339240673 6.22402694350152e-005 0 0
 411.72665846 1.39996830314518e-005 0 0
 415.114325925 3.67911199180282e-006 0 0
 418.502231536 4.27197035983545e-005 0 0
 421.890363761 4.71010371196476e-006 0 0
 425.278711068 -0.00012919865697197 0 0
 428.667261925 5.4964845020083e-006 0 0
 432.0560048 9.18851730741065e-005 0 0
 435.444928161 9.140438976287e-005 0 0
 438.834020476 2.85090931187273e-006 0 0
 442.223270213 3.93222858451167e-005 0 0
 445.61266584 5.42156894787447e-005 0 0
 449.002195825 1.25359709712803e-005 0 0
 452.391848636 2.43815451998571e-005 0 0
 455.781612741 0.000107071381429752 0 0
 459.171476608 5.99424689239643e-005 0 0
 462.561428705 1.84366288006708e-005 0 0
 465.9514575 2.28115167101214e-005 0 0
 469.341551461 4.87999704558862e-005 0 0
 472.731699056 4.89115677796146e-005 0 0
 476.121888753 1.76791975056294e-005 0 0
 479.51210902 1.17968214141028e-005 0 0
 482.902348325 4.38412203960786e-005 0 0
 486.292595136 0.000126863475055201 0 0
 489.682837921 3.29706706670255e-005 0 0
 493.073065148 2.05332873062371e-005 0 0
 496.463265285 7.405513714169e-005 0 0
 499.8534268 0.000120770435128931 0 0
 503.243538161 7.99888217183961e-005 0 0
 506.633587836 7.60535938483141e-005 0 0
 510.023564293 2.16939899101001e-005 0 0
 513.413456 -2.71523805016381e-005 0 0
 516.803251425 0.000138338940173746 0 0
 520.192939036 0.000177866395275274 0 0
 523.582507301 6.98839183517404e-005 0 0
 526.971944688 9.84426179031908e-005 0 0
 530.361239665 6.70366232592732e-005 0 0
 533.7503807 8.63926255872085e-005 0 0
 537.139356261 2.79615697481761e-005 0 0
 540.528154816 0.000105322072808663 0 0
 543.916764833 4.0822155746594e-005 0 0
 547.30517478 5.58348959026457e-005 0 0
 550.693373125 0.000124900416928249 0 0
 554.081348336 0.000142518904284265 0 0
 557.469088881 7.97632292296886e-005 0 0
 560.856583228 0.000113147461571026 0 0
 564.243819845 0.000126496195327514 0 0
 567.6307872 9.42809809595477e-005 0 0
 571.017473761 0.000162554397102713 0 0
 574.403867996 0.00017279207399053 0 0
 577.789958373 1.61248975373505e-005 0 0
 581.17573336 9.022004931748e-005 0 0
 584.561181425 7.17430830410965e-005 0 0
 587.946291036 0.000205016535264916 0 0
 591.331050661 9.68841825438423e-005 0 0
 594.715448768 8.25822079155652e-005 0 0
 598.099473825 -8.2750771663739e-006 0 0
 601.4831143 0.000179916769324963 0 0
 604.866358661 0.000108834594777374 0 0
 608.249195376 0.000101473815673758 0 0
 611.631612913 0.000125489683283214 0 0
 615.01359974 0.000188704339208511 0 0
 618.395144325 0.000109748271286775 0 0
 621.776235136 0.000132536609729027 0 0
 625.156860641 8.87441298126904e-005 0 0
 628.537009308 0.000180905581925078 0 0
 631.916669605 0.000154799128860994 0 0
 635.29583 0.000152522452162501 0 0
 638.674478961 -4.15560438702238e-005 0 0
 642.052604956 3.55644196506312e-005 0 0
 645.430196453 0.00011100380341701 0 0
 648.80724192 0.000149358791975843 0 0
 652.183729825 0.000140829271091115 0 0
 655.559648636 0.000150543606664179 0 0
 658.934986821 0.000158732207386832 0 0
 662.309732848 0.000111520889214638 0 0
 665.683875185 0.000196418780474946 0 0
 669.0574023 0.0001109549829822 0 0
 672.430302661 2.47534551976928e-005 0 0
 675.802564736 -5.71427357228874e-005 0 0
 679.174176993 0.000100348660938529 0 0
 682.5451279 0.0002122222732268 0 0
 685.915405925 0.000199611869180951 0 0
 689.284999536 -2.30719796128621e-006 0 0
 692.653897201 5.13578767900513e-005 0 0
 696.022087388 0.000156912769292261 0 0
 699.389558565 0.000270709131647326 0 0
 702.7562992 0.000123719293100297 0 0
 706.122297761 0.000320780539514246 0 0
 709.487542716 0.000204073272028284 0 0
 712.852022533 0.000112171393079266 0 0
 716.21572568 0.000240780432963682 0 0
 719.578640625 0.000175038697848175 0 0
 722.940755836 4.19496140114242e-005 0 0
 726.302059781 0.000278370849254937 0 0
 729.662540928 3.9699771342463e-005 0 0
 733.022187745 0.000165251187673379 0 0
 736.3809887 6.62604499723058e-005 0 0
 739.738932261 0.000226389731214243 0 0
 743.096006896 5.34637261737126e-005 0 0
 746.452201073 0.000134606351069009 0 0
 749.80750326 -0.000446554077947613 0 0
 753.161901925 0.000113451318621027 0 0
 756.515385536 0.000273499940167247 0 0
 759.867942561 0.000186359935554158 0 0
 763.219561468 0.000106952666990225 0 0
 766.570230725 0.0003147332358149 0 0
 769.9199388 0.000123731071729604 0 0
 773.268674161 0.000201512542145041 0 0
 776.616425276 0.000153122536708816 0 0
 779.963180613 0.000194664342200881 0 0
 783.30892864 0.000260278677309269 0 0
 786.653657825 1.29274405092746e-005 0 0
 789.997356636 0.000262451104422303 0 0
 793.340013541 0.000110212675331841 0 0
 796.681617008 0.000183573724611379 0 0
 800.022155505 0.000194379523859856 0 0
 803.3616175 0.00024564330724318 0 0
 806.699991461 0.000343044558305519 0 0
 810.037265856 0.000144583055102951 0 0
 813.373429153 0.000106027891442332 0 0
 816.70846982 0.000392721982337103 0 0
 820.042376325 0.000389016370888118 0 0
 823.375137136 0.000455637165842829 0 0
 826.706740721 0.000157779143660152 0 0
 830.037175548 6.73323122829433e-005 0 0
 833.366430085 0.000202979010556172 0 0
 836.6944928 -1.02707077901385e-005 0 0
 840.021352161 7.53749175725392e-005 0 0
 843.346996636 0.000205182351085814 0 0
 846.671414693 3.28368684739988e-005 0 0
 849.9945948 0.000417357040598499 0 0
 853.316525425 0.000306943305923956 0 0
 856.637195036 0.000178191969186453 0 0
 859.956592101 0.000574497387779975 0 0
 863.274705088 0.0005582292065897 0 0
 866.591522465 3.17066696359988e-006 0 0
 869.9070327 0.000664151721028502 0 0
 873.221224261 0.000174984901309306 0 0
 876.534085616 0.000528262685304584 0 0
 879.845605233 7.8120584910112e-005 0 0
 883.15577158 0.00101699968291977 0 0
 886.464573125 0.00094165621102129 0 0
 889.771998336 -0.000130162641831432 0 0
 893.078035681 0.000613608421379277 0 0
 896.382673628 0.000165835485503253 0 0
 899.685900645 0.000749866736728331 0 0
 902.9877052 0.000497951797680672 0 0
 906.288075761 0.000162820019101117 0 0
 909.587000796 0.000190883744287555 0 0
 912.884468773 0.000103325657573219 0 0
 916.18046816 -4.69613182899413e-005 0 0
 919.474987425 0.000658611997057813 0 0
 922.768015036 0.000751820320289858 0 0
 926.059539461 0.000347664686429806 0 0
 929.349549168 0.000186216897788554 0 0
 932.638032625 0.00123547298974743 0 0
 935.9249783 0.00032740065840356 0 0
 939.210374661 0.00163929534005068 0 0
 942.494210176 0.00160826182116877 0 0
 945.776473313 -0.000373754303661815 0 0
 949.05715254 0.00225068911610174 0 0
 952.336236325 0.000976785961243893 0 0
 955.613713136 0 0 0
 958.889571441 0 0 0
 962.163799708 0 0 0
 965.436386405 0 0 0
 968.70732 0 0 0
 971.976588961 0 0 0
 975.244181756 0 0 0
 978.510086853 0 0 0
 981.77429272 0 0 0
 985.036787825 0 0 0
 988.297560636 0 0 0
 991.556599621 0 0 0
 994.813893248 0 0 0
 998.069429985 0 0 0
 1001.3231983 0 0 0
 1004.575186661 0 0 0
 1007.825383536 0 0 0
 1011.073777393 0 0 0
 1014.3203567 0 0 0
 1017.565109925 0 0 0
 1020.808025536 0 0 0
 1024.049092001 0 0 0
 1027.288297788 0 0 0
 1030.525631365 0 0 0
 1033.7610812 0 0 0
 1036.994635761 0 0 0
 1040.226283516 0 0 0
 1043.456012933 0 0 0
 1046.68381248 0 0 0
 1049.909670625 0 0 0
 1053.133575836 0 0 0
 1056.355516581 0 0 0
 1059.575481328 0 0 0
 1062.793458545 0 0 0
 1066.0094367 0 0 0
 1069.223404261 0 0 0
 1072.435349696 0 0 0
 1075.645261473 0 0 0
 1078.85312806 0 0 0
 1082.058937925 0 0 0
 1085.262679536 0 0 0
 1088.464341361 0 0 0
 1091.663911868 0 0 0
 1094.861379525 0 0 0
 1098.0567328 0 0 0
 1101.249960161 0 0 0
 1104.441050076 0 0 0
 1107.629991013 0 0 0
 1110.81677144 0 0 0
 1114.001379825 0 0 0
 1117.183804636 0 0 0
 1120.364034341 0 0 0
 1123.542057408 0 0 0
 1126.717862305 0 0 0
 1129.8914375 0 0 0
 1133.062771461 0 0 0
 1136.231852656 0 0 0
 1139.398669553 0 0 0
 1142.56321062 0 0 0
 1145.725464325 0 0 0
 1148.885419136 0 0 0
[END] of [DATA]
[END] of [Spectrum]

