
#TBID:2021-11-22 00:30:00;SAM_84C8;RAW;

[Spectrum]
Version            = 1
IDData             = 96B1_2021-11-22_00-30-00_000_685
IDDevice           = SAM_84C8
IDDataType         = SPECTRUM
IDDataTypeSub1     = RAW
IDDataTypeSub2     = 
IDDataTypeSub3     = 
DateTime           = 2021-11-22 00:30:00
PositionLatitude   = 0
PositionLongitude  = 0
Comment            = 
CommentSub1        = 
CommentSub2        = 
CommentSub3        = 
IDMethodType       = SAM Control
MethodName         = SAM_84C8
Mission            = No Mission
MissionSub         = 1
RecordType         = 0
[Attributes]
CalFactor = 1
IDBasisSpec = 
IDDataBack = DLAB_2015-08-21_12-14-03_013_778
IDDataCal = DLAB_2015-08-24_11-04-47_772_747
IntegrationTime = 4096
P31 = -1
P31e = 0
PathLength = +INF
PathLengthCustomOn = 0
RAWDynamic = 65535
Salinity = 0
Temperature = -NAN
Unit1 = $05 $00 Pixel 
Unit2 = $03 $05 Intensity counts
Unit3 = $f0 $05 Error counts
Unit4 = $f1 $00 Status 
p999 = 467
[END] of [Attributes]
[DATA]
 0 11 0 0
 1 1169 0 0
 2 1149 0 0
 3 1159 0 0
 4 1156 0 0
 5 1160 0 0
 6 1167 0 0
 7 1161 0 0
 8 1164 0 0
 9 1164 0 0
 10 1158 0 0
 11 1164 0 0
 12 1166 0 0
 13 1163 0 0
 14 1157 0 0
 15 1163 0 0
 16 1164 0 0
 17 1165 0 0
 18 1166 0 0
 19 1164 0 0
 20 1165 0 0
 21 1166 0 0
 22 1171 0 0
 23 1168 0 0
 24 1167 0 0
 25 1168 0 0
 26 1164 0 0
 27 1162 0 0
 28 1167 0 0
 29 1171 0 0
 30 1173 0 0
 31 1165 0 0
 32 1169 0 0
 33 1168 0 0
 34 1168 0 0
 35 1166 0 0
 36 1170 0 0
 37 1173 0 0
 38 1172 0 0
 39 1171 0 0
 40 1169 0 0
 41 1169 0 0
 42 1170 0 0
 43 1172 0 0
 44 1166 0 0
 45 1178 0 0
 46 1171 0 0
 47 1173 0 0
 48 1172 0 0
 49 1175 0 0
 50 1176 0 0
 51 1174 0 0
 52 1178 0 0
 53 1173 0 0
 54 1165 0 0
 55 1176 0 0
 56 1172 0 0
 57 1172 0 0
 58 1175 0 0
 59 1167 0 0
 60 1176 0 0
 61 1180 0 0
 62 1182 0 0
 63 1179 0 0
 64 1175 0 0
 65 1179 0 0
 66 1178 0 0
 67 1177 0 0
 68 1176 0 0
 69 1178 0 0
 70 1179 0 0
 71 1188 0 0
 72 1180 0 0
 73 1180 0 0
 74 1181 0 0
 75 1179 0 0
 76 1182 0 0
 77 1184 0 0
 78 1179 0 0
 79 1181 0 0
 80 1181 0 0
 81 1183 0 0
 82 1184 0 0
 83 1181 0 0
 84 1186 0 0
 85 1181 0 0
 86 1176 0 0
 87 1177 0 0
 88 1182 0 0
 89 1184 0 0
 90 1178 0 0
 91 1180 0 0
 92 1181 0 0
 93 1179 0 0
 94 1183 0 0
 95 1184 0 0
 96 1178 0 0
 97 1183 0 0
 98 1183 0 0
 99 1182 0 0
 100 1180 0 0
 101 1188 0 0
 102 1175 0 0
 103 1179 0 0
 104 1185 0 0
 105 1189 0 0
 106 1178 0 0
 107 1185 0 0
 108 1180 0 0
 109 1183 0 0
 110 1182 0 0
 111 1182 0 0
 112 1180 0 0
 113 1186 0 0
 114 1177 0 0
 115 1183 0 0
 116 1182 0 0
 117 1181 0 0
 118 1182 0 0
 119 1182 0 0
 120 1180 0 0
 121 1180 0 0
 122 1178 0 0
 123 1178 0 0
 124 1183 0 0
 125 1184 0 0
 126 1180 0 0
 127 1184 0 0
 128 1184 0 0
 129 1182 0 0
 130 1181 0 0
 131 1187 0 0
 132 1175 0 0
 133 1206 0 0
 134 1188 0 0
 135 1181 0 0
 136 1180 0 0
 137 1181 0 0
 138 1183 0 0
 139 1182 0 0
 140 1184 0 0
 141 1175 0 0
 142 1182 0 0
 143 1185 0 0
 144 1183 0 0
 145 1186 0 0
 146 1180 0 0
 147 1185 0 0
 148 1184 0 0
 149 1181 0 0
 150 1182 0 0
 151 1181 0 0
 152 1184 0 0
 153 1181 0 0
 154 1179 0 0
 155 1179 0 0
 156 1179 0 0
 157 1178 0 0
 158 1183 0 0
 159 1182 0 0
 160 1184 0 0
 161 1178 0 0
 162 1182 0 0
 163 1180 0 0
 164 1174 0 0
 165 1181 0 0
 166 1178 0 0
 167 1184 0 0
 168 1185 0 0
 169 1176 0 0
 170 1181 0 0
 171 1179 0 0
 172 1184 0 0
 173 1178 0 0
 174 1181 0 0
 175 1180 0 0
 176 1178 0 0
 177 1186 0 0
 178 1179 0 0
 179 1186 0 0
 180 1180 0 0
 181 1181 0 0
 182 1183 0 0
 183 1179 0 0
 184 1178 0 0
 185 1184 0 0
 186 1179 0 0
 187 1186 0 0
 188 1182 0 0
 189 1178 0 0
 190 1177 0 0
 191 1183 0 0
 192 1180 0 0
 193 1178 0 0
 194 1182 0 0
 195 1184 0 0
 196 1172 0 0
 197 1186 0 0
 198 1180 0 0
 199 1180 0 0
 200 1176 0 0
 201 1179 0 0
 202 1180 0 0
 203 1176 0 0
 204 1178 0 0
 205 1179 0 0
 206 1181 0 0
 207 1182 0 0
 208 1184 0 0
 209 1177 0 0
 210 1172 0 0
 211 1177 0 0
 212 1176 0 0
 213 1184 0 0
 214 1181 0 0
 215 1180 0 0
 216 1179 0 0
 217 1181 0 0
 218 1181 0 0
 219 1179 0 0
 220 1178 0 0
 221 1179 0 0
 222 1186 0 0
 223 1178 0 0
 224 1186 0 0
 225 1183 0 0
 226 1180 0 0
 227 1182 0 0
 228 1183 0 0
 229 1178 0 0
 230 1180 0 0
 231 1183 0 0
 232 1179 0 0
 233 1179 0 0
 234 1181 0 0
 235 1185 0 0
 236 1181 0 0
 237 1182 0 0
 238 1180 0 0
 239 1174 0 0
 240 1179 0 0
 241 1182 0 0
 242 1179 0 0
 243 1181 0 0
 244 1180 0 0
 245 1177 0 0
 246 1184 0 0
 247 1184 0 0
 248 1179 0 0
 249 1179 0 0
 250 1178 0 0
 251 1177 0 0
 252 1178 0 0
 253 1179 0 0
 254 1183 0 0
 255 1226 0 0
[END] of [DATA]
[END] of [Spectrum]


#TBID:2021-11-22 00:30:00;SAM_84C8;CALIBRATED;

[Spectrum]
Version            = 1
IDData             = 96B1_2021-11-22_00-30-00_000_686
IDDevice           = SAM_84C8
IDDataType         = SPECTRUM
IDDataTypeSub1     = CALIBRATED
IDDataTypeSub2     = 
IDDataTypeSub3     = 
DateTime           = 2021-11-22 00:30:00
PositionLatitude   = 0
PositionLongitude  = 0
Comment            = 
CommentSub1        = 
CommentSub2        = 
CommentSub3        = 
IDMethodType       = SAM Control
MethodName         = SAM_84C8
Mission            = No Mission
MissionSub         = 1
RecordType         = 0
[Attributes]
CalFactor = 1
IDBasisSpec = 
IDDataBack = DLAB_2015-08-21_12-14-03_013_778
IDDataCal = DLAB_2015-08-24_11-04-47_772_747
IntegrationTime = 4096
P31 = -1
P31e = 0
PathLength = +INF
PathLengthCustomOn = 0
RAWDynamic = 65535
Salinity = 0
Temperature = -NAN
Unit1 = $01 $01 Wavelength nm
Unit2 = $03 $03 Intensity mW/(m^2 nm Sr)
Unit3 = $f0 $03 Error mW/(m^2 nm Sr)
Unit4 = $f1 $00 Status 
p999 = 467
[END] of [Attributes]
[DATA]
 0 11 0 0
 303.516048156 0 0 0
 306.890006053 0 0 0
 310.26457112 0 0 0
 313.639731825 0 0 0
 317.015476636 -0.000592469071525803 0 0
 320.391794021 -0.000352086120885589 0 0
 323.768672448 -0.000391283612961426 0 0
 327.146100385 -0.000186886628551514 0 0
 330.5240663 -0.000230102098640016 0 0
 333.902558661 -0.000209839410853543 0 0
 337.281565936 -0.000298208906302742 0 0
 340.661076593 -0.00032569291046226 0 0
 344.0410791 -0.000161457298025424 0 0
 347.421561925 -0.000303999058432227 0 0
 350.802513536 -0.000210824026107795 0 0
 354.183922401 -0.000180189246045768 0 0
 357.565776988 -0.00019551214949319 0 0
 360.948065765 -0.000136965209138442 0 0
 364.3307772 -0.000180720413078841 0 0
 367.713899761 -9.68483653569664e-005 0 0
 371.097421916 -0.000129040606604202 0 0
 374.481332133 -7.00999653566002e-005 0 0
 377.86561888 -0.000140693792045707 0 0
 381.250270625 -0.000199455613377628 0 0
 384.635275836 -0.000113703749258891 0 0
 388.020622981 -4.57053232496105e-005 0 0
 391.406300528 -0.000187507636544574 0 0
 394.792296945 -0.000162154475993871 0 0
 398.1786007 -3.24651372217729e-005 0 0
 401.565200261 -6.38974846561745e-005 0 0
 404.952084096 -0.000154267472929779 0 0
 408.339240673 -7.62134528439797e-005 0 0
 411.72665846 -1.74182228710127e-005 0 0
 415.114325925 -2.59625131820397e-005 0 0
 418.502231536 -2.94280710119283e-005 0 0
 421.890363761 -4.93441498261379e-005 0 0
 425.278711068 -0.000153989349301077 0 0
 428.667261925 -3.04750632872127e-005 0 0
 432.0560048 4.55674797410769e-005 0 0
 435.444928161 -1.07776892063324e-005 0 0
 438.834020476 -5.1931542594746e-005 0 0
 442.223270213 -3.7827035377733e-006 0 0
 445.61266584 -2.21737656417877e-005 0 0
 449.002195825 -3.10670117687373e-005 0 0
 452.391848636 2.76456437132474e-006 0 0
 455.781612741 -3.24517090215297e-005 0 0
 459.171476608 1.30495414826619e-005 0 0
 462.561428705 -4.21018785250383e-005 0 0
 465.9514575 -5.1788864525881e-005 0 0
 469.341551461 7.60684056651043e-005 0 0
 472.731699056 -2.83216709442339e-005 0 0
 476.121888753 3.24243336287868e-005 0 0
 479.51210902 -1.46875035448116e-007 0 0
 482.902348325 3.17055579783253e-005 0 0
 486.292595136 3.12874593444232e-005 0 0
 489.682837921 -4.98994209204704e-005 0 0
 493.073065148 -0.000106068400530525 0 0
 496.463265285 3.26704565251641e-005 0 0
 499.8534268 -6.63762826908265e-006 0 0
 503.243538161 8.15720659090066e-005 0 0
 506.633587836 9.17034368399728e-005 0 0
 510.023564293 -4.60845087044271e-005 0 0
 513.413456 1.51053989518294e-005 0 0
 516.803251425 0.000100081631497396 0 0
 520.192939036 0.000101994227488441 0 0
 523.582507301 8.63267344808196e-006 0 0
 526.971944688 2.66351546490993e-005 0 0
 530.361239665 -3.89244662505498e-005 0 0
 533.7503807 6.42818793889675e-005 0 0
 537.139356261 -5.40272917870601e-006 0 0
 540.528154816 0.000140954370333424 0 0
 543.916764833 -1.4911018727104e-005 0 0
 547.30517478 5.7099945039594e-005 0 0
 550.693373125 8.05303344428733e-005 0 0
 554.081348336 2.91897924882428e-005 0 0
 557.469088881 6.95014524849267e-005 0 0
 560.856583228 9.11027018391818e-005 0 0
 564.243819845 3.31480331215948e-005 0 0
 567.6307872 4.75180649301549e-005 0 0
 571.017473761 5.3675270154015e-005 0 0
 574.403867996 0.000111753736535505 0 0
 577.789958373 3.02835765922814e-005 0 0
 581.17573336 2.65874736279163e-005 0 0
 584.561181425 7.32222676258396e-005 0 0
 587.946291036 9.75060714155515e-005 0 0
 591.331050661 1.46616665751285e-005 0 0
 594.715448768 -3.02857041783811e-005 0 0
 598.099473825 9.59979817122074e-005 0 0
 601.4831143 0.000151512267099967 0 0
 604.866358661 -7.40658305556768e-005 0 0
 608.249195376 9.35582437225345e-006 0 0
 611.631612913 3.26457026618276e-005 0 0
 615.01359974 9.54195262434574e-005 0 0
 618.395144325 -1.85912578027114e-007 0 0
 621.776235136 0.00011821071468211 0 0
 625.156860641 -7.28230070614055e-005 0 0
 628.537009308 9.93309335477198e-005 0 0
 631.916669605 0.000122408745751694 0 0
 635.29583 0.000136814229533929 0 0
 638.674478961 -7.5994537316564e-005 0 0
 642.052604956 1.24723093337151e-007 0 0
 645.430196453 -0.000117658294948721 0 0
 648.80724192 5.31926007873034e-005 0 0
 652.183729825 0.000163103972460753 0 0
 655.559648636 9.17095643719114e-005 0 0
 658.934986821 5.78421872126159e-005 0 0
 662.309732848 0.000155482798275286 0 0
 665.683875185 0.000156873251096786 0 0
 669.0574023 0.000176343941994622 0 0
 672.430302661 -5.74167164339365e-005 0 0
 675.802564736 -0.000204281146741654 0 0
 679.174176993 -5.46966802932625e-006 0 0
 682.5451279 0.000127121860484287 0 0
 685.915405925 -4.07237029433572e-005 0 0
 689.284999536 -4.43532084875512e-005 0 0
 692.653897201 -0.000125429158949593 0 0
 696.022087388 9.17177989438714e-005 0 0
 699.389558565 0.000136648030468439 0 0
 702.7562992 -5.71876197133607e-005 0 0
 706.122297761 0.000161787341958864 0 0
 709.487542716 2.09407336140717e-005 0 0
 712.852022533 0.000114763168405684 0 0
 716.21572568 5.62009446772099e-005 0 0
 719.578640625 0.000201082728901762 0 0
 722.940755836 0.000114974220346123 0 0
 726.302059781 2.25605468940805e-005 0 0
 729.662540928 -9.90398038783669e-005 0 0
 733.022187745 0.000191524776421865 0 0
 736.3809887 2.13291849465092e-005 0 0
 739.738932261 0.000157063114811693 0 0
 743.096006896 0.000128914328620945 0 0
 746.452201073 -0.000133040490990133 0 0
 749.80750326 -0.000842598447334636 0 0
 753.161901925 0.000116258339339345 0 0
 756.515385536 7.14052261768225e-005 0 0
 759.867942561 3.33370574122017e-005 0 0
 763.219561468 -2.18716463522414e-005 0 0
 766.570230725 0.000183975374135421 0 0
 769.9199388 -9.06876325732731e-005 0 0
 773.268674161 0.000121679049929281 0 0
 776.616425276 -4.09494800970448e-005 0 0
 779.963180613 -3.54223091587249e-006 0 0
 783.30892864 0.000175151413643957 0 0
 786.653657825 -0.000104828818696298 0 0
 789.997356636 0.000110071798907939 0 0
 793.340013541 -7.92827863852878e-005 0 0
 796.681617008 0.0002871475032845 0 0
 800.022155505 6.03311138450327e-005 0 0
 803.3616175 0.000142573297864571 0 0
 806.699991461 0.000125375969874629 0 0
 810.037265856 3.39600680447087e-005 0 0
 813.373429153 -8.56880483899009e-006 0 0
 816.70846982 0.000109510685127105 0 0
 820.042376325 0.000138192474665673 0 0
 823.375137136 0.000239688238452393 0 0
 826.706740721 -6.65103282457057e-005 0 0
 830.037175548 -0.000213510382246023 0 0
 833.366430085 0.000109286600888514 0 0
 836.6944928 0.000253841615462693 0 0
 840.021352161 8.13666715988096e-005 0 0
 843.346996636 -1.42589150001222e-005 0 0
 846.671414693 3.94056239773477e-005 0 0
 849.9945948 5.25030853554798e-005 0 0
 853.316525425 5.47125201733256e-005 0 0
 856.637195036 -0.000154047653089381 0 0
 859.956592101 -0.000199921184117582 0 0
 863.274705088 -2.87870361539217e-005 0 0
 866.591522465 0.000244792982287063 0 0
 869.9070327 -0.000136634941835567 0 0
 873.221224261 -0.000152965470169963 0 0
 876.534085616 9.98006556260809e-005 0 0
 879.845605233 0.000270111366211148 0 0
 883.15577158 0.000838812088791429 0 0
 886.464573125 0.000561791193738012 0 0
 889.771998336 -0.000624394521062769 0 0
 893.078035681 0.000102065052589721 0 0
 896.382673628 0.00082778674933424 0 0
 899.685900645 0.000425092258444741 0 0
 902.9877052 0.000627666801149231 0 0
 906.288075761 -0.000431034719738731 0 0
 909.587000796 -4.84302040183931e-005 0 0
 912.884468773 0.000250326322319931 0 0
 916.18046816 -0.000169917753130784 0 0
 919.474987425 0.000530024926721231 0 0
 922.768015036 0.000464651874006266 0 0
 926.059539461 0.000365361287411568 0 0
 929.349549168 3.74071527979067e-005 0 0
 932.638032625 0.000727727200593193 0 0
 935.9249783 -2.2254234888084e-005 0 0
 939.210374661 0.00107598641511889 0 0
 942.494210176 0.000807537864831203 0 0
 945.776473313 -0.000782700824986675 0 0
 949.05715254 0.00159423190437715 0 0
 952.336236325 5.48054414526684e-005 0 0
 955.613713136 0 0 0
 958.889571441 0 0 0
 962.163799708 0 0 0
 965.436386405 0 0 0
 968.70732 0 0 0
 971.976588961 0 0 0
 975.244181756 0 0 0
 978.510086853 0 0 0
 981.77429272 0 0 0
 985.036787825 0 0 0
 988.297560636 0 0 0
 991.556599621 0 0 0
 994.813893248 0 0 0
 998.069429985 0 0 0
 1001.3231983 0 0 0
 1004.575186661 0 0 0
 1007.825383536 0 0 0
 1011.073777393 0 0 0
 1014.3203567 0 0 0
 1017.565109925 0 0 0
 1020.808025536 0 0 0
 1024.049092001 0 0 0
 1027.288297788 0 0 0
 1030.525631365 0 0 0
 1033.7610812 0 0 0
 1036.994635761 0 0 0
 1040.226283516 0 0 0
 1043.456012933 0 0 0
 1046.68381248 0 0 0
 1049.909670625 0 0 0
 1053.133575836 0 0 0
 1056.355516581 0 0 0
 1059.575481328 0 0 0
 1062.793458545 0 0 0
 1066.0094367 0 0 0
 1069.223404261 0 0 0
 1072.435349696 0 0 0
 1075.645261473 0 0 0
 1078.85312806 0 0 0
 1082.058937925 0 0 0
 1085.262679536 0 0 0
 1088.464341361 0 0 0
 1091.663911868 0 0 0
 1094.861379525 0 0 0
 1098.0567328 0 0 0
 1101.249960161 0 0 0
 1104.441050076 0 0 0
 1107.629991013 0 0 0
 1110.81677144 0 0 0
 1114.001379825 0 0 0
 1117.183804636 0 0 0
 1120.364034341 0 0 0
 1123.542057408 0 0 0
 1126.717862305 0 0 0
 1129.8914375 0 0 0
 1133.062771461 0 0 0
 1136.231852656 0 0 0
 1139.398669553 0 0 0
 1142.56321062 0 0 0
 1145.725464325 0 0 0
 1148.885419136 0 0 0
[END] of [DATA]
[END] of [Spectrum]


#TBID:2021-11-22 01:00:00;SAM_84CE;RAW;

[Spectrum]
Version            = 1
IDData             = 96B1_2021-11-22_01-00-00_000_689
IDDevice           = SAM_84CE
IDDataType         = SPECTRUM
IDDataTypeSub1     = RAW
IDDataTypeSub2     = 
IDDataTypeSub3     = 
DateTime           = 2021-11-22 01:00:00
PositionLatitude   = 0
PositionLongitude  = 0
Comment            = 
CommentSub1        = 
CommentSub2        = 
CommentSub3        = 
IDMethodType       = SAM Control
MethodName         = SAM_84CE
Mission            = No Mission
MissionSub         = 1
RecordType         = 0
[Attributes]
CalFactor = 1
IDBasisSpec = 
IDDataBack = DLAB_2015-08-21_11-56-43_233_004
IDDataCal = DLAB_2015-08-26_10-05-37_585_478
IntegrationTime = 4096
P31 = -1
P31e = 0
PathLength = +INF
PathLengthCustomOn = 0
RAWDynamic = 65535
Salinity = 0
Temperature = -NAN
Unit1 = $05 $00 Pixel 
Unit2 = $03 $05 Intensity counts
Unit3 = $f0 $05 Error counts
Unit4 = $f1 $00 Status 
p999 = 468
[END] of [Attributes]
[DATA]
 0 11 0 0
 1 1178 0 0
 2 1172 0 0
 3 1179 0 0
 4 1188 0 0
 5 1187 0 0
 6 1185 0 0
 7 1181 0 0
 8 1188 0 0
 9 1193 0 0
 10 1190 0 0
 11 1190 0 0
 12 1192 0 0
 13 1189 0 0
 14 1197 0 0
 15 1193 0 0
 16 1195 0 0
 17 1191 0 0
 18 1193 0 0
 19 1192 0 0
 20 1202 0 0
 21 1200 0 0
 22 1198 0 0
 23 1206 0 0
 24 1201 0 0
 25 1201 0 0
 26 1204 0 0
 27 1210 0 0
 28 1204 0 0
 29 1199 0 0
 30 1205 0 0
 31 1208 0 0
 32 1211 0 0
 33 1212 0 0
 34 1208 0 0
 35 1214 0 0
 36 1213 0 0
 37 1221 0 0
 38 1220 0 0
 39 1214 0 0
 40 1218 0 0
 41 1216 0 0
 42 1225 0 0
 43 1221 0 0
 44 1218 0 0
 45 1225 0 0
 46 1224 0 0
 47 1232 0 0
 48 1222 0 0
 49 1220 0 0
 50 1227 0 0
 51 1226 0 0
 52 1228 0 0
 53 1231 0 0
 54 1228 0 0
 55 1227 0 0
 56 1228 0 0
 57 1230 0 0
 58 1233 0 0
 59 1230 0 0
 60 1228 0 0
 61 1235 0 0
 62 1233 0 0
 63 1234 0 0
 64 1234 0 0
 65 1232 0 0
 66 1234 0 0
 67 1237 0 0
 68 1239 0 0
 69 1240 0 0
 70 1234 0 0
 71 1242 0 0
 72 1244 0 0
 73 1242 0 0
 74 1242 0 0
 75 1239 0 0
 76 1245 0 0
 77 1251 0 0
 78 1241 0 0
 79 1247 0 0
 80 1240 0 0
 81 1244 0 0
 82 1247 0 0
 83 1241 0 0
 84 1247 0 0
 85 1246 0 0
 86 1249 0 0
 87 1245 0 0
 88 1244 0 0
 89 1252 0 0
 90 1250 0 0
 91 1250 0 0
 92 1247 0 0
 93 1245 0 0
 94 1249 0 0
 95 1244 0 0
 96 1246 0 0
 97 1252 0 0
 98 1258 0 0
 99 1254 0 0
 100 1253 0 0
 101 1251 0 0
 102 1251 0 0
 103 1259 0 0
 104 1252 0 0
 105 1254 0 0
 106 1252 0 0
 107 1253 0 0
 108 1259 0 0
 109 1259 0 0
 110 1251 0 0
 111 1257 0 0
 112 1255 0 0
 113 1255 0 0
 114 1259 0 0
 115 1255 0 0
 116 1256 0 0
 117 1258 0 0
 118 1255 0 0
 119 1259 0 0
 120 1259 0 0
 121 1256 0 0
 122 1259 0 0
 123 1253 0 0
 124 1256 0 0
 125 1259 0 0
 126 1264 0 0
 127 1261 0 0
 128 1261 0 0
 129 1262 0 0
 130 1258 0 0
 131 1269 0 0
 132 1264 0 0
 133 1263 0 0
 134 1266 0 0
 135 1264 0 0
 136 1260 0 0
 137 1264 0 0
 138 1256 0 0
 139 1268 0 0
 140 1262 0 0
 141 1268 0 0
 142 1268 0 0
 143 1263 0 0
 144 1265 0 0
 145 1269 0 0
 146 1268 0 0
 147 1261 0 0
 148 1260 0 0
 149 1264 0 0
 150 1264 0 0
 151 1263 0 0
 152 1266 0 0
 153 1265 0 0
 154 1268 0 0
 155 1269 0 0
 156 1265 0 0
 157 1267 0 0
 158 1266 0 0
 159 1269 0 0
 160 1272 0 0
 161 1274 0 0
 162 1271 0 0
 163 1274 0 0
 164 1270 0 0
 165 1269 0 0
 166 1270 0 0
 167 1268 0 0
 168 1267 0 0
 169 1272 0 0
 170 1272 0 0
 171 1275 0 0
 172 1269 0 0
 173 1268 0 0
 174 1268 0 0
 175 1271 0 0
 176 1268 0 0
 177 1268 0 0
 178 1275 0 0
 179 1269 0 0
 180 1273 0 0
 181 1270 0 0
 182 1269 0 0
 183 1271 0 0
 184 1272 0 0
 185 1269 0 0
 186 1270 0 0
 187 1272 0 0
 188 1266 0 0
 189 1274 0 0
 190 1268 0 0
 191 1271 0 0
 192 1270 0 0
 193 1272 0 0
 194 1269 0 0
 195 1270 0 0
 196 1275 0 0
 197 1269 0 0
 198 1272 0 0
 199 1277 0 0
 200 1275 0 0
 201 1276 0 0
 202 1270 0 0
 203 1276 0 0
 204 1274 0 0
 205 1281 0 0
 206 1276 0 0
 207 1278 0 0
 208 1272 0 0
 209 1271 0 0
 210 1278 0 0
 211 1276 0 0
 212 1273 0 0
 213 1276 0 0
 214 1280 0 0
 215 1279 0 0
 216 1278 0 0
 217 1271 0 0
 218 1274 0 0
 219 1279 0 0
 220 1276 0 0
 221 1277 0 0
 222 1277 0 0
 223 1278 0 0
 224 1282 0 0
 225 1276 0 0
 226 1279 0 0
 227 1276 0 0
 228 1271 0 0
 229 1284 0 0
 230 1277 0 0
 231 1280 0 0
 232 1276 0 0
 233 1277 0 0
 234 1278 0 0
 235 1276 0 0
 236 1274 0 0
 237 1281 0 0
 238 1276 0 0
 239 1278 0 0
 240 1279 0 0
 241 1282 0 0
 242 1275 0 0
 243 1282 0 0
 244 1281 0 0
 245 1276 0 0
 246 1275 0 0
 247 1279 0 0
 248 1274 0 0
 249 1284 0 0
 250 1272 0 0
 251 1276 0 0
 252 1279 0 0
 253 1276 0 0
 254 1280 0 0
 255 1331 0 0
[END] of [DATA]
[END] of [Spectrum]


#TBID:2021-11-22 01:00:00;SAM_84CE;CALIBRATED;

[Spectrum]
Version            = 1
IDData             = 96B1_2021-11-22_01-00-00_000_690
IDDevice           = SAM_84CE
IDDataType         = SPECTRUM
IDDataTypeSub1     = CALIBRATED
IDDataTypeSub2     = 
IDDataTypeSub3     = 
DateTime           = 2021-11-22 01:00:00
PositionLatitude   = 0
PositionLongitude  = 0
Comment            = 
CommentSub1        = 
CommentSub2        = 
CommentSub3        = 
IDMethodType       = SAM Control
MethodName         = SAM_84CE
Mission            = No Mission
MissionSub         = 1
RecordType         = 0
[Attributes]
CalFactor = 1
IDBasisSpec = 
IDDataBack = DLAB_2015-08-21_11-56-43_233_004
IDDataCal = DLAB_2015-08-26_10-05-37_585_478
IntegrationTime = 4096
P31 = -1
P31e = 0
PathLength = +INF
PathLengthCustomOn = 0
RAWDynamic = 65535
Salinity = 0
Temperature = -NAN
Unit1 = $01 $01 Wavelength nm
Unit2 = $03 $06 Intensity mW/(m^2 nm)
Unit3 = $f0 $06 Error mW/(m^2 nm)
Unit4 = $f1 $00 Status 
p999 = 468
[END] of [Attributes]
[DATA]
 0 11 0 0
 303.485180022 0 0 0
 306.85638880275 0 0 0
 310.228324544 0 0 0
 313.60097308125 0 0 0
 316.97432025 -0.0378947077674271 0 0
 320.34835188575 -0.0330171455886535 0 0
 323.723053824 -0.0307388461860458 0 0
 327.09841190025 -0.0278289451211082 0 0
 330.47441195 -0.0267494277907633 0 0
 333.85103980875 -0.0260983223715131 0 0
 337.228281312 -0.0252900968203103 0 0
 340.60612229525 -0.022900526482433 0 0
 343.984548594 -0.0220671802356619 0 0
 347.36354604375 -0.0195531488760958 0 0
 350.74310048 -0.0168087068633057 0 0
 354.12319773825 -0.0154163826096407 0 0
 357.503823654 -0.0142760213167092 0 0
 360.88496406275 -0.0140341029988424 0 0
 364.2666048 -0.0127984831557529 0 0
 367.64873170125 -0.0128831360846401 0 0
 371.031330602 -0.0128917298415634 0 0
 374.41438733775 -0.0132240672020786 0 0
 377.797887744 -0.0146786317680052 0 0
 381.18181765625 -0.0141200558440531 0 0
 384.56616291 -0.0143876309565219 0 0
 387.95090934075 -0.0147823883560502 0 0
 391.336042784 -0.0137330886052314 0 0
 394.72154907525 -0.0123284144795137 0 0
 398.10741405 -0.0134291889715055 0 0
 401.49362354375 -0.0119500162769439 0 0
 404.880163392 -0.0123687896177573 0 0
 408.26701943025 -0.0105954165709115 0 0
 411.654177494 -0.00926772794291007 0 0
 415.04162341875 -0.00890642764998876 0 0
 418.42934304 -0.00718702773584931 0 0
 421.81732219325 -0.00809390456319257 0 0
 425.205546714 -0.00536851325505558 0 0
 428.59400243775 -0.00649608082830118 0 0
 431.9826752 -0.00647867816518577 0 0
 435.37155083625 -0.00590271144621877 0 0
 438.760615182 -0.00579111767162704 0 0
 442.14985407275 -0.00501244691065166 0 0
 445.539253344 -0.00537016624265743 0 0
 448.92879883125 -0.00509267803434846 0 0
 452.31847637 -0.00438519144884983 0 0
 455.70827179575 -0.00586359333610436 0 0
 459.098170944 -0.00546834723221498 0 0
 462.48815965025 -0.00601888274699747 0 0
 465.87822375 -0.00636833445880166 0 0
 469.26834907875 -0.00586020918525342 0 0
 472.658521472 -0.00519291182729778 0 0
 476.04872676525 -0.00496264192379685 0 0
 479.438950794 -0.00550712736888426 0 0
 482.82917939375 -0.0063638481580593 0 0
 486.2193984 -0.00551224406631734 0 0
 489.60959364825 -0.00537520956695925 0 0
 492.999750974 -0.00523330706903537 0 0
 496.38985621275 -0.00548656456446999 0 0
 499.7798952 -0.00545055892413576 0 0
 503.16985377125 -0.00509291003374879 0 0
 506.559717762 -0.00471074368762347 0 0
 509.94947300775 -0.00589978197193694 0 0
 513.339105344 -0.00512070639469302 0 0
 516.72860060625 -0.00482234731752578 0 0
 520.11794463 -0.0045280569316899 0 0
 523.50712325075 -0.00525804516555239 0 0
 526.896122304 -0.00399560290279743 0 0
 530.28492762525 -0.00390865602177111 0 0
 533.67352505 -0.00278821527153137 0 0
 537.06190041375 -0.00271432011090643 0 0
 540.450039552 -0.00266094321872262 0 0
 543.83792830025 -0.00292375241319792 0 0
 547.225552494 -0.00336182619649762 0 0
 550.61289796875 -0.0029474965455959 0 0
 553.99995056 -0.00351250768907545 0 0
 557.38669610325 -0.00377546854612073 0 0
 560.773120434 -0.00209799122644462 0 0
 564.15920938775 -0.0028879345489482 0 0
 567.5449488 -0.00303708407724064 0 0
 570.93032450625 -0.00409549251222281 0 0
 574.315322342 -0.0038013723466467 0 0
 577.69992814275 -0.00288024072274374 0 0
 581.084127744 -0.00340981513426712 0 0
 584.46790698125 -0.00284773210689673 0 0
 587.85125169 -0.00317198707308494 0 0
 591.23414770575 -0.0030886938817096 0 0
 594.616580864 -0.00387124112924697 0 0
 597.99853700025 -0.00373646734169653 0 0
 601.38000195 -0.00271192812941727 0 0
 604.76096154875 -0.00410838310434122 0 0
 608.141401632 -0.00394720260364093 0 0
 611.52130803525 -0.00417454495282606 0 0
 614.900666594 -0.00528193928695153 0 0
 618.27946314375 -0.00358566291846398 0 0
 621.65768352 -0.00387721719583362 0 0
 625.03531355825 -0.00369547821945224 0 0
 628.412339094 -0.00398858814480159 0 0
 631.78874596275 -0.0037751408567177 0 0
 635.16452 -0.00432784607856762 0 0
 638.53964704125 -0.00446964629226955 0 0
 641.914112922 -0.00422690797106646 0 0
 645.28790347775 -0.00491680938628783 0 0
 648.661004544 -0.00379676731977672 0 0
 652.03340195625 -0.00450667742543099 0 0
 655.40508155 -0.00516535281790479 0 0
 658.77602916075 -0.00505996189330747 0 0
 662.146230624 -0.00429098552398342 0 0
 665.51567177525 -0.00305982997839179 0 0
 668.88433845 -0.00498553913767701 0 0
 672.25221648375 -0.00487086458181 0 0
 675.619291712 -0.00557120514494048 0 0
 678.98554997025 -0.00460187904721813 0 0
 682.350977094 -0.00368961736927599 0 0
 685.71555891875 -0.00384136711803207 0 0
 689.07928128 -0.00407534656793154 0 0
 692.44213001325 -0.00327330117446172 0 0
 695.804090954 -0.0045230551424744 0 0
 699.16514993775 -0.00472727537594526 0 0
 702.5252928 -0.00410420597344087 0 0
 705.88450537625 -0.0043364915163321 0 0
 709.242773502 -0.00420685157880915 0 0
 712.60008301275 -0.00440263119446899 0 0
 715.956419744 -0.00482520586985205 0 0
 719.31176953125 -0.00440663048758955 0 0
 722.66611821 -0.00346763460496446 0 0
 726.01945161575 -0.00409587608948598 0 0
 729.371755584 -0.00280598213025456 0 0
 732.72301595025 -0.00353028562836958 0 0
 736.07321855 -0.00296170956123241 0 0
 739.42234921875 -0.0031354142510914 0 0
 742.770393792 -0.00345255989371082 0 0
 746.11733810525 -0.00249024222562975 0 0
 749.463167994 -0.00290460852085032 0 0
 752.80786929375 -0.00234970136399368 0 0
 756.15142784 -0.00318085311999497 0 0
 759.49382946825 -0.00383733687424082 0 0
 762.835060014 -0.00438642696714016 0 0
 766.17510531275 -0.00331833044401247 0 0
 769.5139512 -0.0032879581789898 0 0
 772.85158351125 -0.00253876381409307 0 0
 776.187988082 -0.0023501699147432 0 0
 779.52315074775 -0.00164450641498842 0 0
 782.857057344 -0.00354064492324475 0 0
 786.18969370625 -0.00335949382411491 0 0
 789.52104567 -0.00480676694248819 0 0
 792.85109907075 -0.00402246965375188 0 0
 796.179839744 -0.00289946705842653 0 0
 799.50725352525 -0.00604443595048664 0 0
 802.83332625 -0.00346727607452862 0 0
 806.15804375375 -0.00325137458955449 0 0
 809.481391872 -0.00335589011687203 0 0
 812.80335644025 -0.00267107737855983 0 0
 816.123923294 -0.00535595948355726 0 0
 819.44307826875 -0.00344550797297609 0 0
 822.7608072 -0.0029272095346803 0 0
 826.07709592325 -0.00431574763039674 0 0
 829.391930274 -0.00493173588864297 0 0
 832.70529608775 -0.00264992277327088 0 0
 836.0171792 -0.0044293691732772 0 0
 839.32756544625 -0.00360146781146439 0 0
 842.636440662 -0.00368898678173661 0 0
 845.94379068275 -0.00437207865820958 0 0
 849.249601344 -0.00227539642017429 0 0
 852.55385848125 -0.00527435405603999 0 0
 855.85654793 -0.00434391566465196 0 0
 859.15765552575 -0.00326600971908551 0 0
 862.457167104 -0.00653887904710839 0 0
 865.75506850025 -0.00702731301293229 0 0
 869.05134555 -0.00654369073378244 0 0
 872.34598408875 -0.00754669260439397 0 0
 875.638969952 -0.00634053093754049 0 0
 878.93028897525 -0.00916039117263025 0 0
 882.219926994 -0.00954302199610217 0 0
 885.50786984375 -0.00604989907170378 0 0
 888.79410336 -0.0083456849473578 0 0
 892.07861337825 -0.0111721048504653 0 0
 895.361385734 -0.0118316861611264 0 0
 898.64240626275 -0.00796138540639629 0 0
 901.9216608 -0.0132406541916058 0 0
 905.19913518125 -0.0104359770701221 0 0
 908.474815242 -0.0125803681428026 0 0
 911.74868681775 -0.0129134022355374 0 0
 915.020735744 -0.000367748373197511 0 0
 918.29094785625 -0.00124593304487732 0 0
 921.55930899 -0.0142219068565785 0 0
 924.82580498075 -0.0181783351923598 0 0
 928.090421664 -0.0184682254602795 0 0
 931.35314487525 -0.0198612816970751 0 0
 934.61396045 -0.0073856577643897 0 0
 937.87285422375 -0.0198278794061633 0 0
 941.129812032 -0.0213358008226389 0 0
 944.38481971025 -0.017412519462823 0 0
 947.637863094 -0.0149147342483956 0 0
 950.88892801875 -0.0188502351684542 0 0
 954.13800032 0 0 0
 957.38506583325 0 0 0
 960.630110394 0 0 0
 963.87311983775 0 0 0
 967.11408 0 0 0
 970.35297671625 0 0 0
 973.589795822 0 0 0
 976.82452315275 0 0 0
 980.057144544 0 0 0
 983.28764583125 0 0 0
 986.51601285 0 0 0
 989.74223143575 0 0 0
 992.966287424 0 0 0
 996.18816665025 0 0 0
 999.40785495 0 0 0
 1002.62533815875 0 0 0
 1005.840602112 0 0 0
 1009.05363264525 0 0 0
 1012.264415594 0 0 0
 1015.47293679375 0 0 0
 1018.67918208 0 0 0
 1021.88313728825 0 0 0
 1025.084788254 0 0 0
 1028.28412081275 0 0 0
 1031.4811208 0 0 0
 1034.67577405125 0 0 0
 1037.868066402 0 0 0
 1041.05798368775 0 0 0
 1044.245511744 0 0 0
 1047.43063640625 0 0 0
 1050.61334351 0 0 0
 1053.79361889075 0 0 0
 1056.971448384 0 0 0
 1060.14681782525 0 0 0
 1063.31971305 0 0 0
 1066.49011989375 0 0 0
 1069.658024192 0 0 0
 1072.82341178025 0 0 0
 1075.986268494 0 0 0
 1079.14658016875 0 0 0
 1082.30433264 0 0 0
 1085.45951174325 0 0 0
 1088.612103314 0 0 0
 1091.76209318775 0 0 0
 1094.9094672 0 0 0
 1098.05421118625 0 0 0
 1101.196310982 0 0 0
 1104.33575242275 0 0 0
 1107.472521344 0 0 0
 1110.60660358125 0 0 0
 1113.73798497 0 0 0
 1116.86665134575 0 0 0
 1119.992588544 0 0 0
 1123.11578240025 0 0 0
 1126.23621875 0 0 0
 1129.35388342875 0 0 0
 1132.468762272 0 0 0
 1135.58084111525 0 0 0
 1138.690105794 0 0 0
 1141.79654214375 0 0 0
 1144.900136 0 0 0
[END] of [DATA]
[END] of [Spectrum]


#TBID:2021-11-22 01:00:00;SAM_84DC;RAW;

[Spectrum]
Version            = 1
IDData             = 96B1_2021-11-22_01-00-00_000_692
IDDevice           = SAM_84DC
IDDataType         = SPECTRUM
IDDataTypeSub1     = RAW
IDDataTypeSub2     = 
IDDataTypeSub3     = 
DateTime           = 2021-11-22 01:00:00
PositionLatitude   = 0
PositionLongitude  = 0
Comment            = 
CommentSub1        = 
CommentSub2        = 
CommentSub3        = 
IDMethodType       = SAM Control
MethodName         = SAM_84DC
Mission            = No Mission
MissionSub         = 1
RecordType         = 0
[Attributes]
CalFactor = 1
IDBasisSpec = 
IDDataBack = DLAB_2015-08-21_13-19-54_137_939
IDDataCal = DLAB_2015-08-24_10-46-55_592_608
IntegrationTime = 4096
P31 = -1
P31e = 0
PathLength = +INF
PathLengthCustomOn = 0
RAWDynamic = 65535
Salinity = 0
Temperature = -NAN
Unit1 = $05 $00 Pixel 
Unit2 = $03 $05 Intensity counts
Unit3 = $f0 $05 Error counts
Unit4 = $f1 $00 Status 
p999 = 468
[END] of [Attributes]
[DATA]
 0 11 0 0
 1 1305 0 0
 2 1297 0 0
 3 1305 0 0
 4 1314 0 0
 5 1305 0 0
 6 1297 0 0
 7 1305 0 0
 8 1310 0 0
 9 1301 0 0
 10 1301 0 0
 11 1306 0 0
 12 1304 0 0
 13 1305 0 0
 14 1308 0 0
 15 1308 0 0
 16 1308 0 0
 17 1314 0 0
 18 1306 0 0
 19 1309 0 0
 20 1307 0 0
 21 1303 0 0
 22 1310 0 0
 23 1309 0 0
 24 1307 0 0
 25 1309 0 0
 26 1305 0 0
 27 1309 0 0
 28 1309 0 0
 29 1308 0 0
 30 1302 0 0
 31 1310 0 0
 32 1304 0 0
 33 1310 0 0
 34 1310 0 0
 35 1309 0 0
 36 1307 0 0
 37 1310 0 0
 38 1311 0 0
 39 1313 0 0
 40 1311 0 0
 41 1313 0 0
 42 1309 0 0
 43 1313 0 0
 44 1312 0 0
 45 1314 0 0
 46 1310 0 0
 47 1313 0 0
 48 1311 0 0
 49 1307 0 0
 50 1311 0 0
 51 1304 0 0
 52 1305 0 0
 53 1309 0 0
 54 1312 0 0
 55 1306 0 0
 56 1308 0 0
 57 1308 0 0
 58 1307 0 0
 59 1312 0 0
 60 1307 0 0
 61 1306 0 0
 62 1302 0 0
 63 1308 0 0
 64 1305 0 0
 65 1308 0 0
 66 1302 0 0
 67 1305 0 0
 68 1309 0 0
 69 1309 0 0
 70 1303 0 0
 71 1307 0 0
 72 1304 0 0
 73 1307 0 0
 74 1306 0 0
 75 1306 0 0
 76 1306 0 0
 77 1307 0 0
 78 1299 0 0
 79 1309 0 0
 80 1295 0 0
 81 1302 0 0
 82 1301 0 0
 83 1307 0 0
 84 1302 0 0
 85 1306 0 0
 86 1302 0 0
 87 1302 0 0
 88 1297 0 0
 89 1298 0 0
 90 1296 0 0
 91 1304 0 0
 92 1302 0 0
 93 1299 0 0
 94 1301 0 0
 95 1296 0 0
 96 1298 0 0
 97 1302 0 0
 98 1296 0 0
 99 1300 0 0
 100 1300 0 0
 101 1296 0 0
 102 1295 0 0
 103 1301 0 0
 104 1297 0 0
 105 1294 0 0
 106 1294 0 0
 107 1299 0 0
 108 1292 0 0
 109 1300 0 0
 110 1293 0 0
 111 1294 0 0
 112 1297 0 0
 113 1295 0 0
 114 1296 0 0
 115 1301 0 0
 116 1294 0 0
 117 1292 0 0
 118 1297 0 0
 119 1297 0 0
 120 1288 0 0
 121 1294 0 0
 122 1293 0 0
 123 1296 0 0
 124 1294 0 0
 125 1290 0 0
 126 1290 0 0
 127 1293 0 0
 128 1289 0 0
 129 1296 0 0
 130 1296 0 0
 131 1292 0 0
 132 1292 0 0
 133 1290 0 0
 134 1286 0 0
 135 1293 0 0
 136 1288 0 0
 137 1287 0 0
 138 1286 0 0
 139 1289 0 0
 140 1290 0 0
 141 1291 0 0
 142 1286 0 0
 143 1284 0 0
 144 1291 0 0
 145 1287 0 0
 146 1284 0 0
 147 1284 0 0
 148 1283 0 0
 149 1288 0 0
 150 1286 0 0
 151 1288 0 0
 152 1277 0 0
 153 1285 0 0
 154 1286 0 0
 155 1286 0 0
 156 1285 0 0
 157 1287 0 0
 158 1285 0 0
 159 1283 0 0
 160 1281 0 0
 161 1283 0 0
 162 1280 0 0
 163 1278 0 0
 164 1279 0 0
 165 1277 0 0
 166 1283 0 0
 167 1286 0 0
 168 1278 0 0
 169 1282 0 0
 170 1282 0 0
 171 1286 0 0
 172 1275 0 0
 173 1282 0 0
 174 1282 0 0
 175 1287 0 0
 176 1282 0 0
 177 1280 0 0
 178 1275 0 0
 179 1281 0 0
 180 1275 0 0
 181 1276 0 0
 182 1280 0 0
 183 1272 0 0
 184 1281 0 0
 185 1281 0 0
 186 1282 0 0
 187 1274 0 0
 188 1274 0 0
 189 1274 0 0
 190 1277 0 0
 191 1277 0 0
 192 1277 0 0
 193 1277 0 0
 194 1271 0 0
 195 1271 0 0
 196 1276 0 0
 197 1274 0 0
 198 1268 0 0
 199 1279 0 0
 200 1276 0 0
 201 1279 0 0
 202 1271 0 0
 203 1271 0 0
 204 1272 0 0
 205 1279 0 0
 206 1275 0 0
 207 1276 0 0
 208 1264 0 0
 209 1271 0 0
 210 1273 0 0
 211 1275 0 0
 212 1269 0 0
 213 1268 0 0
 214 1268 0 0
 215 1270 0 0
 216 1266 0 0
 217 1269 0 0
 218 1266 0 0
 219 1267 0 0
 220 1268 0 0
 221 1275 0 0
 222 1270 0 0
 223 1270 0 0
 224 1266 0 0
 225 1276 0 0
 226 1269 0 0
 227 1265 0 0
 228 1264 0 0
 229 1273 0 0
 230 1271 0 0
 231 1271 0 0
 232 1267 0 0
 233 1264 0 0
 234 1268 0 0
 235 1268 0 0
 236 1262 0 0
 237 1267 0 0
 238 1261 0 0
 239 1268 0 0
 240 1267 0 0
 241 1267 0 0
 242 1263 0 0
 243 1264 0 0
 244 1264 0 0
 245 1265 0 0
 246 1262 0 0
 247 1265 0 0
 248 1271 0 0
 249 1268 0 0
 250 1257 0 0
 251 1266 0 0
 252 1262 0 0
 253 1269 0 0
 254 1266 0 0
 255 1319 0 0
[END] of [DATA]
[END] of [Spectrum]


#TBID:2021-11-22 01:00:00;SAM_84DC;CALIBRATED;

[Spectrum]
Version            = 1
IDData             = 96B1_2021-11-22_01-00-00_000_693
IDDevice           = SAM_84DC
IDDataType         = SPECTRUM
IDDataTypeSub1     = CALIBRATED
IDDataTypeSub2     = 
IDDataTypeSub3     = 
DateTime           = 2021-11-22 01:00:00
PositionLatitude   = 0
PositionLongitude  = 0
Comment            = 
CommentSub1        = 
CommentSub2        = 
CommentSub3        = 
IDMethodType       = SAM Control
MethodName         = SAM_84DC
Mission            = No Mission
MissionSub         = 1
RecordType         = 0
[Attributes]
CalFactor = 1
IDBasisSpec = 
IDDataBack = DLAB_2015-08-21_13-19-54_137_939
IDDataCal = DLAB_2015-08-24_10-46-55_592_608
IntegrationTime = 4096
P31 = -1
P31e = 0
PathLength = +INF
PathLengthCustomOn = 0
RAWDynamic = 65535
Salinity = 0
Temperature = -NAN
Unit1 = $01 $01 Wavelength nm
Unit2 = $03 $03 Intensity mW/(m^2 nm Sr)
Unit3 = $f0 $03 Error mW/(m^2 nm Sr)
Unit4 = $f1 $00 Status 
p999 = 468
[END] of [Attributes]
[DATA]
 0 11 0 0
 305.71650776488 0 0 0
 309.04007505697 0 0 0
 312.36416914304 0 0 0
 315.68877841375 0 0 0
 319.01389125976 0.00218251332724243 0 0
 322.33949607173 0.00196576287044951 0 0
 325.66558124032 0.00173102033369819 0 0
 328.99213515619 0.00186802811725475 0 0
 332.31914621 0.00133695037040378 0 0
 335.64660279241 0.0013336787065085 0 0
 338.97449329408 0.0012977163594898 0 0
 342.30280610567 0.00128488967091905 0 0
 345.63152961784 0.00118774541398737 0 0
 348.96065222125 0.000936207107167063 0 0
 352.29016230656 0.00113386752055571 0 0
 355.62004826443 0.000906680617796347 0 0
 358.95029848552 0.00088663787452918 0 0
 362.28090136049 0.000885801517927545 0 0
 365.61184528 0.000911738239358526 0 0
 368.94311863471 0.000950616121565693 0 0
 372.27470981528 0.000968515506450919 0 0
 375.60660721237 0.000967260298172234 0 0
 378.93879921664 0.000978649692187965 0 0
 382.27127421875 0.00097234444480286 0 0
 385.60402060936 0.00115054868654711 0 0
 388.93702677913 0.00092783865301399 0 0
 392.27028111872 0.000979866855548917 0 0
 395.60377201879 0.00107598299754577 0 0
 398.93748787 0.00102257138024422 0 0
 402.27141706301 0.000894174956231309 0 0
 405.60554798848 0.000817674018195052 0 0
 408.93986903707 0.000713003725304705 0 0
 412.27436859944 0.000820561016403356 0 0
 415.60903506625 0.000686935801563114 0 0
 418.94385682816 0.000707966421845196 0 0
 422.27882227583 0.000517462396974346 0 0
 425.61391979992 0.000550214459678603 0 0
 428.94913779109 0.000574195326492407 0 0
 432.28446464 0.000619318522947128 0 0
 435.61988873731 0.000458899042162648 0 0
 438.95539847368 0.000546218542940173 0 0
 442.29098223977 0.000520035952253744 0 0
 445.62662842624 0.000542372017594029 0 0
 448.96232542375 0.000519843252573934 0 0
 452.29806162296 0.000568343329828103 0 0
 455.63382541453 0.000491573372899312 0 0
 458.96960518912 0.000519712601347935 0 0
 462.30538933739 0.000609506689134873 0 0
 465.64116625 0.00056589123481979 0 0
 468.97692431761 0.000645689603323392 0 0
 472.31265193088 0.000539776060063066 0 0
 475.64833748047 0.000544451397118319 0 0
 478.98396935704 0.000632713359794377 0 0
 482.31953595125 0.000673606210974382 0 0
 485.65502565376 0.00054907984813754 0 0
 488.99042685523 0.000606593192589797 0 0
 492.32572794632 0.000556891259022894 0 0
 495.66091731769 0.000549735408535965 0 0
 498.99598336 0.000526859598383061 0 0
 502.33091446391 0.000544987713895454 0 0
 505.66569902008 0.000489243509285639 0 0
 509.00032541917 0.000522090030469984 0 0
 512.33478205184 0.000540054973529598 0 0
 515.66905730875 0.000476896951588958 0 0
 519.00313958056 0.000538854552280172 0 0
 522.33701725793 0.000545461402264514 0 0
 525.67067873152 0.000439022962716387 0 0
 529.00411239199 0.000454056513702573 0 0
 532.33730663 0.000494951017025556 0 0
 535.67024983621 0.000376456655452654 0 0
 539.00293040128 0.000380625831424788 0 0
 542.33533671587 0.000423288793643458 0 0
 545.66745717064 0.000408527845226871 0 0
 548.99928015625 0.000386476909053669 0 0
 552.33079406336 0.000470782802674695 0 0
 555.66198728263 0.000415962058403388 0 0
 558.99284820472 0.000442463441996099 0 0
 562.32336522029 0.000439380394936597 0 0
 565.65352672 0.000446262981828072 0 0
 568.98332109451 0.000373595885494979 0 0
 572.31273673448 0.000378386234019698 0 0
 575.64176203057 0.000461013664807278 0 0
 578.97038537344 0.000501407813193517 0 0
 582.29859515375 0.000543326293589861 0 0
 585.62637976216 0.000429476830075039 0 0
 588.95372758933 0.000461893606426073 0 0
 592.28062702592 0.000458175968700251 0 0
 595.60706646259 0.000464823046467624 0 0
 598.93303429 0.000395972042258868 0 0
 602.25851889881 0.000515765070527688 0 0
 605.58350867968 0.000544455489893673 0 0
 608.90799202327 0.000526414533732271 0 0
 612.23195732024 0.000503191508169566 0 0
 615.55539296125 0.000481783877260714 0 0
 618.87828733696 0.000424839943486109 0 0
 622.20062883803 0.000546488544737764 0 0
 625.52240585512 0.000488793548335852 0 0
 628.84360677889 0.000530525587981025 0 0
 632.16422 0.000560623273516727 0 0
 635.48423390911 0.000552132129489961 0 0
 638.80363689688 0.00057158380094253 0 0
 642.12241735397 0.000505667658032385 0 0
 645.44056367104 0.000656532474196134 0 0
 648.75806423875 0.000598029419748902 0 0
 652.07490744776 0.000487548503447009 0 0
 655.39108168873 0.000521160861208198 0 0
 658.70657535232 0.000485824607584886 0 0
 662.02137682919 0.000484080471809249 0 0
 665.33547451 0.000622922214709122 0 0
 668.64885678541 0.000556919189444617 0 0
 671.96151204608 0.000517123262729535 0 0
 675.27342868267 0.000595094560345011 0 0
 678.58459508584 0.000684105151604716 0 0
 681.89499964625 0.0005618385671638 0 0
 685.20463075456 0.000618340745747972 0 0
 688.51347680143 0.000601593582032293 0 0
 691.82152617752 0.000574719803467694 0 0
 695.12876727349 0.000728102567223944 0 0
 698.43518848 0.000680448674024989 0 0
 701.74077818771 0.00067295635449049 0 0
 705.04552478728 0.000468710877242627 0 0
 708.34941666937 0.000663986627739702 0 0
 711.65244222464 0.000598921114340925 0 0
 714.95458984375 0.000559543112721308 0 0
 718.25584791736 0.000607019374581145 0 0
 721.55620483613 0.000481150757900718 0 0
 724.85564899072 0.000570567681747548 0 0
 728.15416877179 0.000556534604186619 0 0
 731.45175257 0.000722614948165573 0 0
 734.74838877601 0.000574618566464779 0 0
 738.04406578048 0.000640173067503802 0 0
 741.33877197407 0.000569159231281876 0 0
 744.63249574744 0.000572442164946778 0 0
 747.92522549125 0.000531791609847458 0 0
 751.21694959616 0.000617121574404732 0 0
 754.50765645283 0.000677184311468221 0 0
 757.79733445192 0.000519238888982147 0 0
 761.08597198409 0.000623628099511133 0 0
 764.37355744 0.000626186302099299 0 0
 767.66007921031 0.000727357900907498 0 0
 770.94552568568 0.00060027158826106 0 0
 774.22988525677 0.000658537851580529 0 0
 777.51314631424 0.0004981288864291 0 0
 780.79529724875 0.000746634322139779 0 0
 784.07632645096 0.000777838737490785 0 0
 787.35622231153 0.000664558743419017 0 0
 790.63497322112 0.000650543113612092 0 0
 793.91256757039 0.000523889661239653 0 0
 797.18899375 0.000748902294588158 0 0
 800.46424015061 0.000862456183424185 0 0
 803.73829516288 0.000772240990970744 0 0
 807.01114717747 0.000485316717279401 0 0
 810.28278458504 0.000650913837183251 0 0
 813.55319577625 0.000792814374289394 0 0
 816.82236914176 0.000879349842118796 0 0
 820.09029307223 0.00105166860145497 0 0
 823.35695595832 0.000827479611686121 0 0
 826.62234619069 0.00099726595344976 0 0
 829.88645216 0.000799117282485183 0 0
 833.14926225691 0.000765797868519518 0 0
 836.41076487208 0.00119285317184051 0 0
 839.67094839617 0.00127422672513592 0 0
 842.92980121984 0.00100136997093455 0 0
 846.18731173375 0.00100275296593004 0 0
 849.44346832856 0.000803213068900357 0 0
 852.69825939493 0.000889375613292828 0 0
 855.95167332352 0.00128613860381955 0 0
 859.20369850499 0.000939855458401202 0 0
 862.45432333 0.00123483302401441 0 0
 865.70353618921 0.00135276878407055 0 0
 868.95132547328 0.00133022901004294 0 0
 872.19767957287 0.00155906411896172 0 0
 875.44258687864 0.00130642372167745 0 0
 878.68603578125 0.0015636903995002 0 0
 881.92801467136 0.00232831690807637 0 0
 885.16851193963 0.00163613463317026 0 0
 888.40751597672 0.00185676581847847 0 0
 891.64501517329 0.00113955606677684 0 0
 894.88099792 0.00236523777348134 0 0
 898.11545260751 0.00168754166566234 0 0
 901.34836762648 0.00191157631440688 0 0
 904.57973136757 0.00205310126015724 0 0
 907.80953222144 0.00112228697514919 0 0
 911.03775857875 0.00244637275645398 0 0
 914.26439883016 0.00240899111403695 0 0
 917.48944136633 0.00245641975398703 0 0
 920.71287457792 0.00148001730737482 0 0
 923.93468685559 0.00238329663133411 0 0
 927.15486659 0.00261031834231418 0 0
 930.37340217181 0.00289248259145856 0 0
 933.59028199168 0.00260233308655329 0 0
 936.80549444027 0.00115159484330087 0 0
 940.01902790824 0.00237563173673703 0 0
 943.23087078625 0.00190422328047082 0 0
 946.44101146496 0.00278020607787932 0 0
 949.64943833503 0.00190275954035331 0 0
 952.85613978712 0.00243419650360411 0 0
 956.06110421189 0 0 0
 959.26432 0 0 0
 962.46577554211 0 0 0
 965.66545922888 0 0 0
 968.86335945097 0 0 0
 972.05946459904 0 0 0
 975.25376306375 0 0 0
 978.44624323576 0 0 0
 981.63689350573 0 0 0
 984.82570226432 0 0 0
 988.01265790219 0 0 0
 991.19774881 0 0 0
 994.38096337841 0 0 0
 997.56228999808 0 0 0
 1000.74171705967 0 0 0
 1003.91923295384 0 0 0
 1007.09482607125 0 0 0
 1010.26848480256 0 0 0
 1013.44019753843 0 0 0
 1016.60995266952 0 0 0
 1019.77773858649 0 0 0
 1022.94354368 0 0 0
 1026.10735634071 0 0 0
 1029.26916495928 0 0 0
 1032.42895792637 0 0 0
 1035.58672363264 0 0 0
 1038.74245046875 0 0 0
 1041.89612682536 0 0 0
 1045.04774109313 0 0 0
 1048.19728166272 0 0 0
 1051.34473692479 0 0 0
 1054.49009527 0 0 0
 1057.63334508901 0 0 0
 1060.77447477248 0 0 0
 1063.91347271107 0 0 0
 1067.05032729544 0 0 0
 1070.18502691625 0 0 0
 1073.31755996416 0 0 0
 1076.44791482983 0 0 0
 1079.57607990392 0 0 0
 1082.70204357709 0 0 0
 1085.82579424 0 0 0
 1088.94732028331 0 0 0
 1092.06661009768 0 0 0
 1095.18365207377 0 0 0
 1098.29843460224 0 0 0
 1101.41094607375 0 0 0
 1104.52117487896 0 0 0
 1107.62910940853 0 0 0
 1110.73473805312 0 0 0
 1113.83804920339 0 0 0
 1116.93903125 0 0 0
 1120.03767258361 0 0 0
 1123.13396159488 0 0 0
 1126.22788667447 0 0 0
 1129.31943621304 0 0 0
 1132.40859860125 0 0 0
 1135.49536222976 0 0 0
[END] of [DATA]
[END] of [Spectrum]


#TBID:2021-11-22 01:00:00;SAM_84C8;RAW;

[Spectrum]
Version            = 1
IDData             = 96B1_2021-11-22_01-00-00_000_695
IDDevice           = SAM_84C8
IDDataType         = SPECTRUM
IDDataTypeSub1     = RAW
IDDataTypeSub2     = 
IDDataTypeSub3     = 
DateTime           = 2021-11-22 01:00:00
PositionLatitude   = 0
PositionLongitude  = 0
Comment            = 
CommentSub1        = 
CommentSub2        = 
CommentSub3        = 
IDMethodType       = SAM Control
MethodName         = SAM_84C8
Mission            = No Mission
MissionSub         = 1
RecordType         = 0
[Attributes]
CalFactor = 1
IDBasisSpec = 
IDDataBack = DLAB_2015-08-21_12-14-03_013_778
IDDataCal = DLAB_2015-08-24_11-04-47_772_747
IntegrationTime = 4096
P31 = -1
P31e = 0
PathLength = +INF
PathLengthCustomOn = 0
RAWDynamic = 65535
Salinity = 0
Temperature = -NAN
Unit1 = $05 $00 Pixel 
Unit2 = $03 $05 Intensity counts
Unit3 = $f0 $05 Error counts
Unit4 = $f1 $00 Status 
p999 = 468
[END] of [Attributes]
[DATA]
 0 11 0 0
 1 1166 0 0
 2 1157 0 0
 3 1165 0 0
 4 1168 0 0
 5 1163 0 0
 6 1168 0 0
 7 1163 0 0
 8 1165 0 0
 9 1162 0 0
 10 1162 0 0
 11 1168 0 0
 12 1167 0 0
 13 1163 0 0
 14 1164 0 0
 15 1166 0 0
 16 1166 0 0
 17 1172 0 0
 18 1166 0 0
 19 1172 0 0
 20 1164 0 0
 21 1174 0 0
 22 1170 0 0
 23 1176 0 0
 24 1169 0 0
 25 1170 0 0
 26 1167 0 0
 27 1171 0 0
 28 1169 0 0
 29 1172 0 0
 30 1173 0 0
 31 1176 0 0
 32 1173 0 0
 33 1170 0 0
 34 1168 0 0
 35 1173 0 0
 36 1178 0 0
 37 1176 0 0
 38 1174 0 0
 39 1174 0 0
 40 1174 0 0
 41 1177 0 0
 42 1174 0 0
 43 1173 0 0
 44 1169 0 0
 45 1179 0 0
 46 1178 0 0
 47 1176 0 0
 48 1177 0 0
 49 1178 0 0
 50 1175 0 0
 51 1176 0 0
 52 1179 0 0
 53 1170 0 0
 54 1169 0 0
 55 1182 0 0
 56 1183 0 0
 57 1175 0 0
 58 1176 0 0
 59 1175 0 0
 60 1174 0 0
 61 1182 0 0
 62 1184 0 0
 63 1181 0 0
 64 1179 0 0
 65 1179 0 0
 66 1181 0 0
 67 1178 0 0
 68 1183 0 0
 69 1181 0 0
 70 1181 0 0
 71 1182 0 0
 72 1182 0 0
 73 1181 0 0
 74 1182 0 0
 75 1184 0 0
 76 1182 0 0
 77 1185 0 0
 78 1185 0 0
 79 1183 0 0
 80 1188 0 0
 81 1189 0 0
 82 1182 0 0
 83 1182 0 0
 84 1187 0 0
 85 1182 0 0
 86 1186 0 0
 87 1187 0 0
 88 1184 0 0
 89 1181 0 0
 90 1188 0 0
 91 1185 0 0
 92 1186 0 0
 93 1177 0 0
 94 1188 0 0
 95 1182 0 0
 96 1189 0 0
 97 1183 0 0
 98 1187 0 0
 99 1181 0 0
 100 1183 0 0
 101 1185 0 0
 102 1184 0 0
 103 1184 0 0
 104 1184 0 0
 105 1190 0 0
 106 1182 0 0
 107 1178 0 0
 108 1182 0 0
 109 1186 0 0
 110 1192 0 0
 111 1189 0 0
 112 1182 0 0
 113 1187 0 0
 114 1185 0 0
 115 1190 0 0
 116 1186 0 0
 117 1182 0 0
 118 1181 0 0
 119 1189 0 0
 120 1184 0 0
 121 1189 0 0
 122 1183 0 0
 123 1186 0 0
 124 1182 0 0
 125 1189 0 0
 126 1185 0 0
 127 1194 0 0
 128 1184 0 0
 129 1183 0 0
 130 1190 0 0
 131 1179 0 0
 132 1182 0 0
 133 1214 0 0
 134 1188 0 0
 135 1184 0 0
 136 1184 0 0
 137 1185 0 0
 138 1183 0 0
 139 1192 0 0
 140 1186 0 0
 141 1182 0 0
 142 1187 0 0
 143 1184 0 0
 144 1189 0 0
 145 1188 0 0
 146 1188 0 0
 147 1184 0 0
 148 1187 0 0
 149 1185 0 0
 150 1184 0 0
 151 1179 0 0
 152 1188 0 0
 153 1187 0 0
 154 1182 0 0
 155 1182 0 0
 156 1184 0 0
 157 1188 0 0
 158 1187 0 0
 159 1184 0 0
 160 1183 0 0
 161 1182 0 0
 162 1188 0 0
 163 1189 0 0
 164 1185 0 0
 165 1187 0 0
 166 1186 0 0
 167 1190 0 0
 168 1185 0 0
 169 1191 0 0
 170 1186 0 0
 171 1182 0 0
 172 1187 0 0
 173 1182 0 0
 174 1183 0 0
 175 1187 0 0
 176 1182 0 0
 177 1188 0 0
 178 1181 0 0
 179 1186 0 0
 180 1183 0 0
 181 1183 0 0
 182 1188 0 0
 183 1181 0 0
 184 1182 0 0
 185 1190 0 0
 186 1188 0 0
 187 1182 0 0
 188 1186 0 0
 189 1184 0 0
 190 1173 0 0
 191 1182 0 0
 192 1185 0 0
 193 1180 0 0
 194 1186 0 0
 195 1188 0 0
 196 1187 0 0
 197 1180 0 0
 198 1182 0 0
 199 1183 0 0
 200 1182 0 0
 201 1184 0 0
 202 1186 0 0
 203 1179 0 0
 204 1184 0 0
 205 1184 0 0
 206 1187 0 0
 207 1186 0 0
 208 1186 0 0
 209 1187 0 0
 210 1174 0 0
 211 1188 0 0
 212 1190 0 0
 213 1185 0 0
 214 1188 0 0
 215 1180 0 0
 216 1184 0 0
 217 1179 0 0
 218 1189 0 0
 219 1182 0 0
 220 1182 0 0
 221 1186 0 0
 222 1188 0 0
 223 1184 0 0
 224 1188 0 0
 225 1188 0 0
 226 1184 0 0
 227 1192 0 0
 228 1183 0 0
 229 1181 0 0
 230 1181 0 0
 231 1190 0 0
 232 1182 0 0
 233 1184 0 0
 234 1185 0 0
 235 1183 0 0
 236 1187 0 0
 237 1186 0 0
 238 1179 0 0
 239 1184 0 0
 240 1187 0 0
 241 1190 0 0
 242 1186 0 0
 243 1183 0 0
 244 1184 0 0
 245 1186 0 0
 246 1183 0 0
 247 1185 0 0
 248 1186 0 0
 249 1182 0 0
 250 1182 0 0
 251 1183 0 0
 252 1184 0 0
 253 1184 0 0
 254 1181 0 0
 255 1230 0 0
[END] of [DATA]
[END] of [Spectrum]


#TBID:2021-11-22 01:00:00;SAM_84C8;CALIBRATED;

[Spectrum]
Version            = 1
IDData             = 96B1_2021-11-22_01-00-00_000_696
IDDevice           = SAM_84C8
IDDataType         = SPECTRUM
IDDataTypeSub1     = CALIBRATED
IDDataTypeSub2     = 
IDDataTypeSub3     = 
DateTime           = 2021-11-22 01:00:00
PositionLatitude   = 0
PositionLongitude  = 0
Comment            = 
CommentSub1        = 
CommentSub2        = 
CommentSub3        = 
IDMethodType       = SAM Control
MethodName         = SAM_84C8
Mission            = No Mission
MissionSub         = 1
RecordType         = 0
[Attributes]
CalFactor = 1
IDBasisSpec = 
IDDataBack = DLAB_2015-08-21_12-14-03_013_778
IDDataCal = DLAB_2015-08-24_11-04-47_772_747
IntegrationTime = 4096
P31 = -1
P31e = 0
PathLength = +INF
PathLengthCustomOn = 0
RAWDynamic = 65535
Salinity = 0
Temperature = -NAN
Unit1 = $01 $01 Wavelength nm
Unit2 = $03 $03 Intensity mW/(m^2 nm Sr)
Unit3 = $f0 $03 Error mW/(m^2 nm Sr)
Unit4 = $f1 $00 Status 
p999 = 468
[END] of [Attributes]
[DATA]
 0 11 0 0
 303.516048156 0 0 0
 306.890006053 0 0 0
 310.26457112 0 0 0
 313.639731825 0 0 0
 317.015476636 -0.000658382253496822 0 0
 320.391794021 -0.000492837660678276 0 0
 323.768672448 -0.000484769065620318 0 0
 327.146100385 -0.00031033167021623 0 0
 330.5240663 -0.000452122729967996 0 0
 333.902558661 -0.000224438493309747 0 0
 337.281565936 -0.000312210617769732 0 0
 340.661076593 -0.00042624059981844 0 0
 344.0410791 -0.000282090811478412 0 0
 347.421561925 -0.000240206046145349 0 0
 350.802513536 -0.000243851716028904 0 0
 354.183922401 -0.000232058340906498 0 0
 357.565776988 -0.000145049452182193 0 0
 360.948065765 -0.000220313575755131 0 0
 364.3307772 -0.00011566255940678 0 0
 367.713899761 -0.000196244940695443 0 0
 371.097421916 -6.31550702390356e-005 0 0
 374.481332133 -0.000173760329111362 0 0
 377.86561888 -7.1052547288333e-005 0 0
 381.250270625 -0.000248576558997505 0 0
 384.635275836 -0.000163846936795905 0 0
 388.020622981 -7.55487771170419e-005 0 0
 391.406300528 -9.37884670719208e-005 0 0
 394.792296945 -0.000211880370371472 0 0
 398.1786007 -0.000100881713008495 0 0
 401.565200261 -0.000149373554342078 0 0
 404.952084096 -3.31845225576423e-005 0 0
 408.339240673 -8.40136625498391e-005 0 0
 411.72665846 -5.80766893330222e-005 0 0
 415.114325925 -9.57075135910746e-005 0 0
 418.502231536 8.28553844344479e-006 0 0
 421.890363761 7.68819801244534e-008 0 0
 425.278711068 -0.000172946937552745 0 0
 428.667261925 -6.09125268011673e-005 0 0
 432.0560048 2.83637650745235e-005 0 0
 435.444928161 -4.39130927075782e-006 0 0
 438.834020476 -1.20897593899344e-005 0 0
 442.223270213 -8.7089880386752e-006 0 0
 445.61266584 -6.03684932020532e-005 0 0
 449.002195825 -4.72624053578864e-005 0 0
 452.391848636 -3.66546359630542e-005 0 0
 455.781612741 -2.46076434508691e-006 0 0
 459.171476608 -4.3678315669643e-006 0 0
 462.561428705 -3.52225026925721e-005 0 0
 465.9514575 -7.00870712441456e-005 0 0
 469.341551461 5.74454644132454e-006 0 0
 472.731699056 -6.0380751169227e-005 0 0
 476.121888753 -1.32855883530093e-005 0 0
 479.51210902 -0.000100175332800416 0 0
 482.902348325 2.56377267694495e-005 0 0
 486.292595136 5.2869140311372e-005 0 0
 489.682837921 4.23521904693801e-005 0 0
 493.073065148 -0.000126641174803999 0 0
 496.463265285 -1.66728165176142e-005 0 0
 499.8534268 4.43255970901211e-005 0 0
 503.243538161 -1.02560971465576e-005 0 0
 506.633587836 5.72737822583172e-005 0 0
 510.023564293 -7.99737580116899e-005 0 0
 513.413456 -1.80971420473262e-005 0 0
 516.803251425 9.41958917010339e-005 0 0
 520.192939036 4.47322140644169e-005 0 0
 523.582507301 -9.46428527345325e-006 0 0
 526.971944688 -1.53654370655571e-005 0 0
 530.361239665 -8.46065301647682e-006 0 0
 533.7503807 4.73736617079609e-005 0 0
 537.139356261 -3.36340590399126e-005 0 0
 540.528154816 2.13316572145838e-005 0 0
 543.916764833 -4.27776059639523e-005 0 0
 547.30517478 1.78834217941285e-005 0 0
 550.693373125 4.1231118527256e-005 0 0
 554.081348336 3.55565965217266e-005 0 0
 557.469088881 1.81925687611275e-005 0 0
 560.856583228 5.09034340928848e-005 0 0
 564.243819845 5.15547129931863e-005 0 0
 567.6307872 1.81242319973947e-005 0 0
 571.017473761 8.49780191517674e-005 0 0
 574.403867996 0.000131175025725742 0 0
 577.789958373 -5.18367619263321e-005 0 0
 581.17573336 -1.82445683351841e-005 0 0
 584.561181425 2.73675454988178e-005 0 0
 587.946291036 5.05648829742803e-005 0 0
 591.331050661 9.22300778663681e-005 0 0
 594.715448768 4.91987409582016e-005 0 0
 598.099473825 6.01541177226936e-005 0 0
 601.4831143 3.95651112720534e-005 0 0
 604.866358661 1.14016579177131e-005 0 0
 608.249195376 1.80462009101339e-005 0 0
 611.631612913 4.14045687581875e-005 0 0
 615.01359974 -6.66574077490033e-006 0 0
 618.395144325 8.67974741107258e-006 0 0
 621.776235136 1.43479755919859e-005 0 0
 625.156860641 3.42832971585018e-005 0 0
 628.537009308 2.51721622955784e-005 0 0
 631.916669605 0.000114787479137744 0 0
 635.29583 4.06013659339479e-005 0 0
 638.674478961 -0.000102329855834352 0 0
 642.052604956 -0.000139549375103061 0 0
 645.430196453 -3.00401077244707e-005 0 0
 648.80724192 6.41205770587272e-005 0 0
 652.183729825 5.39579357495283e-005 0 0
 655.559648636 2.15612831772886e-005 0 0
 658.934986821 4.86703671967777e-005 0 0
 662.309732848 -8.28370245271721e-005 0 0
 665.683875185 0.000105696683666232 0 0
 669.0574023 0.000145984782453142 0 0
 672.430302661 5.99692430398179e-005 0 0
 675.802564736 -0.000149697542654045 0 0
 679.174176993 -5.83788325132528e-005 0 0
 682.5451279 5.17472091980602e-005 0 0
 685.915405925 3.77532185666239e-005 0 0
 689.284999536 1.2532570459747e-005 0 0
 692.653897201 -0.000135388991949006 0 0
 696.022087388 1.3985334297719e-005 0 0
 699.389558565 1.27047482464518e-005 0 0
 702.7562992 1.41602809951743e-006 0 0
 706.122297761 0.000151529716310129 0 0
 709.487542716 0.000126693326219464 0 0
 712.852022533 0.000127722045037797 0 0
 716.21572568 0.000139391699961256 0 0
 719.578640625 7.34669767391648e-005 0 0
 722.940755836 0.000128014328620181 0 0
 726.302059781 3.56120929329037e-005 0 0
 729.662540928 3.18465878393974e-005 0 0
 733.022187745 8.64304214279033e-005 0 0
 736.3809887 -6.06042983358183e-005 0 0
 739.738932261 0.000266385856061865 0 0
 743.096006896 -0.000172888081167989 0 0
 746.452201073 -7.02254158129893e-005 0 0
 749.80750326 -0.000753973133905374 0 0
 753.161901925 3.97751060666801e-006 0 0
 756.515385536 3.4401968685618e-005 0 0
 759.867942561 2.17881609486573e-005 0 0
 763.219561468 -3.35829475651875e-005 0 0
 766.570230725 6.51045907904446e-005 0 0
 769.9199388 6.03114549639657e-005 0 0
 773.268674161 5.41276334390317e-005 0 0
 776.616425276 3.10449777502876e-005 0 0
 779.963180613 1.24421701419352e-005 0 0
 783.30892864 1.47192628900905e-005 0 0
 786.653657825 -5.77263150140655e-005 0 0
 789.997356636 3.3882146150759e-005 0 0
 793.340013541 3.51295678590186e-005 0 0
 796.681617008 0.000105893390606531 0 0
 800.022155505 1.05417044109646e-005 0 0
 803.3616175 0.000126716373344793 0 0
 806.699991461 3.50229709033169e-005 0 0
 810.037265856 -0.000212814287700586 0 0
 813.373429153 -2.61990658053386e-005 0 0
 816.70846982 0.000173461623206788 0 0
 820.042376325 7.66696321960173e-005 0 0
 823.375137136 0.000175885146268856 0 0
 826.706740721 -4.10228882564064e-005 0 0
 830.037175548 5.14355559888514e-005 0 0
 833.366430085 8.72413280255473e-005 0 0
 836.6944928 0.000127527026080898 0 0
 840.021352161 -0.000212229275688939 0 0
 843.346996636 -3.93379168385159e-005 0 0
 846.671414693 0.000131368201024401 0 0
 849.9945948 0.000334748597901969 0 0
 853.316525425 0.000479901559010094 0 0
 856.637195036 -4.83350460016071e-005 0 0
 859.956592101 5.29501862979558e-005 0 0
 863.274705088 8.69626455138427e-005 0 0
 866.591522465 -0.000100381753889312 0 0
 869.9070327 0.000718137338749674 0 0
 873.221224261 -0.000106115417101483 0 0
 876.534085616 -2.67903985971115e-005 0 0
 879.845605233 0.000138749252689392 0 0
 883.15577158 0.00079688559605535 0 0
 886.464573125 0.000323018897159959 0 0
 889.771998336 -0.000366046038737288 0 0
 893.078035681 5.55611099724866e-005 0 0
 896.382673628 0.000563006243801842 0 0
 899.685900645 0.000150283084512486 0 0
 902.9877052 0.000108806787275009 0 0
 906.288075761 -0.000606491801668684 0 0
 909.587000796 -0.000358130607708417 0 0
 912.884468773 0.000323826654693324 0 0
 916.18046816 -0.000508047948943033 0 0
 919.474987425 0.000465731391552948 0 0
 922.768015036 0.000701143535651582 0 0
 926.059539461 0.00109092192766506 0 0
 929.349549168 -0.00137628542461334 0 0
 932.638032625 0.000649612463800271 0 0
 935.9249783 0.000265696853704999 0 0
 939.210374661 -0.00057060890391241 0 0
 942.494210176 -0.00031347567404134 0 0
 945.776473313 -0.000662422436361687 0 0
 949.05715254 0.00103876810984099 0 0
 952.336236325 -5.05637608091357e-005 0 0
 955.613713136 0 0 0
 958.889571441 0 0 0
 962.163799708 0 0 0
 965.436386405 0 0 0
 968.70732 0 0 0
 971.976588961 0 0 0
 975.244181756 0 0 0
 978.510086853 0 0 0
 981.77429272 0 0 0
 985.036787825 0 0 0
 988.297560636 0 0 0
 991.556599621 0 0 0
 994.813893248 0 0 0
 998.069429985 0 0 0
 1001.3231983 0 0 0
 1004.575186661 0 0 0
 1007.825383536 0 0 0
 1011.073777393 0 0 0
 1014.3203567 0 0 0
 1017.565109925 0 0 0
 1020.808025536 0 0 0
 1024.049092001 0 0 0
 1027.288297788 0 0 0
 1030.525631365 0 0 0
 1033.7610812 0 0 0
 1036.994635761 0 0 0
 1040.226283516 0 0 0
 1043.456012933 0 0 0
 1046.68381248 0 0 0
 1049.909670625 0 0 0
 1053.133575836 0 0 0
 1056.355516581 0 0 0
 1059.575481328 0 0 0
 1062.793458545 0 0 0
 1066.0094367 0 0 0
 1069.223404261 0 0 0
 1072.435349696 0 0 0
 1075.645261473 0 0 0
 1078.85312806 0 0 0
 1082.058937925 0 0 0
 1085.262679536 0 0 0
 1088.464341361 0 0 0
 1091.663911868 0 0 0
 1094.861379525 0 0 0
 1098.0567328 0 0 0
 1101.249960161 0 0 0
 1104.441050076 0 0 0
 1107.629991013 0 0 0
 1110.81677144 0 0 0
 1114.001379825 0 0 0
 1117.183804636 0 0 0
 1120.364034341 0 0 0
 1123.542057408 0 0 0
 1126.717862305 0 0 0
 1129.8914375 0 0 0
 1133.062771461 0 0 0
 1136.231852656 0 0 0
 1139.398669553 0 0 0
 1142.56321062 0 0 0
 1145.725464325 0 0 0
 1148.885419136 0 0 0
[END] of [DATA]
[END] of [Spectrum]

