
#TBID:2021-07-23 02:30:00;SAM_84C8;CALIBRATED;

[Spectrum]
Version            = 1
IDData             = 96B1_2021-07-23_02-30-00_000_096
IDDevice           = SAM_84C8
IDDataType         = SPECTRUM
IDDataTypeSub1     = CALIBRATED
IDDataTypeSub2     = 
IDDataTypeSub3     = 
DateTime           = 2021-07-23 02:30:00
PositionLatitude   = 0
PositionLongitude  = 0
Comment            = 
CommentSub1        = 
CommentSub2        = 
CommentSub3        = 
IDMethodType       = SAM Control
MethodName         = SAM_84C8
Mission            = No Mission
MissionSub         = 1
RecordType         = 0
[Attributes]
CalFactor = 1
IDBasisSpec = 
IDDataBack = DLAB_2015-08-21_12-14-03_013_778
IDDataCal = DLAB_2015-08-24_11-04-47_772_747
IntegrationTime = 4096
P31 = -1
P31e = 0
PathLength = +INF
PathLengthCustomOn = 0
RAWDynamic = 65535
Salinity = 0
Temperature = -NAN
Unit1 = $01 $01 Wavelength nm
Unit2 = $03 $03 Intensity mW/(m^2 nm Sr)
Unit3 = $f0 $03 Error mW/(m^2 nm Sr)
Unit4 = $f1 $00 Status 
p999 = 608
[END] of [Attributes]
[DATA]
 0 11 0 0
 303.516048156 0 0 0
 306.890006053 0 0 0
 310.26457112 0 0 0
 313.639731825 0 0 0
 317.015476636 -0.00183214391705762 0 0
 320.391794021 -0.00158479718713443 0 0
 323.768672448 -0.00169795528080729 0 0
 327.146100385 -0.00130386515071127 0 0
 330.5240663 -0.0012349368524951 0 0
 333.902558661 -0.00116790419704185 0 0
 337.281565936 -0.00112255966892166 0 0
 340.661076593 -0.000739235826362677 0 0
 344.0410791 -0.000491691541102977 0 0
 347.421561925 -0.000557784302964813 0 0
 350.802513536 -0.000443288151321749 0 0
 354.183922401 -0.000289821651092306 0 0
 357.565776988 -0.000218549467830817 0 0
 360.948065765 -0.000196350920352829 0 0
 364.3307772 -0.000256960085350786 0 0
 367.713899761 -0.000118147631500922 0 0
 371.097421916 -0.000187719912429426 0 0
 374.481332133 -5.42335831492356e-005 0 0
 377.86561888 9.1080975662433e-005 0 0
 381.250270625 1.82394865286408e-005 0 0
 384.635275836 6.74954966134997e-005 0 0
 388.020622981 3.34946120139589e-005 0 0
 391.406300528 3.53611201282042e-005 0 0
 394.792296945 9.89064694885393e-005 0 0
 398.1786007 8.34016443525174e-005 0 0
 401.565200261 -0.000105567068628049 0 0
 404.952084096 8.88667206318887e-006 0 0
 408.339240673 8.61382770723641e-006 0 0
 411.72665846 -3.68234000460596e-005 0 0
 415.114325925 -4.42705757894085e-005 0 0
 418.502231536 -4.66451535893789e-005 0 0
 421.890363761 3.93790008999164e-006 0 0
 425.278711068 0.000106312920154518 0 0
 428.667261925 5.46114824449796e-005 0 0
 432.0560048 5.54926997410134e-005 0 0
 435.444928161 2.17928484651021e-005 0 0
 438.834020476 1.34338829756507e-005 0 0
 442.223270213 1.65382200284472e-005 0 0
 445.61266584 9.24447799649683e-006 0 0
 449.002195825 6.79740490264427e-005 0 0
 452.391848636 2.37457516460766e-005 0 0
 455.781612741 5.94770561823526e-005 0 0
 459.171476608 7.13307513025655e-005 0 0
 462.561428705 3.01315677158639e-005 0 0
 465.9514575 3.477572879514e-005 0 0
 469.341551461 7.39156344643786e-005 0 0
 472.731699056 -0.000135428143514094 0 0
 476.121888753 -6.26817943655921e-005 0 0
 479.51210902 -9.64429276599292e-005 0 0
 482.902348325 -6.61382202647871e-005 0 0
 486.292595136 -0.000123638179025461 0 0
 489.682837921 -6.6317080574594e-005 0 0
 493.073065148 -9.41994922958267e-005 0 0
 496.463265285 4.46083451645482e-005 0 0
 499.8534268 5.3068776744833e-006 0 0
 503.243538161 -2.05471843855402e-005 0 0
 506.633587836 6.11862430062355e-005 0 0
 510.023564293 7.05999589105473e-006 0 0
 513.413456 6.7173020064143e-005 0 0
 516.803251425 5.81457354483245e-005 0 0
 520.192939036 -8.05284403006315e-005 0 0
 523.582507301 -8.11560832856844e-005 0 0
 526.971944688 -7.29468934485506e-005 0 0
 530.361239665 -1.70699915391473e-005 0 0
 533.7503807 -7.90320378763356e-006 0 0
 537.139356261 -3.0425953373864e-005 0 0
 540.528154816 -6.71127955700857e-005 0 0
 543.916764833 7.43887267364333e-005 0 0
 547.30517478 9.66060240395273e-006 0 0
 550.693373125 7.86287594792163e-005 0 0
 554.081348336 7.31207403192862e-005 0 0
 557.469088881 5.60328705074315e-005 0 0
 560.856583228 0.000147511351741249 0 0
 564.243819845 5.48416201131128e-005 0 0
 567.6307872 9.36129393019848e-005 0 0
 571.017473761 0.000112878295432371 0 0
 574.403867996 9.71877696428315e-005 0 0
 577.789958373 0.000257530375423963 0 0
 581.17573336 0.000193622984813017 0 0
 584.561181425 0.000177504780850194 0 0
 587.946291036 0.000231515593255956 0 0
 591.331050661 0.000137995440528198 0 0
 594.715448768 0.000153323364087121 0 0
 598.099473825 0.000108217480799544 0 0
 601.4831143 5.87799216007282e-005 0 0
 604.866358661 4.64433281918014e-005 0 0
 608.249195376 3.8034066947252e-005 0 0
 611.631612913 9.3081878726693e-005 0 0
 615.01359974 -0.000144832869411811 0 0
 618.395144325 -1.88037985551274e-005 0 0
 621.776235136 9.94079774330386e-005 0 0
 625.156860641 0.00010417469906471 0 0
 628.537009308 9.65499796257674e-005 0 0
 631.916669605 0.00015384647053425 0 0
 635.29583 8.08536864196578e-005 0 0
 638.674478961 0.000139752495156078 0 0
 642.052604956 0.000184619613994547 0 0
 645.430196453 0.00016763507076927 0 0
 648.80724192 0.000167936351637265 0 0
 652.183729825 9.96210735572874e-005 0 0
 655.559648636 0.000190143442822428 0 0
 658.934986821 9.56759447779488e-005 0 0
 662.309732848 0.000214484307804047 0 0
 665.683875185 0.000216191545164023 0 0
 669.0574023 0.000151823082364966 0 0
 672.430302661 0.00012922695912933 0 0
 675.802564736 0.000262052688180719 0 0
 679.174176993 0.000207369470917379 0 0
 682.5451279 0.000189123589768117 0 0
 685.915405925 0.000176314033107676 0 0
 689.284999536 0.000174533375722693 0 0
 692.653897201 2.7703273416437e-005 0 0
 696.022087388 4.28215711825864e-005 0 0
 699.389558565 0.000155618941012624 0 0
 702.7562992 -1.51458723693386e-005 0 0
 706.122297761 6.56221015019858e-005 0 0
 709.487542716 -6.14224741901143e-006 0 0
 712.852022533 0.000134201483353859 0 0
 716.21572568 0.000122493577794185 0 0
 719.578640625 9.65910065787178e-006 0 0
 722.940755836 0.000134534382757208 0 0
 726.302059781 0.000230080128911302 0 0
 729.662540928 0.00036822461455404 0 0
 733.022187745 0.000424046036846008 0 0
 736.3809887 0.000350384625870696 0 0
 739.738932261 0.000393040251412667 0 0
 743.096006896 0.000270384208209504 0 0
 746.452201073 0.000256139866085657 0 0
 749.80750326 0.000524170058207283 0 0
 753.161901925 0.000162574181191573 0 0
 756.515385536 0.000169606178749636 0 0
 759.867942561 0.000210901340539188 0 0
 763.219561468 7.91383266094658e-005 0 0
 766.570230725 0.000179517719759989 0 0
 769.9199388 0.000203760588124337 0 0
 773.268674161 0.000172342612296976 0 0
 776.616425276 0.000348759650424396 0 0
 779.963180613 0.000308153589711277 0 0
 783.30892864 0.000199707355085873 0 0
 786.653657825 0.000162646112927781 0 0
 789.997356636 0.000323056510024597 0 0
 793.340013541 0.00026931735545282 0 0
 796.681617008 0.000514639910012958 0 0
 800.022155505 0.000330342911160598 0 0
 803.3616175 0.000350695432186756 0 0
 806.699991461 0.000304028490567907 0 0
 810.037265856 0.000487088841956332 0 0
 813.373429153 0.00057984115491315 0 0
 816.70846982 0.000431549337599763 0 0
 820.042376325 0.000557021056093712 0 0
 823.375137136 0.000718211429828916 0 0
 826.706740721 0.000659881711449381 0 0
 830.037175548 0.000636966079487903 0 0
 833.366430085 0.000696241990865263 0 0
 836.6944928 0.000348577557499047 0 0
 840.021352161 0.000126304826795923 0 0
 843.346996636 0.000371330738265157 0 0
 846.671414693 0.000679859285554971 0 0
 849.9945948 0.000166089694063219 0 0
 853.316525425 0.000368199353891962 0 0
 856.637195036 0.000582165146271824 0 0
 859.956592101 0.000428306126758499 0 0
 863.274705088 0.000628505799030815 0 0
 866.591522465 0.000464841876599496 0 0
 869.9070327 0.00106454505246053 0 0
 873.221224261 0.000676280469141878 0 0
 876.534085616 0.000698673719835798 0 0
 879.845605233 0.00134627021929338 0 0
 883.15577158 0.00110609347998393 0 0
 886.464573125 0.00191302532664562 0 0
 889.771998336 0.00178498589018992 0 0
 893.078035681 0.00165413413743981 0 0
 896.382673628 0.00254284229653269 0 0
 899.685900645 0.00231752816075094 0 0
 902.9877052 0.00247610560057613 0 0
 906.288075761 0.00294988828206529 0 0
 909.587000796 0.00195758377442834 0 0
 912.884468773 0.00234508579496095 0 0
 916.18046816 0.00326517764523454 0 0
 919.474987425 0.00282048211709114 0 0
 922.768015036 0.00256773843649474 0 0
 926.059539461 0.00272785751848078 0 0
 929.349549168 0.00319031362478736 0 0
 932.638032625 0.00333480654105807 0 0
 935.9249783 0.00235334224600494 0 0
 939.210374661 0.00162846247610968 0 0
 942.494210176 0.00200862379933753 0 0
 945.776473313 0.00156272775319983 0 0
 949.05715254 0.00178359456160542 0 0
 952.336236325 0.000963614810961157 0 0
 955.613713136 0 0 0
 958.889571441 0 0 0
 962.163799708 0 0 0
 965.436386405 0 0 0
 968.70732 0 0 0
 971.976588961 0 0 0
 975.244181756 0 0 0
 978.510086853 0 0 0
 981.77429272 0 0 0
 985.036787825 0 0 0
 988.297560636 0 0 0
 991.556599621 0 0 0
 994.813893248 0 0 0
 998.069429985 0 0 0
 1001.3231983 0 0 0
 1004.575186661 0 0 0
 1007.825383536 0 0 0
 1011.073777393 0 0 0
 1014.3203567 0 0 0
 1017.565109925 0 0 0
 1020.808025536 0 0 0
 1024.049092001 0 0 0
 1027.288297788 0 0 0
 1030.525631365 0 0 0
 1033.7610812 0 0 0
 1036.994635761 0 0 0
 1040.226283516 0 0 0
 1043.456012933 0 0 0
 1046.68381248 0 0 0
 1049.909670625 0 0 0
 1053.133575836 0 0 0
 1056.355516581 0 0 0
 1059.575481328 0 0 0
 1062.793458545 0 0 0
 1066.0094367 0 0 0
 1069.223404261 0 0 0
 1072.435349696 0 0 0
 1075.645261473 0 0 0
 1078.85312806 0 0 0
 1082.058937925 0 0 0
 1085.262679536 0 0 0
 1088.464341361 0 0 0
 1091.663911868 0 0 0
 1094.861379525 0 0 0
 1098.0567328 0 0 0
 1101.249960161 0 0 0
 1104.441050076 0 0 0
 1107.629991013 0 0 0
 1110.81677144 0 0 0
 1114.001379825 0 0 0
 1117.183804636 0 0 0
 1120.364034341 0 0 0
 1123.542057408 0 0 0
 1126.717862305 0 0 0
 1129.8914375 0 0 0
 1133.062771461 0 0 0
 1136.231852656 0 0 0
 1139.398669553 0 0 0
 1142.56321062 0 0 0
 1145.725464325 0 0 0
 1148.885419136 0 0 0
[END] of [DATA]
[END] of [Spectrum]


#TBID:2021-07-23 03:00:00;SAM_84CE;RAW;

[Spectrum]
Version            = 1
IDData             = 96B1_2021-07-23_03-00-00_000_099
IDDevice           = SAM_84CE
IDDataType         = SPECTRUM
IDDataTypeSub1     = RAW
IDDataTypeSub2     = 
IDDataTypeSub3     = 
DateTime           = 2021-07-23 03:00:00
PositionLatitude   = 0
PositionLongitude  = 0
Comment            = 
CommentSub1        = 
CommentSub2        = 
CommentSub3        = 
IDMethodType       = SAM Control
MethodName         = SAM_84CE
Mission            = No Mission
MissionSub         = 1
RecordType         = 0
[Attributes]
CalFactor = 1
IDBasisSpec = 
IDDataBack = DLAB_2015-08-21_11-56-43_233_004
IDDataCal = DLAB_2015-08-26_10-05-37_585_478
IntegrationTime = 4096
P31 = -1
P31e = 0
PathLength = +INF
PathLengthCustomOn = 0
RAWDynamic = 65535
Salinity = 0
Temperature = -NAN
Unit1 = $05 $00 Pixel 
Unit2 = $03 $05 Intensity counts
Unit3 = $f0 $05 Error counts
Unit4 = $f1 $00 Status 
p999 = 609
[END] of [Attributes]
[DATA]
 0 11 0 0
 1 1964 0 0
 2 1984 0 0
 3 1974 0 0
 4 1988 0 0
 5 1998 0 0
 6 1993 0 0
 7 1989 0 0
 8 1996 0 0
 9 2002 0 0
 10 2004 0 0
 11 2006 0 0
 12 2007 0 0
 13 2009 0 0
 14 2010 0 0
 15 2012 0 0
 16 2011 0 0
 17 2009 0 0
 18 2008 0 0
 19 2008 0 0
 20 2020 0 0
 21 2018 0 0
 22 2015 0 0
 23 2034 0 0
 24 2028 0 0
 25 2023 0 0
 26 2032 0 0
 27 2033 0 0
 28 2020 0 0
 29 2026 0 0
 30 2026 0 0
 31 2027 0 0
 32 2028 0 0
 33 2025 0 0
 34 2019 0 0
 35 2019 0 0
 36 2027 0 0
 37 2015 0 0
 38 2029 0 0
 39 2025 0 0
 40 2030 0 0
 41 2020 0 0
 42 2023 0 0
 43 2023 0 0
 44 2012 0 0
 45 2017 0 0
 46 2022 0 0
 47 2028 0 0
 48 2026 0 0
 49 2021 0 0
 50 2024 0 0
 51 2010 0 0
 52 2014 0 0
 53 2022 0 0
 54 2016 0 0
 55 2015 0 0
 56 2019 0 0
 57 2012 0 0
 58 2018 0 0
 59 2018 0 0
 60 2011 0 0
 61 2017 0 0
 62 2015 0 0
 63 2017 0 0
 64 2014 0 0
 65 2013 0 0
 66 2023 0 0
 67 2013 0 0
 68 2009 0 0
 69 2007 0 0
 70 2002 0 0
 71 2005 0 0
 72 2012 0 0
 73 2009 0 0
 74 2010 0 0
 75 2012 0 0
 76 2016 0 0
 77 2005 0 0
 78 2002 0 0
 79 2015 0 0
 80 2017 0 0
 81 2019 0 0
 82 2009 0 0
 83 2005 0 0
 84 2011 0 0
 85 2008 0 0
 86 2005 0 0
 87 2002 0 0
 88 1999 0 0
 89 2002 0 0
 90 2003 0 0
 91 2006 0 0
 92 2004 0 0
 93 2006 0 0
 94 1994 0 0
 95 1996 0 0
 96 1997 0 0
 97 1998 0 0
 98 2010 0 0
 99 2006 0 0
 100 2002 0 0
 101 2000 0 0
 102 2002 0 0
 103 1997 0 0
 104 1994 0 0
 105 2008 0 0
 106 2004 0 0
 107 2000 0 0
 108 1997 0 0
 109 2003 0 0
 110 2002 0 0
 111 2008 0 0
 112 1997 0 0
 113 1994 0 0
 114 2002 0 0
 115 1995 0 0
 116 1988 0 0
 117 2000 0 0
 118 2003 0 0
 119 1999 0 0
 120 2001 0 0
 121 1996 0 0
 122 1997 0 0
 123 1990 0 0
 124 1990 0 0
 125 1994 0 0
 126 2002 0 0
 127 1989 0 0
 128 1994 0 0
 129 1991 0 0
 130 1987 0 0
 131 1997 0 0
 132 1986 0 0
 133 1996 0 0
 134 1991 0 0
 135 1988 0 0
 136 1986 0 0
 137 1994 0 0
 138 1978 0 0
 139 1993 0 0
 140 1982 0 0
 141 1984 0 0
 142 1991 0 0
 143 1987 0 0
 144 1989 0 0
 145 2001 0 0
 146 1986 0 0
 147 1975 0 0
 148 1986 0 0
 149 1977 0 0
 150 1981 0 0
 151 1981 0 0
 152 1981 0 0
 153 1985 0 0
 154 1984 0 0
 155 1978 0 0
 156 1983 0 0
 157 1976 0 0
 158 1974 0 0
 159 1983 0 0
 160 1982 0 0
 161 1988 0 0
 162 1977 0 0
 163 1978 0 0
 164 1981 0 0
 165 1978 0 0
 166 1974 0 0
 167 1974 0 0
 168 1974 0 0
 169 1977 0 0
 170 1980 0 0
 171 1984 0 0
 172 1979 0 0
 173 1977 0 0
 174 1969 0 0
 175 1975 0 0
 176 1978 0 0
 177 1971 0 0
 178 1980 0 0
 179 1977 0 0
 180 1970 0 0
 181 1977 0 0
 182 1966 0 0
 183 1958 0 0
 184 1964 0 0
 185 1968 0 0
 186 1976 0 0
 187 1978 0 0
 188 1969 0 0
 189 1968 0 0
 190 1965 0 0
 191 1972 0 0
 192 1966 0 0
 193 1968 0 0
 194 1963 0 0
 195 1964 0 0
 196 1962 0 0
 197 1966 0 0
 198 1968 0 0
 199 1961 0 0
 200 1964 0 0
 201 1969 0 0
 202 1961 0 0
 203 1964 0 0
 204 1966 0 0
 205 1965 0 0
 206 1967 0 0
 207 1968 0 0
 208 1958 0 0
 209 1960 0 0
 210 1952 0 0
 211 1953 0 0
 212 1956 0 0
 213 1961 0 0
 214 1962 0 0
 215 1968 0 0
 216 1964 0 0
 217 1952 0 0
 218 1958 0 0
 219 1957 0 0
 220 1955 0 0
 221 1949 0 0
 222 1959 0 0
 223 1957 0 0
 224 1948 0 0
 225 1952 0 0
 226 1955 0 0
 227 1958 0 0
 228 1949 0 0
 229 1968 0 0
 230 1956 0 0
 231 1948 0 0
 232 1954 0 0
 233 1953 0 0
 234 1951 0 0
 235 1954 0 0
 236 1947 0 0
 237 1953 0 0
 238 1953 0 0
 239 1942 0 0
 240 1948 0 0
 241 1952 0 0
 242 1940 0 0
 243 1953 0 0
 244 1945 0 0
 245 1945 0 0
 246 1933 0 0
 247 1938 0 0
 248 1931 0 0
 249 1933 0 0
 250 1920 0 0
 251 1920 0 0
 252 1910 0 0
 253 1900 0 0
 254 1892 0 0
 255 1938 0 0
[END] of [DATA]
[END] of [Spectrum]


#TBID:2021-07-23 03:00:00;SAM_84CE;CALIBRATED;

[Spectrum]
Version            = 1
IDData             = 96B1_2021-07-23_03-00-00_000_100
IDDevice           = SAM_84CE
IDDataType         = SPECTRUM
IDDataTypeSub1     = CALIBRATED
IDDataTypeSub2     = 
IDDataTypeSub3     = 
DateTime           = 2021-07-23 03:00:00
PositionLatitude   = 0
PositionLongitude  = 0
Comment            = 
CommentSub1        = 
CommentSub2        = 
CommentSub3        = 
IDMethodType       = SAM Control
MethodName         = SAM_84CE
Mission            = No Mission
MissionSub         = 1
RecordType         = 0
[Attributes]
CalFactor = 1
IDBasisSpec = 
IDDataBack = DLAB_2015-08-21_11-56-43_233_004
IDDataCal = DLAB_2015-08-26_10-05-37_585_478
IntegrationTime = 4096
P31 = -1
P31e = 0
PathLength = +INF
PathLengthCustomOn = 0
RAWDynamic = 65535
Salinity = 0
Temperature = -NAN
Unit1 = $01 $01 Wavelength nm
Unit2 = $03 $06 Intensity mW/(m^2 nm)
Unit3 = $f0 $06 Error mW/(m^2 nm)
Unit4 = $f1 $00 Status 
p999 = 609
[END] of [Attributes]
[DATA]
 0 11 0 0
 303.485180022 0 0 0
 306.85638880275 0 0 0
 310.228324544 0 0 0
 313.60097308125 0 0 0
 316.97432025 0.0342747970827805 0 0
 320.34835188575 0.0321463565484529 0 0
 323.723053824 0.0285648523984139 0 0
 327.09841190025 0.0296509971592658 0 0
 330.47441195 0.0273623811765945 0 0
 333.85103980875 0.0282533573933193 0 0
 337.228281312 0.0262128946063612 0 0
 340.60612229525 0.024632354109369 0 0
 343.984548594 0.0235328423644113 0 0
 347.36354604375 0.0204128714278502 0 0
 350.74310048 0.0210038343867441 0 0
 354.12319773825 0.0186878969506773 0 0
 357.503823654 0.0178718943818509 0 0
 360.88496406275 0.0158913258790925 0 0
 364.2666048 0.0166996847459758 0 0
 367.64873170125 0.0169621330179211 0 0
 371.031330602 0.017465253823339 0 0
 374.41438733775 0.0178450303137396 0 0
 377.797887744 0.0195002072706642 0 0
 381.18181765625 0.020557688403033 0 0
 384.56616291 0.019788965035912 0 0
 387.95090934075 0.0207263275558789 0 0
 391.336042784 0.0204461246269396 0 0
 394.72154907525 0.0199541903623577 0 0
 398.10741405 0.0200710757356142 0 0
 401.49362354375 0.0192442667527671 0 0
 404.880163392 0.0170918425457284 0 0
 408.26701943025 0.0170223822745392 0 0
 411.654177494 0.0161086091562519 0 0
 415.04162341875 0.0146614927809686 0 0
 418.42934304 0.01408647900622 0 0
 421.81732219325 0.0131161695140061 0 0
 425.205546714 0.0121195503402414 0 0
 428.59400243775 0.0118998528822028 0 0
 431.9826752 0.0113636003867002 0 0
 435.37155083625 0.0114711822931773 0 0
 438.760615182 0.0103253861088701 0 0
 442.14985407275 0.0103026615779044 0 0
 445.539253344 0.0104228178926532 0 0
 448.92879883125 0.0100363210549135 0 0
 452.31847637 0.0108549587794577 0 0
 455.70827179575 0.0104507439078821 0 0
 459.098170944 0.0110695430641199 0 0
 462.48815965025 0.0119045224777036 0 0
 465.87822375 0.0115954628141182 0 0
 469.26834907875 0.0119023252597135 0 0
 472.658521472 0.011159925645479 0 0
 476.04872676525 0.0118415633076995 0 0
 479.438950794 0.0121334052830053 0 0
 482.82917939375 0.0111323514058609 0 0
 486.2193984 0.0122518206292337 0 0
 489.60959364825 0.0130150345840141 0 0
 492.999750974 0.0120760751695622 0 0
 496.38985621275 0.0122692246215323 0 0
 499.7798952 0.0126526970381029 0 0
 503.16985377125 0.0121973744235219 0 0
 506.559717762 0.0122280232517536 0 0
 509.94947300775 0.0107517162872789 0 0
 513.339105344 0.011288953163158 0 0
 516.72860060625 0.0107774361687895 0 0
 520.11794463 0.0107539258148242 0 0
 523.50712325075 0.0105304283283409 0 0
 526.896122304 0.00986226336040824 0 0
 530.28492762525 0.00894740963313893 0 0
 533.67352505 0.00949814288871209 0 0
 537.06190041375 0.00951097174596379 0 0
 540.450039552 0.00891844427876822 0 0
 543.83792830025 0.00913709008348526 0 0
 547.225552494 0.00858074484495013 0 0
 550.61289796875 0.00914419292712652 0 0
 553.99995056 0.00918805465987338 0 0
 557.38669610325 0.0088144258924304 0 0
 560.773120434 0.00877442693511355 0 0
 564.15920938775 0.00894913404803107 0 0
 567.5449488 0.00981238616783832 0 0
 570.93032450625 0.0100619204156967 0 0
 574.315322342 0.0103981964731975 0 0
 577.69992814275 0.0100365897545973 0 0
 581.084127744 0.0100367834876266 0 0
 584.46790698125 0.0109029199845061 0 0
 587.85125169 0.0106380021922876 0 0
 591.23414770575 0.0102448222443104 0 0
 594.616580864 0.00987547762205035 0 0
 597.99853700025 0.00999142715638401 0 0
 601.38000195 0.0105462900694986 0 0
 604.76096154875 0.00975665412243729 0 0
 608.141401632 0.0105145867436935 0 0
 611.52130803525 0.0105796936087115 0 0
 614.900666594 0.0102117626951377 0 0
 618.27946314375 0.00971783782439929 0 0
 621.65768352 0.0107374513395135 0 0
 625.03531355825 0.0111605677661032 0 0
 628.412339094 0.0105809625215503 0 0
 631.78874596275 0.0123538458407625 0 0
 635.16452 0.0123604886615562 0 0
 638.53964704125 0.0122169229091692 0 0
 641.914112922 0.0129360496433403 0 0
 645.28790347775 0.0130386760761302 0 0
 648.661004544 0.0120487245160092 0 0
 652.03340195625 0.012414052992504 0 0
 655.40508155 0.0143885346450662 0 0
 658.77602916075 0.0143406645564816 0 0
 662.146230624 0.0142742535829758 0 0
 665.51567177525 0.013771887393335 0 0
 668.88433845 0.0131524988179068 0 0
 672.25221648375 0.0147313590959641 0 0
 675.619291712 0.0140018923855922 0 0
 678.98554997025 0.0130676702744739 0 0
 682.350977094 0.0133032852363213 0 0
 685.71555891875 0.0139162035724315 0 0
 689.07928128 0.0131294575011472 0 0
 692.44213001325 0.0124534483693607 0 0
 695.804090954 0.0135367312918869 0 0
 699.16514993775 0.0148568252036531 0 0
 702.5252928 0.0139593028937919 0 0
 705.88450537625 0.0142872487254252 0 0
 709.242773502 0.0141080879978575 0 0
 712.60008301275 0.0135635605390644 0 0
 715.956419744 0.0130036779136608 0 0
 719.31176953125 0.0128234165239509 0 0
 722.66611821 0.0140187168876489 0 0
 726.01945161575 0.0140805357028049 0 0
 729.371755584 0.013210127855981 0 0
 732.72301595025 0.0136663052452329 0 0
 736.07321855 0.0134554153065829 0 0
 739.42234921875 0.0134269948963308 0 0
 742.770393792 0.013066161360988 0 0
 746.11733810525 0.0128554471125768 0 0
 749.463167994 0.0152403172859731 0 0
 752.80786929375 0.014146130471913 0 0
 756.15142784 0.0133026233805907 0 0
 759.49382946825 0.0133752920293207 0 0
 762.835060014 0.0140687038172303 0 0
 766.17510531275 0.0134041449272187 0 0
 769.5139512 0.0144761922087259 0 0
 772.85158351125 0.0142182315816901 0 0
 776.187988082 0.0136632212721086 0 0
 779.52315074775 0.0165990428124675 0 0
 782.857057344 0.0154191967783654 0 0
 786.18969370625 0.0161447134382078 0 0
 789.52104567 0.0176276783042657 0 0
 792.85109907075 0.0148851420111664 0 0
 796.179839744 0.0153878082894782 0 0
 799.50725352525 0.0167952936877071 0 0
 802.83332625 0.0158244336944948 0 0
 806.15804375375 0.0181389121414068 0 0
 809.481391872 0.0191766935739059 0 0
 812.80335644025 0.0195717686378442 0 0
 816.123923294 0.0196704131208096 0 0
 819.44307826875 0.0209049042770614 0 0
 822.7608072 0.0193786243636233 0 0
 826.07709592325 0.0227820207089173 0 0
 829.391930274 0.0191694564837531 0 0
 832.70529608775 0.021975124224391 0 0
 836.0171792 0.0241740918574741 0 0
 839.32756544625 0.0242112329877993 0 0
 842.636440662 0.0275829035804211 0 0
 845.94379068275 0.0238946375303737 0 0
 849.249601344 0.0261717253228598 0 0
 852.55385848125 0.0288715896874161 0 0
 855.85654793 0.0301859931077383 0 0
 859.15765552575 0.0295288533651234 0 0
 862.457167104 0.0292284793324319 0 0
 865.75506850025 0.0310391566658631 0 0
 869.05134555 0.0316662976046361 0 0
 872.34598408875 0.0346988911479042 0 0
 875.638969952 0.0384187091066704 0 0
 878.93028897525 0.0382023600422028 0 0
 882.219926994 0.0386887496670555 0 0
 885.50786984375 0.0363653899157193 0 0
 888.79410336 0.0385393303361245 0 0
 892.07861337825 0.0433362468220656 0 0
 895.361385734 0.0373538743890321 0 0
 898.64240626275 0.045266107882906 0 0
 901.9216608 0.0453765263278391 0 0
 905.19913518125 0.0376980030658996 0 0
 908.474815242 0.049714902585917 0 0
 911.74868681775 0.039468184952625 0 0
 915.020735744 0.0410936853934448 0 0
 918.29094785625 0.0490595498710805 0 0
 921.55930899 0.048753709747254 0 0
 924.82580498075 0.0584918390322579 0 0
 928.090421664 0.0621687529424317 0 0
 931.35314487525 0.0598380000081887 0 0
 934.61396045 0.0605429777763975 0 0
 937.87285422375 0.0572434265457679 0 0
 941.129812032 0.0676866178603329 0 0
 944.38481971025 0.065976323937562 0 0
 947.637863094 0.0721946607562705 0 0
 950.88892801875 0.0677854097191569 0 0
 954.13800032 0 0 0
 957.38506583325 0 0 0
 960.630110394 0 0 0
 963.87311983775 0 0 0
 967.11408 0 0 0
 970.35297671625 0 0 0
 973.589795822 0 0 0
 976.82452315275 0 0 0
 980.057144544 0 0 0
 983.28764583125 0 0 0
 986.51601285 0 0 0
 989.74223143575 0 0 0
 992.966287424 0 0 0
 996.18816665025 0 0 0
 999.40785495 0 0 0
 1002.62533815875 0 0 0
 1005.840602112 0 0 0
 1009.05363264525 0 0 0
 1012.264415594 0 0 0
 1015.47293679375 0 0 0
 1018.67918208 0 0 0
 1021.88313728825 0 0 0
 1025.084788254 0 0 0
 1028.28412081275 0 0 0
 1031.4811208 0 0 0
 1034.67577405125 0 0 0
 1037.868066402 0 0 0
 1041.05798368775 0 0 0
 1044.245511744 0 0 0
 1047.43063640625 0 0 0
 1050.61334351 0 0 0
 1053.79361889075 0 0 0
 1056.971448384 0 0 0
 1060.14681782525 0 0 0
 1063.31971305 0 0 0
 1066.49011989375 0 0 0
 1069.658024192 0 0 0
 1072.82341178025 0 0 0
 1075.986268494 0 0 0
 1079.14658016875 0 0 0
 1082.30433264 0 0 0
 1085.45951174325 0 0 0
 1088.612103314 0 0 0
 1091.76209318775 0 0 0
 1094.9094672 0 0 0
 1098.05421118625 0 0 0
 1101.196310982 0 0 0
 1104.33575242275 0 0 0
 1107.472521344 0 0 0
 1110.60660358125 0 0 0
 1113.73798497 0 0 0
 1116.86665134575 0 0 0
 1119.992588544 0 0 0
 1123.11578240025 0 0 0
 1126.23621875 0 0 0
 1129.35388342875 0 0 0
 1132.468762272 0 0 0
 1135.58084111525 0 0 0
 1138.690105794 0 0 0
 1141.79654214375 0 0 0
 1144.900136 0 0 0
[END] of [DATA]
[END] of [Spectrum]


#TBID:2021-07-23 03:00:00;SAM_84C8;RAW;

[Spectrum]
Version            = 1
IDData             = 96B1_2021-07-23_03-00-00_000_102
IDDevice           = SAM_84C8
IDDataType         = SPECTRUM
IDDataTypeSub1     = RAW
IDDataTypeSub2     = 
IDDataTypeSub3     = 
DateTime           = 2021-07-23 03:00:00
PositionLatitude   = 0
PositionLongitude  = 0
Comment            = 
CommentSub1        = 
CommentSub2        = 
CommentSub3        = 
IDMethodType       = SAM Control
MethodName         = SAM_84C8
Mission            = No Mission
MissionSub         = 1
RecordType         = 0
[Attributes]
CalFactor = 1
IDBasisSpec = 
IDDataBack = DLAB_2015-08-21_12-14-03_013_778
IDDataCal = DLAB_2015-08-24_11-04-47_772_747
IntegrationTime = 4096
P31 = -1
P31e = 0
PathLength = +INF
PathLengthCustomOn = 0
RAWDynamic = 65535
Salinity = 0
Temperature = -NAN
Unit1 = $05 $00 Pixel 
Unit2 = $03 $05 Intensity counts
Unit3 = $f0 $05 Error counts
Unit4 = $f1 $00 Status 
p999 = 609
[END] of [Attributes]
[DATA]
 0 11 0 0
 1 1933 0 0
 2 1920 0 0
 3 1914 0 0
 4 1918 0 0
 5 1923 0 0
 6 1929 0 0
 7 1920 0 0
 8 1923 0 0
 9 1928 0 0
 10 1922 0 0
 11 1936 0 0
 12 1937 0 0
 13 1923 0 0
 14 1924 0 0
 15 1933 0 0
 16 1935 0 0
 17 1940 0 0
 18 1944 0 0
 19 1941 0 0
 20 1940 0 0
 21 1954 0 0
 22 1951 0 0
 23 1958 0 0
 24 1957 0 0
 25 1956 0 0
 26 1950 0 0
 27 1959 0 0
 28 1957 0 0
 29 1955 0 0
 30 1961 0 0
 31 1958 0 0
 32 1958 0 0
 33 1955 0 0
 34 1949 0 0
 35 1948 0 0
 36 1956 0 0
 37 1969 0 0
 38 1958 0 0
 39 1952 0 0
 40 1952 0 0
 41 1957 0 0
 42 1950 0 0
 43 1967 0 0
 44 1957 0 0
 45 1967 0 0
 46 1966 0 0
 47 1957 0 0
 48 1964 0 0
 49 1969 0 0
 50 1961 0 0
 51 1964 0 0
 52 1964 0 0
 53 1963 0 0
 54 1948 0 0
 55 1959 0 0
 56 1965 0 0
 57 1968 0 0
 58 1958 0 0
 59 1955 0 0
 60 1950 0 0
 61 1962 0 0
 62 1976 0 0
 63 1965 0 0
 64 1948 0 0
 65 1948 0 0
 66 1949 0 0
 67 1956 0 0
 68 1959 0 0
 69 1948 0 0
 70 1958 0 0
 71 1966 0 0
 72 1972 0 0
 73 1964 0 0
 74 1962 0 0
 75 1969 0 0
 76 1972 0 0
 77 1977 0 0
 78 1974 0 0
 79 1972 0 0
 80 1976 0 0
 81 1968 0 0
 82 1972 0 0
 83 1968 0 0
 84 1969 0 0
 85 1956 0 0
 86 1962 0 0
 87 1970 0 0
 88 1959 0 0
 89 1968 0 0
 90 1977 0 0
 91 1972 0 0
 92 1966 0 0
 93 1956 0 0
 94 1967 0 0
 95 1963 0 0
 96 1970 0 0
 97 1964 0 0
 98 1962 0 0
 99 1960 0 0
 100 1973 0 0
 101 1982 0 0
 102 1972 0 0
 103 1964 0 0
 104 1963 0 0
 105 1973 0 0
 106 1963 0 0
 107 1968 0 0
 108 1967 0 0
 109 1963 0 0
 110 1969 0 0
 111 1978 0 0
 112 1963 0 0
 113 1962 0 0
 114 1962 0 0
 115 1968 0 0
 116 1968 0 0
 117 1960 0 0
 118 1961 0 0
 119 1972 0 0
 120 1962 0 0
 121 1965 0 0
 122 1958 0 0
 123 1964 0 0
 124 1968 0 0
 125 1964 0 0
 126 1974 0 0
 127 1986 0 0
 128 1970 0 0
 129 1980 0 0
 130 1976 0 0
 131 1977 0 0
 132 1978 0 0
 133 2036 0 0
 134 1970 0 0
 135 1970 0 0
 136 1966 0 0
 137 1972 0 0
 138 1962 0 0
 139 1980 0 0
 140 1969 0 0
 141 1969 0 0
 142 1972 0 0
 143 1969 0 0
 144 1974 0 0
 145 1984 0 0
 146 1979 0 0
 147 1980 0 0
 148 1986 0 0
 149 1982 0 0
 150 1976 0 0
 151 1980 0 0
 152 1979 0 0
 153 1968 0 0
 154 1970 0 0
 155 1968 0 0
 156 1974 0 0
 157 1983 0 0
 158 1975 0 0
 159 1963 0 0
 160 1971 0 0
 161 1960 0 0
 162 1970 0 0
 163 1962 0 0
 164 1960 0 0
 165 1968 0 0
 166 1976 0 0
 167 1977 0 0
 168 1985 0 0
 169 1980 0 0
 170 1982 0 0
 171 1979 0 0
 172 1979 0 0
 173 1966 0 0
 174 1975 0 0
 175 1988 0 0
 176 1973 0 0
 177 1980 0 0
 178 1973 0 0
 179 1979 0 0
 180 1985 0 0
 181 1977 0 0
 182 1974 0 0
 183 1972 0 0
 184 1962 0 0
 185 1973 0 0
 186 1966 0 0
 187 1975 0 0
 188 1963 0 0
 189 1975 0 0
 190 1969 0 0
 191 1980 0 0
 192 1983 0 0
 193 1968 0 0
 194 1977 0 0
 195 1981 0 0
 196 1966 0 0
 197 1972 0 0
 198 1979 0 0
 199 1973 0 0
 200 1968 0 0
 201 1972 0 0
 202 1974 0 0
 203 1964 0 0
 204 1971 0 0
 205 1964 0 0
 206 1962 0 0
 207 1965 0 0
 208 1966 0 0
 209 1964 0 0
 210 1963 0 0
 211 1973 0 0
 212 1972 0 0
 213 1979 0 0
 214 1976 0 0
 215 1973 0 0
 216 1974 0 0
 217 1975 0 0
 218 1974 0 0
 219 1974 0 0
 220 1978 0 0
 221 1964 0 0
 222 1968 0 0
 223 1967 0 0
 224 1968 0 0
 225 1971 0 0
 226 1970 0 0
 227 1966 0 0
 228 1966 0 0
 229 1964 0 0
 230 1952 0 0
 231 1960 0 0
 232 1960 0 0
 233 1958 0 0
 234 1960 0 0
 235 1964 0 0
 236 1973 0 0
 237 1967 0 0
 238 1961 0 0
 239 1961 0 0
 240 1969 0 0
 241 1973 0 0
 242 1968 0 0
 243 1959 0 0
 244 1966 0 0
 245 1964 0 0
 246 1956 0 0
 247 1961 0 0
 248 1963 0 0
 249 1965 0 0
 250 1950 0 0
 251 1942 0 0
 252 1929 0 0
 253 1923 0 0
 254 1913 0 0
 255 1957 0 0
[END] of [DATA]
[END] of [Spectrum]


#TBID:2021-07-23 03:00:00;SAM_84C8;CALIBRATED;

[Spectrum]
Version            = 1
IDData             = 96B1_2021-07-23_03-00-00_000_103
IDDevice           = SAM_84C8
IDDataType         = SPECTRUM
IDDataTypeSub1     = CALIBRATED
IDDataTypeSub2     = 
IDDataTypeSub3     = 
DateTime           = 2021-07-23 03:00:00
PositionLatitude   = 0
PositionLongitude  = 0
Comment            = 
CommentSub1        = 
CommentSub2        = 
CommentSub3        = 
IDMethodType       = SAM Control
MethodName         = SAM_84C8
Mission            = No Mission
MissionSub         = 1
RecordType         = 0
[Attributes]
CalFactor = 1
IDBasisSpec = 
IDDataBack = DLAB_2015-08-21_12-14-03_013_778
IDDataCal = DLAB_2015-08-24_11-04-47_772_747
IntegrationTime = 4096
P31 = -1
P31e = 0
PathLength = +INF
PathLengthCustomOn = 0
RAWDynamic = 65535
Salinity = 0
Temperature = -NAN
Unit1 = $01 $01 Wavelength nm
Unit2 = $03 $03 Intensity mW/(m^2 nm Sr)
Unit3 = $f0 $03 Error mW/(m^2 nm Sr)
Unit4 = $f1 $00 Status 
p999 = 609
[END] of [Attributes]
[DATA]
 0 11 0 0
 303.516048156 0 0 0
 306.890006053 0 0 0
 310.26457112 0 0 0
 313.639731825 0 0 0
 317.015476636 -0.00115273111827945 0 0
 320.391794021 -0.000894660604925133 0 0
 323.768672448 -0.00101381174089449 0 0
 327.146100385 -0.000770264002870248 0 0
 330.5240663 -0.00061863820346398 0 0
 333.902558661 -0.00058029112817969 0 0
 337.281565936 -0.00040147152837178 0 0
 340.661076593 -0.000450566653694935 0 0
 344.0410791 -0.000576135000520068 0 0
 347.421561925 -0.00051063294605712 0 0
 350.802513536 -0.00033150212389646 0 0
 354.183922401 -0.000270960162052045 0 0
 357.565776988 -0.000200997225287865 0 0
 360.948065765 -8.59143345857212e-005 0 0
 364.3307772 -0.000149208015206437 0 0
 367.713899761 -0.000101919619200767 0 0
 371.097421916 0.000106706078202415 0 0
 374.481332133 1.98095338184468e-005 0 0
 377.86561888 0.0001476644870278 0 0
 381.250270625 9.6386445469352e-005 0 0
 384.635275836 0.000147268749513293 0 0
 388.020622981 0.000175824930458624 0 0
 391.406300528 0.000259372793501866 0 0
 394.792296945 0.000137331024234868 0 0
 398.1786007 0.000140783288560736 0 0
 401.565200261 0.000180777764819725 0 0
 404.952084096 0.000173066943754223 0 0
 408.339240673 0.00016461802182441 0 0
 411.72665846 0.000177557604935442 0 0
 415.114325925 6.38341748445913e-005 0 0
 418.502231536 6.97751190772061e-005 0 0
 421.890363761 9.96911492146263e-005 0 0
 425.278711068 0.000117979128309391 0 0
 428.667261925 0.000103034719853543 0 0
 432.0560048 0.00011372065707396 0 0
 435.444928161 7.79929918981599e-005 0 0
 438.834020476 9.06273379349743e-005 0 0
 442.223270213 4.85590692843045e-005 0 0
 445.61266584 0.000196521851840378 0 0
 449.002195825 0.000145213618451613 0 0
 452.391848636 0.000159805572155061 0 0
 455.781612741 0.000199000146633632 0 0
 459.171476608 0.000118223678743866 0 0
 462.561428705 0.000164967334032211 0 0
 465.9514575 0.000185384045630084 0 0
 469.341551461 0.00020164672570757 0 0
 472.731699056 0.000164761425865384 0 0
 476.121888753 0.000174714897217282 0 0
 479.51210902 0.000197670597410199 0 0
 482.902348325 0.000137134125232534 0 0
 486.292595136 0.000138425089858924 0 0
 489.682837921 0.000199492647158875 0 0
 493.073065148 0.000189071784238923 0 0
 496.463265285 0.000143294891250104 0 0
 499.8534268 0.000175715162469323 0 0
 503.243538161 6.33647577169546e-005 0 0
 506.633587836 0.000186384986939527 0 0
 510.023564293 0.000213476332580743 0 0
 513.413456 0.000160743817425398 0 0
 516.803251425 6.99172150410441e-005 0 0
 520.192939036 2.11116335270073e-005 0 0
 523.582507301 -4.49621658426175e-005 0 0
 526.971944688 7.2022890856875e-005 0 0
 530.361239665 5.31292302611092e-005 0 0
 533.7503807 2.5018532468293e-006 0 0
 537.139356261 3.75858867463146e-005 0 0
 540.528154816 0.000172132630667588 0 0
 543.916764833 0.000175721771234062 0 0
 547.30517478 0.000156406302290209 0 0
 550.693373125 0.000145817741528497 0 0
 554.081348336 0.000197910099375578 0 0
 557.469088881 0.000239462129820012 0 0
 560.856583228 0.000297934418146756 0 0
 564.243819845 0.00026651843863639 0 0
 567.6307872 0.000236573854020408 0 0
 571.017473761 0.000295250833071436 0 0
 574.403867996 0.000233136793974473 0 0
 577.789958373 0.00019240045177127 0 0
 581.17573336 0.000179161035792662 0 0
 584.561181425 0.000176025596265451 0 0
 587.946291036 9.37204917025484e-005 0 0
 591.331050661 0.000164368700367219 0 0
 594.715448768 0.000223269675807312 0 0
 598.099473825 0.000121251613159367 0 0
 601.4831143 0.000282674233256555 0 0
 604.866358661 0.000290880345225689 0 0
 608.249195376 0.00027093615816237 0 0
 611.631612913 0.000185925859348077 0 0
 615.01359974 0.000122700933808711 0 0
 618.395144325 0.000139004949250794 0 0
 621.776235136 0.000178200400191064 0 0
 625.156860641 0.000200388836753777 0 0
 628.537009308 0.000194810351534854 0 0
 631.916669605 0.000186236853643547 0 0
 635.29583 0.000184920661333923 0 0
 638.674478961 0.000247119562959363 0 0
 642.052604956 0.000351394656617111 0 0
 645.430196453 0.000300130866083991 0 0
 648.80724192 0.000244432185537237 0 0
 652.183729825 0.000217676990816362 0 0
 655.559648636 0.000269343115138938 0 0
 658.934986821 0.000258475750059064 0 0
 662.309732848 0.000316290834049755 0 0
 665.683875185 0.000402288154002401 0 0
 669.0574023 0.00027559504049563 0 0
 672.430302661 0.000190267658055681 0 0
 675.802564736 0.000238320686403499 0 0
 679.174176993 0.000161675192499443 0 0
 682.5451279 0.000142926222850753 0 0
 685.915405925 0.00017386162931049 0 0
 689.284999536 0.000172060080985854 0 0
 692.653897201 0.000114851812161331 0 0
 696.022087388 0.00017571901073891 0 0
 699.389558565 0.000221384764232454 0 0
 702.7562992 0.000280420351382547 0 0
 706.122297761 0.00031693392989597 0 0
 709.487542716 0.000246632242223135 0 0
 712.852022533 0.000224913619778654 0 0
 716.21572568 0.000307073066080652 0 0
 719.578640625 0.000428968000620687 0 0
 722.940755836 0.000225815140675587 0 0
 726.302059781 0.000462397648402276 0 0
 729.662540928 0.000530523740284062 0 0
 733.022187745 0.0004450649078448 0 0
 736.3809887 0.000561825873050895 0 0
 739.738932261 0.000630350592175225 0 0
 743.096006896 0.000485957358058738 0 0
 746.452201073 0.000548366520170634 0 0
 749.80750326 0.000521400517162619 0 0
 753.161901925 0.000286083092797517 0 0
 756.515385536 0.000422936172343261 0 0
 759.867942561 0.000311954184595194 0 0
 763.219561468 0.000392415634055907 0 0
 766.570230725 0.000283529655186844 0 0
 769.9199388 0.000526898635454018 0 0
 773.268674161 0.000390349456424615 0 0
 776.616425276 0.000486488178480165 0 0
 779.963180613 0.000420044397115893 0 0
 783.30892864 0.00043217026740269 0 0
 786.653657825 0.000371242914949071 0 0
 789.997356636 0.000818289252946261 0 0
 793.340013541 0.000684062139588409 0 0
 796.681617008 0.000943731278801598 0 0
 800.022155505 0.000981435188375421 0 0
 803.3616175 0.00106029280444714 0 0
 806.699991461 0.000817397802904898 0 0
 810.037265856 0.000942344981003684 0 0
 813.373429153 0.000773774025543068 0 0
 816.70846982 0.000591426682798952 0 0
 820.042376325 0.00080784495231615 0 0
 823.375137136 0.000845817614195987 0 0
 826.706740721 0.000838293791374489 0 0
 830.037175548 0.00120395038731052 0 0
 833.366430085 0.000938739992358002 0 0
 836.6944928 0.000549532586060993 0 0
 840.021352161 0.000713496721371418 0 0
 843.346996636 0.00036506098780556 0 0
 846.671414693 0.000791528129112094 0 0
 849.9945948 0.00046898731728383 0 0
 853.316525425 0.000750148829457184 0 0
 856.637195036 0.000642572350321975 0 0
 859.956592101 0.00141608491744414 0 0
 863.274705088 0.00128993255141796 0 0
 866.591522465 0.00216482745226813 0 0
 869.9070327 0.00218924542165161 0 0
 873.221224261 0.00201619198689997 0 0
 876.534085616 0.00226645523752299 0 0
 879.845605233 0.00206370945468153 0 0
 883.15577158 0.0020389579433616 0 0
 886.464573125 0.00239056991980172 0 0
 889.771998336 0.00268358930697414 0 0
 893.078035681 0.00216567750622935 0 0
 896.382673628 0.00285576471216188 0 0
 899.685900645 0.00252988070424404 0 0
 902.9877052 0.00269662110647267 0 0
 906.288075761 0.00317933215843523 0 0
 909.587000796 0.00257698458180838 0 0
 912.884468773 0.00233038572848628 0 0
 916.18046816 0.00228152616650801 0 0
 919.474987425 0.0017917855543987 0 0
 922.768015036 0.00255084617494865 0 0
 926.059539461 0.00223235269099062 0 0
 929.349549168 0.00233465759109111 0 0
 932.638032625 0.00173345443680251 0 0
 935.9249783 0.00399877703796546 0 0
 939.210374661 0.00433667846135851 0 0
 942.494210176 0.00528015310665942 0 0
 945.776473313 0.00521919076739821 0 0
 949.05715254 0.00493963884874265 0 0
 952.336236325 0.00473056379182227 0 0
 955.613713136 0 0 0
 958.889571441 0 0 0
 962.163799708 0 0 0
 965.436386405 0 0 0
 968.70732 0 0 0
 971.976588961 0 0 0
 975.244181756 0 0 0
 978.510086853 0 0 0
 981.77429272 0 0 0
 985.036787825 0 0 0
 988.297560636 0 0 0
 991.556599621 0 0 0
 994.813893248 0 0 0
 998.069429985 0 0 0
 1001.3231983 0 0 0
 1004.575186661 0 0 0
 1007.825383536 0 0 0
 1011.073777393 0 0 0
 1014.3203567 0 0 0
 1017.565109925 0 0 0
 1020.808025536 0 0 0
 1024.049092001 0 0 0
 1027.288297788 0 0 0
 1030.525631365 0 0 0
 1033.7610812 0 0 0
 1036.994635761 0 0 0
 1040.226283516 0 0 0
 1043.456012933 0 0 0
 1046.68381248 0 0 0
 1049.909670625 0 0 0
 1053.133575836 0 0 0
 1056.355516581 0 0 0
 1059.575481328 0 0 0
 1062.793458545 0 0 0
 1066.0094367 0 0 0
 1069.223404261 0 0 0
 1072.435349696 0 0 0
 1075.645261473 0 0 0
 1078.85312806 0 0 0
 1082.058937925 0 0 0
 1085.262679536 0 0 0
 1088.464341361 0 0 0
 1091.663911868 0 0 0
 1094.861379525 0 0 0
 1098.0567328 0 0 0
 1101.249960161 0 0 0
 1104.441050076 0 0 0
 1107.629991013 0 0 0
 1110.81677144 0 0 0
 1114.001379825 0 0 0
 1117.183804636 0 0 0
 1120.364034341 0 0 0
 1123.542057408 0 0 0
 1126.717862305 0 0 0
 1129.8914375 0 0 0
 1133.062771461 0 0 0
 1136.231852656 0 0 0
 1139.398669553 0 0 0
 1142.56321062 0 0 0
 1145.725464325 0 0 0
 1148.885419136 0 0 0
[END] of [DATA]
[END] of [Spectrum]


#TBID:2021-07-23 03:00:00;SAM_84DC;RAW;

[Spectrum]
Version            = 1
IDData             = 96B1_2021-07-23_03-00-00_000_105
IDDevice           = SAM_84DC
IDDataType         = SPECTRUM
IDDataTypeSub1     = RAW
IDDataTypeSub2     = 
IDDataTypeSub3     = 
DateTime           = 2021-07-23 03:00:00
PositionLatitude   = 0
PositionLongitude  = 0
Comment            = 
CommentSub1        = 
CommentSub2        = 
CommentSub3        = 
IDMethodType       = SAM Control
MethodName         = SAM_84DC
Mission            = No Mission
MissionSub         = 1
RecordType         = 0
[Attributes]
CalFactor = 1
IDBasisSpec = 
IDDataBack = DLAB_2015-08-21_13-19-54_137_939
IDDataCal = DLAB_2015-08-24_10-46-55_592_608
IntegrationTime = 4096
P31 = -1
P31e = 0
PathLength = +INF
PathLengthCustomOn = 0
RAWDynamic = 65535
Salinity = 0
Temperature = -NAN
Unit1 = $05 $00 Pixel 
Unit2 = $03 $05 Intensity counts
Unit3 = $f0 $05 Error counts
Unit4 = $f1 $00 Status 
p999 = 609
[END] of [Attributes]
[DATA]
 0 11 0 0
 1 1946 0 0
 2 1936 0 0
 3 1953 0 0
 4 1962 0 0
 5 1961 0 0
 6 1962 0 0
 7 1976 0 0
 8 1974 0 0
 9 1977 0 0
 10 1972 0 0
 11 1978 0 0
 12 1977 0 0
 13 1973 0 0
 14 1985 0 0
 15 1970 0 0
 16 1982 0 0
 17 1994 0 0
 18 1984 0 0
 19 1985 0 0
 20 1986 0 0
 21 1985 0 0
 22 1998 0 0
 23 1997 0 0
 24 2002 0 0
 25 1996 0 0
 26 2009 0 0
 27 2002 0 0
 28 2000 0 0
 29 1999 0 0
 30 2001 0 0
 31 2006 0 0
 32 2011 0 0
 33 2002 0 0
 34 2006 0 0
 35 2002 0 0
 36 2009 0 0
 37 2010 0 0
 38 2012 0 0
 39 2006 0 0
 40 2017 0 0
 41 2011 0 0
 42 2010 0 0
 43 2012 0 0
 44 2012 0 0
 45 2013 0 0
 46 2011 0 0
 47 2014 0 0
 48 2006 0 0
 49 2008 0 0
 50 2008 0 0
 51 2008 0 0
 52 2008 0 0
 53 2011 0 0
 54 2006 0 0
 55 2009 0 0
 56 2006 0 0
 57 2012 0 0
 58 2011 0 0
 59 2022 0 0
 60 2020 0 0
 61 2018 0 0
 62 2005 0 0
 63 2010 0 0
 64 2014 0 0
 65 2000 0 0
 66 2005 0 0
 67 2013 0 0
 68 2014 0 0
 69 2012 0 0
 70 2014 0 0
 71 2017 0 0
 72 2013 0 0
 73 2020 0 0
 74 2015 0 0
 75 2012 0 0
 76 2017 0 0
 77 2016 0 0
 78 2007 0 0
 79 2019 0 0
 80 2015 0 0
 81 2018 0 0
 82 2009 0 0
 83 2018 0 0
 84 2008 0 0
 85 2024 0 0
 86 2016 0 0
 87 2018 0 0
 88 2005 0 0
 89 2011 0 0
 90 1997 0 0
 91 2005 0 0
 92 1998 0 0
 93 1996 0 0
 94 2001 0 0
 95 2006 0 0
 96 1996 0 0
 97 2003 0 0
 98 1994 0 0
 99 2002 0 0
 100 2007 0 0
 101 1998 0 0
 102 2002 0 0
 103 2006 0 0
 104 2003 0 0
 105 2012 0 0
 106 2006 0 0
 107 2016 0 0
 108 2010 0 0
 109 2012 0 0
 110 2016 0 0
 111 2014 0 0
 112 2014 0 0
 113 2004 0 0
 114 2011 0 0
 115 2015 0 0
 116 2003 0 0
 117 2007 0 0
 118 2005 0 0
 119 2005 0 0
 120 2003 0 0
 121 2019 0 0
 122 2002 0 0
 123 2013 0 0
 124 2008 0 0
 125 2006 0 0
 126 2014 0 0
 127 2013 0 0
 128 2005 0 0
 129 2009 0 0
 130 2013 0 0
 131 2006 0 0
 132 2008 0 0
 133 2010 0 0
 134 2013 0 0
 135 2012 0 0
 136 2005 0 0
 137 2018 0 0
 138 2005 0 0
 139 2011 0 0
 140 2007 0 0
 141 2019 0 0
 142 2011 0 0
 143 2017 0 0
 144 2012 0 0
 145 2008 0 0
 146 2009 0 0
 147 2008 0 0
 148 2016 0 0
 149 2017 0 0
 150 2007 0 0
 151 2023 0 0
 152 2016 0 0
 153 2014 0 0
 154 2022 0 0
 155 2015 0 0
 156 2017 0 0
 157 2020 0 0
 158 2010 0 0
 159 2019 0 0
 160 2018 0 0
 161 2009 0 0
 162 2005 0 0
 163 2011 0 0
 164 2015 0 0
 165 2016 0 0
 166 2021 0 0
 167 2019 0 0
 168 2018 0 0
 169 2016 0 0
 170 2014 0 0
 171 2021 0 0
 172 2014 0 0
 173 2021 0 0
 174 2024 0 0
 175 2018 0 0
 176 2024 0 0
 177 2020 0 0
 178 2022 0 0
 179 2018 0 0
 180 2022 0 0
 181 2018 0 0
 182 2026 0 0
 183 2022 0 0
 184 2024 0 0
 185 2025 0 0
 186 2031 0 0
 187 2033 0 0
 188 2025 0 0
 189 2021 0 0
 190 2022 0 0
 191 2024 0 0
 192 2037 0 0
 193 2039 0 0
 194 2028 0 0
 195 2022 0 0
 196 2035 0 0
 197 2032 0 0
 198 2027 0 0
 199 2039 0 0
 200 2033 0 0
 201 2036 0 0
 202 2035 0 0
 203 2044 0 0
 204 2043 0 0
 205 2040 0 0
 206 2040 0 0
 207 2042 0 0
 208 2033 0 0
 209 2042 0 0
 210 2033 0 0
 211 2045 0 0
 212 2040 0 0
 213 2036 0 0
 214 2038 0 0
 215 2045 0 0
 216 2046 0 0
 217 2047 0 0
 218 2051 0 0
 219 2042 0 0
 220 2046 0 0
 221 2052 0 0
 222 2047 0 0
 223 2056 0 0
 224 2047 0 0
 225 2056 0 0
 226 2056 0 0
 227 2048 0 0
 228 2058 0 0
 229 2057 0 0
 230 2055 0 0
 231 2052 0 0
 232 2058 0 0
 233 2054 0 0
 234 2060 0 0
 235 2060 0 0
 236 2052 0 0
 237 2066 0 0
 238 2062 0 0
 239 2068 0 0
 240 2066 0 0
 241 2066 0 0
 242 2069 0 0
 243 2065 0 0
 244 2065 0 0
 245 2070 0 0
 246 2072 0 0
 247 2069 0 0
 248 2080 0 0
 249 2066 0 0
 250 2055 0 0
 251 2056 0 0
 252 2048 0 0
 253 2040 0 0
 254 2023 0 0
 255 2078 0 0
[END] of [DATA]
[END] of [Spectrum]


#TBID:2021-07-23 03:00:00;SAM_84DC;CALIBRATED;

[Spectrum]
Version            = 1
IDData             = 96B1_2021-07-23_03-00-00_000_106
IDDevice           = SAM_84DC
IDDataType         = SPECTRUM
IDDataTypeSub1     = CALIBRATED
IDDataTypeSub2     = 
IDDataTypeSub3     = 
DateTime           = 2021-07-23 03:00:00
PositionLatitude   = 0
PositionLongitude  = 0
Comment            = 
CommentSub1        = 
CommentSub2        = 
CommentSub3        = 
IDMethodType       = SAM Control
MethodName         = SAM_84DC
Mission            = No Mission
MissionSub         = 1
RecordType         = 0
[Attributes]
CalFactor = 1
IDBasisSpec = 
IDDataBack = DLAB_2015-08-21_13-19-54_137_939
IDDataCal = DLAB_2015-08-24_10-46-55_592_608
IntegrationTime = 4096
P31 = -1
P31e = 0
PathLength = +INF
PathLengthCustomOn = 0
RAWDynamic = 65535
Salinity = 0
Temperature = -NAN
Unit1 = $01 $01 Wavelength nm
Unit2 = $03 $03 Intensity mW/(m^2 nm Sr)
Unit3 = $f0 $03 Error mW/(m^2 nm Sr)
Unit4 = $f1 $00 Status 
p999 = 609
[END] of [Attributes]
[DATA]
 0 11 0 0
 305.71650776488 0 0 0
 309.04007505697 0 0 0
 312.36416914304 0 0 0
 315.68877841375 0 0 0
 319.01389125976 -0.0036736410535395 0 0
 322.33949607173 -0.00312260439302835 0 0
 325.66558124032 -0.00285222947082876 0 0
 328.99213515619 -0.0026389330746119 0 0
 332.31914621 -0.00251470480428794 0 0
 335.64660279241 -0.00239505185335719 0 0
 338.97449329408 -0.00210728948312275 0 0
 342.30280610567 -0.00178135934456339 0 0
 345.63152961784 -0.0017378638796346 0 0
 348.96065222125 -0.00154930579704239 0 0
 352.29016230656 -0.00144300595684474 0 0
 355.62004826443 -0.00129747258703405 0 0
 358.95029848552 -0.00113134933789688 0 0
 362.28090136049 -0.00115391171482065 0 0
 365.61184528 -0.00119227797548313 0 0
 368.94311863471 -0.00116144854414795 0 0
 372.27470981528 -0.00116823782081257 0 0
 375.60660721237 -0.00112509431316592 0 0
 378.93879921664 -0.00115792624041564 0 0
 382.27127421875 -0.00105188854032017 0 0
 385.60402060936 -0.00103420722664976 0 0
 388.93702677913 -0.000895797331865136 0 0
 392.27028111872 -0.00101535260317926 0 0
 395.60377201879 -0.000893091039634343 0 0
 398.93748787 -0.000866815782734145 0 0
 402.27141706301 -0.000768273689455243 0 0
 405.60554798848 -0.000806800972219192 0 0
 408.93986903707 -0.000647170903437773 0 0
 412.27436859944 -0.000669060381229485 0 0
 415.60903506625 -0.0006581859413838 0 0
 418.94385682816 -0.000593001036560201 0 0
 422.27882227583 -0.000603296998481313 0 0
 425.61391979992 -0.000539088499531226 0 0
 428.94913779109 -0.00046038431931985 0 0
 432.28446464 -0.000469291338235586 0 0
 435.61988873731 -0.000474505965306856 0 0
 438.95539847368 -0.000460963906907867 0 0
 442.29098223977 -0.000458233360276511 0 0
 445.62662842624 -0.00046893788111389 0 0
 448.96232542375 -0.000500891028357913 0 0
 452.29806162296 -0.00048987062885594 0 0
 455.63382541453 -0.000574017195473168 0 0
 458.96960518912 -0.000575226731500748 0 0
 462.30538933739 -0.000583004577126569 0 0
 465.64116625 -0.000579589638529938 0 0
 468.97692431761 -0.000566077131278979 0 0
 472.31265193088 -0.000597086597861811 0 0
 475.64833748047 -0.000612635198601646 0 0
 478.98396935704 -0.000543940355082629 0 0
 482.31953595125 -0.00061428305437083 0 0
 485.65502565376 -0.000637225010063808 0 0
 488.99042685523 -0.000652770793548821 0 0
 492.32572794632 -0.000632031586999858 0 0
 495.66091731769 -0.000640507992330844 0 0
 498.99598336 -0.000580842324533628 0 0
 502.33091446391 -0.000512360894155358 0 0
 505.66569902008 -0.000564858235379825 0 0
 509.00032541917 -0.000621209823986217 0 0
 512.33478205184 -0.00058966340880731 0 0
 515.66905730875 -0.000542726233756695 0 0
 519.00313958056 -0.00064581840465818 0 0
 522.33701725793 -0.0004852722722917 0 0
 525.67067873152 -0.000511059566170787 0 0
 529.00411239199 -0.000505052616581137 0 0
 532.33730663 -0.00046706292471338 0 0
 535.67024983621 -0.000491616544821762 0 0
 539.00293040128 -0.000490515779409909 0 0
 542.33533671587 -0.00045616774128398 0 0
 545.66745717064 -0.000432770952141883 0 0
 548.99928015625 -0.000500700436311 0 0
 552.33079406336 -0.00045584356561397 0 0
 555.66198728263 -0.000470017708528105 0 0
 558.99284820472 -0.000477822251416417 0 0
 562.32336522029 -0.000507606864500761 0 0
 565.65352672 -0.000496277138959929 0 0
 568.98332109451 -0.000476385482232556 0 0
 572.31273673448 -0.000535615958906159 0 0
 575.64176203057 -0.000566299657193212 0 0
 578.97038537344 -0.000513507155080878 0 0
 582.29859515375 -0.000555950682005676 0 0
 585.62637976216 -0.00054547000548054 0 0
 588.95372758933 -0.00058549110447993 0 0
 592.28062702592 -0.00058657723588813 0 0
 595.60706646259 -0.000709331166397419 0 0
 598.93303429 -0.0007348651995751 0 0
 602.25851889881 -0.000803950036038771 0 0
 605.58350867968 -0.000798024125832163 0 0
 608.90799202327 -0.000910216618042012 0 0
 612.23195732024 -0.000941852335484989 0 0
 615.55539296125 -0.000938600008242889 0 0
 618.87828733696 -0.000859993057978933 0 0
 622.20062883803 -0.000931298347177728 0 0
 625.52240585512 -0.000964289486200488 0 0
 628.84360677889 -0.00100099213727368 0 0
 632.16422 -0.000948568550199267 0 0
 635.48423390911 -0.000919081637927691 0 0
 638.80363689688 -0.00102734954187296 0 0
 642.12241735397 -0.00104833648086285 0 0
 645.44056367104 -0.000965813339365258 0 0
 648.75806423875 -0.00103553037836833 0 0
 652.07490744776 -0.000949858182979622 0 0
 655.39108168873 -0.00104314895197475 0 0
 658.70657535232 -0.00100014745958269 0 0
 662.02137682919 -0.000992832810444195 0 0
 665.33547451 -0.000974149311449157 0 0
 668.64885678541 -0.000836610278487734 0 0
 671.96151204608 -0.000934330114990173 0 0
 675.27342868267 -0.000913282889439788 0 0
 678.58459508584 -0.00097954607514782 0 0
 681.89499964625 -0.000999714251167692 0 0
 685.20463075456 -0.000981571477282296 0 0
 688.51347680143 -0.00111631254888096 0 0
 691.82152617752 -0.00104261359924406 0 0
 695.12876727349 -0.00104709043225472 0 0
 698.43518848 -0.00111380057820295 0 0
 701.74077818771 -0.00099388653588639 0 0
 705.04552478728 -0.00100362647253512 0 0
 708.34941666937 -0.00114925280831761 0 0
 711.65244222464 -0.00105629229438083 0 0
 714.95458984375 -0.00116515489262556 0 0
 718.25584791736 -0.001081013220279 0 0
 721.55620483613 -0.00104156882955336 0 0
 724.85564899072 -0.00103961328213559 0 0
 728.15416877179 -0.00114333673128713 0 0
 731.45175257 -0.00104845867270871 0 0
 734.74838877601 -0.00112235459437007 0 0
 738.04406578048 -0.00113681219653222 0 0
 741.33877197407 -0.0011841328170764 0 0
 744.63249574744 -0.00111509009322315 0 0
 747.92522549125 -0.001023441896238 0 0
 751.21694959616 -0.00114230879093431 0 0
 754.50765645283 -0.00115501079447465 0 0
 757.79733445192 -0.00101156748800625 0 0
 761.08597198409 -0.00121248816839751 0 0
 764.37355744 -0.00116253539713316 0 0
 767.66007921031 -0.00120735951499316 0 0
 770.94552568568 -0.00109021926346564 0 0
 774.22988525677 -0.00113580658984627 0 0
 777.51314631424 -0.00112518640214461 0 0
 780.79529724875 -0.00122806614750165 0 0
 784.07632645096 -0.00125011273346335 0 0
 787.35622231153 -0.00131468480459694 0 0
 790.63497322112 -0.0014224805889132 0 0
 793.91256757039 -0.00135632233503225 0 0
 797.18899375 -0.00132525831270897 0 0
 800.46424015061 -0.00154618471095156 0 0
 803.73829516288 -0.00126383608460859 0 0
 807.01114717747 -0.00148949369350546 0 0
 810.28278458504 -0.00175734765488332 0 0
 813.55319577625 -0.00144742576676511 0 0
 816.82236914176 -0.00171389495194569 0 0
 820.09029307223 -0.00152035819720725 0 0
 823.35695595832 -0.00180300310816034 0 0
 826.62234619069 -0.00208143445441186 0 0
 829.88645216 -0.00191247476153715 0 0
 833.14926225691 -0.00201000894318431 0 0
 836.41076487208 -0.0022351318820868 0 0
 839.67094839617 -0.00235844155553627 0 0
 842.92980121984 -0.0023707979464949 0 0
 846.18731173375 -0.00235928905517997 0 0
 849.44346832856 -0.00254263925239753 0 0
 852.69825939493 -0.00267410547988367 0 0
 855.95167332352 -0.00276103930057252 0 0
 859.20369850499 -0.00282222340149114 0 0
 862.45432333 -0.00311183602335665 0 0
 865.70353618921 -0.00331976837017365 0 0
 868.95132547328 -0.00331063405325231 0 0
 872.19767957287 -0.00294920044169252 0 0
 875.44258687864 -0.00337482862316078 0 0
 878.68603578125 -0.00303589483233924 0 0
 881.92801467136 -0.00339777542219567 0 0
 885.16851193963 -0.00328970597017896 0 0
 888.40751597672 -0.0034280429124207 0 0
 891.64501517329 -0.00364249559131503 0 0
 894.88099792 -0.00358435794957183 0 0
 898.11545260751 -0.0034370667349411 0 0
 901.34836762648 -0.00394214494566675 0 0
 904.57973136757 -0.00357974393097134 0 0
 907.80953222144 -0.00427578451949262 0 0
 911.03775857875 -0.00400901640819803 0 0
 914.26439883016 -0.00419302206600893 0 0
 917.48944136633 -0.00376788184544433 0 0
 920.71287457792 -0.00363884059377657 0 0
 923.93468685559 -0.00412607583485945 0 0
 927.15486659 -0.00480362551766009 0 0
 930.37340217181 -0.00520056333349009 0 0
 933.59028199168 -0.00557220355644209 0 0
 936.80549444027 -0.00518701058388029 0 0
 940.01902790824 -0.00392136708553438 0 0
 943.23087078625 -0.0057232567921759 0 0
 946.44101146496 -0.00646594438076293 0 0
 949.64943833503 -0.0060818051125286 0 0
 952.85613978712 -0.00611934497455039 0 0
 956.06110421189 0 0 0
 959.26432 0 0 0
 962.46577554211 0 0 0
 965.66545922888 0 0 0
 968.86335945097 0 0 0
 972.05946459904 0 0 0
 975.25376306375 0 0 0
 978.44624323576 0 0 0
 981.63689350573 0 0 0
 984.82570226432 0 0 0
 988.01265790219 0 0 0
 991.19774881 0 0 0
 994.38096337841 0 0 0
 997.56228999808 0 0 0
 1000.74171705967 0 0 0
 1003.91923295384 0 0 0
 1007.09482607125 0 0 0
 1010.26848480256 0 0 0
 1013.44019753843 0 0 0
 1016.60995266952 0 0 0
 1019.77773858649 0 0 0
 1022.94354368 0 0 0
 1026.10735634071 0 0 0
 1029.26916495928 0 0 0
 1032.42895792637 0 0 0
 1035.58672363264 0 0 0
 1038.74245046875 0 0 0
 1041.89612682536 0 0 0
 1045.04774109313 0 0 0
 1048.19728166272 0 0 0
 1051.34473692479 0 0 0
 1054.49009527 0 0 0
 1057.63334508901 0 0 0
 1060.77447477248 0 0 0
 1063.91347271107 0 0 0
 1067.05032729544 0 0 0
 1070.18502691625 0 0 0
 1073.31755996416 0 0 0
 1076.44791482983 0 0 0
 1079.57607990392 0 0 0
 1082.70204357709 0 0 0
 1085.82579424 0 0 0
 1088.94732028331 0 0 0
 1092.06661009768 0 0 0
 1095.18365207377 0 0 0
 1098.29843460224 0 0 0
 1101.41094607375 0 0 0
 1104.52117487896 0 0 0
 1107.62910940853 0 0 0
 1110.73473805312 0 0 0
 1113.83804920339 0 0 0
 1116.93903125 0 0 0
 1120.03767258361 0 0 0
 1123.13396159488 0 0 0
 1126.22788667447 0 0 0
 1129.31943621304 0 0 0
 1132.40859860125 0 0 0
 1135.49536222976 0 0 0
[END] of [DATA]
[END] of [Spectrum]

