
#TBID:2021-08-23 02:30:00;SAM_84C8;RAW;

[Spectrum]
Version            = 1
IDData             = 96B1_2021-08-23_02-30-00_000_975
IDDevice           = SAM_84C8
IDDataType         = SPECTRUM
IDDataTypeSub1     = RAW
IDDataTypeSub2     = 
IDDataTypeSub3     = 
DateTime           = 2021-08-23 02:30:00
PositionLatitude   = 0
PositionLongitude  = 0
Comment            = 
CommentSub1        = 
CommentSub2        = 
CommentSub3        = 
IDMethodType       = SAM Control
MethodName         = SAM_84C8
Mission            = No Mission
MissionSub         = 1
RecordType         = 0
[Attributes]
CalFactor = 1
IDBasisSpec = 
IDDataBack = DLAB_2015-08-21_12-14-03_013_778
IDDataCal = DLAB_2015-08-24_11-04-47_772_747
IntegrationTime = 4096
P31 = -1
P31e = 0
PathLength = +INF
PathLengthCustomOn = 0
RAWDynamic = 65535
Salinity = 0
Temperature = -NAN
Unit1 = $05 $00 Pixel 
Unit2 = $03 $05 Intensity counts
Unit3 = $f0 $05 Error counts
Unit4 = $f1 $00 Status 
p999 = 2096
[END] of [Attributes]
[DATA]
 0 11 0 0
 1 1735 0 0
 2 1726 0 0
 3 1719 0 0
 4 1731 0 0
 5 1727 0 0
 6 1729 0 0
 7 1742 0 0
 8 1741 0 0
 9 1739 0 0
 10 1738 0 0
 11 1740 0 0
 12 1746 0 0
 13 1742 0 0
 14 1730 0 0
 15 1735 0 0
 16 1743 0 0
 17 1744 0 0
 18 1744 0 0
 19 1749 0 0
 20 1751 0 0
 21 1753 0 0
 22 1761 0 0
 23 1770 0 0
 24 1770 0 0
 25 1764 0 0
 26 1759 0 0
 27 1765 0 0
 28 1787 0 0
 29 1785 0 0
 30 1779 0 0
 31 1775 0 0
 32 1774 0 0
 33 1772 0 0
 34 1776 0 0
 35 1771 0 0
 36 1775 0 0
 37 1782 0 0
 38 1779 0 0
 39 1761 0 0
 40 1768 0 0
 41 1770 0 0
 42 1764 0 0
 43 1770 0 0
 44 1767 0 0
 45 1775 0 0
 46 1769 0 0
 47 1769 0 0
 48 1772 0 0
 49 1774 0 0
 50 1770 0 0
 51 1772 0 0
 52 1772 0 0
 53 1774 0 0
 54 1760 0 0
 55 1768 0 0
 56 1772 0 0
 57 1774 0 0
 58 1775 0 0
 59 1764 0 0
 60 1764 0 0
 61 1772 0 0
 62 1783 0 0
 63 1774 0 0
 64 1764 0 0
 65 1771 0 0
 66 1774 0 0
 67 1770 0 0
 68 1777 0 0
 69 1774 0 0
 70 1764 0 0
 71 1763 0 0
 72 1771 0 0
 73 1771 0 0
 74 1770 0 0
 75 1772 0 0
 76 1790 0 0
 77 1790 0 0
 78 1782 0 0
 79 1791 0 0
 80 1782 0 0
 81 1786 0 0
 82 1787 0 0
 83 1769 0 0
 84 1793 0 0
 85 1785 0 0
 86 1776 0 0
 87 1782 0 0
 88 1780 0 0
 89 1774 0 0
 90 1798 0 0
 91 1792 0 0
 92 1786 0 0
 93 1782 0 0
 94 1793 0 0
 95 1784 0 0
 96 1795 0 0
 97 1777 0 0
 98 1765 0 0
 99 1768 0 0
 100 1776 0 0
 101 1786 0 0
 102 1781 0 0
 103 1777 0 0
 104 1779 0 0
 105 1782 0 0
 106 1782 0 0
 107 1780 0 0
 108 1772 0 0
 109 1775 0 0
 110 1786 0 0
 111 1779 0 0
 112 1770 0 0
 113 1772 0 0
 114 1771 0 0
 115 1782 0 0
 116 1779 0 0
 117 1770 0 0
 118 1773 0 0
 119 1782 0 0
 120 1774 0 0
 121 1774 0 0
 122 1773 0 0
 123 1775 0 0
 124 1773 0 0
 125 1781 0 0
 126 1776 0 0
 127 1786 0 0
 128 1779 0 0
 129 1781 0 0
 130 1779 0 0
 131 1786 0 0
 132 1799 0 0
 133 1850 0 0
 134 1796 0 0
 135 1791 0 0
 136 1786 0 0
 137 1793 0 0
 138 1788 0 0
 139 1783 0 0
 140 1780 0 0
 141 1776 0 0
 142 1784 0 0
 143 1786 0 0
 144 1787 0 0
 145 1787 0 0
 146 1814 0 0
 147 1802 0 0
 148 1802 0 0
 149 1795 0 0
 150 1790 0 0
 151 1795 0 0
 152 1791 0 0
 153 1756 0 0
 154 1768 0 0
 155 1768 0 0
 156 1772 0 0
 157 1778 0 0
 158 1779 0 0
 159 1769 0 0
 160 1792 0 0
 161 1792 0 0
 162 1793 0 0
 163 1784 0 0
 164 1781 0 0
 165 1788 0 0
 166 1803 0 0
 167 1803 0 0
 168 1801 0 0
 169 1794 0 0
 170 1797 0 0
 171 1788 0 0
 172 1794 0 0
 173 1781 0 0
 174 1786 0 0
 175 1798 0 0
 176 1786 0 0
 177 1786 0 0
 178 1789 0 0
 179 1791 0 0
 180 1793 0 0
 181 1784 0 0
 182 1783 0 0
 183 1787 0 0
 184 1781 0 0
 185 1788 0 0
 186 1785 0 0
 187 1793 0 0
 188 1781 0 0
 189 1783 0 0
 190 1783 0 0
 191 1782 0 0
 192 1784 0 0
 193 1774 0 0
 194 1785 0 0
 195 1787 0 0
 196 1773 0 0
 197 1784 0 0
 198 1780 0 0
 199 1785 0 0
 200 1781 0 0
 201 1784 0 0
 202 1784 0 0
 203 1783 0 0
 204 1788 0 0
 205 1782 0 0
 206 1789 0 0
 207 1783 0 0
 208 1773 0 0
 209 1766 0 0
 210 1764 0 0
 211 1771 0 0
 212 1767 0 0
 213 1780 0 0
 214 1773 0 0
 215 1778 0 0
 216 1776 0 0
 217 1776 0 0
 218 1778 0 0
 219 1778 0 0
 220 1782 0 0
 221 1781 0 0
 222 1786 0 0
 223 1780 0 0
 224 1784 0 0
 225 1787 0 0
 226 1783 0 0
 227 1783 0 0
 228 1785 0 0
 229 1778 0 0
 230 1778 0 0
 231 1782 0 0
 232 1780 0 0
 233 1781 0 0
 234 1785 0 0
 235 1780 0 0
 236 1781 0 0
 237 1780 0 0
 238 1779 0 0
 239 1788 0 0
 240 1784 0 0
 241 1791 0 0
 242 1784 0 0
 243 1786 0 0
 244 1781 0 0
 245 1790 0 0
 246 1780 0 0
 247 1774 0 0
 248 1785 0 0
 249 1772 0 0
 250 1774 0 0
 251 1760 0 0
 252 1751 0 0
 253 1745 0 0
 254 1733 0 0
 255 1774 0 0
[END] of [DATA]
[END] of [Spectrum]


#TBID:2021-08-23 02:30:00;SAM_84C8;CALIBRATED;

[Spectrum]
Version            = 1
IDData             = 96B1_2021-08-23_02-30-00_000_976
IDDevice           = SAM_84C8
IDDataType         = SPECTRUM
IDDataTypeSub1     = CALIBRATED
IDDataTypeSub2     = 
IDDataTypeSub3     = 
DateTime           = 2021-08-23 02:30:00
PositionLatitude   = 0
PositionLongitude  = 0
Comment            = 
CommentSub1        = 
CommentSub2        = 
CommentSub3        = 
IDMethodType       = SAM Control
MethodName         = SAM_84C8
Mission            = No Mission
MissionSub         = 1
RecordType         = 0
[Attributes]
CalFactor = 1
IDBasisSpec = 
IDDataBack = DLAB_2015-08-21_12-14-03_013_778
IDDataCal = DLAB_2015-08-24_11-04-47_772_747
IntegrationTime = 4096
P31 = -1
P31e = 0
PathLength = +INF
PathLengthCustomOn = 0
RAWDynamic = 65535
Salinity = 0
Temperature = -NAN
Unit1 = $01 $01 Wavelength nm
Unit2 = $03 $03 Intensity mW/(m^2 nm Sr)
Unit3 = $f0 $03 Error mW/(m^2 nm Sr)
Unit4 = $f1 $00 Status 
p999 = 2096
[END] of [Attributes]
[DATA]
 0 11 0 0
 303.516048156 0 0 0
 306.890006053 0 0 0
 310.26457112 0 0 0
 313.639731825 0 0 0
 317.015476636 -0.00184988977374212 0 0
 320.391794021 -0.00168241519053903 0 0
 323.768672448 -0.000909702941342549 0 0
 327.146100385 -0.00081605813122974 0 0
 330.5240663 -0.000903819876462851 0 0
 333.902558661 -0.000687959361294186 0 0
 337.281565936 -0.000882780360049495 0 0
 340.661076593 -0.000750587984838375 0 0
 344.0410791 -0.00058367459511088 0 0
 347.421561925 -0.000842079249025906 0 0
 350.802513536 -0.00072656410718356 0 0
 354.183922401 -0.000510265304250412 0 0
 357.565776988 -0.00050267639399492 0 0
 360.948065765 -0.000447437874785607 0 0
 364.3307772 -0.00035556339482251 0 0
 367.713899761 -0.000253042983746001 0 0
 371.097421916 -0.000269047371380183 0 0
 374.481332133 -0.000156836188090173 0 0
 377.86561888 5.11756416504908e-006 0 0
 381.250270625 -2.97650739635102e-005 0 0
 384.635275836 -8.40736838961076e-005 0 0
 388.020622981 -3.65227220596331e-005 0 0
 391.406300528 -1.37842980098949e-005 0 0
 394.792296945 0.000355446879118436 0 0
 398.1786007 0.000353757468025853 0 0
 401.565200261 0.000156203394785028 0 0
 404.952084096 0.000130995749133395 0 0
 408.339240673 0.000107091475243702 0 0
 411.72665846 0.000139671306641297 0 0
 415.114325925 0.000185016113055292 0 0
 418.502231536 0.000124705811110036 0 0
 421.890363761 9.58301311047617e-005 0 0
 425.278711068 3.55865332156036e-005 0 0
 428.667261925 0.000124479296420193 0 0
 432.0560048 -8.69038959189598e-006 0 0
 435.444928161 4.03133502782696e-005 0 0
 438.834020476 2.02816894639777e-005 0 0
 442.223270213 -9.94055916389831e-006 0 0
 445.61266584 1.60209619184793e-005 0 0
 449.002195825 4.11893596290045e-005 0 0
 452.391848636 3.07394807376598e-005 0 0
 455.781612741 7.97086858585226e-006 0 0
 459.171476608 3.04669145322897e-005 0 0
 462.561428705 2.53160046331371e-005 0 0
 465.9514575 4.51330999185697e-006 0 0
 469.341551461 6.889250166268e-005 0 0
 472.731699056 1.68524875546216e-005 0 0
 476.121888753 2.5051765567209e-005 0 0
 479.51210902 8.64449242237795e-005 0 0
 482.902348325 3.77733891872029e-005 0 0
 486.292595136 -4.16815938699126e-006 0 0
 489.682837921 2.671632413212e-005 0 0
 493.073065148 -3.9486967236741e-008 0 0
 496.463265285 0.00011066466230246 0 0
 499.8534268 2.83995891653727e-005 0 0
 503.243538161 -1.18393413371679e-005 0 0
 506.633587836 5.57087979591539e-005 0 0
 510.023564293 4.3259875832903e-005 0 0
 513.413456 2.11422245880416e-005 0 0
 516.803251425 2.65098840428831e-005 0 0
 520.192939036 6.90685697696294e-005 0 0
 523.582507301 2.67296321696188e-005 0 0
 526.971944688 7.66714548764379e-006 0 0
 530.361239665 3.78973236440722e-005 0 0
 533.7503807 8.11900970699756e-005 0 0
 537.139356261 -0.000115761564090692 0 0
 540.528154816 -8.30200712507821e-005 0 0
 543.916764833 -5.54442365261535e-005 0 0
 547.30517478 1.66183726571803e-005 0 0
 550.693373125 1.71445023209126e-005 0 0
 554.081348336 1.13627411944888e-005 0 0
 557.469088881 0.00022471082574942 0 0
 560.856583228 0.000224668010802694 0 0
 564.243819845 0.000133070009567367 0 0
 567.6307872 0.000233233645732594 0 0
 571.017473761 0.000132612637191822 0 0
 574.403867996 0.000217183592139637 0 0
 577.789958373 0.000137889537409776 0 0
 581.17573336 -5.8738025592175e-005 0 0
 584.561181425 0.000238890941117012 0 0
 587.946291036 0.000226215781657748 0 0
 591.331050661 9.06787096405431e-005 0 0
 594.715448768 0.000119145052678392 0 0
 598.099473825 0.000146505244606524 0 0
 601.4831143 8.3007291145575e-005 0 0
 604.866358661 0.000317375266652438 0 0
 608.249195376 0.00028223364766161 0 0
 611.631612913 0.00019731238527334 0 0
 615.01359974 0.000229186427853721 0 0
 618.395144325 0.000246279435118863 0 0
 621.776235136 0.000205956821844458 0 0
 625.156860641 0.000293879932810134 0 0
 628.537009308 9.0061087141205e-005 0 0
 631.916669605 -9.28920360924564e-005 0 0
 635.29583 -1.43774132660375e-005 0 0
 638.674478961 -4.96592187987741e-005 0 0
 642.052604956 6.47500521095794e-005 0 0
 645.430196453 0.000102455687590254 0 0
 648.80724192 0.000120946053670139 0 0
 652.183729825 0.000151966621775933 0 0
 655.559648636 6.00296954453067e-005 0 0
 658.934986821 0.000252743362549165 0 0
 662.309732848 0.000164737937024894 0 0
 665.683875185 0.000103370476055756 0 0
 669.0574023 0.000122631582805847 0 0
 672.430302661 0.000142139414671443 0 0
 675.802564736 -0.000152070742831767 0 0
 679.174176993 -0.000104073110931184 0 0
 682.5451279 -6.00990475492436e-005 0 0
 685.915405925 -5.29857219292874e-005 0 0
 689.284999536 5.45785809860073e-005 0 0
 692.653897201 -7.06500774527997e-005 0 0
 696.022087388 -3.36571440337887e-005 0 0
 699.389558565 5.57054788132679e-005 0 0
 702.7562992 6.76636299749394e-005 0 0
 706.122297761 0.00014896530989795 0 0
 709.487542716 8.04407597927218e-006 0 0
 712.852022533 0.000125130269711379 0 0
 716.21572568 0.000113394588934992 0 0
 719.578640625 9.43022015820424e-005 0 0
 722.940755836 0.000172350696751964 0 0
 726.302059781 5.64945665950131e-005 0 0
 729.662540928 7.63479610234352e-005 0 0
 733.022187745 0.000202034211921265 0 0
 736.3809887 0.000127049808536612 0 0
 739.738932261 0.000239721772830116 0 0
 743.096006896 0.000236700903545561 0 0
 746.452201073 0.000590698418659578 0 0
 749.80750326 0.000389847317541056 0 0
 753.161901925 0.00045590784625569 0 0
 756.515385536 0.000467055440890465 0 0
 759.867942561 0.000330721141348451 0 0
 763.219561468 0.000437796926256091 0 0
 766.570230725 0.000463321714996119 0 0
 769.9199388 8.44713089699224e-005 0 0
 773.268674161 0.000161595796037163 0 0
 776.616425276 0.000140601761431018 0 0
 779.963180613 0.000210648743258683 0 0
 783.30892864 0.000365050694128115 0 0
 786.653657825 0.000181150667945798 0 0
 789.997356636 0.000310935428904136 0 0
 793.340013541 0.00118997926851242 0 0
 796.681617008 0.00103435833514058 0 0
 800.022155505 0.000868451528505789 0 0
 803.3616175 0.000836313745605172 0 0
 806.699991461 0.000622317464216841 0 0
 810.037265856 0.000778537865552066 0 0
 813.373429153 0.000485078502218986 0 0
 816.70846982 -0.000694443965017388 0 0
 820.042376325 -9.84338425252979e-005 0 0
 823.375137136 -5.70826994581301e-006 0 0
 826.706740721 -0.000137875160215741 0 0
 830.037175548 4.6136637224153e-005 0 0
 833.366430085 0.000180933737693195 0 0
 836.6944928 -0.000136585297171933 0 0
 840.021352161 0.000806368908778765 0 0
 843.346996636 0.00108294741542952 0 0
 846.671414693 0.00101158143847466 0 0
 849.9945948 0.000637646221122578 0 0
 853.316525425 0.000861851034575313 0 0
 856.637195036 0.00069165320361272 0 0
 859.956592101 0.00196528992506536 0 0
 863.274705088 0.00179013653291074 0 0
 866.591522465 0.00191026108433805 0 0
 869.9070327 0.001761859281359 0 0
 873.221224261 0.00165544657827279 0 0
 876.534085616 0.00136571119785799 0 0
 879.845605233 0.00167467550309781 0 0
 883.15577158 0.00163541545077688 0 0
 886.464573125 0.00158200009729878 0 0
 889.771998336 0.00174567199070561 0 0
 893.078035681 0.00150880931676096 0 0
 896.382673628 0.00141752514802002 0 0
 899.685900645 0.00216138658465307 0 0
 902.9877052 0.00184698783375364 0 0
 906.288075761 0.00180941724952063 0 0
 909.587000796 0.00102144391781988 0 0
 912.884468773 0.000970629579578961 0 0
 916.18046816 0.00168979832383658 0 0
 919.474987425 0.00175160209491853 0 0
 922.768015036 0.00190049410542411 0 0
 926.059539461 0.00218811118853613 0 0
 929.349549168 0.00212074358266704 0 0
 932.638032625 0.00150887456852277 0 0
 935.9249783 0.00191113164566555 0 0
 939.210374661 0.00330755638696395 0 0
 942.494210176 0.00172265095778841 0 0
 945.776473313 0.00126203178163746 0 0
 949.05715254 0.00192246051023946 0 0
 952.336236325 0.00205682028442784 0 0
 955.613713136 0 0 0
 958.889571441 0 0 0
 962.163799708 0 0 0
 965.436386405 0 0 0
 968.70732 0 0 0
 971.976588961 0 0 0
 975.244181756 0 0 0
 978.510086853 0 0 0
 981.77429272 0 0 0
 985.036787825 0 0 0
 988.297560636 0 0 0
 991.556599621 0 0 0
 994.813893248 0 0 0
 998.069429985 0 0 0
 1001.3231983 0 0 0
 1004.575186661 0 0 0
 1007.825383536 0 0 0
 1011.073777393 0 0 0
 1014.3203567 0 0 0
 1017.565109925 0 0 0
 1020.808025536 0 0 0
 1024.049092001 0 0 0
 1027.288297788 0 0 0
 1030.525631365 0 0 0
 1033.7610812 0 0 0
 1036.994635761 0 0 0
 1040.226283516 0 0 0
 1043.456012933 0 0 0
 1046.68381248 0 0 0
 1049.909670625 0 0 0
 1053.133575836 0 0 0
 1056.355516581 0 0 0
 1059.575481328 0 0 0
 1062.793458545 0 0 0
 1066.0094367 0 0 0
 1069.223404261 0 0 0
 1072.435349696 0 0 0
 1075.645261473 0 0 0
 1078.85312806 0 0 0
 1082.058937925 0 0 0
 1085.262679536 0 0 0
 1088.464341361 0 0 0
 1091.663911868 0 0 0
 1094.861379525 0 0 0
 1098.0567328 0 0 0
 1101.249960161 0 0 0
 1104.441050076 0 0 0
 1107.629991013 0 0 0
 1110.81677144 0 0 0
 1114.001379825 0 0 0
 1117.183804636 0 0 0
 1120.364034341 0 0 0
 1123.542057408 0 0 0
 1126.717862305 0 0 0
 1129.8914375 0 0 0
 1133.062771461 0 0 0
 1136.231852656 0 0 0
 1139.398669553 0 0 0
 1142.56321062 0 0 0
 1145.725464325 0 0 0
 1148.885419136 0 0 0
[END] of [DATA]
[END] of [Spectrum]


#TBID:2021-08-23 03:00:00;SAM_84CE;RAW;

[Spectrum]
Version            = 1
IDData             = 96B1_2021-08-23_03-00-00_000_979
IDDevice           = SAM_84CE
IDDataType         = SPECTRUM
IDDataTypeSub1     = RAW
IDDataTypeSub2     = 
IDDataTypeSub3     = 
DateTime           = 2021-08-23 03:00:00
PositionLatitude   = 0
PositionLongitude  = 0
Comment            = 
CommentSub1        = 
CommentSub2        = 
CommentSub3        = 
IDMethodType       = SAM Control
MethodName         = SAM_84CE
Mission            = No Mission
MissionSub         = 1
RecordType         = 0
[Attributes]
CalFactor = 1
IDBasisSpec = 
IDDataBack = DLAB_2015-08-21_11-56-43_233_004
IDDataCal = DLAB_2015-08-26_10-05-37_585_478
IntegrationTime = 4096
P31 = -1
P31e = 0
PathLength = +INF
PathLengthCustomOn = 0
RAWDynamic = 65535
Salinity = 0
Temperature = -NAN
Unit1 = $05 $00 Pixel 
Unit2 = $03 $05 Intensity counts
Unit3 = $f0 $05 Error counts
Unit4 = $f1 $00 Status 
p999 = 2097
[END] of [Attributes]
[DATA]
 0 11 0 0
 1 1753 0 0
 2 1765 0 0
 3 1764 0 0
 4 1773 0 0
 5 1780 0 0
 6 1779 0 0
 7 1776 0 0
 8 1779 0 0
 9 1787 0 0
 10 1786 0 0
 11 1791 0 0
 12 1787 0 0
 13 1788 0 0
 14 1800 0 0
 15 1786 0 0
 16 1794 0 0
 17 1789 0 0
 18 1790 0 0
 19 1788 0 0
 20 1806 0 0
 21 1796 0 0
 22 1791 0 0
 23 1808 0 0
 24 1798 0 0
 25 1802 0 0
 26 1808 0 0
 27 1805 0 0
 28 1800 0 0
 29 1803 0 0
 30 1799 0 0
 31 1806 0 0
 32 1804 0 0
 33 1803 0 0
 34 1795 0 0
 35 1799 0 0
 36 1806 0 0
 37 1798 0 0
 38 1810 0 0
 39 1802 0 0
 40 1810 0 0
 41 1802 0 0
 42 1805 0 0
 43 1805 0 0
 44 1795 0 0
 45 1793 0 0
 46 1806 0 0
 47 1818 0 0
 48 1805 0 0
 49 1794 0 0
 50 1803 0 0
 51 1794 0 0
 52 1794 0 0
 53 1797 0 0
 54 1801 0 0
 55 1793 0 0
 56 1796 0 0
 57 1800 0 0
 58 1800 0 0
 59 1792 0 0
 60 1786 0 0
 61 1795 0 0
 62 1800 0 0
 63 1800 0 0
 64 1792 0 0
 65 1791 0 0
 66 1803 0 0
 67 1796 0 0
 68 1801 0 0
 69 1792 0 0
 70 1785 0 0
 71 1793 0 0
 72 1796 0 0
 73 1793 0 0
 74 1790 0 0
 75 1796 0 0
 76 1795 0 0
 77 1793 0 0
 78 1794 0 0
 79 1798 0 0
 80 1798 0 0
 81 1794 0 0
 82 1792 0 0
 83 1788 0 0
 84 1788 0 0
 85 1785 0 0
 86 1782 0 0
 87 1790 0 0
 88 1784 0 0
 89 1784 0 0
 90 1793 0 0
 91 1789 0 0
 92 1785 0 0
 93 1787 0 0
 94 1782 0 0
 95 1775 0 0
 96 1771 0 0
 97 1784 0 0
 98 1785 0 0
 99 1786 0 0
 100 1780 0 0
 101 1781 0 0
 102 1780 0 0
 103 1783 0 0
 104 1781 0 0
 105 1782 0 0
 106 1780 0 0
 107 1775 0 0
 108 1776 0 0
 109 1788 0 0
 110 1777 0 0
 111 1787 0 0
 112 1781 0 0
 113 1777 0 0
 114 1780 0 0
 115 1777 0 0
 116 1772 0 0
 117 1779 0 0
 118 1775 0 0
 119 1775 0 0
 120 1780 0 0
 121 1773 0 0
 122 1778 0 0
 123 1771 0 0
 124 1775 0 0
 125 1774 0 0
 126 1780 0 0
 127 1770 0 0
 128 1780 0 0
 129 1769 0 0
 130 1772 0 0
 131 1785 0 0
 132 1769 0 0
 133 1772 0 0
 134 1773 0 0
 135 1769 0 0
 136 1777 0 0
 137 1776 0 0
 138 1764 0 0
 139 1773 0 0
 140 1768 0 0
 141 1772 0 0
 142 1769 0 0
 143 1762 0 0
 144 1768 0 0
 145 1776 0 0
 146 1779 0 0
 147 1766 0 0
 148 1772 0 0
 149 1764 0 0
 150 1763 0 0
 151 1760 0 0
 152 1769 0 0
 153 1763 0 0
 154 1764 0 0
 155 1765 0 0
 156 1764 0 0
 157 1758 0 0
 158 1759 0 0
 159 1774 0 0
 160 1767 0 0
 161 1768 0 0
 162 1764 0 0
 163 1763 0 0
 164 1768 0 0
 165 1762 0 0
 166 1758 0 0
 167 1763 0 0
 168 1759 0 0
 169 1770 0 0
 170 1767 0 0
 171 1769 0 0
 172 1766 0 0
 173 1767 0 0
 174 1759 0 0
 175 1761 0 0
 176 1764 0 0
 177 1766 0 0
 178 1762 0 0
 179 1761 0 0
 180 1764 0 0
 181 1762 0 0
 182 1759 0 0
 183 1753 0 0
 184 1757 0 0
 185 1763 0 0
 186 1762 0 0
 187 1765 0 0
 188 1754 0 0
 189 1758 0 0
 190 1761 0 0
 191 1762 0 0
 192 1761 0 0
 193 1761 0 0
 194 1755 0 0
 195 1753 0 0
 196 1755 0 0
 197 1751 0 0
 198 1760 0 0
 199 1752 0 0
 200 1758 0 0
 201 1762 0 0
 202 1752 0 0
 203 1754 0 0
 204 1758 0 0
 205 1761 0 0
 206 1762 0 0
 207 1760 0 0
 208 1753 0 0
 209 1758 0 0
 210 1755 0 0
 211 1751 0 0
 212 1754 0 0
 213 1756 0 0
 214 1758 0 0
 215 1762 0 0
 216 1757 0 0
 217 1753 0 0
 218 1756 0 0
 219 1754 0 0
 220 1751 0 0
 221 1746 0 0
 222 1756 0 0
 223 1749 0 0
 224 1745 0 0
 225 1752 0 0
 226 1752 0 0
 227 1760 0 0
 228 1747 0 0
 229 1761 0 0
 230 1760 0 0
 231 1753 0 0
 232 1754 0 0
 233 1754 0 0
 234 1751 0 0
 235 1758 0 0
 236 1746 0 0
 237 1753 0 0
 238 1758 0 0
 239 1753 0 0
 240 1750 0 0
 241 1759 0 0
 242 1744 0 0
 243 1754 0 0
 244 1750 0 0
 245 1745 0 0
 246 1742 0 0
 247 1746 0 0
 248 1738 0 0
 249 1743 0 0
 250 1724 0 0
 251 1733 0 0
 252 1718 0 0
 253 1714 0 0
 254 1704 0 0
 255 1759 0 0
[END] of [DATA]
[END] of [Spectrum]


#TBID:2021-08-23 03:00:00;SAM_84CE;CALIBRATED;

[Spectrum]
Version            = 1
IDData             = 96B1_2021-08-23_03-00-00_000_980
IDDevice           = SAM_84CE
IDDataType         = SPECTRUM
IDDataTypeSub1     = CALIBRATED
IDDataTypeSub2     = 
IDDataTypeSub3     = 
DateTime           = 2021-08-23 03:00:00
PositionLatitude   = 0
PositionLongitude  = 0
Comment            = 
CommentSub1        = 
CommentSub2        = 
CommentSub3        = 
IDMethodType       = SAM Control
MethodName         = SAM_84CE
Mission            = No Mission
MissionSub         = 1
RecordType         = 0
[Attributes]
CalFactor = 1
IDBasisSpec = 
IDDataBack = DLAB_2015-08-21_11-56-43_233_004
IDDataCal = DLAB_2015-08-26_10-05-37_585_478
IntegrationTime = 4096
P31 = -1
P31e = 0
PathLength = +INF
PathLengthCustomOn = 0
RAWDynamic = 65535
Salinity = 0
Temperature = -NAN
Unit1 = $01 $01 Wavelength nm
Unit2 = $03 $06 Intensity mW/(m^2 nm)
Unit3 = $f0 $06 Error mW/(m^2 nm)
Unit4 = $f1 $00 Status 
p999 = 2097
[END] of [Attributes]
[DATA]
 0 11 0 0
 303.485180022 0 0 0
 306.85638880275 0 0 0
 310.228324544 0 0 0
 313.60097308125 0 0 0
 316.97432025 0.0228103032890446 0 0
 320.34835188575 0.0233025685896775 0 0
 323.723053824 0.0209057829715994 0 0
 327.09841190025 0.0207175949661103 0 0
 330.47441195 0.0197133759220568 0 0
 333.85103980875 0.0197829657416572 0 0
 337.228281312 0.0192506184689602 0 0
 340.60612229525 0.0166742855066257 0 0
 343.984548594 0.015853163211609 0 0
 347.36354604375 0.0161776873617309 0 0
 350.74310048 0.013438752979793 0 0
 354.12319773825 0.0136520483916841 0 0
 357.503823654 0.0125891146710297 0 0
 360.88496406275 0.0112569029904274 0 0
 364.2666048 0.0117918439858961 0 0
 367.64873170125 0.0131612291815114 0 0
 371.031330602 0.0121026370581594 0 0
 374.41438733775 0.0119372997492437 0 0
 377.797887744 0.0130193438863566 0 0
 381.18181765625 0.0131339740977859 0 0
 384.56616291 0.0141023814060316 0 0
 387.95090934075 0.01440552420748 0 0
 391.336042784 0.0133628203901828 0 0
 394.72154907525 0.0145830810645766 0 0
 398.10741405 0.0142685647548805 0 0
 401.49362354375 0.0128900699406646 0 0
 404.880163392 0.0120998742512691 0 0
 408.26701943025 0.0117709096728552 0 0
 411.654177494 0.011483321292187 0 0
 415.04162341875 0.0100069338980032 0 0
 418.42934304 0.0102862247314923 0 0
 421.81732219325 0.0094086872779777 0 0
 425.205546714 0.00912641450593184 0 0
 428.59400243775 0.00881941744390892 0 0
 431.9826752 0.00795473571882644 0 0
 435.37155083625 0.00850656480476272 0 0
 438.760615182 0.00764433414988139 0 0
 442.14985407275 0.00764748462791655 0 0
 445.539253344 0.00775966371260082 0 0
 448.92879883125 0.00744694636145208 0 0
 452.31847637 0.00742545901344638 0 0
 455.70827179575 0.00785166167611857 0 0
 459.098170944 0.00910464520712957 0 0
 462.48815965025 0.0085602527879692 0 0
 465.87822375 0.00743253312104383 0 0
 469.26834907875 0.00842385803454888 0 0
 472.658521472 0.00827038138870428 0 0
 476.04872676525 0.00840189656521837 0 0
 479.438950794 0.00800399928235764 0 0
 482.82917939375 0.00826653123369424 0 0
 486.2193984 0.008402069523436 0 0
 489.60959364825 0.00898202005562818 0 0
 492.999750974 0.00951736314485093 0 0
 496.38985621275 0.00888135595003033 0 0
 499.7798952 0.00818200635948199 0 0
 503.16985377125 0.0078955576881905 0 0
 506.559717762 0.00838270704378235 0 0
 509.94947300775 0.00789466203250801 0 0
 513.339105344 0.00823765898086004 0 0
 516.72860060625 0.00717909540931758 0 0
 520.11794463 0.00725702865420282 0 0
 523.50712325075 0.00737141737499834 0 0
 526.896122304 0.00713549614187449 0 0
 530.28492762525 0.00729743329240183 0 0
 533.67352505 0.00710589142466071 0 0
 537.06190041375 0.00693404233922124 0 0
 540.450039552 0.00690359487475118 0 0
 543.83792830025 0.00670224409701979 0 0
 547.225552494 0.00614810930580353 0 0
 550.61289796875 0.00627234188956752 0 0
 553.99995056 0.00673337467959337 0 0
 557.38669610325 0.00579285122717813 0 0
 560.773120434 0.00670934355338176 0 0
 564.15920938775 0.00730006486090574 0 0
 567.5449488 0.00710388823394243 0 0
 570.93032450625 0.00706571117488188 0 0
 574.315322342 0.00662839944138047 0 0
 577.69992814275 0.00716018108583243 0 0
 581.084127744 0.00709771164928558 0 0
 584.46790698125 0.00713542474755943 0 0
 587.85125169 0.00678304439421712 0 0
 591.23414770575 0.00630016982808069 0 0
 594.616580864 0.0073417982471541 0 0
 597.99853700025 0.00699541212882308 0 0
 601.38000195 0.00707743392317057 0 0
 604.76096154875 0.00738114802989958 0 0
 608.141401632 0.00710144421628939 0 0
 611.52130803525 0.00684055031994005 0 0
 614.900666594 0.0064344063280004 0 0
 618.27946314375 0.00693627201879752 0 0
 621.65768352 0.00653773701141033 0 0
 625.03531355825 0.00606706628534134 0 0
 628.412339094 0.00724565615362235 0 0
 631.78874596275 0.00704887041227798 0 0
 635.16452 0.00773821475777122 0 0
 638.53964704125 0.00708870986096055 0 0
 641.914112922 0.00821342521340829 0 0
 645.28790347775 0.00763632593116945 0 0
 648.661004544 0.00806862798467069 0 0
 652.03340195625 0.00855704168023811 0 0
 655.40508155 0.00788899488914369 0 0
 658.77602916075 0.00816112283675655 0 0
 662.146230624 0.00783348286418901 0 0
 665.51567177525 0.00811206615692722 0 0
 668.88433845 0.00870074626744888 0 0
 672.25221648375 0.00821633431676221 0 0
 675.619291712 0.00831827572658037 0 0
 678.98554997025 0.0084255736078607 0 0
 682.350977094 0.00847408142712555 0 0
 685.71555891875 0.00808367239720603 0 0
 689.07928128 0.00809390509068517 0 0
 692.44213001325 0.0077800952638403 0 0
 695.804090954 0.00774550550675369 0 0
 699.16514993775 0.0074995231195656 0 0
 702.5252928 0.00738642425522074 0 0
 705.88450537625 0.00831518005807482 0 0
 709.242773502 0.00766103609677644 0 0
 712.60008301275 0.0079589821589885 0 0
 715.956419744 0.00737350408728833 0 0
 719.31176953125 0.00805427647107602 0 0
 722.66611821 0.00813683271353933 0 0
 726.01945161575 0.00774763328226335 0 0
 729.371755584 0.00752262377170673 0 0
 732.72301595025 0.00906736074129323 0 0
 736.07321855 0.00703294644244897 0 0
 739.42234921875 0.00852984586866241 0 0
 742.770393792 0.00879998892318727 0 0
 746.11733810525 0.00737576257102111 0 0
 749.463167994 0.00803974284645727 0 0
 752.80786929375 0.00827271480620127 0 0
 756.15142784 0.00710623107524444 0 0
 759.49382946825 0.00953816843184691 0 0
 762.835060014 0.00793999920372209 0 0
 766.17510531275 0.00818976031858672 0 0
 769.5139512 0.00763834763286103 0 0
 772.85158351125 0.00883050272496471 0 0
 776.187988082 0.00870423561424484 0 0
 779.52315074775 0.00882557344717668 0 0
 782.857057344 0.00662577955304581 0 0
 786.18969370625 0.00824146265168487 0 0
 789.52104567 0.00831403388281656 0 0
 792.85109907075 0.0107359248215412 0 0
 796.179839744 0.0104716866039595 0 0
 799.50725352525 0.0100787882130762 0 0
 802.83332625 0.00920051006866136 0 0
 806.15804375375 0.00952849753710328 0 0
 809.481391872 0.00916667869611163 0 0
 812.80335644025 0.0125674609888173 0 0
 816.123923294 0.00850912680805832 0 0
 819.44307826875 0.0101323716687499 0 0
 822.7608072 0.0111447711832276 0 0
 826.07709592325 0.0116141625708593 0 0
 829.391930274 0.00801103165232047 0 0
 832.70529608775 0.0117692067652112 0 0
 836.0171792 0.0164846962324295 0 0
 839.32756544625 0.0131089266298538 0 0
 842.636440662 0.01327355432033 0 0
 845.94379068275 0.0128378225792594 0 0
 849.249601344 0.0134048927799562 0 0
 852.55385848125 0.0167231835716539 0 0
 855.85654793 0.0154954792608821 0 0
 859.15765552575 0.0141314953232853 0 0
 862.457167104 0.0166605014708918 0 0
 865.75506850025 0.0149547328579213 0 0
 869.05134555 0.02106916442397 0 0
 872.34598408875 0.0188062910965615 0 0
 875.638969952 0.0202163070031854 0 0
 878.93028897525 0.0210412403594486 0 0
 882.219926994 0.0236006042041283 0 0
 885.50786984375 0.0207524001043978 0 0
 888.79410336 0.0184688750018836 0 0
 892.07861337825 0.0225817874339578 0 0
 895.361385734 0.0252164270147275 0 0
 898.64240626275 0.0186223570143039 0 0
 901.9216608 0.0199612132014487 0 0
 905.19913518125 0.0229274142758419 0 0
 908.474815242 0.0233929572075849 0 0
 911.74868681775 0.0221251560854809 0 0
 915.020735744 0.0256284969547326 0 0
 918.29094785625 0.0301083265979937 0 0
 921.55930899 0.0317769709965419 0 0
 924.82580498075 0.0269765850968351 0 0
 928.090421664 0.0306267746501007 0 0
 931.35314487525 0.0233130647966105 0 0
 934.61396045 0.0309659231142258 0 0
 937.87285422375 0.0373272882647846 0 0
 941.129812032 0.0349176293880736 0 0
 944.38481971025 0.0418223141250369 0 0
 947.637863094 0.0426375418995151 0 0
 950.88892801875 0.0345897489784754 0 0
 954.13800032 0 0 0
 957.38506583325 0 0 0
 960.630110394 0 0 0
 963.87311983775 0 0 0
 967.11408 0 0 0
 970.35297671625 0 0 0
 973.589795822 0 0 0
 976.82452315275 0 0 0
 980.057144544 0 0 0
 983.28764583125 0 0 0
 986.51601285 0 0 0
 989.74223143575 0 0 0
 992.966287424 0 0 0
 996.18816665025 0 0 0
 999.40785495 0 0 0
 1002.62533815875 0 0 0
 1005.840602112 0 0 0
 1009.05363264525 0 0 0
 1012.264415594 0 0 0
 1015.47293679375 0 0 0
 1018.67918208 0 0 0
 1021.88313728825 0 0 0
 1025.084788254 0 0 0
 1028.28412081275 0 0 0
 1031.4811208 0 0 0
 1034.67577405125 0 0 0
 1037.868066402 0 0 0
 1041.05798368775 0 0 0
 1044.245511744 0 0 0
 1047.43063640625 0 0 0
 1050.61334351 0 0 0
 1053.79361889075 0 0 0
 1056.971448384 0 0 0
 1060.14681782525 0 0 0
 1063.31971305 0 0 0
 1066.49011989375 0 0 0
 1069.658024192 0 0 0
 1072.82341178025 0 0 0
 1075.986268494 0 0 0
 1079.14658016875 0 0 0
 1082.30433264 0 0 0
 1085.45951174325 0 0 0
 1088.612103314 0 0 0
 1091.76209318775 0 0 0
 1094.9094672 0 0 0
 1098.05421118625 0 0 0
 1101.196310982 0 0 0
 1104.33575242275 0 0 0
 1107.472521344 0 0 0
 1110.60660358125 0 0 0
 1113.73798497 0 0 0
 1116.86665134575 0 0 0
 1119.992588544 0 0 0
 1123.11578240025 0 0 0
 1126.23621875 0 0 0
 1129.35388342875 0 0 0
 1132.468762272 0 0 0
 1135.58084111525 0 0 0
 1138.690105794 0 0 0
 1141.79654214375 0 0 0
 1144.900136 0 0 0
[END] of [DATA]
[END] of [Spectrum]


#TBID:2021-08-23 03:00:00;SAM_84C8;RAW;

[Spectrum]
Version            = 1
IDData             = 96B1_2021-08-23_03-00-00_000_982
IDDevice           = SAM_84C8
IDDataType         = SPECTRUM
IDDataTypeSub1     = RAW
IDDataTypeSub2     = 
IDDataTypeSub3     = 
DateTime           = 2021-08-23 03:00:00
PositionLatitude   = 0
PositionLongitude  = 0
Comment            = 
CommentSub1        = 
CommentSub2        = 
CommentSub3        = 
IDMethodType       = SAM Control
MethodName         = SAM_84C8
Mission            = No Mission
MissionSub         = 1
RecordType         = 0
[Attributes]
CalFactor = 1
IDBasisSpec = 
IDDataBack = DLAB_2015-08-21_12-14-03_013_778
IDDataCal = DLAB_2015-08-24_11-04-47_772_747
IntegrationTime = 4096
P31 = -1
P31e = 0
PathLength = +INF
PathLengthCustomOn = 0
RAWDynamic = 65535
Salinity = 0
Temperature = -NAN
Unit1 = $05 $00 Pixel 
Unit2 = $03 $05 Intensity counts
Unit3 = $f0 $05 Error counts
Unit4 = $f1 $00 Status 
p999 = 2097
[END] of [Attributes]
[DATA]
 0 11 0 0
 1 1784 0 0
 2 1771 0 0
 3 1762 0 0
 4 1770 0 0
 5 1766 0 0
 6 1755 0 0
 7 1764 0 0
 8 1768 0 0
 9 1769 0 0
 10 1759 0 0
 11 1776 0 0
 12 1781 0 0
 13 1782 0 0
 14 1772 0 0
 15 1774 0 0
 16 1775 0 0
 17 1782 0 0
 18 1785 0 0
 19 1784 0 0
 20 1780 0 0
 21 1781 0 0
 22 1790 0 0
 23 1792 0 0
 24 1794 0 0
 25 1792 0 0
 26 1788 0 0
 27 1792 0 0
 28 1799 0 0
 29 1793 0 0
 30 1790 0 0
 31 1798 0 0
 32 1792 0 0
 33 1804 0 0
 34 1800 0 0
 35 1797 0 0
 36 1802 0 0
 37 1815 0 0
 38 1800 0 0
 39 1798 0 0
 40 1794 0 0
 41 1796 0 0
 42 1796 0 0
 43 1799 0 0
 44 1791 0 0
 45 1806 0 0
 46 1801 0 0
 47 1792 0 0
 48 1800 0 0
 49 1806 0 0
 50 1791 0 0
 51 1798 0 0
 52 1800 0 0
 53 1795 0 0
 54 1787 0 0
 55 1797 0 0
 56 1799 0 0
 57 1799 0 0
 58 1792 0 0
 59 1784 0 0
 60 1794 0 0
 61 1780 0 0
 62 1798 0 0
 63 1788 0 0
 64 1779 0 0
 65 1791 0 0
 66 1796 0 0
 67 1796 0 0
 68 1792 0 0
 69 1792 0 0
 70 1800 0 0
 71 1798 0 0
 72 1801 0 0
 73 1794 0 0
 74 1802 0 0
 75 1815 0 0
 76 1818 0 0
 77 1821 0 0
 78 1821 0 0
 79 1817 0 0
 80 1818 0 0
 81 1813 0 0
 82 1809 0 0
 83 1801 0 0
 84 1805 0 0
 85 1796 0 0
 86 1794 0 0
 87 1807 0 0
 88 1790 0 0
 89 1784 0 0
 90 1808 0 0
 91 1800 0 0
 92 1802 0 0
 93 1799 0 0
 94 1812 0 0
 95 1798 0 0
 96 1806 0 0
 97 1806 0 0
 98 1799 0 0
 99 1803 0 0
 100 1805 0 0
 101 1813 0 0
 102 1808 0 0
 103 1801 0 0
 104 1808 0 0
 105 1811 0 0
 106 1805 0 0
 107 1799 0 0
 108 1800 0 0
 109 1800 0 0
 110 1810 0 0
 111 1803 0 0
 112 1792 0 0
 113 1795 0 0
 114 1795 0 0
 115 1803 0 0
 116 1807 0 0
 117 1800 0 0
 118 1802 0 0
 119 1802 0 0
 120 1796 0 0
 121 1802 0 0
 122 1796 0 0
 123 1805 0 0
 124 1811 0 0
 125 1808 0 0
 126 1813 0 0
 127 1821 0 0
 128 1803 0 0
 129 1808 0 0
 130 1800 0 0
 131 1797 0 0
 132 1806 0 0
 133 1861 0 0
 134 1804 0 0
 135 1806 0 0
 136 1798 0 0
 137 1804 0 0
 138 1801 0 0
 139 1808 0 0
 140 1802 0 0
 141 1800 0 0
 142 1812 0 0
 143 1807 0 0
 144 1806 0 0
 145 1829 0 0
 146 1818 0 0
 147 1811 0 0
 148 1820 0 0
 149 1809 0 0
 150 1809 0 0
 151 1830 0 0
 152 1813 0 0
 153 1804 0 0
 154 1805 0 0
 155 1806 0 0
 156 1809 0 0
 157 1811 0 0
 158 1789 0 0
 159 1793 0 0
 160 1800 0 0
 161 1801 0 0
 162 1802 0 0
 163 1801 0 0
 164 1800 0 0
 165 1804 0 0
 166 1816 0 0
 167 1818 0 0
 168 1813 0 0
 169 1814 0 0
 170 1817 0 0
 171 1806 0 0
 172 1827 0 0
 173 1813 0 0
 174 1812 0 0
 175 1822 0 0
 176 1817 0 0
 177 1817 0 0
 178 1812 0 0
 179 1817 0 0
 180 1817 0 0
 181 1816 0 0
 182 1811 0 0
 183 1815 0 0
 184 1808 0 0
 185 1810 0 0
 186 1804 0 0
 187 1816 0 0
 188 1805 0 0
 189 1808 0 0
 190 1805 0 0
 191 1812 0 0
 192 1812 0 0
 193 1800 0 0
 194 1808 0 0
 195 1806 0 0
 196 1793 0 0
 197 1803 0 0
 198 1806 0 0
 199 1808 0 0
 200 1791 0 0
 201 1795 0 0
 202 1792 0 0
 203 1795 0 0
 204 1806 0 0
 205 1796 0 0
 206 1801 0 0
 207 1800 0 0
 208 1800 0 0
 209 1796 0 0
 210 1788 0 0
 211 1806 0 0
 212 1800 0 0
 213 1813 0 0
 214 1813 0 0
 215 1812 0 0
 216 1814 0 0
 217 1816 0 0
 218 1813 0 0
 219 1812 0 0
 220 1814 0 0
 221 1816 0 0
 222 1805 0 0
 223 1805 0 0
 224 1803 0 0
 225 1804 0 0
 226 1803 0 0
 227 1801 0 0
 228 1791 0 0
 229 1792 0 0
 230 1794 0 0
 231 1798 0 0
 232 1799 0 0
 233 1798 0 0
 234 1800 0 0
 235 1806 0 0
 236 1821 0 0
 237 1810 0 0
 238 1809 0 0
 239 1809 0 0
 240 1813 0 0
 241 1820 0 0
 242 1813 0 0
 243 1810 0 0
 244 1814 0 0
 245 1810 0 0
 246 1801 0 0
 247 1796 0 0
 248 1806 0 0
 249 1800 0 0
 250 1799 0 0
 251 1787 0 0
 252 1779 0 0
 253 1772 0 0
 254 1760 0 0
 255 1807 0 0
[END] of [DATA]
[END] of [Spectrum]


#TBID:2021-08-23 03:00:00;SAM_84C8;CALIBRATED;

[Spectrum]
Version            = 1
IDData             = 96B1_2021-08-23_03-00-00_000_983
IDDevice           = SAM_84C8
IDDataType         = SPECTRUM
IDDataTypeSub1     = CALIBRATED
IDDataTypeSub2     = 
IDDataTypeSub3     = 
DateTime           = 2021-08-23 03:00:00
PositionLatitude   = 0
PositionLongitude  = 0
Comment            = 
CommentSub1        = 
CommentSub2        = 
CommentSub3        = 
IDMethodType       = SAM Control
MethodName         = SAM_84C8
Mission            = No Mission
MissionSub         = 1
RecordType         = 0
[Attributes]
CalFactor = 1
IDBasisSpec = 
IDDataBack = DLAB_2015-08-21_12-14-03_013_778
IDDataCal = DLAB_2015-08-24_11-04-47_772_747
IntegrationTime = 4096
P31 = -1
P31e = 0
PathLength = +INF
PathLengthCustomOn = 0
RAWDynamic = 65535
Salinity = 0
Temperature = -NAN
Unit1 = $01 $01 Wavelength nm
Unit2 = $03 $03 Intensity mW/(m^2 nm Sr)
Unit3 = $f0 $03 Error mW/(m^2 nm Sr)
Unit4 = $f1 $00 Status 
p999 = 2097
[END] of [Attributes]
[DATA]
 0 11 0 0
 303.516048156 0 0 0
 306.890006053 0 0 0
 310.26457112 0 0 0
 313.639731825 0 0 0
 317.015476636 -0.00126427650315347 0 0
 320.391794021 -0.0016892257489161 0 0
 323.768672448 -0.00106905314473838 0 0
 327.146100385 -0.000786192395343109 0 0
 330.5240663 -0.000771755880241892 0 0
 333.902558661 -0.000857673694847545 0 0
 337.281565936 -0.000572992493842379 0 0
 340.661076593 -0.000492731813747522 0 0
 344.0410791 -0.000208202784488453 0 0
 347.421561925 -0.000446839933770236 0 0
 350.802513536 -0.000433125785192173 0 0
 354.183922401 -0.000386486782423667 0 0
 357.565776988 -0.000269012165141816 0 0
 360.948065765 -0.000169262701202406 0 0
 364.3307772 -0.000193935289605977 0 0
 367.713899761 -0.00020131619453924 0 0
 371.097421916 -0.00023507514169189 0 0
 374.481332133 -0.000102890488585145 0 0
 377.86561888 -7.64932695349997e-005 0 0
 381.250270625 -7.33040939447642e-005 0 0
 384.635275836 -4.64662932433488e-005 0 0
 388.020622981 2.20163605264846e-005 0 0
 391.406300528 3.35945250339458e-006 0 0
 394.792296945 6.72627185209739e-005 0 0
 398.1786007 -7.08479459121233e-006 0 0
 401.565200261 -0.000135483693018115 0 0
 404.952084096 7.25065273434635e-005 0 0
 408.339240673 -3.62373781014518e-005 0 0
 411.72665846 0.000236697192516545 0 0
 415.114325925 0.000151015425355887 0 0
 418.502231536 0.000122246227884685 0 0
 421.890363761 0.000107413185434354 0 0
 425.278711068 0.000125270508406186 0 0
 428.667261925 6.01455667202434e-005 0 0
 432.0560048 0.000120337470407251 0 0
 435.444928161 3.83974362975966e-005 0 0
 438.834020476 1.84141058762517e-005 0 0
 442.223270213 5.47169249104331e-005 0 0
 445.61266584 4.74392055567614e-005 0 0
 449.002195825 1.68962692452811e-005 0 0
 452.391848636 8.60535199165453e-005 0 0
 455.781612741 7.64284596951243e-005 0 0
 459.171476608 -7.71732638419808e-006 0 0
 462.561428705 4.80179448802766e-005 0 0
 465.9514575 7.84099140463847e-005 0 0
 469.341551461 2.1565944401134e-006 0 0
 472.731699056 1.46666411756443e-005 0 0
 476.121888753 4.93812401704222e-005 0 0
 479.51210902 1.70221886107793e-005 0 0
 482.902348325 4.91505727038436e-005 0 0
 486.292595136 3.51413309456658e-005 0 0
 489.682837921 3.84432238850666e-005 0 0
 493.073065148 -1.66559584958121e-005 0 0
 496.463265285 -2.06521127307392e-005 0 0
 499.8534268 -5.99897548169979e-005 0 0
 503.243538161 4.27825832389858e-005 0 0
 506.633587836 -0.000200166134954511 0 0
 510.023564293 -0.000111552376684364 0 0
 513.413456 -0.000144115877203208 0 0
 516.803251425 -0.000121369328340692 0 0
 520.192939036 -1.03824738562035e-005 0 0
 523.582507301 -2.54731333732704e-005 0 0
 526.971944688 5.63485879177283e-006 0 0
 530.361239665 -9.52162950526407e-005 0 0
 533.7503807 -1.44063644341749e-005 0 0
 537.139356261 -2.19462351265844e-006 0 0
 540.528154816 1.81502020784464e-005 0 0
 543.916764833 -1.17443610865517e-005 0 0
 547.30517478 -1.9435527745909e-005 0 0
 550.693373125 8.36996260489728e-005 0 0
 554.081348336 0.000204276903409061 0 0
 557.469088881 0.000245875740285486 0 0
 560.856583228 0.000281076660704759 0 0
 564.243819845 0.000284925118507978 0 0
 567.6307872 0.000231229520759905 0 0
 571.017473761 0.000253060171378816 0 0
 574.403867996 0.000227587854205833 0 0
 577.789958373 8.4794490953776e-005 0 0
 581.17573336 1.71872067646873e-005 0 0
 584.561181425 5.02949065623276e-005 0 0
 587.946291036 1.95231293276358e-005 0 0
 591.331050661 -2.3346854957576e-005 0 0
 594.715448768 0.000102453319199709 0 0
 598.099473825 -9.05530376877577e-005 0 0
 601.4831143 -0.000160101830838924 0 0
 604.866358661 6.86648751948813e-005 0 0
 608.249195376 -1.9416651269854e-006 0 0
 611.631612913 3.7025135710008e-005 0 0
 615.01359974 8.39789359741607e-005 0 0
 618.395144325 0.000131912421259515 0 0
 621.776235136 9.87113338982801e-006 0 0
 625.156860641 4.60831442335749e-005 0 0
 628.537009308 0.000137337303814444 0 0
 631.916669605 4.14327879784524e-005 0 0
 635.29583 0.000141723049105359 0 0
 638.674478961 1.99852137073017e-006 0 0
 642.052604956 8.0385212355444e-005 0 0
 645.430196453 0.000118483404765421 0 0
 648.80724192 7.83269462115823e-005 0 0
 652.183729825 0.000208767110268506 0 0
 655.559648636 0.000117732313847334 0 0
 658.934986821 0.000187394144936322 0 0
 662.309732848 1.54988246874353e-005 0 0
 665.683875185 0.000141752901628671 0 0
 669.0574023 9.81107231761863e-005 0 0
 672.430302661 9.63588904766792e-005 0 0
 675.802564736 -0.000198348146297347 0 0
 679.174176993 -0.000194259186756059 0 0
 682.5451279 -0.000129395097925291 0 0
 685.915405925 -0.000100807595974431 0 0
 689.284999536 -6.04296242770011e-005 0 0
 692.653897201 -2.95657663302081e-005 0 0
 696.022087388 5.28515666207984e-005 0 0
 699.389558565 0.000120206574663484 0 0
 702.7562992 -7.37495201822135e-005 0 0
 706.122297761 5.28000694410672e-005 0 0
 709.487542716 5.06030461741224e-005 0 0
 712.852022533 5.12646729083311e-005 0 0
 716.21572568 0.000203084621975599 0 0
 719.578640625 0.000371671132302785 0 0
 722.940755836 0.000191910859163044 0 0
 726.302059781 0.000310999714351977 0 0
 729.662540928 0.000284457323854672 0 0
 733.022187745 0.000150800713861708 0 0
 736.3809887 0.000146872425459755 0 0
 739.738932261 0.000115733785802487 0 0
 743.096006896 -0.000131120783384696 0 0
 746.452201073 0.000119585354830994 0 0
 749.80750326 1.18049649443551e-005 0 0
 753.161901925 -3.04004118912594e-006 0 0
 756.515385536 0.000180991796439236 0 0
 759.867942561 -3.7399933426999e-005 0 0
 763.219561468 3.81487723641359e-005 0 0
 766.570230725 0.000111167019336627 0 0
 769.9199388 5.27615005871022e-005 0 0
 773.268674161 4.64513361105919e-005 0 0
 776.616425276 7.95629819517561e-005 0 0
 779.963180613 0.000263397266749429 0 0
 783.30892864 0.000212803857188227 0 0
 786.653657825 -3.58572954473194e-005 0 0
 789.997356636 0.000804436588808597 0 0
 793.340013541 0.000476689747520613 0 0
 796.681617008 0.000462853020676396 0 0
 800.022155505 0.000586949867474673 0 0
 803.3616175 0.000402230436876055 0 0
 806.699991461 0.000357418899050952 0 0
 810.037265856 0.00111678892213398 0 0
 813.373429153 0.000319794805659397 0 0
 816.70846982 0.000203153130172349 0 0
 820.042376325 0.000362987475997108 0 0
 823.375137136 0.000516986292942379 0 0
 826.706740721 0.000359129919575627 0 0
 830.037175548 0.000372020141253035 0 0
 833.366430085 -0.000620963062697565 0 0
 836.6944928 -0.000248545955942162 0 0
 840.021352161 -0.000173282874518107 0 0
 843.346996636 0.000114270969421641 0 0
 846.671414693 -3.29128679448589e-006 0 0
 849.9945948 6.97131775839312e-005 0 0
 853.316525425 0.000397025729406315 0 0
 856.637195036 7.45807289134627e-007 0 0
 859.956592101 0.00102887563149537 0 0
 863.274705088 0.000959219175224384 0 0
 866.591522465 0.000810016612775864 0 0
 869.9070327 0.00126249231743815 0 0
 873.221224261 0.00113541098921283 0 0
 876.534085616 0.000649984852826875 0 0
 879.845605233 0.00229611934783545 0 0
 883.15577158 0.00218570066793786 0 0
 886.464573125 0.00156572016798664 0 0
 889.771998336 0.00152663740786446 0 0
 893.078035681 0.00201453969272334 0 0
 896.382673628 0.0019410684203227 0 0
 899.685900645 0.00180538379114992 0 0
 902.9877052 0.00182753058323335 0 0
 906.288075761 0.0015462316266257 0 0
 909.587000796 0.00176050169935287 0 0
 912.884468773 0.00121318067641107 0 0
 916.18046816 0.00194339597069576 0 0
 919.474987425 0.00187215247335904 0 0
 922.768015036 0.00126703429744565 0 0
 926.059539461 0.00104668042521057 0 0
 929.349549168 0.00159060886613783 0 0
 932.638032625 0.00112806522665711 0 0
 935.9249783 0.00169516832922073 0 0
 939.210374661 0.0024950915913893 0 0
 942.494210176 0.00251193600046396 0 0
 945.776473313 0.00165895046409977 0 0
 949.05715254 0.0018845879787938 0 0
 952.336236325 0.00130606471831216 0 0
 955.613713136 0 0 0
 958.889571441 0 0 0
 962.163799708 0 0 0
 965.436386405 0 0 0
 968.70732 0 0 0
 971.976588961 0 0 0
 975.244181756 0 0 0
 978.510086853 0 0 0
 981.77429272 0 0 0
 985.036787825 0 0 0
 988.297560636 0 0 0
 991.556599621 0 0 0
 994.813893248 0 0 0
 998.069429985 0 0 0
 1001.3231983 0 0 0
 1004.575186661 0 0 0
 1007.825383536 0 0 0
 1011.073777393 0 0 0
 1014.3203567 0 0 0
 1017.565109925 0 0 0
 1020.808025536 0 0 0
 1024.049092001 0 0 0
 1027.288297788 0 0 0
 1030.525631365 0 0 0
 1033.7610812 0 0 0
 1036.994635761 0 0 0
 1040.226283516 0 0 0
 1043.456012933 0 0 0
 1046.68381248 0 0 0
 1049.909670625 0 0 0
 1053.133575836 0 0 0
 1056.355516581 0 0 0
 1059.575481328 0 0 0
 1062.793458545 0 0 0
 1066.0094367 0 0 0
 1069.223404261 0 0 0
 1072.435349696 0 0 0
 1075.645261473 0 0 0
 1078.85312806 0 0 0
 1082.058937925 0 0 0
 1085.262679536 0 0 0
 1088.464341361 0 0 0
 1091.663911868 0 0 0
 1094.861379525 0 0 0
 1098.0567328 0 0 0
 1101.249960161 0 0 0
 1104.441050076 0 0 0
 1107.629991013 0 0 0
 1110.81677144 0 0 0
 1114.001379825 0 0 0
 1117.183804636 0 0 0
 1120.364034341 0 0 0
 1123.542057408 0 0 0
 1126.717862305 0 0 0
 1129.8914375 0 0 0
 1133.062771461 0 0 0
 1136.231852656 0 0 0
 1139.398669553 0 0 0
 1142.56321062 0 0 0
 1145.725464325 0 0 0
 1148.885419136 0 0 0
[END] of [DATA]
[END] of [Spectrum]


#TBID:2021-08-23 03:00:00;SAM_84DC;RAW;

[Spectrum]
Version            = 1
IDData             = 96B1_2021-08-23_03-00-00_000_985
IDDevice           = SAM_84DC
IDDataType         = SPECTRUM
IDDataTypeSub1     = RAW
IDDataTypeSub2     = 
IDDataTypeSub3     = 
DateTime           = 2021-08-23 03:00:00
PositionLatitude   = 0
PositionLongitude  = 0
Comment            = 
CommentSub1        = 
CommentSub2        = 
CommentSub3        = 
IDMethodType       = SAM Control
MethodName         = SAM_84DC
Mission            = No Mission
MissionSub         = 1
RecordType         = 0
[Attributes]
CalFactor = 1
IDBasisSpec = 
IDDataBack = DLAB_2015-08-21_13-19-54_137_939
IDDataCal = DLAB_2015-08-24_10-46-55_592_608
IntegrationTime = 4096
P31 = -1
P31e = 0
PathLength = +INF
PathLengthCustomOn = 0
RAWDynamic = 65535
Salinity = 0
Temperature = -NAN
Unit1 = $05 $00 Pixel 
Unit2 = $03 $05 Intensity counts
Unit3 = $f0 $05 Error counts
Unit4 = $f1 $00 Status 
p999 = 2097
[END] of [Attributes]
[DATA]
 0 11 0 0
 1 1807 0 0
 2 1795 0 0
 3 1813 0 0
 4 1829 0 0
 5 1823 0 0
 6 1827 0 0
 7 1840 0 0
 8 1838 0 0
 9 1838 0 0
 10 1838 0 0
 11 1846 0 0
 12 1843 0 0
 13 1844 0 0
 14 1862 0 0
 15 1846 0 0
 16 1856 0 0
 17 1860 0 0
 18 1849 0 0
 19 1848 0 0
 20 1843 0 0
 21 1849 0 0
 22 1857 0 0
 23 1861 0 0
 24 1862 0 0
 25 1859 0 0
 26 1868 0 0
 27 1872 0 0
 28 1862 0 0
 29 1865 0 0
 30 1862 0 0
 31 1872 0 0
 32 1872 0 0
 33 1874 0 0
 34 1881 0 0
 35 1867 0 0
 36 1882 0 0
 37 1876 0 0
 38 1877 0 0
 39 1871 0 0
 40 1880 0 0
 41 1874 0 0
 42 1881 0 0
 43 1878 0 0
 44 1882 0 0
 45 1884 0 0
 46 1882 0 0
 47 1883 0 0
 48 1883 0 0
 49 1879 0 0
 50 1876 0 0
 51 1875 0 0
 52 1880 0 0
 53 1886 0 0
 54 1879 0 0
 55 1885 0 0
 56 1884 0 0
 57 1887 0 0
 58 1891 0 0
 59 1896 0 0
 60 1886 0 0
 61 1889 0 0
 62 1881 0 0
 63 1887 0 0
 64 1888 0 0
 65 1886 0 0
 66 1882 0 0
 67 1888 0 0
 68 1893 0 0
 69 1889 0 0
 70 1897 0 0
 71 1891 0 0
 72 1889 0 0
 73 1894 0 0
 74 1894 0 0
 75 1888 0 0
 76 1892 0 0
 77 1891 0 0
 78 1886 0 0
 79 1897 0 0
 80 1890 0 0
 81 1908 0 0
 82 1897 0 0
 83 1902 0 0
 84 1893 0 0
 85 1901 0 0
 86 1895 0 0
 87 1899 0 0
 88 1872 0 0
 89 1884 0 0
 90 1878 0 0
 91 1878 0 0
 92 1877 0 0
 93 1881 0 0
 94 1881 0 0
 95 1893 0 0
 96 1886 0 0
 97 1895 0 0
 98 1884 0 0
 99 1887 0 0
 100 1895 0 0
 101 1891 0 0
 102 1889 0 0
 103 1896 0 0
 104 1895 0 0
 105 1903 0 0
 106 1896 0 0
 107 1901 0 0
 108 1898 0 0
 109 1901 0 0
 110 1897 0 0
 111 1901 0 0
 112 1902 0 0
 113 1898 0 0
 114 1902 0 0
 115 1910 0 0
 116 1888 0 0
 117 1894 0 0
 118 1894 0 0
 119 1895 0 0
 120 1893 0 0
 121 1905 0 0
 122 1891 0 0
 123 1903 0 0
 124 1906 0 0
 125 1895 0 0
 126 1898 0 0
 127 1901 0 0
 128 1903 0 0
 129 1899 0 0
 130 1906 0 0
 131 1900 0 0
 132 1905 0 0
 133 1905 0 0
 134 1904 0 0
 135 1907 0 0
 136 1897 0 0
 137 1903 0 0
 138 1894 0 0
 139 1905 0 0
 140 1908 0 0
 141 1909 0 0
 142 1904 0 0
 143 1911 0 0
 144 1902 0 0
 145 1906 0 0
 146 1901 0 0
 147 1905 0 0
 148 1910 0 0
 149 1907 0 0
 150 1911 0 0
 151 1916 0 0
 152 1919 0 0
 153 1918 0 0
 154 1916 0 0
 155 1914 0 0
 156 1907 0 0
 157 1907 0 0
 158 1908 0 0
 159 1909 0 0
 160 1907 0 0
 161 1901 0 0
 162 1906 0 0
 163 1901 0 0
 164 1904 0 0
 165 1911 0 0
 166 1913 0 0
 167 1918 0 0
 168 1913 0 0
 169 1916 0 0
 170 1911 0 0
 171 1926 0 0
 172 1912 0 0
 173 1926 0 0
 174 1928 0 0
 175 1911 0 0
 176 1928 0 0
 177 1922 0 0
 178 1922 0 0
 179 1918 0 0
 180 1921 0 0
 181 1918 0 0
 182 1927 0 0
 183 1922 0 0
 184 1923 0 0
 185 1919 0 0
 186 1922 0 0
 187 1930 0 0
 188 1922 0 0
 189 1915 0 0
 190 1921 0 0
 191 1924 0 0
 192 1927 0 0
 193 1928 0 0
 194 1926 0 0
 195 1920 0 0
 196 1930 0 0
 197 1930 0 0
 198 1916 0 0
 199 1936 0 0
 200 1924 0 0
 201 1926 0 0
 202 1922 0 0
 203 1937 0 0
 204 1935 0 0
 205 1935 0 0
 206 1934 0 0
 207 1932 0 0
 208 1925 0 0
 209 1932 0 0
 210 1924 0 0
 211 1929 0 0
 212 1926 0 0
 213 1922 0 0
 214 1926 0 0
 215 1933 0 0
 216 1936 0 0
 217 1938 0 0
 218 1936 0 0
 219 1936 0 0
 220 1934 0 0
 221 1939 0 0
 222 1930 0 0
 223 1932 0 0
 224 1935 0 0
 225 1945 0 0
 226 1937 0 0
 227 1931 0 0
 228 1939 0 0
 229 1934 0 0
 230 1933 0 0
 231 1936 0 0
 232 1941 0 0
 233 1936 0 0
 234 1940 0 0
 235 1943 0 0
 236 1932 0 0
 237 1944 0 0
 238 1944 0 0
 239 1947 0 0
 240 1953 0 0
 241 1955 0 0
 242 1948 0 0
 243 1949 0 0
 244 1950 0 0
 245 1949 0 0
 246 1953 0 0
 247 1950 0 0
 248 1955 0 0
 249 1949 0 0
 250 1942 0 0
 251 1941 0 0
 252 1933 0 0
 253 1924 0 0
 254 1908 0 0
 255 1964 0 0
[END] of [DATA]
[END] of [Spectrum]


#TBID:2021-08-23 03:00:00;SAM_84DC;CALIBRATED;

[Spectrum]
Version            = 1
IDData             = 96B1_2021-08-23_03-00-00_000_986
IDDevice           = SAM_84DC
IDDataType         = SPECTRUM
IDDataTypeSub1     = CALIBRATED
IDDataTypeSub2     = 
IDDataTypeSub3     = 
DateTime           = 2021-08-23 03:00:00
PositionLatitude   = 0
PositionLongitude  = 0
Comment            = 
CommentSub1        = 
CommentSub2        = 
CommentSub3        = 
IDMethodType       = SAM Control
MethodName         = SAM_84DC
Mission            = No Mission
MissionSub         = 1
RecordType         = 0
[Attributes]
CalFactor = 1
IDBasisSpec = 
IDDataBack = DLAB_2015-08-21_13-19-54_137_939
IDDataCal = DLAB_2015-08-24_10-46-55_592_608
IntegrationTime = 4096
P31 = -1
P31e = 0
PathLength = +INF
PathLengthCustomOn = 0
RAWDynamic = 65535
Salinity = 0
Temperature = -NAN
Unit1 = $01 $01 Wavelength nm
Unit2 = $03 $03 Intensity mW/(m^2 nm Sr)
Unit3 = $f0 $03 Error mW/(m^2 nm Sr)
Unit4 = $f1 $00 Status 
p999 = 2097
[END] of [Attributes]
[DATA]
 0 11 0 0
 305.71650776488 0 0 0
 309.04007505697 0 0 0
 312.36416914304 0 0 0
 315.68877841375 0 0 0
 319.01389125976 -0.00453606758942664 0 0
 322.33949607173 -0.0038070801924302 0 0
 325.66558124032 -0.00353484114384342 0 0
 328.99213515619 -0.003274675711248 0 0
 332.31914621 -0.00320821612383077 0 0
 335.64660279241 -0.00289089368312657 0 0
 338.97449329408 -0.00250895237072316 0 0
 342.30280610567 -0.00219571731962858 0 0
 345.63152961784 -0.00200382836087296 0 0
 348.96065222125 -0.00166733294612496 0 0
 352.29016230656 -0.0015708904966661 0 0
 355.62004826443 -0.00145362513015555 0 0
 358.95029848552 -0.00142045925371723 0 0
 362.28090136049 -0.00145843228196334 0 0
 365.61184528 -0.00153614766156529 0 0
 368.94311863471 -0.00162346268977281 0 0
 372.27470981528 -0.00151709550689641 0 0
 375.60660721237 -0.00158219332056595 0 0
 378.93879921664 -0.00152607470880273 0 0
 382.27127421875 -0.00150467749751874 0 0
 385.60402060936 -0.00142719685737724 0 0
 388.93702677913 -0.00136322749405437 0 0
 392.27028111872 -0.00125992789166853 0 0
 395.60377201879 -0.00127942835072665 0 0
 398.93748787 -0.00116576944776237 0 0
 402.27141706301 -0.00113833931263889 0 0
 405.60554798848 -0.00107664731614182 0 0
 408.93986903707 -0.000977064003692479 0 0
 412.27436859944 -0.000821353942648818 0 0
 415.60903506625 -0.000760969330379744 0 0
 418.94385682816 -0.000815424505255318 0 0
 422.27882227583 -0.000718145134411398 0 0
 425.61391979992 -0.000727549219117702 0 0
 428.94913779109 -0.000652107120816527 0 0
 432.28446464 -0.000655408508050696 0 0
 435.61988873731 -0.000677719601619408 0 0
 438.95539847368 -0.000662400396877475 0 0
 442.29098223977 -0.000577951632788955 0 0
 445.62662842624 -0.000642107384317301 0 0
 448.96232542375 -0.000635105224466599 0 0
 452.29806162296 -0.000616711343081768 0 0
 455.63382541453 -0.000704421635658612 0 0
 458.96960518912 -0.000732193558937097 0 0
 462.30538933739 -0.000649691062410927 0 0
 465.64116625 -0.000719770864289521 0 0
 468.97692431761 -0.000744995709542417 0 0
 472.31265193088 -0.000789983871950148 0 0
 475.64833748047 -0.000744873666683929 0 0
 478.98396935704 -0.000639569455585002 0 0
 482.31953595125 -0.000735940346536991 0 0
 485.65502565376 -0.000721961071363906 0 0
 488.99042685523 -0.000712537220009638 0 0
 492.32572794632 -0.000730750812481893 0 0
 495.66091731769 -0.000674883253005696 0 0
 498.99598336 -0.00069204020096542 0 0
 502.33091446391 -0.000723830615765524 0 0
 505.66569902008 -0.000710682587408645 0 0
 509.00032541917 -0.000702874099304518 0 0
 512.33478205184 -0.000657526350502461 0 0
 515.66905730875 -0.000643910213981834 0 0
 519.00313958056 -0.00060796942839817 0 0
 522.33701725793 -0.000547852531104043 0 0
 525.67067873152 -0.000593519559244012 0 0
 529.00411239199 -0.000543556997723912 0 0
 532.33730663 -0.000525470914033242 0 0
 535.67024983621 -0.000488225633883189 0 0
 539.00293040128 -0.000577966288605671 0 0
 542.33533671587 -0.000523301827919661 0 0
 545.66745717064 -0.000520266027068234 0 0
 548.99928015625 -0.000537948340124019 0 0
 552.33079406336 -0.00052422927545077 0 0
 555.66198728263 -0.000549617453213357 0 0
 558.99284820472 -0.000558610690151105 0 0
 562.32336522029 -0.000546915769609483 0 0
 565.65352672 -0.000547225253597119 0 0
 568.98332109451 -0.000561754789908245 0 0
 572.31273673448 -0.000452180074074754 0 0
 575.64176203057 -0.000504273192468652 0 0
 578.97038537344 -0.000497649108701592 0 0
 582.29859515375 -0.00052755607377996 0 0
 585.62637976216 -0.000615998074435626 0 0
 588.95372758933 -0.00063213576771866 0 0
 592.28062702592 -0.000608252613576686 0 0
 595.60706646259 -0.000917577385282917 0 0
 598.93303429 -0.000866042319627841 0 0
 602.25851889881 -0.000827021978461262 0 0
 605.58350867968 -0.000934149681272896 0 0
 608.90799202327 -0.000962718088704861 0 0
 612.23195732024 -0.000907908352580353 0 0
 615.55539296125 -0.000977918593308733 0 0
 618.87828733696 -0.000795503370646709 0 0
 622.20062883803 -0.000821090511170472 0 0
 625.52240585512 -0.000822029608693432 0 0
 628.84360677889 -0.000886777256068248 0 0
 632.16422 -0.00091123871710382 0 0
 635.48423390911 -0.000831247980171411 0 0
 638.80363689688 -0.00085220136651154 0 0
 642.12241735397 -0.000972955683080619 0 0
 645.44056367104 -0.000835551996670545 0 0
 648.75806423875 -0.00086674929221599 0 0
 652.07490744776 -0.000796942578040617 0 0
 655.39108168873 -0.000907122011697973 0 0
 658.70657535232 -0.000956442398783646 0 0
 662.02137682919 -0.000892277012503532 0 0
 665.33547451 -0.000854211133595371 0 0
 668.64885678541 -0.000868281402758925 0 0
 671.96151204608 -0.000851933198351061 0 0
 675.27342868267 -0.000811879363403832 0 0
 678.58459508584 -0.000763652404500542 0 0
 681.89499964625 -0.000839719085355037 0 0
 685.20463075456 -0.000741908512698813 0 0
 688.51347680143 -0.00107041429347487 0 0
 691.82152617752 -0.000956444196640562 0 0
 695.12876727349 -0.000919812443612848 0 0
 698.43518848 -0.000964844036508556 0 0
 701.74077818771 -0.00084359742281962 0 0
 705.04552478728 -0.000934825661797843 0 0
 708.34941666937 -0.00101775834539742 0 0
 711.65244222464 -0.000903289374246883 0 0
 714.95458984375 -0.000843956073816019 0 0
 718.25584791736 -0.000947931812385456 0 0
 721.55620483613 -0.00101350026572932 0 0
 724.85564899072 -0.000927111555401392 0 0
 728.15416877179 -0.000818879961860604 0 0
 731.45175257 -0.000892604194071766 0 0
 734.74838877601 -0.000901320275101667 0 0
 738.04406578048 -0.000892206937515116 0 0
 741.33877197407 -0.000871304775253141 0 0
 744.63249574744 -0.000842432042776482 0 0
 747.92522549125 -0.000836514792141188 0 0
 751.21694959616 -0.00086170998266903 0 0
 754.50765645283 -0.000939458429069606 0 0
 757.79733445192 -0.000956895831685234 0 0
 761.08597198409 -0.0010621165774912 0 0
 764.37355744 -0.000889815496801749 0 0
 767.66007921031 -0.000760260952495105 0 0
 770.94552568568 -0.000908800733036438 0 0
 774.22988525677 -0.000875878189452665 0 0
 777.51314631424 -0.000834698403136687 0 0
 780.79529724875 -0.00103583866815602 0 0
 784.07632645096 -0.000837343849994805 0 0
 787.35622231153 -0.00105571835906214 0 0
 790.63497322112 -0.00101169709025611 0 0
 793.91256757039 -0.0010198633462257 0 0
 797.18899375 -0.00109935963270632 0 0
 800.46424015061 -0.000864091714314178 0 0
 803.73829516288 -0.000920801359918596 0 0
 807.01114717747 -0.000789124885029436 0 0
 810.28278458504 -0.000994334112842424 0 0
 813.55319577625 -0.00102660717673278 0 0
 816.82236914176 -0.00108484052170232 0 0
 820.09029307223 -0.00122717379528721 0 0
 823.35695595832 -0.00162302271153927 0 0
 826.62234619069 -0.00141965773122665 0 0
 829.88645216 -0.00158288898823057 0 0
 833.14926225691 -0.00171371495766536 0 0
 836.41076487208 -0.00178023339151824 0 0
 839.67094839617 -0.00142481185723267 0 0
 842.92980121984 -0.00198033639816096 0 0
 846.18731173375 -0.0020063675170524 0 0
 849.44346832856 -0.00182289195072299 0 0
 852.69825939493 -0.00210394850497543 0 0
 855.95167332352 -0.00171729341996615 0 0
 859.20369850499 -0.00199857300021295 0 0
 862.45432333 -0.00190313660911443 0 0
 865.70353618921 -0.00227873677622286 0 0
 868.95132547328 -0.00162075456824807 0 0
 872.19767957287 -0.0017435017801222 0 0
 875.44258687864 -0.0015513175353459 0 0
 878.68603578125 -0.00122992271677039 0 0
 881.92801467136 -0.00249211796179551 0 0
 885.16851193963 -0.00135563358604185 0 0
 888.40751597672 -0.00161432157282218 0 0
 891.64501517329 -0.00196231527901249 0 0
 894.88099792 -0.00184627380575855 0 0
 898.11545260751 -0.00174040584555214 0 0
 901.34836762648 -0.00207470012650217 0 0
 904.57973136757 -0.0015280453514212 0 0
 907.80953222144 -0.00225636208984246 0 0
 911.03775857875 -0.00203205347652337 0 0
 914.26439883016 -0.00276328672765506 0 0
 917.48944136633 -0.00267205409906558 0 0
 920.71287457792 -0.00167356479244167 0 0
 923.93468685559 -0.00206796542275415 0 0
 927.15486659 -0.00310042219847683 0 0
 930.37340217181 -0.00262550326646099 0 0
 933.59028199168 -0.00270006906025454 0 0
 936.80549444027 -0.00390765902977034 0 0
 940.01902790824 -0.00275978477851346 0 0
 943.23087078625 -0.00274983235707635 0 0
 946.44101146496 -0.00333856996092807 0 0
 949.64943833503 -0.00344404714684442 0 0
 952.85613978712 -0.00269792838328861 0 0
 956.06110421189 0 0 0
 959.26432 0 0 0
 962.46577554211 0 0 0
 965.66545922888 0 0 0
 968.86335945097 0 0 0
 972.05946459904 0 0 0
 975.25376306375 0 0 0
 978.44624323576 0 0 0
 981.63689350573 0 0 0
 984.82570226432 0 0 0
 988.01265790219 0 0 0
 991.19774881 0 0 0
 994.38096337841 0 0 0
 997.56228999808 0 0 0
 1000.74171705967 0 0 0
 1003.91923295384 0 0 0
 1007.09482607125 0 0 0
 1010.26848480256 0 0 0
 1013.44019753843 0 0 0
 1016.60995266952 0 0 0
 1019.77773858649 0 0 0
 1022.94354368 0 0 0
 1026.10735634071 0 0 0
 1029.26916495928 0 0 0
 1032.42895792637 0 0 0
 1035.58672363264 0 0 0
 1038.74245046875 0 0 0
 1041.89612682536 0 0 0
 1045.04774109313 0 0 0
 1048.19728166272 0 0 0
 1051.34473692479 0 0 0
 1054.49009527 0 0 0
 1057.63334508901 0 0 0
 1060.77447477248 0 0 0
 1063.91347271107 0 0 0
 1067.05032729544 0 0 0
 1070.18502691625 0 0 0
 1073.31755996416 0 0 0
 1076.44791482983 0 0 0
 1079.57607990392 0 0 0
 1082.70204357709 0 0 0
 1085.82579424 0 0 0
 1088.94732028331 0 0 0
 1092.06661009768 0 0 0
 1095.18365207377 0 0 0
 1098.29843460224 0 0 0
 1101.41094607375 0 0 0
 1104.52117487896 0 0 0
 1107.62910940853 0 0 0
 1110.73473805312 0 0 0
 1113.83804920339 0 0 0
 1116.93903125 0 0 0
 1120.03767258361 0 0 0
 1123.13396159488 0 0 0
 1126.22788667447 0 0 0
 1129.31943621304 0 0 0
 1132.40859860125 0 0 0
 1135.49536222976 0 0 0
[END] of [DATA]
[END] of [Spectrum]

