
#TBID:2021-12-18 00:30:00;SAM_84CE;RAW;

[Spectrum]
Version            = 1
IDData             = 96B1_2021-12-18_00-30-00_000_162
IDDevice           = SAM_84CE
IDDataType         = SPECTRUM
IDDataTypeSub1     = RAW
IDDataTypeSub2     = 
IDDataTypeSub3     = 
DateTime           = 2021-12-18 00:30:00
PositionLatitude   = 0
PositionLongitude  = 0
Comment            = 
CommentSub1        = 
CommentSub2        = 
CommentSub3        = 
IDMethodType       = SAM Control
MethodName         = SAM_84CE
Mission            = No Mission
MissionSub         = 1
RecordType         = 0
[Attributes]
CalFactor = 1
IDBasisSpec = 
IDDataBack = DLAB_2015-08-21_11-56-43_233_004
IDDataCal = DLAB_2015-08-26_10-05-37_585_478
IntegrationTime = 4096
P31 = -1
P31e = 0
PathLength = +INF
PathLengthCustomOn = 0
RAWDynamic = 65535
Salinity = 0
Temperature = -NAN
Unit1 = $05 $00 Pixel 
Unit2 = $03 $05 Intensity counts
Unit3 = $f0 $05 Error counts
Unit4 = $f1 $00 Status 
p999 = 1715
[END] of [Attributes]
[DATA]
 0 11 0 0
 1 1064 0 0
 2 1051 0 0
 3 1062 0 0
 4 1072 0 0
 5 1058 0 0
 6 1061 0 0
 7 1064 0 0
 8 1071 0 0
 9 1066 0 0
 10 1062 0 0
 11 1070 0 0
 12 1065 0 0
 13 1069 0 0
 14 1065 0 0
 15 1058 0 0
 16 1067 0 0
 17 1068 0 0
 18 1066 0 0
 19 1068 0 0
 20 1065 0 0
 21 1069 0 0
 22 1068 0 0
 23 1073 0 0
 24 1070 0 0
 25 1071 0 0
 26 1074 0 0
 27 1074 0 0
 28 1068 0 0
 29 1070 0 0
 30 1074 0 0
 31 1076 0 0
 32 1072 0 0
 33 1072 0 0
 34 1073 0 0
 35 1076 0 0
 36 1076 0 0
 37 1072 0 0
 38 1078 0 0
 39 1080 0 0
 40 1077 0 0
 41 1077 0 0
 42 1083 0 0
 43 1081 0 0
 44 1081 0 0
 45 1080 0 0
 46 1079 0 0
 47 1084 0 0
 48 1082 0 0
 49 1085 0 0
 50 1084 0 0
 51 1082 0 0
 52 1084 0 0
 53 1079 0 0
 54 1088 0 0
 55 1081 0 0
 56 1080 0 0
 57 1081 0 0
 58 1084 0 0
 59 1085 0 0
 60 1084 0 0
 61 1082 0 0
 62 1086 0 0
 63 1084 0 0
 64 1087 0 0
 65 1081 0 0
 66 1082 0 0
 67 1088 0 0
 68 1085 0 0
 69 1090 0 0
 70 1085 0 0
 71 1089 0 0
 72 1090 0 0
 73 1090 0 0
 74 1090 0 0
 75 1089 0 0
 76 1090 0 0
 77 1090 0 0
 78 1091 0 0
 79 1095 0 0
 80 1090 0 0
 81 1090 0 0
 82 1090 0 0
 83 1090 0 0
 84 1086 0 0
 85 1088 0 0
 86 1086 0 0
 87 1091 0 0
 88 1089 0 0
 89 1089 0 0
 90 1085 0 0
 91 1090 0 0
 92 1086 0 0
 93 1094 0 0
 94 1084 0 0
 95 1084 0 0
 96 1084 0 0
 97 1089 0 0
 98 1083 0 0
 99 1090 0 0
 100 1082 0 0
 101 1091 0 0
 102 1083 0 0
 103 1082 0 0
 104 1086 0 0
 105 1084 0 0
 106 1083 0 0
 107 1086 0 0
 108 1082 0 0
 109 1087 0 0
 110 1084 0 0
 111 1086 0 0
 112 1084 0 0
 113 1079 0 0
 114 1081 0 0
 115 1086 0 0
 116 1082 0 0
 117 1086 0 0
 118 1091 0 0
 119 1082 0 0
 120 1084 0 0
 121 1083 0 0
 122 1085 0 0
 123 1081 0 0
 124 1075 0 0
 125 1083 0 0
 126 1083 0 0
 127 1082 0 0
 128 1080 0 0
 129 1079 0 0
 130 1081 0 0
 131 1083 0 0
 132 1084 0 0
 133 1080 0 0
 134 1084 0 0
 135 1079 0 0
 136 1078 0 0
 137 1082 0 0
 138 1081 0 0
 139 1081 0 0
 140 1084 0 0
 141 1079 0 0
 142 1077 0 0
 143 1082 0 0
 144 1086 0 0
 145 1083 0 0
 146 1082 0 0
 147 1078 0 0
 148 1077 0 0
 149 1082 0 0
 150 1077 0 0
 151 1082 0 0
 152 1074 0 0
 153 1080 0 0
 154 1081 0 0
 155 1074 0 0
 156 1075 0 0
 157 1077 0 0
 158 1076 0 0
 159 1082 0 0
 160 1079 0 0
 161 1078 0 0
 162 1079 0 0
 163 1080 0 0
 164 1082 0 0
 165 1079 0 0
 166 1080 0 0
 167 1079 0 0
 168 1077 0 0
 169 1074 0 0
 170 1081 0 0
 171 1078 0 0
 172 1080 0 0
 173 1076 0 0
 174 1079 0 0
 175 1081 0 0
 176 1074 0 0
 177 1078 0 0
 178 1077 0 0
 179 1080 0 0
 180 1078 0 0
 181 1076 0 0
 182 1076 0 0
 183 1076 0 0
 184 1071 0 0
 185 1081 0 0
 186 1075 0 0
 187 1076 0 0
 188 1077 0 0
 189 1073 0 0
 190 1082 0 0
 191 1076 0 0
 192 1072 0 0
 193 1079 0 0
 194 1073 0 0
 195 1075 0 0
 196 1077 0 0
 197 1078 0 0
 198 1080 0 0
 199 1078 0 0
 200 1072 0 0
 201 1076 0 0
 202 1077 0 0
 203 1074 0 0
 204 1078 0 0
 205 1076 0 0
 206 1078 0 0
 207 1084 0 0
 208 1078 0 0
 209 1081 0 0
 210 1074 0 0
 211 1076 0 0
 212 1078 0 0
 213 1075 0 0
 214 1079 0 0
 215 1080 0 0
 216 1077 0 0
 217 1078 0 0
 218 1076 0 0
 219 1081 0 0
 220 1077 0 0
 221 1077 0 0
 222 1080 0 0
 223 1080 0 0
 224 1084 0 0
 225 1078 0 0
 226 1078 0 0
 227 1080 0 0
 228 1080 0 0
 229 1079 0 0
 230 1083 0 0
 231 1078 0 0
 232 1078 0 0
 233 1080 0 0
 234 1076 0 0
 235 1080 0 0
 236 1078 0 0
 237 1078 0 0
 238 1082 0 0
 239 1081 0 0
 240 1081 0 0
 241 1080 0 0
 242 1080 0 0
 243 1086 0 0
 244 1083 0 0
 245 1080 0 0
 246 1077 0 0
 247 1087 0 0
 248 1081 0 0
 249 1083 0 0
 250 1079 0 0
 251 1085 0 0
 252 1080 0 0
 253 1085 0 0
 254 1087 0 0
 255 1131 0 0
[END] of [DATA]
[END] of [Spectrum]


#TBID:2021-12-18 00:30:00;SAM_84CE;CALIBRATED;

[Spectrum]
Version            = 1
IDData             = 96B1_2021-12-18_00-30-00_000_163
IDDevice           = SAM_84CE
IDDataType         = SPECTRUM
IDDataTypeSub1     = CALIBRATED
IDDataTypeSub2     = 
IDDataTypeSub3     = 
DateTime           = 2021-12-18 00:30:00
PositionLatitude   = 0
PositionLongitude  = 0
Comment            = 
CommentSub1        = 
CommentSub2        = 
CommentSub3        = 
IDMethodType       = SAM Control
MethodName         = SAM_84CE
Mission            = No Mission
MissionSub         = 1
RecordType         = 0
[Attributes]
CalFactor = 1
IDBasisSpec = 
IDDataBack = DLAB_2015-08-21_11-56-43_233_004
IDDataCal = DLAB_2015-08-26_10-05-37_585_478
IntegrationTime = 4096
P31 = -1
P31e = 0
PathLength = +INF
PathLengthCustomOn = 0
RAWDynamic = 65535
Salinity = 0
Temperature = -NAN
Unit1 = $01 $01 Wavelength nm
Unit2 = $03 $06 Intensity mW/(m^2 nm)
Unit3 = $f0 $06 Error mW/(m^2 nm)
Unit4 = $f1 $00 Status 
p999 = 1715
[END] of [Attributes]
[DATA]
 0 11 0 0
 303.485180022 0 0 0
 306.85638880275 0 0 0
 310.228324544 0 0 0
 313.60097308125 0 0 0
 316.97432025 -0.00670302195023536 0 0
 320.34835188575 -0.0021589822271197 0 0
 323.723053824 7.05178359428246e-005 0 0
 327.09841190025 0.00203294390014415 0 0
 330.47441195 -0.00235106231218659 0 0
 333.85103980875 -0.00270935803606744 0 0
 337.228281312 -0.000832870388927301 0 0
 340.60612229525 -0.0022758653536567 0 0
 343.984548594 -0.000940352044217765 0 0
 347.36354604375 -0.00326180750175682 0 0
 350.74310048 -0.00265634368703665 0 0
 354.12319773825 -0.000923541451599164 0 0
 357.503823654 0.000207599723792404 0 0
 360.88496406275 -0.00104936859906873 0 0
 364.2666048 0.00047313623296244 0 0
 367.64873170125 -0.00201173371383384 0 0
 371.031330602 -0.000711522770263953 0 0
 374.41438733775 -0.000488198774995005 0 0
 377.797887744 -0.00215778005954715 0 0
 381.18181765625 -0.000937338926250651 0 0
 384.56616291 -0.00079920822648638 0 0
 387.95090934075 -0.00115601881874107 0 0
 391.336042784 -0.00145082068188064 0 0
 394.72154907525 -0.00022103893743229 0 0
 398.10741405 -0.000302909449546166 0 0
 401.49362354375 0.000338958415769121 0 0
 404.880163392 -0.000801055859110647 0 0
 408.26701943025 -0.000815500204007169 0 0
 411.654177494 -0.000214354410535081 0 0
 415.04162341875 0.000368961428384453 0 0
 418.42934304 0.00109435970449475 0 0
 421.81732219325 -0.000172697536818612 0 0
 425.205546714 0.000589653851739058 0 0
 428.59400243775 -1.82949302358024e-006 0 0
 431.9826752 0.000658233255568607 0 0
 435.37155083625 0.000224164696504611 0 0
 438.760615182 0.000416362990175512 0 0
 442.14985407275 0.000812198020177551 0 0
 445.539253344 0.000687909707461724 0 0
 448.92879883125 0.00137468035495439 0 0
 452.31847637 0.00133064149450236 0 0
 455.70827179575 -2.91771546102242e-006 0 0
 459.098170944 0.000203657914963623 0 0
 462.48815965025 0.000763672246238982 0 0
 465.87822375 0.0011881385814323 0 0
 469.26834907875 0.000817330307231178 0 0
 472.658521472 0.00145020707675794 0 0
 476.04872676525 0.00175904016880169 0 0
 479.438950794 0.000245062744298623 0 0
 482.82917939375 0.00105789126216726 0 0
 486.2193984 0.00121735961087168 0 0
 489.60959364825 0.00116522223375654 0 0
 492.999750974 0.00122439470761697 0 0
 496.38985621275 0.000983959384704881 0 0
 499.7798952 0.00154439928050915 0 0
 503.16985377125 0.00198621996228784 0 0
 506.559717762 0.00107213495072082 0 0
 509.94947300775 0.000576207672210348 0 0
 513.339105344 0.000824303397108074 0 0
 516.72860060625 0.00134225196808115 0 0
 520.11794463 0.000974812243551552 0 0
 523.50712325075 -3.25145468982546e-005 0 0
 526.896122304 0.00143232808620877 0 0
 530.28492762525 0.000828776047466531 0 0
 533.67352505 0.00230298656221905 0 0
 537.06190041375 0.00241534218232759 0 0
 540.450039552 0.00199239945245962 0 0
 543.83792830025 0.00159980949302962 0 0
 547.225552494 0.00137227335762596 0 0
 550.61289796875 0.00180302371236631 0 0
 553.99995056 0.0014810814864942 0 0
 557.38669610325 0.000714421518711963 0 0
 560.773120434 0.00178633227728899 0 0
 564.15920938775 0.00229663903178679 0 0
 567.5449488 0.00201114916105363 0 0
 570.93032450625 0.00128730763902466 0 0
 574.315322342 0.00121179633776966 0 0
 577.69992814275 0.00187326092704619 0 0
 581.084127744 0.00219235935571633 0 0
 584.46790698125 0.00161117611360949 0 0
 587.85125169 0.00178026208323791 0 0
 591.23414770575 0.00131395188621722 0 0
 594.616580864 0.00184461888912022 0 0
 597.99853700025 0.00194827912085502 0 0
 601.38000195 0.00194446435529329 0 0
 604.76096154875 0.000325894935062525 0 0
 608.141401632 0.00126064397573158 0 0
 611.52130803525 0.000940473572073414 0 0
 614.900666594 0.00135705069165347 0 0
 618.27946314375 0.00105028009087231 0 0
 621.65768352 0.00160433765008425 0 0
 625.03531355825 0.00162324611590113 0 0
 628.412339094 0.0013550747457496 0 0
 631.78874596275 -0.000238490571061341 0 0
 635.16452 0.0012381420805735 0 0
 638.53964704125 2.25093236031822e-005 0 0
 641.914112922 0.00241747704940072 0 0
 645.28790347775 0.000380844050437243 0 0
 648.661004544 -0.000116247946710993 0 0
 652.03340195625 0.00139869017696486 0 0
 655.40508155 2.98575312169433e-005 0 0
 658.77602916075 0.000403111221232087 0 0
 662.146230624 0.00163000369819955 0 0
 665.51567177525 0.00084976541382563 0 0
 668.88433845 -3.15375815263738e-005 0 0
 672.25221648375 0.00111838626784224 0 0
 675.619291712 -0.000412581189371541 0 0
 678.98554997025 0.000540835887363184 0 0
 682.350977094 0.000414072252622744 0 0
 685.71555891875 -0.000156473391048561 0 0
 689.07928128 0.00145922454987361 0 0
 692.44213001325 0.00128550896278614 0 0
 695.804090954 0.000523916726497137 0 0
 699.16514993775 0.00208766149040503 0 0
 702.5252928 -8.06421317188064e-006 0 0
 705.88450537625 0.000220508671605922 0 0
 709.242773502 0.000815570875965602 0 0
 712.60008301275 0.00042555537537994 0 0
 715.956419744 0.000463745300376625 0 0
 719.31176953125 -0.00108046101481524 0 0
 722.66611821 0.000968286376343195 0 0
 726.01945161575 -0.000757601945324528 0 0
 729.371755584 0.000985687259261606 0 0
 732.72301595025 -0.00016761652871475 0 0
 736.07321855 -2.43013210471137e-005 0 0
 739.42234921875 0.00118412232715972 0 0
 742.770393792 -0.00114171648990207 0 0
 746.11733810525 0.00124005945758893 0 0
 749.463167994 0.000173897942420925 0 0
 752.80786929375 0.00101031570603061 0 0
 756.15142784 -0.000498432208589663 0 0
 759.49382946825 -0.000381204272260894 0 0
 762.835060014 -0.000880366219772862 0 0
 766.17510531275 0.00200819146803098 0 0
 769.5139512 -0.000951694615569297 0 0
 772.85158351125 0.00218274050658568 0 0
 776.187988082 -0.000461032521271291 0 0
 779.52315074775 -0.000258539008773768 0 0
 782.857057344 0.000655512068486683 0 0
 786.18969370625 0.00152846047759003 0 0
 789.52104567 -0.00183293661844653 0 0
 792.85109907075 -0.00095272360289094 0 0
 796.179839744 0.00121473406846145 0 0
 799.50725352525 -0.00178342710098965 0 0
 802.83332625 0.00128548268525016 0 0
 806.15804375375 -7.09511771540963e-005 0 0
 809.481391872 0.00211142724609993 0 0
 812.80335644025 -0.00112846200347652 0 0
 816.123923294 -0.00102987951737458 0 0
 819.44307826875 0.000235107334863653 0 0
 822.7608072 -0.00246202008946022 0 0
 826.07709592325 -0.00165673378800198 0 0
 829.391930274 -0.00216726126824302 0 0
 832.70529608775 0.000228669330600313 0 0
 836.0171792 4.24779278125908e-005 0 0
 839.32756544625 -0.00200729048827221 0 0
 842.636440662 -0.00362936449315291 0 0
 845.94379068275 -0.00206076705825914 0 0
 849.249601344 -0.00103144863394267 0 0
 852.55385848125 -0.00026399447157309 0 0
 855.85654793 -0.000383237911823067 0 0
 859.15765552575 0.000885238772586477 0 0
 862.457167104 -0.00148007034812372 0 0
 865.75506850025 -0.00249068065684619 0 0
 869.05134555 -0.00800833515712657 0 0
 872.34598408875 -0.00341641236506197 0 0
 875.638969952 -0.00708729615204246 0 0
 878.93028897525 -0.00295524055287733 0 0
 882.219926994 -0.00582127944858012 0 0
 885.50786984375 0.000611643247793302 0 0
 888.79410336 -0.00241087288615754 0 0
 892.07861337825 -0.00905202566565856 0 0
 895.361385734 -0.00547397563172872 0 0
 898.64240626275 -0.0100016726350731 0 0
 901.9216608 -0.00526722262254216 0 0
 905.19913518125 -0.00914031138678374 0 0
 908.474815242 -0.0100156657726061 0 0
 911.74868681775 -0.00896539566415508 0 0
 915.020735744 0.00110512671620361 0 0
 918.29094785625 -0.00802523242711973 0 0
 921.55930899 -0.00241903134417865 0 0
 924.82580498075 -0.0164839667012081 0 0
 928.090421664 -0.0182900221930913 0 0
 931.35314487525 -0.00787361065327524 0 0
 934.61396045 -0.0160615937986267 0 0
 937.87285422375 -0.000949039993981011 0 0
 941.129812032 -0.019151201591155 0 0
 944.38481971025 -0.0213231686705652 0 0
 947.637863094 -0.00818628442734557 0 0
 950.88892801875 -0.0185987528901158 0 0
 954.13800032 0 0 0
 957.38506583325 0 0 0
 960.630110394 0 0 0
 963.87311983775 0 0 0
 967.11408 0 0 0
 970.35297671625 0 0 0
 973.589795822 0 0 0
 976.82452315275 0 0 0
 980.057144544 0 0 0
 983.28764583125 0 0 0
 986.51601285 0 0 0
 989.74223143575 0 0 0
 992.966287424 0 0 0
 996.18816665025 0 0 0
 999.40785495 0 0 0
 1002.62533815875 0 0 0
 1005.840602112 0 0 0
 1009.05363264525 0 0 0
 1012.264415594 0 0 0
 1015.47293679375 0 0 0
 1018.67918208 0 0 0
 1021.88313728825 0 0 0
 1025.084788254 0 0 0
 1028.28412081275 0 0 0
 1031.4811208 0 0 0
 1034.67577405125 0 0 0
 1037.868066402 0 0 0
 1041.05798368775 0 0 0
 1044.245511744 0 0 0
 1047.43063640625 0 0 0
 1050.61334351 0 0 0
 1053.79361889075 0 0 0
 1056.971448384 0 0 0
 1060.14681782525 0 0 0
 1063.31971305 0 0 0
 1066.49011989375 0 0 0
 1069.658024192 0 0 0
 1072.82341178025 0 0 0
 1075.986268494 0 0 0
 1079.14658016875 0 0 0
 1082.30433264 0 0 0
 1085.45951174325 0 0 0
 1088.612103314 0 0 0
 1091.76209318775 0 0 0
 1094.9094672 0 0 0
 1098.05421118625 0 0 0
 1101.196310982 0 0 0
 1104.33575242275 0 0 0
 1107.472521344 0 0 0
 1110.60660358125 0 0 0
 1113.73798497 0 0 0
 1116.86665134575 0 0 0
 1119.992588544 0 0 0
 1123.11578240025 0 0 0
 1126.23621875 0 0 0
 1129.35388342875 0 0 0
 1132.468762272 0 0 0
 1135.58084111525 0 0 0
 1138.690105794 0 0 0
 1141.79654214375 0 0 0
 1144.900136 0 0 0
[END] of [DATA]
[END] of [Spectrum]


#TBID:2021-12-18 00:30:00;SAM_84C8;RAW;

[Spectrum]
Version            = 1
IDData             = 96B1_2021-12-18_00-30-00_000_165
IDDevice           = SAM_84C8
IDDataType         = SPECTRUM
IDDataTypeSub1     = RAW
IDDataTypeSub2     = 
IDDataTypeSub3     = 
DateTime           = 2021-12-18 00:30:00
PositionLatitude   = 0
PositionLongitude  = 0
Comment            = 
CommentSub1        = 
CommentSub2        = 
CommentSub3        = 
IDMethodType       = SAM Control
MethodName         = SAM_84C8
Mission            = No Mission
MissionSub         = 1
RecordType         = 0
[Attributes]
CalFactor = 1
IDBasisSpec = 
IDDataBack = DLAB_2015-08-21_12-14-03_013_778
IDDataCal = DLAB_2015-08-24_11-04-47_772_747
IntegrationTime = 4096
P31 = -1
P31e = 0
PathLength = +INF
PathLengthCustomOn = 0
RAWDynamic = 65535
Salinity = 0
Temperature = -NAN
Unit1 = $05 $00 Pixel 
Unit2 = $03 $05 Intensity counts
Unit3 = $f0 $05 Error counts
Unit4 = $f1 $00 Status 
p999 = 1715
[END] of [Attributes]
[DATA]
 0 11 0 0
 1 1089 0 0
 2 1076 0 0
 3 1082 0 0
 4 1084 0 0
 5 1082 0 0
 6 1084 0 0
 7 1089 0 0
 8 1086 0 0
 9 1087 0 0
 10 1090 0 0
 11 1086 0 0
 12 1085 0 0
 13 1084 0 0
 14 1084 0 0
 15 1082 0 0
 16 1085 0 0
 17 1089 0 0
 18 1084 0 0
 19 1083 0 0
 20 1092 0 0
 21 1085 0 0
 22 1090 0 0
 23 1091 0 0
 24 1090 0 0
 25 1092 0 0
 26 1092 0 0
 27 1090 0 0
 28 1086 0 0
 29 1091 0 0
 30 1095 0 0
 31 1094 0 0
 32 1091 0 0
 33 1094 0 0
 34 1088 0 0
 35 1087 0 0
 36 1096 0 0
 37 1091 0 0
 38 1096 0 0
 39 1096 0 0
 40 1093 0 0
 41 1096 0 0
 42 1092 0 0
 43 1094 0 0
 44 1093 0 0
 45 1097 0 0
 46 1097 0 0
 47 1098 0 0
 48 1093 0 0
 49 1099 0 0
 50 1093 0 0
 51 1098 0 0
 52 1101 0 0
 53 1097 0 0
 54 1096 0 0
 55 1103 0 0
 56 1099 0 0
 57 1095 0 0
 58 1098 0 0
 59 1097 0 0
 60 1099 0 0
 61 1108 0 0
 62 1105 0 0
 63 1094 0 0
 64 1099 0 0
 65 1101 0 0
 66 1098 0 0
 67 1103 0 0
 68 1100 0 0
 69 1102 0 0
 70 1106 0 0
 71 1104 0 0
 72 1105 0 0
 73 1104 0 0
 74 1102 0 0
 75 1109 0 0
 76 1109 0 0
 77 1110 0 0
 78 1106 0 0
 79 1111 0 0
 80 1109 0 0
 81 1102 0 0
 82 1106 0 0
 83 1101 0 0
 84 1105 0 0
 85 1104 0 0
 86 1099 0 0
 87 1101 0 0
 88 1105 0 0
 89 1105 0 0
 90 1104 0 0
 91 1109 0 0
 92 1102 0 0
 93 1099 0 0
 94 1106 0 0
 95 1104 0 0
 96 1100 0 0
 97 1107 0 0
 98 1103 0 0
 99 1102 0 0
 100 1105 0 0
 101 1106 0 0
 102 1106 0 0
 103 1101 0 0
 104 1103 0 0
 105 1106 0 0
 106 1106 0 0
 107 1102 0 0
 108 1098 0 0
 109 1107 0 0
 110 1107 0 0
 111 1108 0 0
 112 1101 0 0
 113 1104 0 0
 114 1105 0 0
 115 1108 0 0
 116 1100 0 0
 117 1103 0 0
 118 1103 0 0
 119 1101 0 0
 120 1100 0 0
 121 1101 0 0
 122 1104 0 0
 123 1099 0 0
 124 1105 0 0
 125 1099 0 0
 126 1104 0 0
 127 1102 0 0
 128 1100 0 0
 129 1102 0 0
 130 1106 0 0
 131 1102 0 0
 132 1100 0 0
 133 1125 0 0
 134 1103 0 0
 135 1105 0 0
 136 1100 0 0
 137 1096 0 0
 138 1103 0 0
 139 1102 0 0
 140 1102 0 0
 141 1100 0 0
 142 1099 0 0
 143 1107 0 0
 144 1102 0 0
 145 1102 0 0
 146 1101 0 0
 147 1100 0 0
 148 1101 0 0
 149 1099 0 0
 150 1098 0 0
 151 1104 0 0
 152 1097 0 0
 153 1098 0 0
 154 1101 0 0
 155 1096 0 0
 156 1096 0 0
 157 1104 0 0
 158 1102 0 0
 159 1106 0 0
 160 1099 0 0
 161 1098 0 0
 162 1100 0 0
 163 1101 0 0
 164 1093 0 0
 165 1098 0 0
 166 1103 0 0
 167 1101 0 0
 168 1095 0 0
 169 1104 0 0
 170 1095 0 0
 171 1097 0 0
 172 1101 0 0
 173 1096 0 0
 174 1095 0 0
 175 1102 0 0
 176 1102 0 0
 177 1096 0 0
 178 1099 0 0
 179 1100 0 0
 180 1095 0 0
 181 1098 0 0
 182 1104 0 0
 183 1097 0 0
 184 1099 0 0
 185 1098 0 0
 186 1098 0 0
 187 1096 0 0
 188 1098 0 0
 189 1100 0 0
 190 1090 0 0
 191 1100 0 0
 192 1105 0 0
 193 1094 0 0
 194 1095 0 0
 195 1097 0 0
 196 1096 0 0
 197 1096 0 0
 198 1101 0 0
 199 1096 0 0
 200 1099 0 0
 201 1100 0 0
 202 1102 0 0
 203 1100 0 0
 204 1098 0 0
 205 1100 0 0
 206 1096 0 0
 207 1095 0 0
 208 1098 0 0
 209 1093 0 0
 210 1092 0 0
 211 1099 0 0
 212 1091 0 0
 213 1100 0 0
 214 1099 0 0
 215 1100 0 0
 216 1099 0 0
 217 1100 0 0
 218 1096 0 0
 219 1094 0 0
 220 1100 0 0
 221 1100 0 0
 222 1102 0 0
 223 1097 0 0
 224 1096 0 0
 225 1101 0 0
 226 1101 0 0
 227 1098 0 0
 228 1096 0 0
 229 1097 0 0
 230 1099 0 0
 231 1097 0 0
 232 1098 0 0
 233 1098 0 0
 234 1092 0 0
 235 1099 0 0
 236 1096 0 0
 237 1096 0 0
 238 1095 0 0
 239 1096 0 0
 240 1097 0 0
 241 1099 0 0
 242 1100 0 0
 243 1105 0 0
 244 1103 0 0
 245 1102 0 0
 246 1099 0 0
 247 1103 0 0
 248 1097 0 0
 249 1094 0 0
 250 1096 0 0
 251 1100 0 0
 252 1102 0 0
 253 1101 0 0
 254 1103 0 0
 255 1148 0 0
[END] of [DATA]
[END] of [Spectrum]


#TBID:2021-12-18 00:30:00;SAM_84C8;CALIBRATED;

[Spectrum]
Version            = 1
IDData             = 96B1_2021-12-18_00-30-00_000_166
IDDevice           = SAM_84C8
IDDataType         = SPECTRUM
IDDataTypeSub1     = CALIBRATED
IDDataTypeSub2     = 
IDDataTypeSub3     = 
DateTime           = 2021-12-18 00:30:00
PositionLatitude   = 0
PositionLongitude  = 0
Comment            = 
CommentSub1        = 
CommentSub2        = 
CommentSub3        = 
IDMethodType       = SAM Control
MethodName         = SAM_84C8
Mission            = No Mission
MissionSub         = 1
RecordType         = 0
[Attributes]
CalFactor = 1
IDBasisSpec = 
IDDataBack = DLAB_2015-08-21_12-14-03_013_778
IDDataCal = DLAB_2015-08-24_11-04-47_772_747
IntegrationTime = 4096
P31 = -1
P31e = 0
PathLength = +INF
PathLengthCustomOn = 0
RAWDynamic = 65535
Salinity = 0
Temperature = -NAN
Unit1 = $01 $01 Wavelength nm
Unit2 = $03 $03 Intensity mW/(m^2 nm Sr)
Unit3 = $f0 $03 Error mW/(m^2 nm Sr)
Unit4 = $f1 $00 Status 
p999 = 1715
[END] of [Attributes]
[DATA]
 0 11 0 0
 303.516048156 0 0 0
 306.890006053 0 0 0
 310.26457112 0 0 0
 313.639731825 0 0 0
 317.015476636 -0.000483458809035273 0 0
 320.391794021 -0.000458784868792944 0 0
 323.768672448 -7.04585367911393e-005 0 0
 327.146100385 -0.000101271519009855 0 0
 330.5240663 -0.000113349870096851 0 0
 333.902558661 0.000197110012613112 0 0
 337.281565936 -0.000222949707167679 0 0
 340.661076593 -0.000343532016638354 0 0
 344.0410791 -0.000123759325071363 0 0
 347.421561925 -0.000119554044646249 0 0
 350.802513536 -0.000224797279535955 0 0
 354.183922401 -0.000150718169420351 0 0
 357.565776988 -0.000108847951937344 0 0
 360.948065765 -0.00016717899203699 0 0
 364.3307772 -0.000191902231678726 0 0
 367.713899761 3.80469868881094e-005 0 0
 371.097421916 -0.000140364683166964 0 0
 374.481332133 -8.17353123086638e-005 0 0
 377.86561888 -7.43169806363327e-005 0 0
 381.250270625 -0.000131356120586436 0 0
 384.635275836 -2.36739352719802e-005 0 0
 388.020622981 0.000127616274211238 0 0
 391.406300528 -1.49272147107828e-005 0 0
 394.792296945 -0.000174585949588269 0 0
 398.1786007 -2.47406851168189e-005 0 0
 401.565200261 -1.79540972000005e-005 0 0
 404.952084096 1.91479390438767e-005 0 0
 408.339240673 -3.4287325674988e-005 0 0
 411.72665846 8.88482235637845e-005 0 0
 415.114325925 -1.9859825646248e-005 0 0
 418.502231536 -8.9315441340067e-006 0 0
 421.890363761 3.94592667007418e-005 0 0
 425.278711068 -0.000175134351581782 0 0
 428.667261925 2.41740189310242e-005 0 0
 432.0560048 0.000109750569073987 0 0
 435.444928161 3.96747122847111e-005 0 0
 438.834020476 3.08646631277549e-005 0 0
 442.223270213 2.2696075654573e-005 0 0
 445.61266584 4.31612605323576e-006 0 0
 449.002195825 5.1778655437293e-005 0 0
 452.391848636 -4.22916472025769e-006 0 0
 455.781612741 4.25256526695793e-005 0 0
 459.171476608 7.80297409370358e-005 0 0
 462.561428705 -2.49034389438707e-005 0 0
 465.9514575 3.80953281038414e-006 0 0
 469.341551461 4.2341656853701e-005 0 0
 472.731699056 2.92389503688221e-005 0 0
 476.121888753 7.73969988044254e-005 0 0
 479.51210902 5.88251261841978e-005 0 0
 482.902348325 0.000187193732705757 0 0
 486.292595136 0.000133800443937433 0 0
 489.682837921 5.40790902223288e-005 0 0
 493.073065148 -5.78015070427597e-005 0 0
 496.463265285 8.12178703253174e-005 0 0
 499.8534268 0.000142270545827343 0 0
 503.243538161 0.000129861013722709 0 0
 506.633587836 0.000209859751427017 0 0
 510.023564293 8.9831419882391e-007 0 0
 513.413456 -4.75266670238484e-005 0 0
 516.803251425 0.000158203311986463 0 0
 520.192939036 0.000132772559703854 0 0
 523.582507301 1.35049315654192e-005 0 0
 526.971944688 0.000104539477990801 0 0
 530.361239665 1.33938216949251e-005 0 0
 533.7503807 0.000115656848496641 0 0
 537.139356261 7.99328815381224e-005 0 0
 540.528154816 9.95954535636113e-005 0 0
 543.916764833 4.65221394995843e-005 0 0
 547.30517478 0.000107069385949139 0 0
 550.693373125 9.63767924733648e-005 0 0
 554.081348336 0.000148249027914399 0 0
 557.469088881 0.000154802471675743 0 0
 560.856583228 0.000165665859755705 0 0
 564.243819845 0.000120579762511645 0 0
 567.6307872 0.000172441854894385 0 0
 571.017473761 0.000156429946211848 0 0
 574.403867996 0.000104123944353628 0 0
 577.789958373 6.07247365603889e-005 0 0
 581.17573336 3.16491557850415e-005 0 0
 584.561181425 6.50867524097531e-005 0 0
 587.946291036 0.000143690143914222 0 0
 591.331050661 6.19783974627841e-005 0 0
 594.715448768 3.25070074795182e-005 0 0
 598.099473825 0.000145690611334034 0 0
 601.4831143 0.000172397930500698 0 0
 604.866358661 2.42217811887194e-005 0 0
 608.249195376 0.000156223187862385 0 0
 611.631612913 5.4542867902721e-005 0 0
 615.01359974 0.000101579844080773 0 0
 618.395144325 5.38946133554638e-005 0 0
 621.776235136 0.000124478293765136 0 0
 625.156860641 -3.37927436592357e-005 0 0
 628.537009308 0.00017256272015921 0 0
 631.916669605 0.000129077354038903 0 0
 635.29583 0.000143686576933929 0 0
 638.674478961 2.22564586921038e-005 0 0
 642.052604956 -3.01032533820054e-005 0 0
 645.430196453 0.000101387173111908 0 0
 648.80724192 0.000100182898754431 0 0
 652.183729825 0.000130805655474777 0 0
 655.559648636 3.85326415308239e-005 0 0
 658.934986821 0.000230960290011549 0 0
 662.309732848 0.000101108858121325 0 0
 665.683875185 0.000123143240744832 0 0
 669.0574023 0.000268589080601439 0 0
 672.430302661 5.6447664255603e-005 0 0
 675.802564736 -6.78221365226388e-005 0 0
 679.174176993 2.45923572456332e-005 0 0
 682.5451279 9.18659752052425e-005 0 0
 685.915405925 0.000144432783744246 0 0
 689.284999536 7.56015862491356e-005 0 0
 692.653897201 -0.000161533553572476 0 0
 696.022087388 0.000145629024424269 0 0
 699.389558565 0.000168266214708743 0 0
 702.7562992 -7.12015354946983e-005 0 0
 706.122297761 0.000170762764401508 0 0
 709.487542716 5.31823777010819e-005 0 0
 712.852022533 0.000263790249674992 0 0
 716.21572568 8.86973334600404e-005 0 0
 719.578640625 0.000257077395666984 0 0
 722.940755836 6.74132167147557e-006 0 0
 726.302059781 0.00012566776060075 0 0
 729.662540928 -0.000136996857476515 0 0
 733.022187745 0.000106135612989274 0 0
 736.3809887 3.05797395106447e-005 0 0
 739.738932261 0.000286383918485673 0 0
 743.096006896 1.70857571366516e-005 0 0
 746.452201073 -5.82615073109047e-007 0 0
 749.80750326 -0.000857830923080289 0 0
 753.161901925 -2.33020470810228e-007 0 0
 756.515385536 0.000183838200861635 0 0
 759.867942561 4.34423418178043e-005 0 0
 763.219561468 -0.000143376396436606 0 0
 766.570230725 0.000194376567678109 0 0
 769.9199388 -8.01176964456647e-005 0 0
 773.268674161 7.71565254243425e-005 0 0
 776.616425276 0.000110864920146248 0 0
 779.963180613 -7.8668915887541e-005 0 0
 783.30892864 0.000245545112444116 0 0
 786.653657825 -0.000123333373714313 0 0
 789.997356636 -2.48109721062537e-006 0 0
 793.340013541 -3.45904605086055e-005 0 0
 796.681617008 0.000133636367036835 0 0
 800.022155505 -2.96728185934843e-005 0 0
 803.3616175 8.50919464803531e-005 0 0
 806.699991461 -8.100051332986e-006 0 0
 810.037265856 0.000163729341324564 0 0
 813.373429153 -0.000270818936713534 0 0
 816.70846982 2.16446763622425e-006 0 0
 820.042376325 0.000239941791057797 0 0
 823.375137136 0.000124351879505236 0 0
 826.706740721 -0.000186301296195417 0 0
 830.037175548 9.11774467240758e-005 0 0
 833.366430085 7.89743507019256e-005 0 0
 836.6944928 0.000480633719125463 0 0
 840.021352161 -0.000167291120491829 0 0
 843.346996636 7.68521160847465e-006 0 0
 846.671414693 -5.58413308213698e-005 0 0
 849.9945948 0.000138553546497703 0 0
 853.316525425 1.50762538410906e-005 0 0
 856.637195036 -0.000331493814986689 0 0
 859.956592101 0.000183336986668453 0 0
 863.274705088 -0.00022308114466764 0 0
 866.591522465 -0.000501647384694353 0 0
 869.9070327 0.000542684081155856 0 0
 873.221224261 -0.000626151006161452 0 0
 876.534085616 -4.13970586997772e-005 0 0
 879.845605233 3.26490840756418e-005 0 0
 883.15577158 0.000686828552623163 0 0
 886.464573125 1.37002402293162e-005 0 0
 889.771998336 -0.000382894852802004 0 0
 893.078035681 0.000561291485934881 0 0
 896.382673628 -0.00021328205650905 0 0
 899.685900645 0.000468811899752153 0 0
 902.9877052 -2.73939663669865e-005 0 0
 906.288075761 -0.000991147712053556 0 0
 909.587000796 -0.000379246544323631 0 0
 912.884468773 0.000434077153253361 0 0
 916.18046816 -0.000392776291279752 0 0
 919.474987425 0.000730942224122109 0 0
 922.768015036 -0.000388407334071366 0 0
 926.059539461 0.000268029982011726 0 0
 929.349549168 -0.00157159821491356 0 0
 932.638032625 9.30449641504518e-005 0 0
 935.9249783 0.000419956365451318 0 0
 939.210374661 -0.000213124393859543 0 0
 942.494210176 0.00026990892271888 0 0
 945.776473313 0.000383999544675326 0 0
 949.05715254 0.000773660389721486 0 0
 952.336236325 -0.00151256144219232 0 0
 955.613713136 0 0 0
 958.889571441 0 0 0
 962.163799708 0 0 0
 965.436386405 0 0 0
 968.70732 0 0 0
 971.976588961 0 0 0
 975.244181756 0 0 0
 978.510086853 0 0 0
 981.77429272 0 0 0
 985.036787825 0 0 0
 988.297560636 0 0 0
 991.556599621 0 0 0
 994.813893248 0 0 0
 998.069429985 0 0 0
 1001.3231983 0 0 0
 1004.575186661 0 0 0
 1007.825383536 0 0 0
 1011.073777393 0 0 0
 1014.3203567 0 0 0
 1017.565109925 0 0 0
 1020.808025536 0 0 0
 1024.049092001 0 0 0
 1027.288297788 0 0 0
 1030.525631365 0 0 0
 1033.7610812 0 0 0
 1036.994635761 0 0 0
 1040.226283516 0 0 0
 1043.456012933 0 0 0
 1046.68381248 0 0 0
 1049.909670625 0 0 0
 1053.133575836 0 0 0
 1056.355516581 0 0 0
 1059.575481328 0 0 0
 1062.793458545 0 0 0
 1066.0094367 0 0 0
 1069.223404261 0 0 0
 1072.435349696 0 0 0
 1075.645261473 0 0 0
 1078.85312806 0 0 0
 1082.058937925 0 0 0
 1085.262679536 0 0 0
 1088.464341361 0 0 0
 1091.663911868 0 0 0
 1094.861379525 0 0 0
 1098.0567328 0 0 0
 1101.249960161 0 0 0
 1104.441050076 0 0 0
 1107.629991013 0 0 0
 1110.81677144 0 0 0
 1114.001379825 0 0 0
 1117.183804636 0 0 0
 1120.364034341 0 0 0
 1123.542057408 0 0 0
 1126.717862305 0 0 0
 1129.8914375 0 0 0
 1133.062771461 0 0 0
 1136.231852656 0 0 0
 1139.398669553 0 0 0
 1142.56321062 0 0 0
 1145.725464325 0 0 0
 1148.885419136 0 0 0
[END] of [DATA]
[END] of [Spectrum]


#TBID:2021-12-18 01:00:00;SAM_84CE;RAW;

[Spectrum]
Version            = 1
IDData             = 96B1_2021-12-18_01-00-00_000_169
IDDevice           = SAM_84CE
IDDataType         = SPECTRUM
IDDataTypeSub1     = RAW
IDDataTypeSub2     = 
IDDataTypeSub3     = 
DateTime           = 2021-12-18 01:00:00
PositionLatitude   = 0
PositionLongitude  = 0
Comment            = 
CommentSub1        = 
CommentSub2        = 
CommentSub3        = 
IDMethodType       = SAM Control
MethodName         = SAM_84CE
Mission            = No Mission
MissionSub         = 1
RecordType         = 0
[Attributes]
CalFactor = 1
IDBasisSpec = 
IDDataBack = DLAB_2015-08-21_11-56-43_233_004
IDDataCal = DLAB_2015-08-26_10-05-37_585_478
IntegrationTime = 4096
P31 = -1
P31e = 0
PathLength = +INF
PathLengthCustomOn = 0
RAWDynamic = 65535
Salinity = 0
Temperature = -NAN
Unit1 = $05 $00 Pixel 
Unit2 = $03 $05 Intensity counts
Unit3 = $f0 $05 Error counts
Unit4 = $f1 $00 Status 
p999 = 1716
[END] of [Attributes]
[DATA]
 0 11 0 0
 1 1139 0 0
 2 1137 0 0
 3 1140 0 0
 4 1145 0 0
 5 1147 0 0
 6 1139 0 0
 7 1147 0 0
 8 1141 0 0
 9 1148 0 0
 10 1141 0 0
 11 1148 0 0
 12 1144 0 0
 13 1148 0 0
 14 1145 0 0
 15 1150 0 0
 16 1142 0 0
 17 1138 0 0
 18 1140 0 0
 19 1145 0 0
 20 1146 0 0
 21 1144 0 0
 22 1143 0 0
 23 1148 0 0
 24 1150 0 0
 25 1144 0 0
 26 1146 0 0
 27 1147 0 0
 28 1144 0 0
 29 1146 0 0
 30 1148 0 0
 31 1150 0 0
 32 1142 0 0
 33 1149 0 0
 34 1146 0 0
 35 1150 0 0
 36 1156 0 0
 37 1145 0 0
 38 1148 0 0
 39 1152 0 0
 40 1151 0 0
 41 1154 0 0
 42 1151 0 0
 43 1152 0 0
 44 1151 0 0
 45 1156 0 0
 46 1146 0 0
 47 1154 0 0
 48 1149 0 0
 49 1149 0 0
 50 1150 0 0
 51 1152 0 0
 52 1150 0 0
 53 1151 0 0
 54 1153 0 0
 55 1152 0 0
 56 1144 0 0
 57 1146 0 0
 58 1147 0 0
 59 1152 0 0
 60 1147 0 0
 61 1147 0 0
 62 1149 0 0
 63 1144 0 0
 64 1150 0 0
 65 1148 0 0
 66 1148 0 0
 67 1146 0 0
 68 1152 0 0
 69 1147 0 0
 70 1148 0 0
 71 1146 0 0
 72 1149 0 0
 73 1153 0 0
 74 1146 0 0
 75 1148 0 0
 76 1154 0 0
 77 1147 0 0
 78 1146 0 0
 79 1148 0 0
 80 1150 0 0
 81 1150 0 0
 82 1145 0 0
 83 1144 0 0
 84 1146 0 0
 85 1143 0 0
 86 1139 0 0
 87 1137 0 0
 88 1139 0 0
 89 1142 0 0
 90 1142 0 0
 91 1139 0 0
 92 1140 0 0
 93 1143 0 0
 94 1138 0 0
 95 1136 0 0
 96 1131 0 0
 97 1140 0 0
 98 1136 0 0
 99 1141 0 0
 100 1132 0 0
 101 1135 0 0
 102 1134 0 0
 103 1134 0 0
 104 1130 0 0
 105 1132 0 0
 106 1132 0 0
 107 1129 0 0
 108 1130 0 0
 109 1133 0 0
 110 1132 0 0
 111 1130 0 0
 112 1131 0 0
 113 1128 0 0
 114 1128 0 0
 115 1130 0 0
 116 1123 0 0
 117 1127 0 0
 118 1130 0 0
 119 1130 0 0
 120 1124 0 0
 121 1126 0 0
 122 1123 0 0
 123 1127 0 0
 124 1125 0 0
 125 1121 0 0
 126 1125 0 0
 127 1120 0 0
 128 1117 0 0
 129 1122 0 0
 130 1112 0 0
 131 1122 0 0
 132 1122 0 0
 133 1117 0 0
 134 1118 0 0
 135 1120 0 0
 136 1118 0 0
 137 1121 0 0
 138 1115 0 0
 139 1117 0 0
 140 1114 0 0
 141 1118 0 0
 142 1119 0 0
 143 1116 0 0
 144 1110 0 0
 145 1117 0 0
 146 1120 0 0
 147 1113 0 0
 148 1110 0 0
 149 1116 0 0
 150 1112 0 0
 151 1112 0 0
 152 1106 0 0
 153 1111 0 0
 154 1107 0 0
 155 1108 0 0
 156 1110 0 0
 157 1108 0 0
 158 1102 0 0
 159 1110 0 0
 160 1113 0 0
 161 1107 0 0
 162 1106 0 0
 163 1108 0 0
 164 1106 0 0
 165 1107 0 0
 166 1102 0 0
 167 1106 0 0
 168 1105 0 0
 169 1105 0 0
 170 1103 0 0
 171 1102 0 0
 172 1101 0 0
 173 1098 0 0
 174 1102 0 0
 175 1102 0 0
 176 1102 0 0
 177 1101 0 0
 178 1102 0 0
 179 1101 0 0
 180 1102 0 0
 181 1103 0 0
 182 1093 0 0
 183 1093 0 0
 184 1095 0 0
 185 1100 0 0
 186 1095 0 0
 187 1099 0 0
 188 1092 0 0
 189 1099 0 0
 190 1096 0 0
 191 1096 0 0
 192 1090 0 0
 193 1090 0 0
 194 1096 0 0
 195 1095 0 0
 196 1094 0 0
 197 1096 0 0
 198 1090 0 0
 199 1089 0 0
 200 1095 0 0
 201 1091 0 0
 202 1090 0 0
 203 1090 0 0
 204 1090 0 0
 205 1096 0 0
 206 1090 0 0
 207 1096 0 0
 208 1094 0 0
 209 1091 0 0
 210 1090 0 0
 211 1088 0 0
 212 1091 0 0
 213 1092 0 0
 214 1088 0 0
 215 1092 0 0
 216 1094 0 0
 217 1087 0 0
 218 1093 0 0
 219 1090 0 0
 220 1087 0 0
 221 1092 0 0
 222 1089 0 0
 223 1086 0 0
 224 1090 0 0
 225 1089 0 0
 226 1084 0 0
 227 1088 0 0
 228 1080 0 0
 229 1098 0 0
 230 1085 0 0
 231 1087 0 0
 232 1084 0 0
 233 1084 0 0
 234 1088 0 0
 235 1088 0 0
 236 1085 0 0
 237 1084 0 0
 238 1088 0 0
 239 1086 0 0
 240 1088 0 0
 241 1080 0 0
 242 1081 0 0
 243 1089 0 0
 244 1086 0 0
 245 1088 0 0
 246 1082 0 0
 247 1085 0 0
 248 1082 0 0
 249 1083 0 0
 250 1078 0 0
 251 1084 0 0
 252 1080 0 0
 253 1086 0 0
 254 1086 0 0
 255 1132 0 0
[END] of [DATA]
[END] of [Spectrum]


#TBID:2021-12-18 01:00:00;SAM_84CE;CALIBRATED;

[Spectrum]
Version            = 1
IDData             = 96B1_2021-12-18_01-00-00_000_170
IDDevice           = SAM_84CE
IDDataType         = SPECTRUM
IDDataTypeSub1     = CALIBRATED
IDDataTypeSub2     = 
IDDataTypeSub3     = 
DateTime           = 2021-12-18 01:00:00
PositionLatitude   = 0
PositionLongitude  = 0
Comment            = 
CommentSub1        = 
CommentSub2        = 
CommentSub3        = 
IDMethodType       = SAM Control
MethodName         = SAM_84CE
Mission            = No Mission
MissionSub         = 1
RecordType         = 0
[Attributes]
CalFactor = 1
IDBasisSpec = 
IDDataBack = DLAB_2015-08-21_11-56-43_233_004
IDDataCal = DLAB_2015-08-26_10-05-37_585_478
IntegrationTime = 4096
P31 = -1
P31e = 0
PathLength = +INF
PathLengthCustomOn = 0
RAWDynamic = 65535
Salinity = 0
Temperature = -NAN
Unit1 = $01 $01 Wavelength nm
Unit2 = $03 $06 Intensity mW/(m^2 nm)
Unit3 = $f0 $06 Error mW/(m^2 nm)
Unit4 = $f1 $00 Status 
p999 = 1716
[END] of [Attributes]
[DATA]
 0 11 0 0
 303.485180022 0 0 0
 306.85638880275 0 0 0
 310.228324544 0 0 0
 313.60097308125 0 0 0
 316.97432025 0.0336034528516158 0 0
 320.34835188575 0.0302444666648453 0 0
 323.723053824 0.0315073197488286 0 0
 327.09841190025 0.0275958952462864 0 0
 330.47441195 0.025793354457715 0 0
 333.85103980875 0.02363661239399 0 0
 337.228281312 0.0234993921117844 0 0
 340.60612229525 0.0206201611888193 0 0
 343.984548594 0.020356107614457 0 0
 347.36354604375 0.0164882675265796 0 0
 350.74310048 0.0181218986126675 0 0
 354.12319773825 0.0145504626885937 0 0
 357.503823654 0.0136236590310655 0 0
 360.88496406275 0.0124259466019825 0 0
 364.2666048 0.0142253150294356 0 0
 367.64873170125 0.0124664403081892 0 0
 371.031330602 0.0128924798375269 0 0
 374.41438733775 0.013521256494797 0 0
 377.797887744 0.0122698562840898 0 0
 381.18181765625 0.0147986857904777 0 0
 384.56616291 0.0137369784418626 0 0
 387.95090934075 0.0132146482143034 0 0
 391.336042784 0.0129995740190671 0 0
 394.72154907525 0.0146278403087248 0 0
 398.10741405 0.0141164389988313 0 0
 401.49362354375 0.0138757044296706 0 0
 404.880163392 0.0121399703821483 0 0
 408.26701943025 0.0107815017913785 0 0
 411.654177494 0.0118418707390138 0 0
 415.04162341875 0.0111031162436291 0 0
 418.42934304 0.0113154602642311 0 0
 421.81732219325 0.0102424985439118 0 0
 425.205546714 0.00953393065238713 0 0
 428.59400243775 0.0081259860898341 0 0
 431.9826752 0.0086697035892419 0 0
 435.37155083625 0.00819775048305287 0 0
 438.760615182 0.00853801813621094 0 0
 442.14985407275 0.00788668975854608 0 0
 445.539253344 0.00810755322260766 0 0
 448.92879883125 0.00878418211863875 0 0
 452.31847637 0.00957510922909838 0 0
 455.70827179575 0.00741848130415797 0 0
 459.098170944 0.00818769287386744 0 0
 462.48815965025 0.00858711439190281 0 0
 465.87822375 0.0088201763520686 0 0
 469.26834907875 0.00882898072342346 0 0
 472.658521472 0.0100834287655041 0 0
 476.04872676525 0.00997841048885554 0 0
 479.438950794 0.00933700051765442 0 0
 482.82917939375 0.00935407324774724 0 0
 486.2193984 0.0104463172036464 0 0
 489.60959364825 0.00955600714206512 0 0
 492.999750974 0.00982197171922132 0 0
 496.38985621275 0.00932391537108238 0 0
 499.7798952 0.0104021452679128 0 0
 503.16985377125 0.0102351422284585 0 0
 506.559717762 0.00948562719645625 0 0
 509.94947300775 0.00858328536570919 0 0
 513.339105344 0.00826630963045908 0 0
 516.72860060625 0.00896431873184628 0 0
 520.11794463 0.00886993858487703 0 0
 523.50712325075 0.00751620537702653 0 0
 526.896122304 0.00785239268759228 0 0
 530.28492762525 0.00810992164200722 0 0
 533.67352505 0.00834495500347707 0 0
 537.06190041375 0.00902704134094172 0 0
 540.450039552 0.00789902642554531 0 0
 543.83792830025 0.00769289221896408 0 0
 547.225552494 0.00788911317205551 0 0
 550.61289796875 0.00758860694844873 0 0
 553.99995056 0.00762379780969494 0 0
 557.38669610325 0.00745532403496752 0 0
 560.773120434 0.00784022254813965 0 0
 564.15920938775 0.00822454304156691 0 0
 567.5449488 0.00781598158745496 0 0
 570.93032450625 0.00802553578016455 0 0
 574.315322342 0.00808340882208177 0 0
 577.69992814275 0.00828103516802721 0 0
 581.084127744 0.00861554217612838 0 0
 584.46790698125 0.00894156478624548 0 0
 587.85125169 0.00863111405022097 0 0
 591.23414770575 0.00805827333943402 0 0
 594.616580864 0.00777915956782071 0 0
 597.99853700025 0.00854719427130336 0 0
 601.38000195 0.00907749512465699 0 0
 604.76096154875 0.00812547327222806 0 0
 608.141401632 0.00799879624227357 0 0
 611.52130803525 0.0084754138358098 0 0
 614.900666594 0.00823314745520864 0 0
 618.27946314375 0.00875753534389392 0 0
 621.65768352 0.00915201701484806 0 0
 625.03531355825 0.00859649219075368 0 0
 628.412339094 0.00921814916691306 0 0
 631.78874596275 0.00825877708894989 0 0
 635.16452 0.00968342169228075 0 0
 638.53964704125 0.00855959267323746 0 0
 641.914112922 0.0100942972807405 0 0
 645.28790347775 0.00956274536270583 0 0
 648.661004544 0.00945952193379437 0 0
 652.03340195625 0.00958121982530307 0 0
 655.40508155 0.00912700246170036 0 0
 658.77602916075 0.00981795648624805 0 0
 662.146230624 0.0099126088506044 0 0
 665.51567177525 0.0102032450876482 0 0
 668.88433845 0.00895187077029522 0 0
 672.25221648375 0.0105251676595671 0 0
 675.619291712 0.00815849533857602 0 0
 678.98554997025 0.00969987465359766 0 0
 682.350977094 0.00994778212007261 0 0
 685.71555891875 0.0089427273765028 0 0
 689.07928128 0.00997656657747954 0 0
 692.44213001325 0.00926915385138356 0 0
 695.804090954 0.00862930703219571 0 0
 699.16514993775 0.0098812138583247 0 0
 702.5252928 0.00979171680049498 0 0
 705.88450537625 0.00836314848110574 0 0
 709.242773502 0.00966517582632597 0 0
 712.60008301275 0.00822586684375401 0 0
 715.956419744 0.0100545392427038 0 0
 719.31176953125 0.00942387566574779 0 0
 722.66611821 0.00884756038457757 0 0
 726.01945161575 0.00801764074980581 0 0
 729.371755584 0.00890141264062169 0 0
 732.72301595025 0.00755910474806564 0 0
 736.07321855 0.0090990895266471 0 0
 739.42234921875 0.00767598398691504 0 0
 742.770393792 0.00725096202612866 0 0
 746.11733810525 0.00951103870693249 0 0
 749.463167994 0.00832672226252487 0 0
 752.80786929375 0.00856373990675449 0 0
 756.15142784 0.00884980466765789 0 0
 759.49382946825 0.00885782736846497 0 0
 762.835060014 0.00824367375664366 0 0
 766.17510531275 0.0100119914990226 0 0
 769.5139512 0.00769532967099317 0 0
 772.85158351125 0.00940982840848351 0 0
 776.187988082 0.00929459104970474 0 0
 779.52315074775 0.0105128381156118 0 0
 782.857057344 0.00946435634156995 0 0
 786.18969370625 0.00773362324371545 0 0
 789.52104567 0.00749704753005779 0 0
 792.85109907075 0.00989258799438159 0 0
 796.179839744 0.011482803830059 0 0
 799.50725352525 0.00820105549973848 0 0
 802.83332625 0.0119698340704221 0 0
 806.15804375375 0.0113514231515278 0 0
 809.481391872 0.0121415425553757 0 0
 812.80335644025 0.0100242302353015 0 0
 816.123923294 0.0101530371952076 0 0
 819.44307826875 0.00981817280100739 0 0
 822.7608072 0.0108191385715735 0 0
 826.07709592325 0.0125810766953664 0 0
 829.391930274 0.0108257694476368 0 0
 832.70529608775 0.0114028404974458 0 0
 836.0171792 0.0126672657802795 0 0
 839.32756544625 0.0142476247178481 0 0
 842.636440662 0.0107097959112301 0 0
 845.94379068275 0.0118383364819834 0 0
 849.249601344 0.0141250730772481 0 0
 852.55385848125 0.0131541603060061 0 0
 855.85654793 0.0162876148114477 0 0
 859.15765552575 0.0142824498138915 0 0
 862.457167104 0.0161071942694402 0 0
 865.75506850025 0.0166044173510435 0 0
 869.05134555 0.0142628756331354 0 0
 872.34598408875 0.0125210820367083 0 0
 875.638969952 0.011161778777349 0 0
 878.93028897525 0.0133817575631909 0 0
 882.219926994 0.0120330260158838 0 0
 885.50786984375 0.0200237939132028 0 0
 888.79410336 0.0157712331558833 0 0
 892.07861337825 0.0167794654544865 0 0
 895.361385734 0.0160844427997743 0 0
 898.64240626275 0.0145417825569501 0 0
 901.9216608 0.0157253276803833 0 0
 905.19913518125 0.016189952722482 0 0
 908.474815242 0.0200183488257472 0 0
 911.74868681775 0.00971713543256491 0 0
 915.020735744 0.0206207216507687 0 0
 918.29094785625 0.0220964273280708 0 0
 921.55930899 0.0219142941985088 0 0
 924.82580498075 0.0105412107326626 0 0
 928.090421664 0.0149448871375288 0 0
 931.35314487525 0.013573082073523 0 0
 934.61396045 0.0260364140038639 0 0
 937.87285422375 0.0209379661377247 0 0
 941.129812032 0.0156931561510142 0 0
 944.38481971025 0.0112272350291711 0 0
 947.637863094 0.0106774052495268 0 0
 950.88892801875 0.0283026920200131 0 0
 954.13800032 0 0 0
 957.38506583325 0 0 0
 960.630110394 0 0 0
 963.87311983775 0 0 0
 967.11408 0 0 0
 970.35297671625 0 0 0
 973.589795822 0 0 0
 976.82452315275 0 0 0
 980.057144544 0 0 0
 983.28764583125 0 0 0
 986.51601285 0 0 0
 989.74223143575 0 0 0
 992.966287424 0 0 0
 996.18816665025 0 0 0
 999.40785495 0 0 0
 1002.62533815875 0 0 0
 1005.840602112 0 0 0
 1009.05363264525 0 0 0
 1012.264415594 0 0 0
 1015.47293679375 0 0 0
 1018.67918208 0 0 0
 1021.88313728825 0 0 0
 1025.084788254 0 0 0
 1028.28412081275 0 0 0
 1031.4811208 0 0 0
 1034.67577405125 0 0 0
 1037.868066402 0 0 0
 1041.05798368775 0 0 0
 1044.245511744 0 0 0
 1047.43063640625 0 0 0
 1050.61334351 0 0 0
 1053.79361889075 0 0 0
 1056.971448384 0 0 0
 1060.14681782525 0 0 0
 1063.31971305 0 0 0
 1066.49011989375 0 0 0
 1069.658024192 0 0 0
 1072.82341178025 0 0 0
 1075.986268494 0 0 0
 1079.14658016875 0 0 0
 1082.30433264 0 0 0
 1085.45951174325 0 0 0
 1088.612103314 0 0 0
 1091.76209318775 0 0 0
 1094.9094672 0 0 0
 1098.05421118625 0 0 0
 1101.196310982 0 0 0
 1104.33575242275 0 0 0
 1107.472521344 0 0 0
 1110.60660358125 0 0 0
 1113.73798497 0 0 0
 1116.86665134575 0 0 0
 1119.992588544 0 0 0
 1123.11578240025 0 0 0
 1126.23621875 0 0 0
 1129.35388342875 0 0 0
 1132.468762272 0 0 0
 1135.58084111525 0 0 0
 1138.690105794 0 0 0
 1141.79654214375 0 0 0
 1144.900136 0 0 0
[END] of [DATA]
[END] of [Spectrum]


#TBID:2021-12-18 01:00:00;SAM_84DC;RAW;

[Spectrum]
Version            = 1
IDData             = 96B1_2021-12-18_01-00-00_000_172
IDDevice           = SAM_84DC
IDDataType         = SPECTRUM
IDDataTypeSub1     = RAW
IDDataTypeSub2     = 
IDDataTypeSub3     = 
DateTime           = 2021-12-18 01:00:00
PositionLatitude   = 0
PositionLongitude  = 0
Comment            = 
CommentSub1        = 
CommentSub2        = 
CommentSub3        = 
IDMethodType       = SAM Control
MethodName         = SAM_84DC
Mission            = No Mission
MissionSub         = 1
RecordType         = 0
[Attributes]
CalFactor = 1
IDBasisSpec = 
IDDataBack = DLAB_2015-08-21_13-19-54_137_939
IDDataCal = DLAB_2015-08-24_10-46-55_592_608
IntegrationTime = 4096
P31 = -1
P31e = 0
PathLength = +INF
PathLengthCustomOn = 0
RAWDynamic = 65535
Salinity = 0
Temperature = -NAN
Unit1 = $05 $00 Pixel 
Unit2 = $03 $05 Intensity counts
Unit3 = $f0 $05 Error counts
Unit4 = $f1 $00 Status 
p999 = 1716
[END] of [Attributes]
[DATA]
 0 11 0 0
 1 1171 0 0
 2 1162 0 0
 3 1175 0 0
 4 1179 0 0
 5 1173 0 0
 6 1170 0 0
 7 1178 0 0
 8 1180 0 0
 9 1175 0 0
 10 1173 0 0
 11 1177 0 0
 12 1176 0 0
 13 1174 0 0
 14 1176 0 0
 15 1173 0 0
 16 1174 0 0
 17 1181 0 0
 18 1179 0 0
 19 1180 0 0
 20 1182 0 0
 21 1182 0 0
 22 1181 0 0
 23 1182 0 0
 24 1181 0 0
 25 1178 0 0
 26 1178 0 0
 27 1180 0 0
 28 1176 0 0
 29 1183 0 0
 30 1177 0 0
 31 1180 0 0
 32 1184 0 0
 33 1182 0 0
 34 1182 0 0
 35 1181 0 0
 36 1177 0 0
 37 1181 0 0
 38 1182 0 0
 39 1180 0 0
 40 1187 0 0
 41 1184 0 0
 42 1187 0 0
 43 1183 0 0
 44 1183 0 0
 45 1186 0 0
 46 1180 0 0
 47 1187 0 0
 48 1185 0 0
 49 1188 0 0
 50 1184 0 0
 51 1185 0 0
 52 1186 0 0
 53 1188 0 0
 54 1181 0 0
 55 1183 0 0
 56 1179 0 0
 57 1184 0 0
 58 1187 0 0
 59 1184 0 0
 60 1182 0 0
 61 1184 0 0
 62 1188 0 0
 63 1187 0 0
 64 1184 0 0
 65 1176 0 0
 66 1179 0 0
 67 1185 0 0
 68 1187 0 0
 69 1190 0 0
 70 1185 0 0
 71 1184 0 0
 72 1190 0 0
 73 1185 0 0
 74 1183 0 0
 75 1179 0 0
 76 1179 0 0
 77 1186 0 0
 78 1186 0 0
 79 1187 0 0
 80 1182 0 0
 81 1191 0 0
 82 1187 0 0
 83 1185 0 0
 84 1176 0 0
 85 1184 0 0
 86 1182 0 0
 87 1186 0 0
 88 1185 0 0
 89 1182 0 0
 90 1176 0 0
 91 1181 0 0
 92 1184 0 0
 93 1185 0 0
 94 1182 0 0
 95 1187 0 0
 96 1185 0 0
 97 1183 0 0
 98 1185 0 0
 99 1180 0 0
 100 1181 0 0
 101 1184 0 0
 102 1181 0 0
 103 1184 0 0
 104 1183 0 0
 105 1183 0 0
 106 1179 0 0
 107 1186 0 0
 108 1184 0 0
 109 1180 0 0
 110 1179 0 0
 111 1182 0 0
 112 1186 0 0
 113 1187 0 0
 114 1180 0 0
 115 1188 0 0
 116 1180 0 0
 117 1184 0 0
 118 1183 0 0
 119 1188 0 0
 120 1183 0 0
 121 1191 0 0
 122 1182 0 0
 123 1183 0 0
 124 1185 0 0
 125 1177 0 0
 126 1182 0 0
 127 1188 0 0
 128 1184 0 0
 129 1180 0 0
 130 1185 0 0
 131 1182 0 0
 132 1184 0 0
 133 1182 0 0
 134 1183 0 0
 135 1176 0 0
 136 1181 0 0
 137 1182 0 0
 138 1188 0 0
 139 1182 0 0
 140 1181 0 0
 141 1185 0 0
 142 1179 0 0
 143 1182 0 0
 144 1184 0 0
 145 1186 0 0
 146 1175 0 0
 147 1183 0 0
 148 1188 0 0
 149 1185 0 0
 150 1179 0 0
 151 1183 0 0
 152 1180 0 0
 153 1188 0 0
 154 1183 0 0
 155 1184 0 0
 156 1183 0 0
 157 1192 0 0
 158 1180 0 0
 159 1185 0 0
 160 1184 0 0
 161 1180 0 0
 162 1185 0 0
 163 1186 0 0
 164 1184 0 0
 165 1184 0 0
 166 1187 0 0
 167 1188 0 0
 168 1180 0 0
 169 1188 0 0
 170 1182 0 0
 171 1189 0 0
 172 1185 0 0
 173 1187 0 0
 174 1185 0 0
 175 1188 0 0
 176 1185 0 0
 177 1185 0 0
 178 1189 0 0
 179 1186 0 0
 180 1183 0 0
 181 1184 0 0
 182 1188 0 0
 183 1192 0 0
 184 1181 0 0
 185 1183 0 0
 186 1186 0 0
 187 1183 0 0
 188 1186 0 0
 189 1187 0 0
 190 1185 0 0
 191 1189 0 0
 192 1191 0 0
 193 1183 0 0
 194 1185 0 0
 195 1185 0 0
 196 1187 0 0
 197 1189 0 0
 198 1186 0 0
 199 1184 0 0
 200 1185 0 0
 201 1186 0 0
 202 1185 0 0
 203 1186 0 0
 204 1184 0 0
 205 1189 0 0
 206 1191 0 0
 207 1189 0 0
 208 1186 0 0
 209 1185 0 0
 210 1185 0 0
 211 1191 0 0
 212 1188 0 0
 213 1188 0 0
 214 1184 0 0
 215 1188 0 0
 216 1185 0 0
 217 1195 0 0
 218 1188 0 0
 219 1184 0 0
 220 1187 0 0
 221 1191 0 0
 222 1185 0 0
 223 1189 0 0
 224 1186 0 0
 225 1194 0 0
 226 1192 0 0
 227 1190 0 0
 228 1191 0 0
 229 1184 0 0
 230 1189 0 0
 231 1191 0 0
 232 1193 0 0
 233 1188 0 0
 234 1189 0 0
 235 1192 0 0
 236 1187 0 0
 237 1192 0 0
 238 1193 0 0
 239 1192 0 0
 240 1190 0 0
 241 1195 0 0
 242 1189 0 0
 243 1190 0 0
 244 1188 0 0
 245 1193 0 0
 246 1194 0 0
 247 1194 0 0
 248 1194 0 0
 249 1188 0 0
 250 1192 0 0
 251 1192 0 0
 252 1193 0 0
 253 1189 0 0
 254 1199 0 0
 255 1256 0 0
[END] of [DATA]
[END] of [Spectrum]


#TBID:2021-12-18 01:00:00;SAM_84DC;CALIBRATED;

[Spectrum]
Version            = 1
IDData             = 96B1_2021-12-18_01-00-00_000_173
IDDevice           = SAM_84DC
IDDataType         = SPECTRUM
IDDataTypeSub1     = CALIBRATED
IDDataTypeSub2     = 
IDDataTypeSub3     = 
DateTime           = 2021-12-18 01:00:00
PositionLatitude   = 0
PositionLongitude  = 0
Comment            = 
CommentSub1        = 
CommentSub2        = 
CommentSub3        = 
IDMethodType       = SAM Control
MethodName         = SAM_84DC
Mission            = No Mission
MissionSub         = 1
RecordType         = 0
[Attributes]
CalFactor = 1
IDBasisSpec = 
IDDataBack = DLAB_2015-08-21_13-19-54_137_939
IDDataCal = DLAB_2015-08-24_10-46-55_592_608
IntegrationTime = 4096
P31 = -1
P31e = 0
PathLength = +INF
PathLengthCustomOn = 0
RAWDynamic = 65535
Salinity = 0
Temperature = -NAN
Unit1 = $01 $01 Wavelength nm
Unit2 = $03 $03 Intensity mW/(m^2 nm Sr)
Unit3 = $f0 $03 Error mW/(m^2 nm Sr)
Unit4 = $f1 $00 Status 
p999 = 1716
[END] of [Attributes]
[DATA]
 0 11 0 0
 305.71650776488 0 0 0
 309.04007505697 0 0 0
 312.36416914304 0 0 0
 315.68877841375 0 0 0
 319.01389125976 -0.000277256980758226 0 0
 322.33949607173 -0.000124256001308961 0 0
 325.66558124032 -0.000241646138019757 0 0
 328.99213515619 -7.13653427214613e-005 0 0
 332.31914621 -0.000357706777094476 0 0
 335.64660279241 -0.000300946525631212 0 0
 338.97449329408 -0.000234384124652672 0 0
 342.30280610567 -8.11104535458817e-005 0 0
 345.63152961784 -0.000133211509496497 0 0
 348.96065222125 -0.000291506669074202 0 0
 352.29016230656 -5.43929952844521e-005 0 0
 355.62004826443 -0.000191392073256766 0 0
 358.95029848552 -0.000153194122704694 0 0
 362.28090136049 -4.40395848886546e-005 0 0
 365.61184528 -6.64447377169859e-005 0 0
 368.94311863471 1.55874935153775e-005 0 0
 372.27470981528 7.24911520153477e-005 0 0
 375.60660721237 -0.00011325308317009 0 0
 378.93879921664 -8.52555542520921e-005 0 0
 382.27127421875 -8.52728988496901e-005 0 0
 385.60402060936 -7.32754183924204e-006 0 0
 388.93702677913 -0.00013759488568495 0 0
 392.27028111872 -0.00010034066861199 0 0
 395.60377201879 -4.46029128536749e-005 0 0
 398.93748787 9.08324575729218e-005 0 0
 402.27141706301 6.96634680383601e-006 0 0
 405.60554798848 -0.000104300990207277 0 0
 408.93986903707 -1.76465858049388e-006 0 0
 412.27436859944 3.60905359673144e-005 0 0
 415.60903506625 -4.9678486241151e-005 0 0
 418.94385682816 1.62154453059792e-005 0 0
 422.27882227583 -0.000159085530200008 0 0
 425.61391979992 -8.23853557333361e-005 0 0
 428.94913779109 -3.29268782470722e-005 0 0
 432.28446464 -1.21922513626327e-005 0 0
 435.61988873731 -6.75046428616674e-005 0 0
 438.95539847368 -2.67942971711162e-005 0 0
 442.29098223977 1.7789294713444e-005 0 0
 445.62662842624 -4.92904516842944e-005 0 0
 448.96232542375 -7.29361135727634e-005 0 0
 452.29806162296 -2.90160338354361e-005 0 0
 455.63382541453 -0.000144924489910593 0 0
 458.96960518912 -8.83743358343473e-005 0 0
 462.30538933739 -1.35542959238741e-005 0 0
 465.64116625 1.38442171856259e-005 0 0
 468.97692431761 -1.23783493046319e-005 0 0
 472.31265193088 -2.59191373520204e-005 0 0
 475.64833748047 -2.51382544652593e-005 0 0
 478.98396935704 3.46849994063576e-005 0 0
 482.31953595125 -5.56383621825457e-005 0 0
 485.65502565376 -8.5734477769018e-005 0 0
 488.99042685523 -0.000109892419863081 0 0
 492.32572794632 -9.9090840738158e-005 0 0
 495.66091731769 -5.54124095942721e-005 0 0
 498.99598336 -0.000178106425918491 0 0
 502.33091446391 -0.000114092918456223 0 0
 505.66569902008 -0.000122524367559078 0 0
 509.00032541917 2.05352728900908e-005 0 0
 512.33478205184 -3.41187390479947e-005 0 0
 515.66905730875 -8.28580159385883e-005 0 0
 519.00313958056 -0.00013044151125103 0 0
 522.33701725793 -6.10382001289144e-006 0 0
 525.67067873152 -6.58951108117026e-005 0 0
 529.00411239199 -5.99186345820673e-005 0 0
 532.33730663 2.13882016576394e-005 0 0
 535.67024983621 -8.07511694314625e-005 0 0
 539.00293040128 -0.000123335756825146 0 0
 542.33533671587 1.09736115559757e-005 0 0
 545.66745717064 -8.55949817610448e-005 0 0
 548.99928015625 -0.000120884689853991 0 0
 552.33079406336 -8.25715660880955e-005 0 0
 555.66198728263 -0.000144120203113855 0 0
 558.99284820472 -6.27570118302393e-005 0 0
 562.32336522029 1.11515650400808e-005 0 0
 565.65352672 -8.80856966881644e-005 0 0
 568.98332109451 -7.11905798588063e-005 0 0
 572.31273673448 -5.33312609791695e-005 0 0
 575.64176203057 -1.51686737552132e-005 0 0
 578.97038537344 -8.07146393128267e-005 0 0
 582.29859515375 -0.000100960888293627 0 0
 585.62637976216 -0.000179692079233097 0 0
 588.95372758933 -0.000135299430494021 0 0
 592.28062702592 -0.000100326263074867 0 0
 595.60706646259 -5.28386536697315e-005 0 0
 598.93303429 -0.000186786083032907 0 0
 602.25851889881 -0.000134094641039132 0 0
 605.58350867968 -0.000158859879883444 0 0
 608.90799202327 -0.000117126220301728 0 0
 612.23195732024 -9.24445727999016e-005 0 0
 615.55539296125 -0.000195642577936221 0 0
 618.87828733696 -0.000110093745026042 0 0
 622.20062883803 -5.38101983623714e-005 0 0
 625.52240585512 -0.000211497634392329 0 0
 628.84360677889 -6.04498958319504e-005 0 0
 632.16422 -0.000190417416141707 0 0
 635.48423390911 -0.000204518234722977 0 0
 638.80363689688 -8.85176556615117e-005 0 0
 642.12241735397 -0.00020658423896127 0 0
 645.44056367104 -0.000124048753618384 0 0
 648.75806423875 -0.000142397130812232 0 0
 652.07490744776 -0.00020872721770859 0 0
 655.39108168873 -0.000256872016890046 0 0
 658.70657535232 -0.000262364409427363 0 0
 662.02137682919 -0.000174769495947788 0 0
 665.33547451 -0.000266093226400069 0 0
 668.64885678541 -0.000221134763484286 0 0
 671.96151204608 -0.000223392616296318 0 0
 675.27342868267 -0.000126349275931612 0 0
 678.58459508584 1.84330004422825e-005 0 0
 681.89499964625 -0.000262669853990742 0 0
 685.20463075456 -0.00015786498188952 0 0
 688.51347680143 -0.000203811518783911 0 0
 691.82152617752 -0.000120159097014342 0 0
 695.12876727349 -9.47384646098801e-005 0 0
 698.43518848 -4.96640720073882e-005 0 0
 701.74077818771 1.82878695405484e-005 0 0
 705.04552478728 -0.000149349739213922 0 0
 708.34941666937 -0.000123826689580368 0 0
 711.65244222464 -0.000234481155176546 0 0
 714.95458984375 -0.00019341208934308 0 0
 718.25584791736 -0.000232327399764947 0 0
 721.55620483613 -0.000254479518987623 0 0
 724.85564899072 -0.000103270785670795 0 0
 728.15416877179 -0.000119416998785313 0 0
 731.45175257 -0.00019007832445831 0 0
 734.74838877601 -0.000237028960741247 0 0
 738.04406578048 -0.000157192115076471 0 0
 741.33877197407 -0.000193510684636081 0 0
 744.63249574744 -0.00020008897798546 0 0
 747.92522549125 -0.000139899784207085 0 0
 751.21694959616 -0.000382669674864801 0 0
 754.50765645283 -0.000106759112713224 0 0
 757.79733445192 -0.000229242120174601 0 0
 761.08597198409 3.13750791871496e-005 0 0
 764.37355744 -0.000190636536638398 0 0
 767.66007921031 -0.000149226250414444 0 0
 770.94552568568 -0.000214737415864093 0 0
 774.22988525677 -0.000195312969067276 0 0
 777.51314631424 -0.000243754679664684 0 0
 780.79529724875 -0.00014314590422521 0 0
 784.07632645096 2.5582402763698e-005 0 0
 787.35622231153 -0.000332770365277504 0 0
 790.63497322112 -0.0001503254903589 0 0
 793.91256757039 -0.000127587302380878 0 0
 797.18899375 -0.000173517315422699 0 0
 800.46424015061 -0.000222853246121235 0 0
 803.73829516288 -0.000288215819226837 0 0
 807.01114717747 -0.000339434529860412 0 0
 810.28278458504 -0.000205489383180358 0 0
 813.55319577625 -0.000319054351335278 0 0
 816.82236914176 -0.000235403076781871 0 0
 820.09029307223 -0.000105521348547647 0 0
 823.35695595832 -8.39595763308589e-005 0 0
 826.62234619069 -0.000381435553186103 0 0
 829.88645216 -0.000321973719140999 0 0
 833.14926225691 -0.000354401322345993 0 0
 836.41076487208 -0.00026661281873361 0 0
 839.67094839617 0.000156700268075544 0 0
 842.92980121984 -7.32236226145716e-006 0 0
 846.18731173375 -0.000220089205652349 0 0
 849.44346832856 -0.00036070261263643 0 0
 852.69825939493 -0.000512260283356601 0 0
 855.95167332352 -0.000307881465541896 0 0
 859.20369850499 -0.000725996028868707 0 0
 862.45432333 -0.000225678768194947 0 0
 865.70353618921 -0.00060420921230981 0 0
 868.95132547328 -0.000481557203979041 0 0
 872.19767957287 0.000226679728458278 0 0
 875.44258687864 -0.000485334685503857 0 0
 878.68603578125 -0.000463325178130483 0 0
 881.92801467136 5.44350048135637e-005 0 0
 885.16851193963 -0.000534660152150316 0 0
 888.40751597672 -0.000201912138824476 0 0
 891.64501517329 -0.000115193974141424 0 0
 894.88099792 0.000164778681153614 0 0
 898.11545260751 -0.000280354127812668 0 0
 901.34836762648 -0.000129445106539076 0 0
 904.57973136757 -6.69872720445877e-005 0 0
 907.80953222144 0.000313223501731638 0 0
 911.03775857875 -0.000814943644437965 0 0
 914.26439883016 -0.000737828331653751 0 0
 917.48944136633 -0.000560759307709171 0 0
 920.71287457792 -0.000980386118327457 0 0
 923.93468685559 0.000237437325689397 0 0
 927.15486659 0.000514710336848458 0 0
 930.37340217181 -9.42367379867976e-005 0 0
 933.59028199168 0.000126037639519759 0 0
 936.80549444027 -0.00110665449084779 0 0
 940.01902790824 -0.00146574133121825 0 0
 943.23087078625 -0.000605950246261813 0 0
 946.44101146496 0.000140067527801299 0 0
 949.64943833503 -0.00150731494681504 0 0
 952.85613978712 -0.00023103743524116 0 0
 956.06110421189 0 0 0
 959.26432 0 0 0
 962.46577554211 0 0 0
 965.66545922888 0 0 0
 968.86335945097 0 0 0
 972.05946459904 0 0 0
 975.25376306375 0 0 0
 978.44624323576 0 0 0
 981.63689350573 0 0 0
 984.82570226432 0 0 0
 988.01265790219 0 0 0
 991.19774881 0 0 0
 994.38096337841 0 0 0
 997.56228999808 0 0 0
 1000.74171705967 0 0 0
 1003.91923295384 0 0 0
 1007.09482607125 0 0 0
 1010.26848480256 0 0 0
 1013.44019753843 0 0 0
 1016.60995266952 0 0 0
 1019.77773858649 0 0 0
 1022.94354368 0 0 0
 1026.10735634071 0 0 0
 1029.26916495928 0 0 0
 1032.42895792637 0 0 0
 1035.58672363264 0 0 0
 1038.74245046875 0 0 0
 1041.89612682536 0 0 0
 1045.04774109313 0 0 0
 1048.19728166272 0 0 0
 1051.34473692479 0 0 0
 1054.49009527 0 0 0
 1057.63334508901 0 0 0
 1060.77447477248 0 0 0
 1063.91347271107 0 0 0
 1067.05032729544 0 0 0
 1070.18502691625 0 0 0
 1073.31755996416 0 0 0
 1076.44791482983 0 0 0
 1079.57607990392 0 0 0
 1082.70204357709 0 0 0
 1085.82579424 0 0 0
 1088.94732028331 0 0 0
 1092.06661009768 0 0 0
 1095.18365207377 0 0 0
 1098.29843460224 0 0 0
 1101.41094607375 0 0 0
 1104.52117487896 0 0 0
 1107.62910940853 0 0 0
 1110.73473805312 0 0 0
 1113.83804920339 0 0 0
 1116.93903125 0 0 0
 1120.03767258361 0 0 0
 1123.13396159488 0 0 0
 1126.22788667447 0 0 0
 1129.31943621304 0 0 0
 1132.40859860125 0 0 0
 1135.49536222976 0 0 0
[END] of [DATA]
[END] of [Spectrum]


#TBID:2021-12-18 01:00:00;SAM_84C8;RAW;

[Spectrum]
Version            = 1
IDData             = 96B1_2021-12-18_01-00-00_000_175
IDDevice           = SAM_84C8
IDDataType         = SPECTRUM
IDDataTypeSub1     = RAW
IDDataTypeSub2     = 
IDDataTypeSub3     = 
DateTime           = 2021-12-18 01:00:00
PositionLatitude   = 0
PositionLongitude  = 0
Comment            = 
CommentSub1        = 
CommentSub2        = 
CommentSub3        = 
IDMethodType       = SAM Control
MethodName         = SAM_84C8
Mission            = No Mission
MissionSub         = 1
RecordType         = 0
[Attributes]
CalFactor = 1
IDBasisSpec = 
IDDataBack = DLAB_2015-08-21_12-14-03_013_778
IDDataCal = DLAB_2015-08-24_11-04-47_772_747
IntegrationTime = 4096
P31 = -1
P31e = 0
PathLength = +INF
PathLengthCustomOn = 0
RAWDynamic = 65535
Salinity = 0
Temperature = -NAN
Unit1 = $05 $00 Pixel 
Unit2 = $03 $05 Intensity counts
Unit3 = $f0 $05 Error counts
Unit4 = $f1 $00 Status 
p999 = 1716
[END] of [Attributes]
[DATA]
 0 11 0 0
 1 1090 0 0
 2 1078 0 0
 3 1088 0 0
 4 1090 0 0
 5 1082 0 0
 6 1095 0 0
 7 1089 0 0
 8 1089 0 0
 9 1089 0 0
 10 1088 0 0
 11 1088 0 0
 12 1090 0 0
 13 1092 0 0
 14 1088 0 0
 15 1087 0 0
 16 1090 0 0
 17 1094 0 0
 18 1092 0 0
 19 1087 0 0
 20 1090 0 0
 21 1088 0 0
 22 1091 0 0
 23 1093 0 0
 24 1091 0 0
 25 1088 0 0
 26 1089 0 0
 27 1092 0 0
 28 1091 0 0
 29 1088 0 0
 30 1093 0 0
 31 1093 0 0
 32 1093 0 0
 33 1095 0 0
 34 1091 0 0
 35 1092 0 0
 36 1098 0 0
 37 1099 0 0
 38 1100 0 0
 39 1094 0 0
 40 1098 0 0
 41 1099 0 0
 42 1095 0 0
 43 1104 0 0
 44 1094 0 0
 45 1104 0 0
 46 1102 0 0
 47 1105 0 0
 48 1100 0 0
 49 1098 0 0
 50 1097 0 0
 51 1101 0 0
 52 1099 0 0
 53 1103 0 0
 54 1098 0 0
 55 1100 0 0
 56 1104 0 0
 57 1105 0 0
 58 1102 0 0
 59 1099 0 0
 60 1101 0 0
 61 1102 0 0
 62 1111 0 0
 63 1104 0 0
 64 1099 0 0
 65 1103 0 0
 66 1112 0 0
 67 1105 0 0
 68 1111 0 0
 69 1104 0 0
 70 1110 0 0
 71 1107 0 0
 72 1107 0 0
 73 1109 0 0
 74 1107 0 0
 75 1106 0 0
 76 1111 0 0
 77 1111 0 0
 78 1104 0 0
 79 1115 0 0
 80 1110 0 0
 81 1109 0 0
 82 1112 0 0
 83 1109 0 0
 84 1107 0 0
 85 1113 0 0
 86 1110 0 0
 87 1110 0 0
 88 1110 0 0
 89 1110 0 0
 90 1108 0 0
 91 1112 0 0
 92 1103 0 0
 93 1108 0 0
 94 1111 0 0
 95 1104 0 0
 96 1109 0 0
 97 1110 0 0
 98 1110 0 0
 99 1108 0 0
 100 1114 0 0
 101 1108 0 0
 102 1104 0 0
 103 1100 0 0
 104 1107 0 0
 105 1108 0 0
 106 1108 0 0
 107 1107 0 0
 108 1108 0 0
 109 1109 0 0
 110 1107 0 0
 111 1114 0 0
 112 1109 0 0
 113 1106 0 0
 114 1107 0 0
 115 1107 0 0
 116 1107 0 0
 117 1111 0 0
 118 1106 0 0
 119 1103 0 0
 120 1102 0 0
 121 1107 0 0
 122 1096 0 0
 123 1101 0 0
 124 1108 0 0
 125 1103 0 0
 126 1107 0 0
 127 1111 0 0
 128 1108 0 0
 129 1105 0 0
 130 1104 0 0
 131 1107 0 0
 132 1109 0 0
 133 1124 0 0
 134 1108 0 0
 135 1105 0 0
 136 1104 0 0
 137 1103 0 0
 138 1106 0 0
 139 1110 0 0
 140 1102 0 0
 141 1103 0 0
 142 1106 0 0
 143 1109 0 0
 144 1105 0 0
 145 1109 0 0
 146 1099 0 0
 147 1103 0 0
 148 1109 0 0
 149 1102 0 0
 150 1101 0 0
 151 1107 0 0
 152 1108 0 0
 153 1105 0 0
 154 1104 0 0
 155 1102 0 0
 156 1104 0 0
 157 1106 0 0
 158 1102 0 0
 159 1098 0 0
 160 1104 0 0
 161 1106 0 0
 162 1100 0 0
 163 1105 0 0
 164 1102 0 0
 165 1106 0 0
 166 1102 0 0
 167 1099 0 0
 168 1102 0 0
 169 1106 0 0
 170 1102 0 0
 171 1098 0 0
 172 1102 0 0
 173 1099 0 0
 174 1103 0 0
 175 1108 0 0
 176 1100 0 0
 177 1100 0 0
 178 1101 0 0
 179 1101 0 0
 180 1104 0 0
 181 1102 0 0
 182 1103 0 0
 183 1099 0 0
 184 1101 0 0
 185 1103 0 0
 186 1098 0 0
 187 1102 0 0
 188 1102 0 0
 189 1099 0 0
 190 1098 0 0
 191 1097 0 0
 192 1101 0 0
 193 1099 0 0
 194 1096 0 0
 195 1104 0 0
 196 1098 0 0
 197 1098 0 0
 198 1102 0 0
 199 1096 0 0
 200 1103 0 0
 201 1102 0 0
 202 1096 0 0
 203 1097 0 0
 204 1099 0 0
 205 1097 0 0
 206 1098 0 0
 207 1094 0 0
 208 1100 0 0
 209 1100 0 0
 210 1096 0 0
 211 1096 0 0
 212 1099 0 0
 213 1099 0 0
 214 1096 0 0
 215 1095 0 0
 216 1098 0 0
 217 1100 0 0
 218 1098 0 0
 219 1100 0 0
 220 1094 0 0
 221 1097 0 0
 222 1099 0 0
 223 1100 0 0
 224 1102 0 0
 225 1101 0 0
 226 1105 0 0
 227 1097 0 0
 228 1100 0 0
 229 1099 0 0
 230 1098 0 0
 231 1100 0 0
 232 1104 0 0
 233 1099 0 0
 234 1098 0 0
 235 1101 0 0
 236 1093 0 0
 237 1099 0 0
 238 1098 0 0
 239 1098 0 0
 240 1095 0 0
 241 1101 0 0
 242 1099 0 0
 243 1101 0 0
 244 1097 0 0
 245 1104 0 0
 246 1098 0 0
 247 1099 0 0
 248 1101 0 0
 249 1101 0 0
 250 1094 0 0
 251 1100 0 0
 252 1100 0 0
 253 1099 0 0
 254 1101 0 0
 255 1146 0 0
[END] of [DATA]
[END] of [Spectrum]


#TBID:2021-12-18 01:00:00;SAM_84C8;CALIBRATED;

[Spectrum]
Version            = 1
IDData             = 96B1_2021-12-18_01-00-00_000_176
IDDevice           = SAM_84C8
IDDataType         = SPECTRUM
IDDataTypeSub1     = CALIBRATED
IDDataTypeSub2     = 
IDDataTypeSub3     = 
DateTime           = 2021-12-18 01:00:00
PositionLatitude   = 0
PositionLongitude  = 0
Comment            = 
CommentSub1        = 
CommentSub2        = 
CommentSub3        = 
IDMethodType       = SAM Control
MethodName         = SAM_84C8
Mission            = No Mission
MissionSub         = 1
RecordType         = 0
[Attributes]
CalFactor = 1
IDBasisSpec = 
IDDataBack = DLAB_2015-08-21_12-14-03_013_778
IDDataCal = DLAB_2015-08-24_11-04-47_772_747
IntegrationTime = 4096
P31 = -1
P31e = 0
PathLength = +INF
PathLengthCustomOn = 0
RAWDynamic = 65535
Salinity = 0
Temperature = -NAN
Unit1 = $01 $01 Wavelength nm
Unit2 = $03 $03 Intensity mW/(m^2 nm Sr)
Unit3 = $f0 $03 Error mW/(m^2 nm Sr)
Unit4 = $f1 $00 Status 
p999 = 1716
[END] of [Attributes]
[DATA]
 0 11 0 0
 303.516048156 0 0 0
 306.890006053 0 0 0
 310.26457112 0 0 0
 313.639731825 0 0 0
 317.015476636 -0.000475853441884771 0 0
 320.391794021 -2.4774575295632e-006 0 0
 323.768672448 -6.40845286553058e-005 0 0
 327.146100385 1.22182773593184e-005 0 0
 330.5240663 -3.87050026676171e-005 0 0
 333.902558661 0.000136888797481276 0 0
 337.281565936 -0.000154691363766113 0 0
 340.661076593 -0.000192710482604084 0 0
 344.0410791 9.79047558985005e-005 0 0
 347.421561925 -1.55436985263369e-005 0 0
 350.802513536 -0.000106659773279684 0 0
 354.183922401 -4.10857643738094e-005 0 0
 357.565776988 -6.82554215641295e-006 0 0
 360.948065765 -1.40263683788255e-005 0 0
 364.3307772 -0.000115662559406778 0 0
 367.713899761 4.57671151903083e-006 0 0
 371.097421916 -8.16853773417367e-005 0 0
 374.481332133 -5.95223772183579e-005 0 0
 377.86561888 -3.18793471123078e-005 0 0
 381.250270625 -0.000107912032904223 0 0
 384.635275836 -0.000102307570273205 0 0
 388.020622981 6.90771916251242e-005 0 0
 391.406300528 2.96465366237722e-005 0 0
 394.792296945 -6.94834910174304e-005 0 0
 398.1786007 -8.10188361671868e-005 0 0
 401.565200261 -5.32129759454353e-005 0 0
 404.952084096 3.75603857284232e-006 0 0
 408.339240673 3.73869664107307e-006 0 0
 411.72665846 0.000108253400738834 0 0
 415.114325925 2.98334871451889e-005 0 0
 418.502231536 6.73155358518573e-005 0 0
 421.890363761 6.95752079576833e-005 0 0
 425.278711068 -6.79510641588911e-005 0 0
 428.667261925 7.6056059011628e-005 0 0
 432.0560048 8.79150850741314e-005 0 0
 435.444928161 9.90680456855587e-005 0 0
 438.834020476 6.63487512945407e-005 0 0
 442.223270213 5.7795852723496e-005 0 0
 445.61266584 0.000117052176755309 0 0
 449.002195825 6.48595502592977e-005 0 0
 452.391848636 7.77882037174009e-005 0 0
 455.781612741 0.000103159519080649 0 0
 459.171476608 0.000164446707221717 0 0
 462.561428705 6.38405092949494e-005 0 0
 465.9514575 -6.74712491169133e-006 0 0
 469.341551461 9.61609368718994e-005 0 0
 472.731699056 7.07700315693808e-005 0 0
 476.121888753 5.30675242012116e-005 0 0
 479.51210902 0.000141684520302939 0 0
 482.902348325 0.000216774409849024 0 0
 486.292595136 9.44909536047758e-005 0 0
 489.682837921 0.000126785868690601 0 0
 493.073065148 8.69991734205343e-005 0 0
 496.463265285 0.000140907313522226 0 0
 499.8534268 0.000173326261280608 0 0
 503.243538161 0.000160734275439666 0 0
 506.633587836 0.000127698075720795 0 0
 510.023564293 8.63916476785083e-005 0 0
 513.413456 9.05657194044554e-005 0 0
 516.803251425 0.000160410464410099 0 0
 520.192939036 0.000160687791248066 0 0
 523.582507301 0.000190994334411241 0 0
 526.971944688 0.000130959205037117 0 0
 530.361239665 0.000146507440391637 0 0
 533.7503807 0.00014101917501815 0 0
 537.139356261 0.000128054466528815 0 0
 540.528154816 0.000135864042115599 0 0
 543.916764833 7.12220690958813e-005 0 0
 547.30517478 0.000165894170817337 0 0
 550.693373125 0.00015532561634679 0 0
 554.081348336 0.00011577832734363 0 0
 557.469088881 0.000179815552491095 0 0
 560.856583228 0.000179281740766549 0 0
 564.243819845 9.88861755201288e-005 0 0
 567.6307872 0.000222544979211589 0 0
 571.017473761 0.000170720331623864 0 0
 574.403867996 0.000193600598122923 0 0
 577.789958373 0.000139305405315269 0 0
 581.17573336 0.000137944481084649 0 0
 584.561181425 9.39308518122343e-005 0 0
 587.946291036 0.00026861427444341 0 0
 591.331050661 0.000217890904158171 0 0
 594.715448768 0.000163656341954875 0 0
 598.099473825 0.000221451505675505 0 0
 601.4831143 0.000250092598351414 0 0
 604.866358661 8.83223975437596e-005 0 0
 608.249195376 0.000205758334128287 0 0
 611.631612913 7.29364867050706e-005 0 0
 615.01359974 0.000246787335960333 0 0
 618.395144325 0.000136345251254063 0 0
 621.776235136 0.000127164399086432 0 0
 625.156860641 0.000115974546139783 0 0
 628.537009308 0.000225400844676361 0 0
 631.916669605 0.000251970278188884 0 0
 635.29583 0.000252662371419622 0 0
 638.674478961 0.000189384441593444 0 0
 642.052604956 1.05481632572445e-005 0 0
 645.430196453 6.61261953265384e-005 0 0
 648.80724192 8.37909343472937e-005 0 0
 652.183729825 0.000214335785610914 0 0
 655.559648636 8.26581732500216e-005 0 0
 658.934986821 0.000275672912588756 0 0
 662.309732848 0.000208699846085539 0 0
 665.683875185 0.000335991237103726 0 0
 669.0574023 0.000314127819913664 0 0
 672.430302661 5.99692430398155e-005 0 0
 675.802564736 6.38904733409311e-005 0 0
 679.174176993 0.000201357065862385 0 0
 682.5451279 0.000139279062304643 0 0
 685.915405925 0.000192254657789388 0 0
 689.284999536 5.70518757228441e-005 0 0
 692.653897201 -9.31246456887143e-007 0 0
 696.022087388 0.000329930190601434 0 0
 699.389558565 0.000240355674776633 0 0
 702.7562992 -2.15158340881314e-005 0 0
 706.122297761 0.000220768689439086 0 0
 709.487542716 0.0001963352774474 0 0
 712.852022533 8.10700891621911e-005 0 0
 716.21572568 0.000139391699961253 0 0
 719.578640625 0.000331302884169718 0 0
 722.940755836 0.000104542133726881 0 0
 726.302059781 0.000200061573022017 0 0
 729.662540928 7.89656888577883e-005 0 0
 733.022187745 0.000299246490290677 0 0
 736.3809887 0.00010590568381859 0 0
 739.738932261 0.000242388181153289 0 0
 743.096006896 0.000142387650486519 0 0
 746.452201073 0.000224732328497083 0 0
 749.80750326 -0.000878602480915272 0 0
 753.161901925 0.000130293442930926 0 0
 756.515385536 0.000188107807495236 0 0
 759.867942561 0.000151713246163525 0 0
 763.219561468 4.5468335622229e-005 0 0
 766.570230725 0.000279072000811404 0 0
 769.9199388 0.000141850962234069 0 0
 773.268674161 8.17623038214053e-005 0 0
 776.616425276 0.000200075444000552 0 0
 779.963180613 0.000127529857758108 0 0
 783.30892864 0.0003093905601931 0 0
 786.653657825 -2.74461340754946e-005 0 0
 789.997356636 0.000220893112009286 0 0
 793.340013541 -9.35843306658228e-005 0 0
 796.681617008 0.000239059677471975 0 0
 800.022155505 0.00025182884243763 0 0
 803.3616175 0.000198072533683821 0 0
 806.699991461 0.000108948151879848 0 0
 810.037265856 0.000284989154061476 0 0
 813.373429153 0.000172141370066163 0 0
 816.70846982 0.000296795575217586 0 0
 820.042376325 0.000374818791856655 0 0
 823.375137136 0.000396742003827252 0 0
 826.706740721 0.000188364071647308 0 0
 830.037175548 0.000194506362635673 0 0
 833.366430085 8.72413280255417e-005 0 0
 836.6944928 7.58528758792605e-005 0 0
 840.021352161 0.000111325441730216 0 0
 843.346996636 0.000468511870388919 0 0
 846.671414693 -4.59881975663296e-005 0 0
 849.9945948 0.00039670492992436 0 0
 853.316525425 0.00060962024882469 0 0
 856.637195036 0.000223497372224057 0 0
 859.956592101 0.000124070259227314 0 0
 863.274705088 -0.000359500412347488 0 0
 866.591522465 5.49468773900469e-005 0 0
 869.9070327 0.000718137338749665 0 0
 873.221224261 -2.17853215782557e-005 0 0
 876.534085616 6.08495620189524e-005 0 0
 879.845605233 0.000138749252689382 0 0
 883.15577158 0.0009855548133677 0 0
 886.464573125 0.000811416776524161 0 0
 889.771998336 0.000240511267592045 0 0
 893.078035681 0.000369462722638805 0 0
 896.382673628 0.000238048350648438 0 0
 899.685900645 0.000712392758464829 0 0
 902.9877052 0.000108806787274996 0 0
 906.288075761 0.000122329923271115 0 0
 909.587000796 0.000148651871057083 0 0
 912.884468773 0.000323826654693309 0 0
 916.18046816 -9.3069981355263e-005 0 0
 919.474987425 0.00104437320806746 0 0
 922.768015036 0.00039708282782191 0 0
 926.059539461 0.000294574883484413 0 0
 929.349549168 -0.0005392306090409 0 0
 932.638032625 0.000825370621584399 0 0
 935.9249783 0.00026569685370502 0 0
 939.210374661 0.00137930660546677 0 0
 942.494210176 -0.000313475674041317 0 0
 945.776473313 -0.000445921336836808 0 0
 949.05715254 0.00194770886453654 0 0
 952.336236325 -0.00123596728625496 0 0
 955.613713136 0 0 0
 958.889571441 0 0 0
 962.163799708 0 0 0
 965.436386405 0 0 0
 968.70732 0 0 0
 971.976588961 0 0 0
 975.244181756 0 0 0
 978.510086853 0 0 0
 981.77429272 0 0 0
 985.036787825 0 0 0
 988.297560636 0 0 0
 991.556599621 0 0 0
 994.813893248 0 0 0
 998.069429985 0 0 0
 1001.3231983 0 0 0
 1004.575186661 0 0 0
 1007.825383536 0 0 0
 1011.073777393 0 0 0
 1014.3203567 0 0 0
 1017.565109925 0 0 0
 1020.808025536 0 0 0
 1024.049092001 0 0 0
 1027.288297788 0 0 0
 1030.525631365 0 0 0
 1033.7610812 0 0 0
 1036.994635761 0 0 0
 1040.226283516 0 0 0
 1043.456012933 0 0 0
 1046.68381248 0 0 0
 1049.909670625 0 0 0
 1053.133575836 0 0 0
 1056.355516581 0 0 0
 1059.575481328 0 0 0
 1062.793458545 0 0 0
 1066.0094367 0 0 0
 1069.223404261 0 0 0
 1072.435349696 0 0 0
 1075.645261473 0 0 0
 1078.85312806 0 0 0
 1082.058937925 0 0 0
 1085.262679536 0 0 0
 1088.464341361 0 0 0
 1091.663911868 0 0 0
 1094.861379525 0 0 0
 1098.0567328 0 0 0
 1101.249960161 0 0 0
 1104.441050076 0 0 0
 1107.629991013 0 0 0
 1110.81677144 0 0 0
 1114.001379825 0 0 0
 1117.183804636 0 0 0
 1120.364034341 0 0 0
 1123.542057408 0 0 0
 1126.717862305 0 0 0
 1129.8914375 0 0 0
 1133.062771461 0 0 0
 1136.231852656 0 0 0
 1139.398669553 0 0 0
 1142.56321062 0 0 0
 1145.725464325 0 0 0
 1148.885419136 0 0 0
[END] of [DATA]
[END] of [Spectrum]

