
#TBID:2021-07-10 02:30:00;SAM_84C8;CALIBRATED;

[Spectrum]
Version            = 1
IDData             = 96B1_2021-07-10_02-30-00_000_656
IDDevice           = SAM_84C8
IDDataType         = SPECTRUM
IDDataTypeSub1     = CALIBRATED
IDDataTypeSub2     = 
IDDataTypeSub3     = 
DateTime           = 2021-07-10 02:30:00
PositionLatitude   = 0
PositionLongitude  = 0
Comment            = 
CommentSub1        = 
CommentSub2        = 
CommentSub3        = 
IDMethodType       = SAM Control
MethodName         = SAM_84C8
Mission            = No Mission
MissionSub         = 1
RecordType         = 0
[Attributes]
CalFactor = 1
IDBasisSpec = 
IDDataBack = DLAB_2015-08-21_12-14-03_013_778
IDDataCal = DLAB_2015-08-24_11-04-47_772_747
IntegrationTime = 4096
P31 = -1
P31e = 0
PathLength = +INF
PathLengthCustomOn = 0
RAWDynamic = 65535
Salinity = 0
Temperature = -NAN
Unit1 = $01 $01 Wavelength nm
Unit2 = $03 $03 Intensity mW/(m^2 nm Sr)
Unit3 = $f0 $03 Error mW/(m^2 nm Sr)
Unit4 = $f1 $00 Status 
p999 = 364
[END] of [Attributes]
[DATA]
 0 11 0 0
 303.516048156 0 0 0
 306.890006053 0 0 0
 310.26457112 0 0 0
 313.639731825 0 0 0
 317.015476636 -0.00164200973829507 0 0
 320.391794021 -0.00170057667954454 0 0
 323.768672448 -0.00123265268689144 0 0
 327.146100385 -0.00101118093902235 0 0
 330.5240663 -0.000953583121415674 0 0
 333.902558661 -0.000833950185856214 0 0
 337.281565936 -0.000707758966712144 0 0
 340.661076593 -0.000471649233721225 0 0
 344.0410791 -0.000487167784348491 0 0
 347.421561925 -0.000378886507638565 0 0
 350.802513536 -0.000302285321273937 0 0
 354.183922401 -0.000328723472237854 0 0
 357.565776988 -0.00031398978665814 0 0
 360.948065765 -0.000230732121582213 0 0
 364.3307772 -0.000125827849043036 0 0
 367.713899761 -0.000115104879194643 0 0
 371.097421916 -0.000184631527912308 0 0
 374.481332133 6.05866923873747e-006 0 0
 377.86561888 3.55856087464003e-005 0 0
 381.250270625 -5.87910872843457e-005 0 0
 384.635275836 2.98881059607399e-005 0 0
 388.020622981 -4.3836178947032e-006 0 0
 391.406300528 -2.35513100103472e-006 0 0
 394.792296945 -4.01000079761188e-005 0 0
 398.1786007 6.6849246984762e-005 0 0
 401.565200261 -2.54332532975153e-005 0 0
 404.952084096 1.19650521573956e-005 0 0
 408.339240673 0.000169493152890572 0 0
 411.72665846 0.000148911867200845 0 0
 415.114325925 -4.16551382740699e-005 0 0
 418.502231536 4.43594257485877e-005 0 0
 421.890363761 -3.54444846306242e-005 0 0
 425.278711068 -2.27445075587589e-005 0 0
 428.667261925 3.17833848095139e-005 0 0
 432.0560048 3.36572157411576e-005 0 0
 435.444928161 7.17794677704509e-007 0 0
 438.834020476 3.7712469616083e-005 0 0
 442.223270213 4.05538569703418e-005 0 0
 445.61266584 5.54477774645594e-005 0 0
 449.002195825 -1.98548162070172e-005 0 0
 452.391848636 9.43188361156897e-005 0 0
 455.781612741 4.96974003095993e-005 0 0
 459.171476608 6.12822668508583e-005 0 0
 462.561428705 0.000118875515954684 0 0
 465.9514575 1.15510818065739e-005 0 0
 469.341551461 3.73185240520036e-005 0 0
 472.731699056 2.41386421512108e-005 0 0
 476.121888753 -2.06581564145866e-005 0 0
 479.51210902 4.01631004817797e-005 0 0
 482.902348325 4.5358178198297e-005 0 0
 486.292595136 1.7413521579958e-005 0 0
 489.682837921 0.000147112494929044 0 0
 493.073065148 3.63584982858317e-005 0 0
 496.463265285 0.000104297788361457 0 0
 499.8534268 7.69577886319589e-006 0 0
 503.243538161 9.58212636245274e-005 0 0
 506.633587836 2.12791433774988e-005 0 0
 510.023564293 6.48257617557062e-005 0 0
 513.413456 6.94368296777216e-005 0 0
 516.803251425 7.35958024137725e-005 0 0
 520.192939036 6.33423684272271e-005 0 0
 523.582507301 7.12759920995504e-005 0 0
 526.971944688 9.97974757004375e-005 0 0
 530.361239665 5.64405143082908e-005 0 0
 533.7503807 8.76932577165163e-005 0 0
 537.139356261 1.76956316168282e-005 0 0
 540.528154816 3.5155084522062e-006 0 0
 543.916764833 6.48887538147805e-005 0 0
 547.30517478 3.43290605744871e-005 0 0
 550.693373125 5.77114348789686e-005 0 0
 554.081348336 7.50307815293314e-005 0 0
 557.469088881 1.1778958295655e-005 0 0
 560.856583228 3.27489260784268e-005 0 0
 564.243819845 0.000163309555070692 0 0
 567.6307872 0.000167765563291447 0 0
 571.017473761 0.000114919779062658 0 0
 574.403867996 0.00013672396549438 0 0
 577.789958373 0.000106740443488923 0 0
 581.17573336 0.000143729260692793 0 0
 584.561181425 9.98475901512059e-005 0 0
 587.946291036 0.000138390332316015 0 0
 591.331050661 9.84355507696667e-005 0 0
 594.715448768 0.00012709349719205 0 0
 598.099473825 0.000139988178426613 0 0
 601.4831143 0.000166549944748495 0 0
 604.866358661 0.00018746468417289 0 0
 608.249195376 0.000150139924285872 0 0
 611.631612913 0.000300667005210352 0 0
 615.01359974 0.00017462361272322 0 0
 618.395144325 9.55632153042195e-005 0 0
 621.776235136 0.00027937703395989 0 0
 625.156860641 0.000221265489271215 0 0
 628.537009308 0.000216130998269844 0 0
 631.916669605 0.000122408745751696 0 0
 635.29583 0.000172157730448211 0 0
 638.674478961 0.000197487616521995 0 0
 642.052604956 0.00018774664604372 0 0
 645.430196453 0.000113140832373699 0 0
 648.80724192 0.000230225816384385 0 0
 652.183729825 0.00022324566615877 0 0
 655.559648636 0.000275000234590116 0 0
 658.934986821 0.000326117922675864 0 0
 662.309732848 0.000301251233581639 0 0
 665.683875185 0.00024061672507406 0 0
 669.0574023 0.000281433340407453 0 0
 672.430302661 0.000238395901439918 0 0
 675.802564736 0.000201536083648808 0 0
 679.174176993 0.000146042939356465 0 0
 682.5451279 0.000127121860484286 0 0
 685.915405925 0.000224135907152819 0 0
 689.284999536 0.00022276262309105 0 0
 692.653897201 0.000121076707785965 0 0
 696.022087388 0.000159420268151814 0 0
 699.389558565 0.000182178215774478 0 0
 702.7562992 0.000240926588726044 0 0
 706.122297761 0.000277185630507125 0 0
 709.487542716 0.000183438619812598 0 0
 712.852022533 9.14371904678839e-005 0 0
 716.21572568 0.000149790544371761 0 0
 719.578640625 0.000201082728901765 0 0
 722.940755836 0.000161918610132721 0 0
 726.302059781 0.000140024461243453 0 0
 729.662540928 0.000183674802231998 0 0
 733.022187745 0.000309755925790075 0 0
 736.3809887 0.000235413447716463 0 0
 739.738932261 0.00018106078972027 0 0
 743.096006896 0.000177418287337021 0 0
 746.452201073 0.000432295185604171 0 0
 749.80750326 0.000204288067548537 0 0
 753.161901925 0.000368890203987865 0 0
 756.515385536 0.000404434543597659 0 0
 759.867942561 0.000423112313056799 0 0
 763.219561468 0.000399735197314 0 0
 766.570230725 0.00053167241541948 0 0
 769.9199388 0.000235470396507156 0 0
 773.268674161 0.000232217731458792 0 0
 776.616425276 0.000381626685528613 0 0
 779.963180613 0.000370492753836705 0 0
 783.30892864 0.000410888451486361 0 0
 786.653657825 0.000319093714443748 0 0
 789.997356636 0.000515262224934753 0 0
 793.340013541 0.000210323485295602 0 0
 796.681617008 0.000387022218433578 0 0
 800.022155505 0.000336087843018375 0 0
 803.3616175 0.000606388340068289 0 0
 806.699991461 0.000384114103292477 0 0
 810.037265856 0.000570056082250008 0 0
 813.373429153 0.000546784415601232 0 0
 816.70846982 0.00039728990648565 0 0
 820.042376325 0.000606712582703817 0 0
 823.375137136 0.000681401953569183 0 0
 826.706740721 0.000300508807600236 0 0
 830.037175548 0.000454153382105845 0 0
 833.366430085 0.000555703376363789 0 0
 836.6944928 0.000667234817075845 0 0
 840.021352161 0.000350995602781443 0 0
 843.346996636 0.000550018626363696 0 0
 846.671414693 0.000571474819749528 0 0
 849.9945948 0.000610110073557067 0 0
 853.316525425 0.00057358727943175 0 0
 856.637195036 0.000933282019813316 0 0
 859.956592101 0.00115136020154039 0 0
 863.274705088 0.000864139079568735 0 0
 866.591522465 0.000555450244845793 0 0
 869.9070327 0.00164489044296313 0 0
 873.221224261 0.0011119859626786 0 0
 876.534085616 0.0014144000648669 0 0
 879.845605233 0.00145237038790712 0 0
 883.15577158 0.00140481974072846 0 0
 886.464573125 0.00173394610421209 0 0
 889.771998336 0.00180183470425463 0 0
 893.078035681 0.00135767150325496 0 0
 896.382673628 0.00201929902423 0 0
 899.685900645 0.00188657741072082 0 0
 902.9877052 0.00191184533548791 0 0
 906.288075761 0.00175543045508064 0 0
 909.587000796 0.0018520040913522 0 0
 912.884468773 0.00197023409985677 0 0
 916.18046816 0.0025966020307876 0 0
 919.474987425 0.00241061083039337 0 0
 922.768015036 0.00320119824447319 0 0
 926.059539461 0.00275440241995347 0 0
 929.349549168 0.00305080448885863 0 0
 932.638032625 0.00301258325178714 0 0
 935.9249783 0.00293952839064087 0 0
 939.210374661 0.00263591882262224 0 0
 942.494210176 0.00266064187806951 0 0
 945.776473313 0.00181531236931221 0 0
 949.05715254 0.00295764303642047 0 0
 952.336236325 0.00218853178725515 0 0
 955.613713136 0 0 0
 958.889571441 0 0 0
 962.163799708 0 0 0
 965.436386405 0 0 0
 968.70732 0 0 0
 971.976588961 0 0 0
 975.244181756 0 0 0
 978.510086853 0 0 0
 981.77429272 0 0 0
 985.036787825 0 0 0
 988.297560636 0 0 0
 991.556599621 0 0 0
 994.813893248 0 0 0
 998.069429985 0 0 0
 1001.3231983 0 0 0
 1004.575186661 0 0 0
 1007.825383536 0 0 0
 1011.073777393 0 0 0
 1014.3203567 0 0 0
 1017.565109925 0 0 0
 1020.808025536 0 0 0
 1024.049092001 0 0 0
 1027.288297788 0 0 0
 1030.525631365 0 0 0
 1033.7610812 0 0 0
 1036.994635761 0 0 0
 1040.226283516 0 0 0
 1043.456012933 0 0 0
 1046.68381248 0 0 0
 1049.909670625 0 0 0
 1053.133575836 0 0 0
 1056.355516581 0 0 0
 1059.575481328 0 0 0
 1062.793458545 0 0 0
 1066.0094367 0 0 0
 1069.223404261 0 0 0
 1072.435349696 0 0 0
 1075.645261473 0 0 0
 1078.85312806 0 0 0
 1082.058937925 0 0 0
 1085.262679536 0 0 0
 1088.464341361 0 0 0
 1091.663911868 0 0 0
 1094.861379525 0 0 0
 1098.0567328 0 0 0
 1101.249960161 0 0 0
 1104.441050076 0 0 0
 1107.629991013 0 0 0
 1110.81677144 0 0 0
 1114.001379825 0 0 0
 1117.183804636 0 0 0
 1120.364034341 0 0 0
 1123.542057408 0 0 0
 1126.717862305 0 0 0
 1129.8914375 0 0 0
 1133.062771461 0 0 0
 1136.231852656 0 0 0
 1139.398669553 0 0 0
 1142.56321062 0 0 0
 1145.725464325 0 0 0
 1148.885419136 0 0 0
[END] of [DATA]
[END] of [Spectrum]


#TBID:2021-07-10 03:00:00;SAM_84CE;RAW;

[Spectrum]
Version            = 1
IDData             = 96B1_2021-07-10_03-00-00_000_659
IDDevice           = SAM_84CE
IDDataType         = SPECTRUM
IDDataTypeSub1     = RAW
IDDataTypeSub2     = 
IDDataTypeSub3     = 
DateTime           = 2021-07-10 03:00:00
PositionLatitude   = 0
PositionLongitude  = 0
Comment            = 
CommentSub1        = 
CommentSub2        = 
CommentSub3        = 
IDMethodType       = SAM Control
MethodName         = SAM_84CE
Mission            = No Mission
MissionSub         = 1
RecordType         = 0
[Attributes]
CalFactor = 1
IDBasisSpec = 
IDDataBack = DLAB_2015-08-21_11-56-43_233_004
IDDataCal = DLAB_2015-08-26_10-05-37_585_478
IntegrationTime = 4096
P31 = -1
P31e = 0
PathLength = +INF
PathLengthCustomOn = 0
RAWDynamic = 65535
Salinity = 0
Temperature = -NAN
Unit1 = $05 $00 Pixel 
Unit2 = $03 $05 Intensity counts
Unit3 = $f0 $05 Error counts
Unit4 = $f1 $00 Status 
p999 = 365
[END] of [Attributes]
[DATA]
 0 11 0 0
 1 1588 0 0
 2 1592 0 0
 3 1596 0 0
 4 1604 0 0
 5 1615 0 0
 6 1607 0 0
 7 1608 0 0
 8 1615 0 0
 9 1616 0 0
 10 1617 0 0
 11 1622 0 0
 12 1626 0 0
 13 1621 0 0
 14 1626 0 0
 15 1621 0 0
 16 1626 0 0
 17 1624 0 0
 18 1628 0 0
 19 1623 0 0
 20 1638 0 0
 21 1632 0 0
 22 1632 0 0
 23 1646 0 0
 24 1640 0 0
 25 1638 0 0
 26 1643 0 0
 27 1643 0 0
 28 1636 0 0
 29 1640 0 0
 30 1639 0 0
 31 1643 0 0
 32 1643 0 0
 33 1637 0 0
 34 1634 0 0
 35 1637 0 0
 36 1645 0 0
 37 1632 0 0
 38 1638 0 0
 39 1637 0 0
 40 1640 0 0
 41 1636 0 0
 42 1635 0 0
 43 1637 0 0
 44 1626 0 0
 45 1628 0 0
 46 1633 0 0
 47 1641 0 0
 48 1632 0 0
 49 1636 0 0
 50 1636 0 0
 51 1628 0 0
 52 1630 0 0
 53 1632 0 0
 54 1634 0 0
 55 1628 0 0
 56 1625 0 0
 57 1631 0 0
 58 1635 0 0
 59 1628 0 0
 60 1629 0 0
 61 1631 0 0
 62 1637 0 0
 63 1634 0 0
 64 1633 0 0
 65 1634 0 0
 66 1638 0 0
 67 1639 0 0
 68 1639 0 0
 69 1626 0 0
 70 1621 0 0
 71 1632 0 0
 72 1633 0 0
 73 1636 0 0
 74 1632 0 0
 75 1630 0 0
 76 1643 0 0
 77 1631 0 0
 78 1632 0 0
 79 1636 0 0
 80 1637 0 0
 81 1640 0 0
 82 1635 0 0
 83 1623 0 0
 84 1634 0 0
 85 1630 0 0
 86 1634 0 0
 87 1633 0 0
 88 1635 0 0
 89 1630 0 0
 90 1638 0 0
 91 1636 0 0
 92 1628 0 0
 93 1631 0 0
 94 1632 0 0
 95 1628 0 0
 96 1628 0 0
 97 1634 0 0
 98 1644 0 0
 99 1638 0 0
 100 1637 0 0
 101 1636 0 0
 102 1637 0 0
 103 1640 0 0
 104 1632 0 0
 105 1636 0 0
 106 1644 0 0
 107 1636 0 0
 108 1643 0 0
 109 1643 0 0
 110 1636 0 0
 111 1645 0 0
 112 1638 0 0
 113 1638 0 0
 114 1641 0 0
 115 1637 0 0
 116 1638 0 0
 117 1641 0 0
 118 1640 0 0
 119 1640 0 0
 120 1635 0 0
 121 1636 0 0
 122 1637 0 0
 123 1633 0 0
 124 1632 0 0
 125 1629 0 0
 126 1641 0 0
 127 1634 0 0
 128 1634 0 0
 129 1636 0 0
 130 1633 0 0
 131 1643 0 0
 132 1635 0 0
 133 1636 0 0
 134 1634 0 0
 135 1638 0 0
 136 1635 0 0
 137 1643 0 0
 138 1631 0 0
 139 1640 0 0
 140 1634 0 0
 141 1636 0 0
 142 1635 0 0
 143 1644 0 0
 144 1640 0 0
 145 1646 0 0
 146 1643 0 0
 147 1630 0 0
 148 1641 0 0
 149 1637 0 0
 150 1639 0 0
 151 1634 0 0
 152 1635 0 0
 153 1643 0 0
 154 1644 0 0
 155 1638 0 0
 156 1642 0 0
 157 1638 0 0
 158 1635 0 0
 159 1642 0 0
 160 1639 0 0
 161 1646 0 0
 162 1641 0 0
 163 1646 0 0
 164 1638 0 0
 165 1640 0 0
 166 1641 0 0
 167 1645 0 0
 168 1644 0 0
 169 1645 0 0
 170 1644 0 0
 171 1650 0 0
 172 1648 0 0
 173 1643 0 0
 174 1642 0 0
 175 1651 0 0
 176 1649 0 0
 177 1640 0 0
 178 1648 0 0
 179 1646 0 0
 180 1650 0 0
 181 1649 0 0
 182 1643 0 0
 183 1638 0 0
 184 1642 0 0
 185 1647 0 0
 186 1647 0 0
 187 1651 0 0
 188 1646 0 0
 189 1647 0 0
 190 1649 0 0
 191 1648 0 0
 192 1648 0 0
 193 1654 0 0
 194 1652 0 0
 195 1647 0 0
 196 1646 0 0
 197 1652 0 0
 198 1653 0 0
 199 1654 0 0
 200 1651 0 0
 201 1653 0 0
 202 1645 0 0
 203 1658 0 0
 204 1652 0 0
 205 1660 0 0
 206 1660 0 0
 207 1654 0 0
 208 1657 0 0
 209 1655 0 0
 210 1647 0 0
 211 1650 0 0
 212 1649 0 0
 213 1656 0 0
 214 1656 0 0
 215 1657 0 0
 216 1661 0 0
 217 1655 0 0
 218 1655 0 0
 219 1661 0 0
 220 1653 0 0
 221 1656 0 0
 222 1660 0 0
 223 1654 0 0
 224 1656 0 0
 225 1657 0 0
 226 1658 0 0
 227 1662 0 0
 228 1650 0 0
 229 1666 0 0
 230 1668 0 0
 231 1665 0 0
 232 1664 0 0
 233 1663 0 0
 234 1664 0 0
 235 1669 0 0
 236 1658 0 0
 237 1665 0 0
 238 1666 0 0
 239 1662 0 0
 240 1665 0 0
 241 1670 0 0
 242 1657 0 0
 243 1668 0 0
 244 1668 0 0
 245 1660 0 0
 246 1660 0 0
 247 1658 0 0
 248 1657 0 0
 249 1650 0 0
 250 1644 0 0
 251 1648 0 0
 252 1637 0 0
 253 1633 0 0
 254 1624 0 0
 255 1669 0 0
[END] of [DATA]
[END] of [Spectrum]


#TBID:2021-07-10 03:00:00;SAM_84CE;CALIBRATED;

[Spectrum]
Version            = 1
IDData             = 96B1_2021-07-10_03-00-00_000_660
IDDevice           = SAM_84CE
IDDataType         = SPECTRUM
IDDataTypeSub1     = CALIBRATED
IDDataTypeSub2     = 
IDDataTypeSub3     = 
DateTime           = 2021-07-10 03:00:00
PositionLatitude   = 0
PositionLongitude  = 0
Comment            = 
CommentSub1        = 
CommentSub2        = 
CommentSub3        = 
IDMethodType       = SAM Control
MethodName         = SAM_84CE
Mission            = No Mission
MissionSub         = 1
RecordType         = 0
[Attributes]
CalFactor = 1
IDBasisSpec = 
IDDataBack = DLAB_2015-08-21_11-56-43_233_004
IDDataCal = DLAB_2015-08-26_10-05-37_585_478
IntegrationTime = 4096
P31 = -1
P31e = 0
PathLength = +INF
PathLengthCustomOn = 0
RAWDynamic = 65535
Salinity = 0
Temperature = -NAN
Unit1 = $01 $01 Wavelength nm
Unit2 = $03 $06 Intensity mW/(m^2 nm)
Unit3 = $f0 $06 Error mW/(m^2 nm)
Unit4 = $f1 $00 Status 
p999 = 365
[END] of [Attributes]
[DATA]
 0 11 0 0
 303.485180022 0 0 0
 306.85638880275 0 0 0
 310.228324544 0 0 0
 313.60097308125 0 0 0
 316.97432025 -0.0142169131528868 0 0
 320.34835188575 -0.0137842841406714 0 0
 323.723053824 -0.0112882715682314 0 0
 327.09841190025 -0.00897653063367436 0 0
 330.47441195 -0.0105296140843462 0 0
 333.85103980875 -0.00894768702276466 0 0
 337.228281312 -0.00763447861546525 0 0
 340.60612229525 -0.00590673415365838 0 0
 343.984548594 -0.00681576922738587 0 0
 347.36354604375 -0.00635349187002397 0 0
 350.74310048 -0.00501078228817965 0 0
 354.12319773825 -0.00393795784254586 0 0
 357.503823654 -0.00319318971504881 0 0
 360.88496406275 -0.00314738436623477 0 0
 364.2666048 -0.00287033028484185 0 0
 367.64873170125 -0.00204238616412746 0 0
 371.031330602 -0.00261338104163579 0 0
 374.41438733775 -0.00225409649807802 0 0
 377.797887744 -0.00219084568905892 0 0
 381.18181765625 -0.00157847788897654 0 0
 384.56616291 -0.00206669975844768 0 0
 387.95090934075 -0.00201482362151265 0 0
 391.336042784 -0.00230217936418314 0 0
 394.72154907525 -0.00126169136387736 0 0
 398.10741405 -0.000922278599175038 0 0
 401.49362354375 -0.00120240615746365 0 0
 404.880163392 -0.0019137234910082 0 0
 408.26701943025 -0.00118652815956093 0 0
 411.654177494 -0.00153202362762332 0 0
 415.04162341875 -0.00147768421540075 0 0
 418.42934304 -0.000639506308349743 0 0
 421.81732219325 -0.000731053295256624 0 0
 425.205546714 -0.00107554143636274 0 0
 428.59400243775 -0.0015820528672133 0 0
 431.9826752 -0.00119940647917157 0 0
 435.37155083625 -0.000906095720953428 0 0
 438.760615182 -0.00112343036464904 0 0
 442.14985407275 -0.00146623084906877 0 0
 445.539253344 -0.00116550164757473 0 0
 448.92879883125 -0.00170704023092584 0 0
 452.31847637 -0.00148378494390911 0 0
 455.70827179575 -0.00220067107320226 0 0
 459.098170944 -0.00170229300631694 0 0
 462.48815965025 -0.00203664996383982 0 0
 465.87822375 -0.00155280027588891 0 0
 469.26834907875 -0.00184390666623809 0 0
 472.658521472 -0.00201299670158242 0 0
 476.04872676525 -0.00174512032510097 0 0
 479.438950794 -0.00238471686664014 0 0
 482.82917939375 -0.00253540633831865 0 0
 486.2193984 -0.00229665738686229 0 0
 489.60959364825 -0.00266387582971103 0 0
 492.999750974 -0.0019511496801944 0 0
 496.38985621275 -0.00206054421873941 0 0
 499.7798952 -0.00258414670331933 0 0
 503.16985377125 -0.00184013281808592 0 0
 506.559717762 -0.00216955603855725 0 0
 509.94947300775 -0.00234677860382444 0 0
 513.339105344 -0.00216252682359198 0 0
 516.72860060625 -0.0020678035190928 0 0
 520.11794463 -0.00148521424735071 0 0
 523.50712325075 -0.00206612784811251 0 0
 526.896122304 -0.00112161585791088 0 0
 530.28492762525 -0.00132744303417856 0 0
 533.67352505 -0.00180064479534606 0 0
 537.06190041375 -0.00163152582966954 0 0
 540.450039552 -0.00126374110224649 0 0
 543.83792830025 -0.00164068406248693 0 0
 547.225552494 -0.00154331188414535 0 0
 550.61289796875 -0.00155345218778078 0 0
 553.99995056 -0.00200239819140319 0 0
 557.38669610325 -0.00148805158065866 0 0
 560.773120434 -0.00177224890730243 0 0
 564.15920938775 -0.00132006952634037 0 0
 567.5449488 -0.00167011915755137 0 0
 570.93032450625 -0.00176726931427359 0 0
 574.315322342 -0.00154610780655964 0 0
 577.69992814275 -0.00155007051676557 0 0
 581.084127744 -0.00279578369386254 0 0
 584.46790698125 -0.00158484512672169 0 0
 587.85125169 -0.00226960931136431 0 0
 591.23414770575 -0.00203235437698891 0 0
 594.616580864 -0.0023857207814655 0 0
 597.99853700025 -0.00180826279831754 0 0
 601.38000195 -0.0025791115652561 0 0
 604.76096154875 -0.00254846743690812 0 0
 608.141401632 -0.00265725906628866 0 0
 611.52130803525 -0.00359991470714907 0 0
 614.900666594 -0.00396558782567641 0 0
 618.27946314375 -0.00269986666489437 0 0
 621.65768352 -0.00282307203315712 0 0
 625.03531355825 -0.00292452306335054 0 0
 628.412339094 -0.00319062506215217 0 0
 631.78874596275 -0.00227671797253172 0 0
 635.16452 -0.00312412891612361 0 0
 638.53964704125 -0.00322734661973838 0 0
 641.914112922 -0.00276514326656368 0 0
 645.28790347775 -0.00323119238369349 0 0
 648.661004544 -0.00303712523987072 0 0
 652.03340195625 -0.00392921527980926 0 0
 655.40508155 -0.00418157894328387 0 0
 658.77602916075 -0.0020485547871371 0 0
 662.146230624 -0.00308192856449186 0 0
 665.51567177525 -0.00163919211784767 0 0
 668.88433845 -0.0035586953715046 0 0
 672.25221648375 -0.00323639345299269 0 0
 675.619291712 -0.00332286682802216 0 0
 678.98554997025 -0.003384466441023 0 0
 682.350977094 -0.0024766483373888 0 0
 685.71555891875 -0.0028353685238556 0 0
 689.07928128 -0.00306596781898757 0 0
 692.44213001325 -0.00225386875683595 0 0
 695.804090954 -0.00327875562639156 0 0
 699.16514993775 -0.0030412269816752 0 0
 702.5252928 -0.0032587813659435 0 0
 705.88450537625 -0.004564341525729 0 0
 709.242773502 -0.00356697564106141 0 0
 712.60008301275 -0.00419640211987746 0 0
 715.956419744 -0.0041793201278656 0 0
 719.31176953125 -0.00463897320811423 0 0
 722.66611821 -0.00502388312603102 0 0
 726.01945161575 -0.00410814915619246 0 0
 729.371755584 -0.00370465701802949 0 0
 732.72301595025 -0.00443276667349753 0 0
 736.07321855 -0.00364627504093661 0 0
 739.42234921875 -0.00360001556910097 0 0
 742.770393792 -0.00415089169156512 0 0
 746.11733810525 -0.00389232113414989 0 0
 749.463167994 -0.00385685840143847 0 0
 752.80786929375 -0.00450593279082029 0 0
 756.15142784 -0.00391851887063143 0 0
 759.49382946825 -0.00434078926114341 0 0
 762.835060014 -0.00390330836021947 0 0
 766.17510531275 -0.00383696547229045 0 0
 769.5139512 -0.00458429954649752 0 0
 772.85158351125 -0.00385672974409849 0 0
 776.187988082 -0.00475586831424259 0 0
 779.52315074775 -0.00437124663808464 0 0
 782.857057344 -0.00244532453202074 0 0
 786.18969370625 -0.00394668313957947 0 0
 789.52104567 -0.00482310666954337 0 0
 792.85109907075 -0.00464653890584999 0 0
 796.179839744 -0.00542726012367558 0 0
 799.50725352525 -0.00476252227118882 0 0
 802.83332625 -0.00483322642674852 0 0
 806.15804375375 -0.00396890913991312 0 0
 809.481391872 -0.00554683714835713 0 0
 812.80335644025 -0.00569376966757444 0 0
 816.123923294 -0.00498824268643174 0 0
 819.44307826875 -0.0038719207220551 0 0
 822.7608072 -0.00629983301252599 0 0
 826.07709592325 -0.00433992048350943 0 0
 829.391930274 -0.00767107892158476 0 0
 832.70529608775 -0.00644443054655565 0 0
 836.0171792 -0.00641988648046962 0 0
 839.32756544625 -0.00875407665963914 0 0
 842.636440662 -0.00640180091229558 0 0
 845.94379068275 -0.00833878910677319 0 0
 849.249601344 -0.00525432401351849 0 0
 852.55385848125 -0.0108681116743147 0 0
 855.85654793 -0.00826858725609153 0 0
 859.15765552575 -0.00737951958810596 0 0
 862.457167104 -0.00657840099006923 0 0
 865.75506850025 -0.00706855512526036 0 0
 869.05134555 -0.00968836846625658 0 0
 872.34598408875 -0.0116320784932985 0 0
 875.638969952 -0.00806742549607628 0 0
 878.93028897525 -0.00746367030004157 0 0
 882.219926994 -0.0114038932698632 0 0
 885.50786984375 -0.00891228053711271 0 0
 888.79410336 -0.00548618459059768 0 0
 892.07861337825 -0.0072109042683264 0 0
 895.361385734 -0.0170912466899917 0 0
 898.64240626275 -0.0123420021032611 0 0
 901.9216608 -0.0133029466257392 0 0
 905.19913518125 -0.0105007603542891 0 0
 908.474815242 -0.0102181422755164 0 0
 911.74868681775 -0.0167909086895737 0 0
 915.020735744 -0.0136972679322779 0 0
 918.29094785625 -0.0110296946533408 0 0
 921.55930899 -0.0128475994339018 0 0
 924.82580498075 -0.0182630536169174 0 0
 928.090421664 -0.0153496682844841 0 0
 931.35314487525 -0.0148976366555018 0 0
 934.61396045 -0.0145827410655181 0 0
 937.87285422375 -0.0124630574376746 0 0
 941.129812032 -0.0214450307842131 0 0
 944.38481971025 -0.015457194858952 0 0
 947.637863094 -0.00422130506851251 0 0
 950.88892801875 -0.00539593327734492 0 0
 954.13800032 0 0 0
 957.38506583325 0 0 0
 960.630110394 0 0 0
 963.87311983775 0 0 0
 967.11408 0 0 0
 970.35297671625 0 0 0
 973.589795822 0 0 0
 976.82452315275 0 0 0
 980.057144544 0 0 0
 983.28764583125 0 0 0
 986.51601285 0 0 0
 989.74223143575 0 0 0
 992.966287424 0 0 0
 996.18816665025 0 0 0
 999.40785495 0 0 0
 1002.62533815875 0 0 0
 1005.840602112 0 0 0
 1009.05363264525 0 0 0
 1012.264415594 0 0 0
 1015.47293679375 0 0 0
 1018.67918208 0 0 0
 1021.88313728825 0 0 0
 1025.084788254 0 0 0
 1028.28412081275 0 0 0
 1031.4811208 0 0 0
 1034.67577405125 0 0 0
 1037.868066402 0 0 0
 1041.05798368775 0 0 0
 1044.245511744 0 0 0
 1047.43063640625 0 0 0
 1050.61334351 0 0 0
 1053.79361889075 0 0 0
 1056.971448384 0 0 0
 1060.14681782525 0 0 0
 1063.31971305 0 0 0
 1066.49011989375 0 0 0
 1069.658024192 0 0 0
 1072.82341178025 0 0 0
 1075.986268494 0 0 0
 1079.14658016875 0 0 0
 1082.30433264 0 0 0
 1085.45951174325 0 0 0
 1088.612103314 0 0 0
 1091.76209318775 0 0 0
 1094.9094672 0 0 0
 1098.05421118625 0 0 0
 1101.196310982 0 0 0
 1104.33575242275 0 0 0
 1107.472521344 0 0 0
 1110.60660358125 0 0 0
 1113.73798497 0 0 0
 1116.86665134575 0 0 0
 1119.992588544 0 0 0
 1123.11578240025 0 0 0
 1126.23621875 0 0 0
 1129.35388342875 0 0 0
 1132.468762272 0 0 0
 1135.58084111525 0 0 0
 1138.690105794 0 0 0
 1141.79654214375 0 0 0
 1144.900136 0 0 0
[END] of [DATA]
[END] of [Spectrum]


#TBID:2021-07-10 03:00:00;SAM_84DC;RAW;

[Spectrum]
Version            = 1
IDData             = 96B1_2021-07-10_03-00-00_000_662
IDDevice           = SAM_84DC
IDDataType         = SPECTRUM
IDDataTypeSub1     = RAW
IDDataTypeSub2     = 
IDDataTypeSub3     = 
DateTime           = 2021-07-10 03:00:00
PositionLatitude   = 0
PositionLongitude  = 0
Comment            = 
CommentSub1        = 
CommentSub2        = 
CommentSub3        = 
IDMethodType       = SAM Control
MethodName         = SAM_84DC
Mission            = No Mission
MissionSub         = 1
RecordType         = 0
[Attributes]
CalFactor = 1
IDBasisSpec = 
IDDataBack = DLAB_2015-08-21_13-19-54_137_939
IDDataCal = DLAB_2015-08-24_10-46-55_592_608
IntegrationTime = 4096
P31 = -1
P31e = 0
PathLength = +INF
PathLengthCustomOn = 0
RAWDynamic = 65535
Salinity = 0
Temperature = -NAN
Unit1 = $05 $00 Pixel 
Unit2 = $03 $05 Intensity counts
Unit3 = $f0 $05 Error counts
Unit4 = $f1 $00 Status 
p999 = 365
[END] of [Attributes]
[DATA]
 0 11 0 0
 1 1750 0 0
 2 1741 0 0
 3 1758 0 0
 4 1771 0 0
 5 1765 0 0
 6 1766 0 0
 7 1772 0 0
 8 1781 0 0
 9 1782 0 0
 10 1780 0 0
 11 1778 0 0
 12 1776 0 0
 13 1782 0 0
 14 1790 0 0
 15 1776 0 0
 16 1788 0 0
 17 1788 0 0
 18 1784 0 0
 19 1794 0 0
 20 1791 0 0
 21 1786 0 0
 22 1806 0 0
 23 1802 0 0
 24 1804 0 0
 25 1804 0 0
 26 1807 0 0
 27 1809 0 0
 28 1799 0 0
 29 1798 0 0
 30 1800 0 0
 31 1807 0 0
 32 1805 0 0
 33 1798 0 0
 34 1808 0 0
 35 1797 0 0
 36 1805 0 0
 37 1808 0 0
 38 1804 0 0
 39 1798 0 0
 40 1809 0 0
 41 1800 0 0
 42 1804 0 0
 43 1803 0 0
 44 1811 0 0
 45 1808 0 0
 46 1813 0 0
 47 1810 0 0
 48 1799 0 0
 49 1804 0 0
 50 1804 0 0
 51 1800 0 0
 52 1805 0 0
 53 1799 0 0
 54 1800 0 0
 55 1802 0 0
 56 1805 0 0
 57 1805 0 0
 58 1802 0 0
 59 1812 0 0
 60 1807 0 0
 61 1806 0 0
 62 1801 0 0
 63 1807 0 0
 64 1802 0 0
 65 1801 0 0
 66 1792 0 0
 67 1805 0 0
 68 1802 0 0
 69 1800 0 0
 70 1805 0 0
 71 1808 0 0
 72 1802 0 0
 73 1808 0 0
 74 1803 0 0
 75 1798 0 0
 76 1805 0 0
 77 1806 0 0
 78 1799 0 0
 79 1808 0 0
 80 1802 0 0
 81 1804 0 0
 82 1800 0 0
 83 1810 0 0
 84 1792 0 0
 85 1808 0 0
 86 1808 0 0
 87 1805 0 0
 88 1802 0 0
 89 1799 0 0
 90 1787 0 0
 91 1796 0 0
 92 1789 0 0
 93 1785 0 0
 94 1794 0 0
 95 1789 0 0
 96 1788 0 0
 97 1796 0 0
 98 1790 0 0
 99 1795 0 0
 100 1799 0 0
 101 1791 0 0
 102 1798 0 0
 103 1799 0 0
 104 1798 0 0
 105 1803 0 0
 106 1801 0 0
 107 1807 0 0
 108 1801 0 0
 109 1809 0 0
 110 1803 0 0
 111 1805 0 0
 112 1805 0 0
 113 1802 0 0
 114 1805 0 0
 115 1805 0 0
 116 1802 0 0
 117 1796 0 0
 118 1801 0 0
 119 1803 0 0
 120 1797 0 0
 121 1808 0 0
 122 1795 0 0
 123 1806 0 0
 124 1808 0 0
 125 1798 0 0
 126 1811 0 0
 127 1805 0 0
 128 1803 0 0
 129 1803 0 0
 130 1808 0 0
 131 1796 0 0
 132 1808 0 0
 133 1804 0 0
 134 1805 0 0
 135 1808 0 0
 136 1801 0 0
 137 1807 0 0
 138 1795 0 0
 139 1802 0 0
 140 1802 0 0
 141 1810 0 0
 142 1802 0 0
 143 1808 0 0
 144 1806 0 0
 145 1798 0 0
 146 1799 0 0
 147 1800 0 0
 148 1806 0 0
 149 1804 0 0
 150 1800 0 0
 151 1807 0 0
 152 1802 0 0
 153 1812 0 0
 154 1804 0 0
 155 1808 0 0
 156 1800 0 0
 157 1811 0 0
 158 1804 0 0
 159 1806 0 0
 160 1801 0 0
 161 1804 0 0
 162 1801 0 0
 163 1802 0 0
 164 1806 0 0
 165 1810 0 0
 166 1807 0 0
 167 1808 0 0
 168 1806 0 0
 169 1802 0 0
 170 1808 0 0
 171 1806 0 0
 172 1794 0 0
 173 1814 0 0
 174 1805 0 0
 175 1807 0 0
 176 1804 0 0
 177 1808 0 0
 178 1805 0 0
 179 1801 0 0
 180 1807 0 0
 181 1806 0 0
 182 1804 0 0
 183 1806 0 0
 184 1806 0 0
 185 1809 0 0
 186 1812 0 0
 187 1810 0 0
 188 1803 0 0
 189 1807 0 0
 190 1802 0 0
 191 1808 0 0
 192 1813 0 0
 193 1806 0 0
 194 1809 0 0
 195 1804 0 0
 196 1813 0 0
 197 1814 0 0
 198 1805 0 0
 199 1818 0 0
 200 1812 0 0
 201 1816 0 0
 202 1806 0 0
 203 1816 0 0
 204 1819 0 0
 205 1818 0 0
 206 1821 0 0
 207 1814 0 0
 208 1810 0 0
 209 1815 0 0
 210 1816 0 0
 211 1819 0 0
 212 1812 0 0
 213 1805 0 0
 214 1811 0 0
 215 1821 0 0
 216 1820 0 0
 217 1818 0 0
 218 1817 0 0
 219 1815 0 0
 220 1817 0 0
 221 1828 0 0
 222 1819 0 0
 223 1826 0 0
 224 1822 0 0
 225 1828 0 0
 226 1824 0 0
 227 1826 0 0
 228 1822 0 0
 229 1824 0 0
 230 1827 0 0
 231 1828 0 0
 232 1830 0 0
 233 1825 0 0
 234 1828 0 0
 235 1832 0 0
 236 1826 0 0
 237 1832 0 0
 238 1828 0 0
 239 1835 0 0
 240 1833 0 0
 241 1830 0 0
 242 1838 0 0
 243 1834 0 0
 244 1829 0 0
 245 1832 0 0
 246 1834 0 0
 247 1834 0 0
 248 1844 0 0
 249 1826 0 0
 250 1822 0 0
 251 1817 0 0
 252 1818 0 0
 253 1800 0 0
 254 1773 0 0
 255 1822 0 0
[END] of [DATA]
[END] of [Spectrum]


#TBID:2021-07-10 03:00:00;SAM_84DC;CALIBRATED;

[Spectrum]
Version            = 1
IDData             = 96B1_2021-07-10_03-00-00_000_663
IDDevice           = SAM_84DC
IDDataType         = SPECTRUM
IDDataTypeSub1     = CALIBRATED
IDDataTypeSub2     = 
IDDataTypeSub3     = 
DateTime           = 2021-07-10 03:00:00
PositionLatitude   = 0
PositionLongitude  = 0
Comment            = 
CommentSub1        = 
CommentSub2        = 
CommentSub3        = 
IDMethodType       = SAM Control
MethodName         = SAM_84DC
Mission            = No Mission
MissionSub         = 1
RecordType         = 0
[Attributes]
CalFactor = 1
IDBasisSpec = 
IDDataBack = DLAB_2015-08-21_13-19-54_137_939
IDDataCal = DLAB_2015-08-24_10-46-55_592_608
IntegrationTime = 4096
P31 = -1
P31e = 0
PathLength = +INF
PathLengthCustomOn = 0
RAWDynamic = 65535
Salinity = 0
Temperature = -NAN
Unit1 = $01 $01 Wavelength nm
Unit2 = $03 $03 Intensity mW/(m^2 nm Sr)
Unit3 = $f0 $03 Error mW/(m^2 nm Sr)
Unit4 = $f1 $00 Status 
p999 = 365
[END] of [Attributes]
[DATA]
 0 11 0 0
 305.71650776488 0 0 0
 309.04007505697 0 0 0
 312.36416914304 0 0 0
 315.68877841375 0 0 0
 319.01389125976 -0.00200674675433831 0 0
 322.33949607173 -0.00157500030570154 0 0
 325.66558124032 -0.00168406961373524 0 0
 328.99213515619 -0.00117634659211277 0 0
 332.31914621 -0.00120414623376726 0 0
 335.64660279241 -0.00108768222886528 0 0
 338.97449329408 -0.00112291111843539 0 0
 342.30280610567 -0.000912588790176698 0 0
 345.63152961784 -0.000713267378102061 0 0
 348.96065222125 -0.00069650178847518 0 0
 352.29016230656 -0.000638399060468668 0 0
 355.62004826443 -0.000541734317439614 0 0
 358.95029848552 -0.000611915189139649 0 0
 362.28090136049 -0.000534336850225306 0 0
 365.61184528 -0.000406428890623068 0 0
 368.94311863471 -0.000424425978508295 0 0
 372.27470981528 -0.000477790317104984 0 0
 375.60660721237 -0.000276349442617984 0 0
 378.93879921664 -0.000350410105888023 0 0
 382.27127421875 -0.000293910947754911 0 0
 385.60402060936 -0.00015608632861179 0 0
 388.93702677913 -0.00022537519783316 0 0
 392.27028111872 -0.000186156559309973 0 0
 395.60377201879 -0.000239848650717523 0 0
 398.93748787 -0.00024000959839164 0 0
 402.27141706301 -0.000171424261294946 0 0
 405.60554798848 -0.000208641576524026 0 0
 408.93986903707 -0.000191241721290886 0 0
 412.27436859944 -0.000212972892603882 0 0
 415.60903506625 -0.000149482646570543 0 0
 418.94385682816 -0.000203410243908693 0 0
 422.27882227583 -0.000223770112505457 0 0
 425.61391979992 -0.000155256833973438 0 0
 428.94913779109 -0.000157124667895861 0 0
 432.28446464 -0.000174898456421122 0 0
 435.61988873731 -0.000185758905800609 0 0
 438.95539847368 -0.000205469601833422 0 0
 442.29098223977 -0.000150956460827906 0 0
 445.62662842624 -0.00018898051760171 0 0
 448.96232542375 -0.000130624671549302 0 0
 452.29806162296 -0.000153440734456962 0 0
 455.63382541453 -0.000149892278108132 0 0
 458.96960518912 -0.000208332724281639 0 0
 462.30538933739 -0.000242380470919217 0 0
 465.64116625 -0.000195760091807274 0 0
 468.97692431761 -0.000176387046046114 0 0
 472.31265193088 -0.000253018055782261 0 0
 475.64833748047 -0.00020421117999335 0 0
 478.98396935704 -0.000245272657136817 0 0
 482.31953595125 -0.000237425120591748 0 0
 485.65502565376 -0.000269329277252558 0 0
 488.99042685523 -0.000205234100169618 0 0
 492.32572794632 -0.000259330742969863 0 0
 495.66091731769 -0.000293174629262011 0 0
 498.99598336 -0.000247961502138461 0 0
 502.33091446391 -0.00022123757740537 0 0
 505.66569902008 -0.000265571112882585 0 0
 509.00032541917 -0.00022990183808603 0 0
 512.33478205184 -0.000195126894834528 0 0
 515.66905730875 -0.00026317305762185 0 0
 519.00313958056 -0.000226325584443056 0 0
 522.33701725793 -0.000231883577296631 0 0
 525.67067873152 -0.000210498866780694 0 0
 529.00411239199 -0.00025360733972452 0 0
 532.33730663 -0.000220260538469641 0 0
 535.67024983621 -0.000217517910620531 0 0
 539.00293040128 -0.000218634388641038 0 0
 542.33533671587 -0.000204974367122136 0 0
 545.66745717064 -0.000191037764364596 0 0
 548.99928015625 -0.000257460337168397 0 0
 552.33079406336 -0.000230740604067831 0 0
 555.66198728263 -0.000221412708822721 0 0
 558.99284820472 -0.000204429491350487 0 0
 562.32336522029 -0.000208025360414604 0 0
 565.65352672 -0.00022394733572067 0 0
 568.98332109451 -0.000220896177377045 0 0
 572.31273673448 -0.000285940394448545 0 0
 575.64176203057 -0.000252936788532685 0 0
 578.97038537344 -0.000181148933048315 0 0
 582.29859515375 -0.000313244387885875 0 0
 585.62637976216 -0.000297238860824902 0 0
 588.95372758933 -0.000230002231615074 0 0
 592.28062702592 -0.000288179536375683 0 0
 595.60706646259 -0.000271423337322595 0 0
 598.93303429 -0.000409937965421474 0 0
 602.25851889881 -0.000444796798995335 0 0
 605.58350867968 -0.000418593698310584 0 0
 608.90799202327 -0.000524410356352906 0 0
 612.23195732024 -0.000578974994433035 0 0
 615.55539296125 -0.000511829532840711 0 0
 618.87828733696 -0.00057805737361627 0 0
 622.20062883803 -0.000511339699362196 0 0
 625.52240585512 -0.000523114508931588 0 0
 628.84360677889 -0.000503465192628792 0 0
 632.16422 -0.000485500858705726 0 0
 635.48423390911 -0.000458869868642195 0 0
 638.80363689688 -0.000536746319489642 0 0
 642.12241735397 -0.000492644702339992 0 0
 645.44056367104 -0.000451675767062652 0 0
 648.75806423875 -0.000475940705827554 0 0
 652.07490744776 -0.000455431060343512 0 0
 655.39108168873 -0.000469156484291682 0 0
 658.70657535232 -0.000495458067022278 0 0
 662.02137682919 -0.000484816539598153 0 0
 665.33547451 -0.000350260368753599 0 0
 668.64885678541 -0.000400604467687692 0 0
 671.96151204608 -0.000421990312811093 0 0
 675.27342868267 -0.000400983825612318 0 0
 678.58459508584 -0.000332923365513088 0 0
 681.89499964625 -0.000424798288680894 0 0
 685.20463075456 -0.000477415601334163 0 0
 688.51347680143 -0.000428931533394677 0 0
 691.82152617752 -0.000546587166308556 0 0
 695.12876727349 -0.000405118121122498 0 0
 698.43518848 -0.000424312343541777 0 0
 701.74077818771 -0.000380205990863756 0 0
 705.04552478728 -0.000488767072184494 0 0
 708.34941666937 -0.000548300043568335 0 0
 711.65244222464 -0.00045239440506428 0 0
 714.95458984375 -0.000412199690561172 0 0
 718.25584791736 -0.000493820692468036 0 0
 721.55620483613 -0.00034804139840108 0 0
 724.85564899072 -0.00045015110976789 0 0
 728.15416877179 -0.000425064680129137 0 0
 731.45175257 -0.000412052884941216 0 0
 734.74838877601 -0.000460439993120066 0 0
 738.04406578048 -0.000576858000645029 0 0
 741.33877197407 -0.000399637688938227 0 0
 744.63249574744 -0.000453095997769303 0 0
 747.92522549125 -0.000396613007166699 0 0
 751.21694959616 -0.000415532598355326 0 0
 754.50765645283 -0.00041725716288001 0 0
 757.79733445192 -0.000427101447812553 0 0
 761.08597198409 -0.000596492265298853 0 0
 764.37355744 -0.000514157202717806 0 0
 767.66007921031 -0.000452711335261601 0 0
 770.94552568568 -0.00042364360241894 0 0
 774.22988525677 -0.000458036298497363 0 0
 777.51314631424 -0.000434565424111064 0 0
 780.79529724875 -0.000443137273507015 0 0
 784.07632645096 -0.000551695818319116 0 0
 787.35622231153 -0.000594819744687711 0 0
 790.63497322112 -0.000621611984942217 0 0
 793.91256757039 -0.000586095140068238 0 0
 797.18899375 -0.000618469260882483 0 0
 800.46424015061 -0.000620740827493034 0 0
 803.73829516288 -0.000601742180502635 0 0
 807.01114717747 -0.000733631181625601 0 0
 810.28278458504 -0.000543281836688047 0 0
 813.55319577625 -0.000781129665880585 0 0
 816.82236914176 -0.000599142033045035 0 0
 820.09029307223 -0.000762965158913804 0 0
 823.35695595832 -0.00068389423173444 0 0
 826.62234619069 -0.000789051650800173 0 0
 829.88645216 -0.000881270788994596 0 0
 833.14926225691 -0.00112372605667588 0 0
 836.41076487208 -0.00072692676752321 0 0
 839.67094839617 -0.00073166253576485 0 0
 842.92980121984 -0.000936147560570972 0 0
 846.18731173375 -0.000857824616654789 0 0
 849.44346832856 -0.000795144677611148 0 0
 852.69825939493 -0.00133355783054585 0 0
 855.95167332352 -0.00116701923121109 0 0
 859.20369850499 -0.00122315437918978 0 0
 862.45432333 -0.00158159157263334 0 0
 865.70353618921 -0.00114490004017571 0 0
 868.95132547328 -0.00172584657602198 0 0
 872.19767957287 -0.00169544857259585 0 0
 875.44258687864 -0.00101152196457483 0 0
 878.68603578125 -0.00160146385512962 0 0
 881.92801467136 -0.00121153778929421 0 0
 885.16851193963 -0.00184418832890983 0 0
 888.40751597672 -0.00118173860964208 0 0
 891.64501517329 -0.0018061446730613 0 0
 894.88099792 -0.00168472111290412 0 0
 898.11545260751 -0.00126141654684709 0 0
 901.34836762648 -0.0013624375191926 0 0
 904.57973136757 -0.00201920955682867 0 0
 907.80953222144 -0.00195215422383747 0 0
 911.03775857875 -0.00183704692884118 0 0
 914.26439883016 -0.00167696821076854 0 0
 917.48944136633 -0.00153969876114087 0 0
 920.71287457792 -0.00186399849412143 0 0
 923.93468685559 -0.00212380562773377 0 0
 927.15486659 -0.00150575634571211 0 0
 930.37340217181 -0.00268681422043789 0 0
 933.59028199168 -0.00226740777396989 0 0
 936.80549444027 -0.00310321827983759 0 0
 940.01902790824 -0.00338133320595451 0 0
 943.23087078625 -0.00243740732585214 0 0
 946.44101146496 -0.00280600982421708 0 0
 949.64943833503 -0.00309947516033615 0 0
 952.85613978712 -0.00211529584782014 0 0
 956.06110421189 0 0 0
 959.26432 0 0 0
 962.46577554211 0 0 0
 965.66545922888 0 0 0
 968.86335945097 0 0 0
 972.05946459904 0 0 0
 975.25376306375 0 0 0
 978.44624323576 0 0 0
 981.63689350573 0 0 0
 984.82570226432 0 0 0
 988.01265790219 0 0 0
 991.19774881 0 0 0
 994.38096337841 0 0 0
 997.56228999808 0 0 0
 1000.74171705967 0 0 0
 1003.91923295384 0 0 0
 1007.09482607125 0 0 0
 1010.26848480256 0 0 0
 1013.44019753843 0 0 0
 1016.60995266952 0 0 0
 1019.77773858649 0 0 0
 1022.94354368 0 0 0
 1026.10735634071 0 0 0
 1029.26916495928 0 0 0
 1032.42895792637 0 0 0
 1035.58672363264 0 0 0
 1038.74245046875 0 0 0
 1041.89612682536 0 0 0
 1045.04774109313 0 0 0
 1048.19728166272 0 0 0
 1051.34473692479 0 0 0
 1054.49009527 0 0 0
 1057.63334508901 0 0 0
 1060.77447477248 0 0 0
 1063.91347271107 0 0 0
 1067.05032729544 0 0 0
 1070.18502691625 0 0 0
 1073.31755996416 0 0 0
 1076.44791482983 0 0 0
 1079.57607990392 0 0 0
 1082.70204357709 0 0 0
 1085.82579424 0 0 0
 1088.94732028331 0 0 0
 1092.06661009768 0 0 0
 1095.18365207377 0 0 0
 1098.29843460224 0 0 0
 1101.41094607375 0 0 0
 1104.52117487896 0 0 0
 1107.62910940853 0 0 0
 1110.73473805312 0 0 0
 1113.83804920339 0 0 0
 1116.93903125 0 0 0
 1120.03767258361 0 0 0
 1123.13396159488 0 0 0
 1126.22788667447 0 0 0
 1129.31943621304 0 0 0
 1132.40859860125 0 0 0
 1135.49536222976 0 0 0
[END] of [DATA]
[END] of [Spectrum]


#TBID:2021-07-10 03:00:00;SAM_84C8;RAW;

[Spectrum]
Version            = 1
IDData             = 96B1_2021-07-10_03-00-00_000_665
IDDevice           = SAM_84C8
IDDataType         = SPECTRUM
IDDataTypeSub1     = RAW
IDDataTypeSub2     = 
IDDataTypeSub3     = 
DateTime           = 2021-07-10 03:00:00
PositionLatitude   = 0
PositionLongitude  = 0
Comment            = 
CommentSub1        = 
CommentSub2        = 
CommentSub3        = 
IDMethodType       = SAM Control
MethodName         = SAM_84C8
Mission            = No Mission
MissionSub         = 1
RecordType         = 0
[Attributes]
CalFactor = 1
IDBasisSpec = 
IDDataBack = DLAB_2015-08-21_12-14-03_013_778
IDDataCal = DLAB_2015-08-24_11-04-47_772_747
IntegrationTime = 4096
P31 = -1
P31e = 0
PathLength = +INF
PathLengthCustomOn = 0
RAWDynamic = 65535
Salinity = 0
Temperature = -NAN
Unit1 = $05 $00 Pixel 
Unit2 = $03 $05 Intensity counts
Unit3 = $f0 $05 Error counts
Unit4 = $f1 $00 Status 
p999 = 365
[END] of [Attributes]
[DATA]
 0 11 0 0
 1 1663 0 0
 2 1655 0 0
 3 1648 0 0
 4 1651 0 0
 5 1649 0 0
 6 1651 0 0
 7 1655 0 0
 8 1651 0 0
 9 1652 0 0
 10 1652 0 0
 11 1661 0 0
 12 1664 0 0
 13 1658 0 0
 14 1664 0 0
 15 1662 0 0
 16 1668 0 0
 17 1673 0 0
 18 1675 0 0
 19 1679 0 0
 20 1676 0 0
 21 1680 0 0
 22 1688 0 0
 23 1688 0 0
 24 1689 0 0
 25 1694 0 0
 26 1686 0 0
 27 1691 0 0
 28 1693 0 0
 29 1692 0 0
 30 1694 0 0
 31 1690 0 0
 32 1690 0 0
 33 1687 0 0
 34 1692 0 0
 35 1692 0 0
 36 1697 0 0
 37 1702 0 0
 38 1690 0 0
 39 1688 0 0
 40 1684 0 0
 41 1689 0 0
 42 1685 0 0
 43 1686 0 0
 44 1684 0 0
 45 1690 0 0
 46 1683 0 0
 47 1684 0 0
 48 1691 0 0
 49 1692 0 0
 50 1679 0 0
 51 1689 0 0
 52 1691 0 0
 53 1686 0 0
 54 1678 0 0
 55 1688 0 0
 56 1692 0 0
 57 1694 0 0
 58 1688 0 0
 59 1686 0 0
 60 1691 0 0
 61 1692 0 0
 62 1701 0 0
 63 1699 0 0
 64 1689 0 0
 65 1690 0 0
 66 1692 0 0
 67 1691 0 0
 68 1696 0 0
 69 1688 0 0
 70 1695 0 0
 71 1694 0 0
 72 1696 0 0
 73 1692 0 0
 74 1691 0 0
 75 1690 0 0
 76 1694 0 0
 77 1703 0 0
 78 1699 0 0
 79 1702 0 0
 80 1704 0 0
 81 1704 0 0
 82 1705 0 0
 83 1703 0 0
 84 1702 0 0
 85 1697 0 0
 86 1704 0 0
 87 1699 0 0
 88 1699 0 0
 89 1694 0 0
 90 1707 0 0
 91 1705 0 0
 92 1701 0 0
 93 1700 0 0
 94 1705 0 0
 95 1697 0 0
 96 1705 0 0
 97 1703 0 0
 98 1700 0 0
 99 1695 0 0
 100 1704 0 0
 101 1714 0 0
 102 1707 0 0
 103 1697 0 0
 104 1700 0 0
 105 1706 0 0
 106 1700 0 0
 107 1704 0 0
 108 1694 0 0
 109 1699 0 0
 110 1711 0 0
 111 1713 0 0
 112 1700 0 0
 113 1698 0 0
 114 1701 0 0
 115 1707 0 0
 116 1707 0 0
 117 1702 0 0
 118 1700 0 0
 119 1701 0 0
 120 1702 0 0
 121 1705 0 0
 122 1697 0 0
 123 1699 0 0
 124 1696 0 0
 125 1702 0 0
 126 1699 0 0
 127 1711 0 0
 128 1697 0 0
 129 1710 0 0
 130 1702 0 0
 131 1710 0 0
 132 1704 0 0
 133 1757 0 0
 134 1712 0 0
 135 1715 0 0
 136 1702 0 0
 137 1707 0 0
 138 1702 0 0
 139 1708 0 0
 140 1705 0 0
 141 1704 0 0
 142 1707 0 0
 143 1704 0 0
 144 1710 0 0
 145 1717 0 0
 146 1712 0 0
 147 1708 0 0
 148 1717 0 0
 149 1709 0 0
 150 1709 0 0
 151 1712 0 0
 152 1707 0 0
 153 1706 0 0
 154 1701 0 0
 155 1700 0 0
 156 1703 0 0
 157 1710 0 0
 158 1710 0 0
 159 1709 0 0
 160 1712 0 0
 161 1707 0 0
 162 1712 0 0
 163 1707 0 0
 164 1700 0 0
 165 1714 0 0
 166 1714 0 0
 167 1716 0 0
 168 1714 0 0
 169 1715 0 0
 170 1717 0 0
 171 1711 0 0
 172 1717 0 0
 173 1699 0 0
 174 1709 0 0
 175 1717 0 0
 176 1711 0 0
 177 1711 0 0
 178 1710 0 0
 179 1714 0 0
 180 1711 0 0
 181 1711 0 0
 182 1716 0 0
 183 1714 0 0
 184 1704 0 0
 185 1706 0 0
 186 1703 0 0
 187 1713 0 0
 188 1706 0 0
 189 1710 0 0
 190 1696 0 0
 191 1710 0 0
 192 1710 0 0
 193 1698 0 0
 194 1710 0 0
 195 1713 0 0
 196 1698 0 0
 197 1704 0 0
 198 1704 0 0
 199 1707 0 0
 200 1709 0 0
 201 1711 0 0
 202 1710 0 0
 203 1709 0 0
 204 1718 0 0
 205 1710 0 0
 206 1708 0 0
 207 1711 0 0
 208 1707 0 0
 209 1700 0 0
 210 1694 0 0
 211 1705 0 0
 212 1703 0 0
 213 1708 0 0
 214 1708 0 0
 215 1707 0 0
 216 1705 0 0
 217 1704 0 0
 218 1706 0 0
 219 1706 0 0
 220 1713 0 0
 221 1714 0 0
 222 1706 0 0
 223 1709 0 0
 224 1711 0 0
 225 1714 0 0
 226 1709 0 0
 227 1711 0 0
 228 1704 0 0
 229 1703 0 0
 230 1704 0 0
 231 1712 0 0
 232 1714 0 0
 233 1698 0 0
 234 1706 0 0
 235 1709 0 0
 236 1713 0 0
 237 1703 0 0
 238 1708 0 0
 239 1710 0 0
 240 1708 0 0
 241 1715 0 0
 242 1710 0 0
 243 1710 0 0
 244 1708 0 0
 245 1708 0 0
 246 1704 0 0
 247 1702 0 0
 248 1702 0 0
 249 1700 0 0
 250 1698 0 0
 251 1684 0 0
 252 1673 0 0
 253 1661 0 0
 254 1656 0 0
 255 1689 0 0
[END] of [DATA]
[END] of [Spectrum]


#TBID:2021-07-10 03:00:00;SAM_84C8;CALIBRATED;

[Spectrum]
Version            = 1
IDData             = 96B1_2021-07-10_03-00-00_000_666
IDDevice           = SAM_84C8
IDDataType         = SPECTRUM
IDDataTypeSub1     = CALIBRATED
IDDataTypeSub2     = 
IDDataTypeSub3     = 
DateTime           = 2021-07-10 03:00:00
PositionLatitude   = 0
PositionLongitude  = 0
Comment            = 
CommentSub1        = 
CommentSub2        = 
CommentSub3        = 
IDMethodType       = SAM Control
MethodName         = SAM_84C8
Mission            = No Mission
MissionSub         = 1
RecordType         = 0
[Attributes]
CalFactor = 1
IDBasisSpec = 
IDDataBack = DLAB_2015-08-21_12-14-03_013_778
IDDataCal = DLAB_2015-08-24_11-04-47_772_747
IntegrationTime = 4096
P31 = -1
P31e = 0
PathLength = +INF
PathLengthCustomOn = 0
RAWDynamic = 65535
Salinity = 0
Temperature = -NAN
Unit1 = $01 $01 Wavelength nm
Unit2 = $03 $03 Intensity mW/(m^2 nm Sr)
Unit3 = $f0 $03 Error mW/(m^2 nm Sr)
Unit4 = $f1 $00 Status 
p999 = 365
[END] of [Attributes]
[DATA]
 0 11 0 0
 303.516048156 0 0 0
 306.890006053 0 0 0
 310.26457112 0 0 0
 313.639731825 0 0 0
 317.015476636 -0.00191833807809664 0 0
 320.391794021 -0.00174371021593262 0 0
 323.768672448 -0.00131126545390006 0 0
 327.146100385 -0.00129988305259306 0 0
 330.5240663 -0.00126556038785068 0 0
 333.902558661 -0.00100001474879552 0 0
 337.281565936 -0.000961539987051302 0 0
 340.661076593 -0.000911139940423242 0 0
 344.0410791 -0.000787243649062795 0 0
 347.421561925 -0.000579973176803728 0 0
 350.802513536 -0.000646535473913183 0 0
 354.183922401 -0.000478436541494964 0 0
 357.565776988 -0.00039407189326038 0 0
 360.948065765 -0.000306787506119945 0 0
 364.3307772 -0.000236629506078271 0 0
 367.713899761 -0.000225658212989482 0 0
 371.097421916 -0.000204191296520721 0 0
 374.481332133 -9.01973828192589e-005 0 0
 377.86561888 -0.000102608736319018 0 0
 381.250270625 -0.000120192269309194 0 0
 384.635275836 4.92616102363996e-005 0 0
 388.020622981 3.5790262311449e-005 0 0
 391.406300528 3.76469535299717e-005 0 0
 394.792296945 -5.45319266667629e-007 0 0
 398.1786007 2.60200001442948e-005 0 0
 401.565200261 -7.26958848926514e-006 0 0
 404.952084096 -2.60016356711598e-005 0 0
 408.339240673 -2.45370635426669e-005 0 0
 411.72665846 -1.70926991978286e-006 0 0
 415.114325925 6.73214248650428e-005 0 0
 418.502231536 8.78120627297759e-005 0 0
 421.890363761 7.49806333114947e-005 0 0
 425.278711068 -1.03491613942067e-005 0 0
 428.667261925 -3.11668238216214e-005 0 0
 432.0560048 3.2995534407826e-005 0 0
 435.444928161 -4.59027788519956e-005 0 0
 438.834020476 -3.0143067404615e-005 0 0
 442.223270213 -3.76509094814715e-005 0 0
 445.61266584 -6.71449771240359e-005 0 0
 449.002195825 -3.16899115221667e-005 0 0
 452.391848636 -6.65369329907285e-005 0 0
 455.781612741 -0.000103517208363537 0 0
 459.171476608 -7.2027626875126e-005 0 0
 462.561428705 -3.04069396098456e-005 0 0
 465.9514575 -6.51606309738439e-005 0 0
 469.341551461 -0.000118398592800653 0 0
 472.731699056 -6.83955212254754e-005 0 0
 476.121888753 -3.46660357315913e-005 0 0
 479.51210902 -6.80766485922549e-005 0 0
 482.902348325 -3.73160220226323e-005 0 0
 486.292595136 -5.27269415626302e-005 0 0
 489.682837921 -2.25366548302611e-005 0 0
 493.073065148 -4.9888901552964e-005 0 0
 496.463265285 -3.97527345537524e-005 0 0
 499.8534268 6.89947846695525e-006 0 0
 503.243538161 3.80328506671438e-005 0 0
 506.633587836 6.41179253541743e-006 0 0
 510.023564293 -3.2990935108437e-005 0 0
 513.413456 4.15165111102505e-005 0 0
 516.803251425 4.63742558555992e-005 0 0
 520.192939036 1.1090781177803e-005 0 0
 523.582507301 -4.2178018346997e-005 0 0
 526.971944688 -2.28171549504156e-005 0 0
 530.361239665 -1.57454779202772e-005 0 0
 533.7503807 -3.00139499858749e-005 0 0
 537.139356261 -2.91427111074481e-005 0 0
 540.528154816 2.87921742497589e-006 0 0
 543.916764833 -3.83442852671812e-005 0 0
 547.30517478 -1.1845232924208e-005 0 0
 550.693373125 -1.1379122133973e-005 0 0
 554.081348336 -5.16686187370079e-005 0 0
 557.469088881 -4.06901588749659e-007 0 0
 560.856583228 0.000102125081705105 0 0
 564.243819845 5.61563829610835e-005 0 0
 567.6307872 8.29242727809813e-005 0 0
 571.017473761 0.000114239284519229 0 0
 574.403867996 0.000148515462502737 0 0
 577.789958373 6.78040760878568e-005 0 0
 581.17573336 7.79273926501782e-005 0 0
 584.561181425 4.58573528081004e-005 0 0
 587.946291036 6.94927815393118e-005 0 0
 591.331050661 0.000153509122786445 0 0
 594.715448768 2.61482518685932e-005 0 0
 598.099473825 8.05199495349202e-005 0 0
 601.4831143 3.0375419375732e-005 0 0
 604.866358661 9.43051217368983e-005 0 0
 608.249195376 0.000117985531095725 0 0
 611.631612913 6.33017339990796e-005 0 0
 615.01359974 0.000142061932725985 0 0
 618.395144325 6.2760273344562e-005 0 0
 621.776235136 3.67321866027918e-005 0 0
 625.156860641 7.33135605606701e-005 0 0
 628.537009308 0.000131775395970534 0 0
 631.916669605 0.00010430823754356 0 0
 635.29583 4.74737133339463e-005 0 0
 638.674478961 3.23854273527929e-005 0 0
 642.052604956 0.000149179917437253 0 0
 645.430196453 0.000150538839115758 0 0
 648.80724192 5.20998031601644e-005 0 0
 652.183729825 0.000101848543694251 0 0
 655.559648636 7.02125104574294e-005 0 0
 658.934986821 0.000139242089853177 0 0
 662.309732848 0.000175149968118205 0 0
 665.683875185 7.19666733142755e-005 0 0
 669.0574023 0.00013314052264713 0 0
 672.430302661 0.000173833623729356 0 0
 675.802564736 7.21966739629602e-005 0 0
 679.174176993 3.66171673556185e-005 0 0
 682.5451279 -5.39163935762766e-006 0 0
 685.915405925 9.04799002061394e-005 0 0
 689.284999536 8.79680599333322e-005 0 0
 692.653897201 3.01932316662913e-005 0 0
 696.022087388 0.000158166518722037 0 0
 699.389558565 0.000135383303098831 0 0
 702.7562992 -3.55297498694685e-005 0 0
 706.122297761 0.000252823769591382 0 0
 709.487542716 0.000182148954049118 0 0
 712.852022533 0.000136793258680282 0 0
 716.21572568 0.000125093288896811 0 0
 719.578640625 8.25823876079213e-005 0 0
 722.940755836 0.000113670209518721 0 0
 726.302059781 4.47481751600765e-005 0 0
 729.662540928 0.000111687286787231 0 0
 733.022187745 7.19799476162388e-005 0 0
 736.3809887 0.00025787908022936 0 0
 739.738932261 0.00022772293537583 0 0
 743.096006896 0.000248826893224581 0 0
 746.452201073 0.000135971896181555 0 0
 749.80750326 -2.14295275916228e-005 0 0
 753.161901925 0.000266433947769299 0 0
 756.515385536 0.000479864260791267 0 0
 759.867942561 0.000135833513526155 0 0
 763.219561468 0.000187467862829263 0 0
 766.570230725 0.000209235415596234 0 0
 769.9199388 0.000125241062604976 0 0
 773.268674161 0.000203047801610728 0 0
 776.616425276 0.000267374611118715 0 0
 779.963180613 0.000196262782306661 0 0
 783.30892864 0.000202981480611462 0 0
 786.653657825 0.000166010577476511 0 0
 789.997356636 0.000513530641917545 0 0
 793.340013541 0.000369428165416583 0 0
 796.681617008 0.000451755830104278 0 0
 800.022155505 0.000575460003759119 0 0
 803.3616175 0.000497371983994767 0 0
 806.699991461 0.000455985807019656 0 0
 810.037265856 0.000529636144671038 0 0
 813.373429153 0.000187567848411728 0 0
 816.70846982 0.000395005944411377 0 0
 820.042376325 0.000306197159871275 0 0
 823.375137136 0.000369748387903453 0 0
 826.706740721 0.000206205279639823 0 0
 830.037175548 0.000451503922723497 0 0
 833.366430085 0.000552947717255918 0 0
 836.6944928 0.000716038181155175 0 0
 840.021352161 0.000617628656950928 0 0
 843.346996636 0.000603311505270279 0 0
 846.671414693 0.000745546840588573 0 0
 849.9945948 0.00060666805511138 0 0
 853.316525425 0.000569983982492456 0 0
 856.637195036 0.000861548465003765 0 0
 859.956592101 0.00107628901344828 0 0
 863.274705088 0.00100882618165342 0 0
 866.591522465 0.00109478577012138 0 0
 869.9070327 0.00155941321490461 0 0
 873.221224261 0.00136029124394146 0 0
 876.534085616 0.00132189121754996 0 0
 879.845605233 0.00162920400226335 0 0
 883.15577158 0.00111657510316795 0 0
 886.464573125 0.00153316030936236 0 0
 889.771998336 0.0012907540109586 0 0
 893.078035681 0.00166576012309412 0 0
 896.382673628 0.00158000409459671 0 0
 899.685900645 0.0018803317476769 0 0
 902.9877052 0.00178861608219279 0 0
 906.288075761 0.00114133066832583 0 0
 909.587000796 0.00146487858673968 0 0
 912.884468773 0.00222748526316356 0 0
 916.18046816 0.0021739392860223 0 0
 919.474987425 0.00167927186785422 0 0
 922.768015036 0.00106432715889256 0 0
 926.059539461 0.00131212943993745 0 0
 929.349549168 0.00153480521176635 0 0
 932.638032625 0.00177251180519899 0 0
 935.9249783 0.002559021595 0 0
 939.210374661 0.0012601451021158 0 0
 942.494210176 0.00264920296440755 0 0
 945.776473313 0.00180328453044972 0 0
 949.05715254 0.0020360781045764 0 0
 952.336236325 0.00241244134206158 0 0
 955.613713136 0 0 0
 958.889571441 0 0 0
 962.163799708 0 0 0
 965.436386405 0 0 0
 968.70732 0 0 0
 971.976588961 0 0 0
 975.244181756 0 0 0
 978.510086853 0 0 0
 981.77429272 0 0 0
 985.036787825 0 0 0
 988.297560636 0 0 0
 991.556599621 0 0 0
 994.813893248 0 0 0
 998.069429985 0 0 0
 1001.3231983 0 0 0
 1004.575186661 0 0 0
 1007.825383536 0 0 0
 1011.073777393 0 0 0
 1014.3203567 0 0 0
 1017.565109925 0 0 0
 1020.808025536 0 0 0
 1024.049092001 0 0 0
 1027.288297788 0 0 0
 1030.525631365 0 0 0
 1033.7610812 0 0 0
 1036.994635761 0 0 0
 1040.226283516 0 0 0
 1043.456012933 0 0 0
 1046.68381248 0 0 0
 1049.909670625 0 0 0
 1053.133575836 0 0 0
 1056.355516581 0 0 0
 1059.575481328 0 0 0
 1062.793458545 0 0 0
 1066.0094367 0 0 0
 1069.223404261 0 0 0
 1072.435349696 0 0 0
 1075.645261473 0 0 0
 1078.85312806 0 0 0
 1082.058937925 0 0 0
 1085.262679536 0 0 0
 1088.464341361 0 0 0
 1091.663911868 0 0 0
 1094.861379525 0 0 0
 1098.0567328 0 0 0
 1101.249960161 0 0 0
 1104.441050076 0 0 0
 1107.629991013 0 0 0
 1110.81677144 0 0 0
 1114.001379825 0 0 0
 1117.183804636 0 0 0
 1120.364034341 0 0 0
 1123.542057408 0 0 0
 1126.717862305 0 0 0
 1129.8914375 0 0 0
 1133.062771461 0 0 0
 1136.231852656 0 0 0
 1139.398669553 0 0 0
 1142.56321062 0 0 0
 1145.725464325 0 0 0
 1148.885419136 0 0 0
[END] of [DATA]
[END] of [Spectrum]

