
#TBID:2021-07-07 02:30:00;SAM_84DC;CALIBRATED;

[Spectrum]
Version            = 1
IDData             = 96B1_2021-07-07_02-30-00_000_216
IDDevice           = SAM_84DC
IDDataType         = SPECTRUM
IDDataTypeSub1     = CALIBRATED
IDDataTypeSub2     = 
IDDataTypeSub3     = 
DateTime           = 2021-07-07 02:30:00
PositionLatitude   = 0
PositionLongitude  = 0
Comment            = 
CommentSub1        = 
CommentSub2        = 
CommentSub3        = 
IDMethodType       = SAM Control
MethodName         = SAM_84DC
Mission            = No Mission
MissionSub         = 1
RecordType         = 0
[Attributes]
CalFactor = 1
IDBasisSpec = 
IDDataBack = DLAB_2015-08-21_13-19-54_137_939
IDDataCal = DLAB_2015-08-24_10-46-55_592_608
IntegrationTime = 4096
P31 = -1
P31e = 0
PathLength = +INF
PathLengthCustomOn = 0
RAWDynamic = 65535
Salinity = 0
Temperature = -NAN
Unit1 = $01 $01 Wavelength nm
Unit2 = $03 $03 Intensity mW/(m^2 nm Sr)
Unit3 = $f0 $03 Error mW/(m^2 nm Sr)
Unit4 = $f1 $00 Status 
p999 = 220
[END] of [Attributes]
[DATA]
 0 11 0 0
 305.71650776488 0 0 0
 309.04007505697 0 0 0
 312.36416914304 0 0 0
 315.68877841375 0 0 0
 319.01389125976 -0.000942623689896942 0 0
 322.33949607173 -0.000858237911988291 0 0
 325.66558124032 -0.000568730898005939 0 0
 328.99213515619 -0.000546280229018067 0 0
 332.31914621 -0.000547977831430581 0 0
 335.64660279241 -0.000507547288035113 0 0
 338.97449329408 -0.000588882051966664 0 0
 342.30280610567 -0.000402928480846511 0 0
 345.63152961784 -0.000405508478383387 0 0
 348.96065222125 -0.000207036258456281 0 0
 352.29016230656 -0.000264336781491185 0 0
 355.62004826443 -0.000334531904451471 0 0
 358.95029848552 -0.000343042967426723 0 0
 362.28090136049 -0.000180978078918225 0 0
 365.61184528 -0.000240322347346095 0 0
 368.94311863471 -0.000145417436020555 0 0
 372.27470981528 -0.000300246673294461 0 0
 375.60660721237 -0.000170122208503893 0 0
 378.93879921664 -5.27091677513401e-006 0 0
 382.27127421875 -4.42111551821699e-005 0 0
 385.60402060936 -8.61474960246952e-005 0 0
 388.93702677913 2.15069300836881e-005 0 0
 392.27028111872 -0.000118576545385309 0 0
 395.60377201879 1.25168508830925e-005 0 0
 398.93748787 -8.75432292272476e-005 0 0
 402.27141706301 -9.16471882211555e-006 0 0
 405.60554798848 -7.10199411234839e-005 0 0
 408.93986903707 -0.000107499626610846 0 0
 412.27436859944 -2.02263539325406e-005 0 0
 415.60903506625 -6.23402080739827e-005 0 0
 418.94385682816 -4.6035148133847e-005 0 0
 422.27882227583 -5.14979086103297e-005 0 0
 425.61391979992 -0.00010437243968509 0 0
 428.94913779109 -7.57329125434984e-005 0 0
 432.28446464 -1.16069772437158e-005 0 0
 435.61988873731 1.57325810516661e-005 0 0
 438.95539847368 -5.69528677032876e-005 0 0
 442.29098223977 -4.32100155667067e-005 0 0
 445.62662842624 -4.87132200069482e-005 0 0
 448.96232542375 1.82354829479531e-006 0 0
 452.29806162296 -6.66790799564854e-006 0 0
 455.63382541453 -7.72383757190992e-005 0 0
 458.96960518912 -0.000110707014534642 0 0
 462.30538933739 -7.17415232798335e-005 0 0
 465.64116625 -5.75814549871144e-005 0 0
 468.97692431761 -4.82976093347899e-005 0 0
 472.31265193088 -8.67980642806097e-005 0 0
 475.64833748047 -9.88336507402818e-005 0 0
 478.98396935704 -6.44089235779847e-005 0 0
 482.31953595125 -8.0109656583783e-005 0 0
 485.65502565376 -8.76588875476231e-006 0 0
 488.99042685523 -8.35667320172435e-005 0 0
 492.32572794632 -7.26226426016691e-005 0 0
 495.66091731769 -1.60240900710035e-005 0 0
 498.99598336 -0.000100410473796276 0 0
 502.33091446391 -3.72589196045289e-005 0 0
 505.66569902008 -3.43353546654573e-005 0 0
 509.00032541917 -0.000113530245757453 0 0
 512.33478205184 -5.74050425708413e-005 0 0
 515.66905730875 -9.38844753220956e-005 0 0
 519.00313958056 -9.5746616346018e-005 0 0
 522.33701725793 -7.17517385709343e-005 0 0
 525.67067873152 -4.37862720891719e-005 0 0
 529.00411239199 -0.000101340014296267 0 0
 532.33730663 3.22681212368288e-005 0 0
 535.67024983621 -8.0186017608368e-005 0 0
 539.00293040128 -4.20516296880591e-005 0 0
 542.33533671587 -0.000119378406661641 0 0
 545.66745717064 -8.50341158961332e-005 0 0
 548.99928015625 -8.57661623594079e-006 0 0
 552.33079406336 -6.14859722217469e-005 0 0
 555.66198728263 -1.89524886450165e-005 0 0
 558.99284820472 1.1591768744435e-005 0 0
 562.32336522029 -4.18558979095582e-005 0 0
 565.65352672 -1.10569995581268e-005 0 0
 568.98332109451 -2.60314533347074e-005 0 0
 572.31273673448 -6.4076791601397e-005 0 0
 575.64176203057 -9.59322996986487e-005 0 0
 578.97038537344 -4.43732830269608e-005 0 0
 582.29859515375 -6.3777472759951e-005 0 0
 585.62637976216 -1.72009399738289e-005 0 0
 588.95372758933 -4.55437906255557e-005 0 0
 592.28062702592 -7.35932972589829e-005 0 0
 595.60706646259 -0.000118561751119411 0 0
 598.93303429 -0.000131752003930319 0 0
 602.25851889881 -0.000147168741745208 0 0
 605.58350867968 -7.35858250383861e-005 0 0
 608.90799202327 -0.000216560823829846 0 0
 612.23195732024 -0.000193468331444656 0 0
 615.55539296125 -0.000135845563148582 0 0
 618.87828733696 -0.000228324838468451 0 0
 622.20062883803 -0.000188230361977284 0 0
 625.52240585512 -0.000195408719674267 0 0
 628.84360677889 -0.000262056466444576 0 0
 632.16422 -0.000221525610387912 0 0
 635.48423390911 -0.000154196868300107 0 0
 638.80363689688 -0.000138425469070944 0 0
 642.12241735397 -0.00020561781847688 0 0
 645.44056367104 -0.000158587745999555 0 0
 648.75806423875 -0.000177559857093966 0 0
 652.07490744776 -0.000152658162564287 0 0
 655.39108168873 -0.000274390637986295 0 0
 658.70657535232 -0.000205131591714328 0 0
 662.02137682919 -9.83051912637425e-005 0 0
 665.33547451 -7.56650668251999e-005 0 0
 668.64885678541 -0.000201076384779196 0 0
 671.96151204608 -8.92335340762265e-005 0 0
 675.27342868267 -0.000220358794860778 0 0
 678.58459508584 -9.48053464168291e-005 0 0
 681.89499964625 -0.000223204379756952 0 0
 685.20463075456 -0.000156785418985993 0 0
 688.51347680143 -0.000242060064955641 0 0
 691.82152617752 -0.000138939607838177 0 0
 695.12876727349 -0.000153911564592499 0 0
 698.43518848 -0.000109472380414988 0 0
 701.74077818771 -6.25494564271796e-005 0 0
 705.04552478728 -0.000292684761583252 0 0
 708.34941666937 -0.000184960080236242 0 0
 711.65244222464 -6.64097656354691e-005 0 0
 714.95458984375 -8.75095802428363e-005 0 0
 718.25584791736 -0.000231160018993948 0 0
 721.55620483613 -0.000232258572626923 0 0
 724.85564899072 -3.88166713959991e-005 0 0
 728.15416877179 -0.000139401654873176 0 0
 731.45175257 -6.13803080081101e-005 0 0
 734.74838877601 -0.000171669350204893 0 0
 738.04406578048 -0.000220741520605422 0 0
 741.33877197407 -0.000104997323965156 0 0
 744.63249574744 -0.000132538560082002 0 0
 747.92522549125 -9.37910985298685e-005 0 0
 751.21694959616 -8.56394048542564e-005 0 0
 754.50765645283 -0.000151665855505939 0 0
 757.79733445192 -0.00018107899436799 0 0
 761.08597198409 -0.00015724893396726 0 0
 764.37355744 -4.49185506770068e-005 0 0
 767.66007921031 -9.90970176495079e-005 0 0
 770.94552568568 -0.000163885252031666 0 0
 774.22988525677 -0.000118452420563788 0 0
 777.51314631424 -0.00024233071888523 0 0
 780.79529724875 -6.30511211645286e-005 0 0
 784.07632645096 -0.000161360026343432 0 0
 787.35622231153 -0.000247989683703608 0 0
 790.63497322112 -0.000148733306255574 0 0
 793.91256757039 -0.000155625551448093 0 0
 797.18899375 -0.000387436519970674 0 0
 800.46424015061 -0.00012515763462369 0 0
 803.73829516288 -0.000120387002308608 0 0
 807.01114717747 -0.000337520953880964 0 0
 810.28278458504 -0.000310801148097463 0 0
 813.55319577625 -0.00024272941098627 0 0
 816.82236914176 -0.000156236362771647 0 0
 820.09029307223 -0.000223239328106447 0 0
 823.35695595832 -0.00041392363680283 0 0
 826.62234619069 -0.000594834568995819 0 0
 829.88645216 -0.000139702799054787 0 0
 833.14926225691 -0.000305018991426162 0 0
 836.41076487208 -0.000507600709570515 0 0
 839.67094839617 6.75368016617458e-006 0 0
 842.92980121984 -0.000430322372956557 0 0
 846.18731173375 -0.000495615669629127 0 0
 849.44346832856 -0.00064924995429874 0 0
 852.69825939493 -0.000142337007969713 0 0
 855.95167332352 -0.000368234118502134 0 0
 859.20369850499 -0.0006555034269575 0 0
 862.45432333 -0.000500735365666739 0 0
 865.70353618921 -0.000527544094925828 0 0
 868.95132547328 -0.000174688541279272 0 0
 872.19767957287 -0.000319379447977559 0 0
 875.44258687864 -0.000644098088671827 0 0
 878.68603578125 -0.000543277068663486 0 0
 881.92801467136 -0.000554205761584407 0 0
 885.16851193963 -0.000620283148323061 0 0
 888.40751597672 -0.000384326641370313 0 0
 891.64501517329 -0.000885276617280099 0 0
 894.88099792 -0.00063184321809415 0 0
 898.11545260751 -0.000793969158954214 0 0
 901.34836762648 -0.000338934108688935 0 0
 904.57973136757 -0.000396502498457196 0 0
 907.80953222144 -0.000612345111858033 0 0
 911.03775857875 -0.000808219280724769 0 0
 914.26439883016 -0.000856972943183224 0 0
 917.48944136633 -0.000947951778096344 0 0
 920.71287457792 -0.000698544239841424 0 0
 923.93468685559 -0.000328941896246574 0 0
 927.15486659 -0.00052891914794523 0 0
 930.37340217181 -8.54780302758281e-005 0 0
 933.59028199168 -0.000361857002460835 0 0
 936.80549444027 -0.0010969624336197 0 0
 940.01902790824 -0.00108873654736055 0 0
 943.23087078625 -0.000595176969323063 0 0
 946.44101146496 -0.000664438210634503 0 0
 949.64943833503 -0.00128156088668893 0 0
 952.85613978712 -0.00178059205084888 0 0
 956.06110421189 0 0 0
 959.26432 0 0 0
 962.46577554211 0 0 0
 965.66545922888 0 0 0
 968.86335945097 0 0 0
 972.05946459904 0 0 0
 975.25376306375 0 0 0
 978.44624323576 0 0 0
 981.63689350573 0 0 0
 984.82570226432 0 0 0
 988.01265790219 0 0 0
 991.19774881 0 0 0
 994.38096337841 0 0 0
 997.56228999808 0 0 0
 1000.74171705967 0 0 0
 1003.91923295384 0 0 0
 1007.09482607125 0 0 0
 1010.26848480256 0 0 0
 1013.44019753843 0 0 0
 1016.60995266952 0 0 0
 1019.77773858649 0 0 0
 1022.94354368 0 0 0
 1026.10735634071 0 0 0
 1029.26916495928 0 0 0
 1032.42895792637 0 0 0
 1035.58672363264 0 0 0
 1038.74245046875 0 0 0
 1041.89612682536 0 0 0
 1045.04774109313 0 0 0
 1048.19728166272 0 0 0
 1051.34473692479 0 0 0
 1054.49009527 0 0 0
 1057.63334508901 0 0 0
 1060.77447477248 0 0 0
 1063.91347271107 0 0 0
 1067.05032729544 0 0 0
 1070.18502691625 0 0 0
 1073.31755996416 0 0 0
 1076.44791482983 0 0 0
 1079.57607990392 0 0 0
 1082.70204357709 0 0 0
 1085.82579424 0 0 0
 1088.94732028331 0 0 0
 1092.06661009768 0 0 0
 1095.18365207377 0 0 0
 1098.29843460224 0 0 0
 1101.41094607375 0 0 0
 1104.52117487896 0 0 0
 1107.62910940853 0 0 0
 1110.73473805312 0 0 0
 1113.83804920339 0 0 0
 1116.93903125 0 0 0
 1120.03767258361 0 0 0
 1123.13396159488 0 0 0
 1126.22788667447 0 0 0
 1129.31943621304 0 0 0
 1132.40859860125 0 0 0
 1135.49536222976 0 0 0
[END] of [DATA]
[END] of [Spectrum]


#TBID:2021-07-07 03:00:00;SAM_84CE;RAW;

[Spectrum]
Version            = 1
IDData             = 96B1_2021-07-07_03-00-00_000_219
IDDevice           = SAM_84CE
IDDataType         = SPECTRUM
IDDataTypeSub1     = RAW
IDDataTypeSub2     = 
IDDataTypeSub3     = 
DateTime           = 2021-07-07 03:00:00
PositionLatitude   = 0
PositionLongitude  = 0
Comment            = 
CommentSub1        = 
CommentSub2        = 
CommentSub3        = 
IDMethodType       = SAM Control
MethodName         = SAM_84CE
Mission            = No Mission
MissionSub         = 1
RecordType         = 0
[Attributes]
CalFactor = 1
IDBasisSpec = 
IDDataBack = DLAB_2015-08-21_11-56-43_233_004
IDDataCal = DLAB_2015-08-26_10-05-37_585_478
IntegrationTime = 4096
P31 = -1
P31e = 0
PathLength = +INF
PathLengthCustomOn = 0
RAWDynamic = 65535
Salinity = 0
Temperature = -NAN
Unit1 = $05 $00 Pixel 
Unit2 = $03 $05 Intensity counts
Unit3 = $f0 $05 Error counts
Unit4 = $f1 $00 Status 
p999 = 221
[END] of [Attributes]
[DATA]
 0 11 0 0
 1 1680 0 0
 2 1682 0 0
 3 1682 0 0
 4 1690 0 0
 5 1692 0 0
 6 1692 0 0
 7 1691 0 0
 8 1689 0 0
 9 1702 0 0
 10 1699 0 0
 11 1705 0 0
 12 1702 0 0
 13 1702 0 0
 14 1706 0 0
 15 1704 0 0
 16 1707 0 0
 17 1699 0 0
 18 1707 0 0
 19 1698 0 0
 20 1714 0 0
 21 1715 0 0
 22 1709 0 0
 23 1721 0 0
 24 1716 0 0
 25 1715 0 0
 26 1721 0 0
 27 1722 0 0
 28 1716 0 0
 29 1712 0 0
 30 1713 0 0
 31 1720 0 0
 32 1715 0 0
 33 1710 0 0
 34 1707 0 0
 35 1705 0 0
 36 1719 0 0
 37 1710 0 0
 38 1713 0 0
 39 1716 0 0
 40 1716 0 0
 41 1716 0 0
 42 1712 0 0
 43 1716 0 0
 44 1705 0 0
 45 1706 0 0
 46 1718 0 0
 47 1722 0 0
 48 1718 0 0
 49 1705 0 0
 50 1714 0 0
 51 1710 0 0
 52 1710 0 0
 53 1713 0 0
 54 1716 0 0
 55 1709 0 0
 56 1713 0 0
 57 1710 0 0
 58 1711 0 0
 59 1712 0 0
 60 1707 0 0
 61 1715 0 0
 62 1718 0 0
 63 1710 0 0
 64 1712 0 0
 65 1712 0 0
 66 1719 0 0
 67 1709 0 0
 68 1716 0 0
 69 1707 0 0
 70 1701 0 0
 71 1707 0 0
 72 1712 0 0
 73 1714 0 0
 74 1713 0 0
 75 1710 0 0
 76 1718 0 0
 77 1710 0 0
 78 1712 0 0
 79 1713 0 0
 80 1718 0 0
 81 1716 0 0
 82 1707 0 0
 83 1713 0 0
 84 1709 0 0
 85 1704 0 0
 86 1716 0 0
 87 1714 0 0
 88 1713 0 0
 89 1710 0 0
 90 1719 0 0
 91 1720 0 0
 92 1719 0 0
 93 1716 0 0
 94 1714 0 0
 95 1711 0 0
 96 1711 0 0
 97 1720 0 0
 98 1722 0 0
 99 1715 0 0
 100 1717 0 0
 101 1718 0 0
 102 1719 0 0
 103 1713 0 0
 104 1715 0 0
 105 1716 0 0
 106 1720 0 0
 107 1711 0 0
 108 1710 0 0
 109 1721 0 0
 110 1713 0 0
 111 1725 0 0
 112 1716 0 0
 113 1712 0 0
 114 1720 0 0
 115 1716 0 0
 116 1713 0 0
 117 1716 0 0
 118 1715 0 0
 119 1718 0 0
 120 1716 0 0
 121 1712 0 0
 122 1721 0 0
 123 1716 0 0
 124 1716 0 0
 125 1720 0 0
 126 1721 0 0
 127 1719 0 0
 128 1718 0 0
 129 1715 0 0
 130 1713 0 0
 131 1721 0 0
 132 1714 0 0
 133 1719 0 0
 134 1722 0 0
 135 1719 0 0
 136 1714 0 0
 137 1716 0 0
 138 1714 0 0
 139 1718 0 0
 140 1710 0 0
 141 1718 0 0
 142 1718 0 0
 143 1718 0 0
 144 1709 0 0
 145 1724 0 0
 146 1723 0 0
 147 1710 0 0
 148 1721 0 0
 149 1710 0 0
 150 1714 0 0
 151 1718 0 0
 152 1714 0 0
 153 1717 0 0
 154 1716 0 0
 155 1716 0 0
 156 1720 0 0
 157 1718 0 0
 158 1713 0 0
 159 1720 0 0
 160 1721 0 0
 161 1720 0 0
 162 1717 0 0
 163 1716 0 0
 164 1716 0 0
 165 1712 0 0
 166 1715 0 0
 167 1721 0 0
 168 1716 0 0
 169 1724 0 0
 170 1720 0 0
 171 1720 0 0
 172 1723 0 0
 173 1716 0 0
 174 1712 0 0
 175 1720 0 0
 176 1715 0 0
 177 1722 0 0
 178 1724 0 0
 179 1716 0 0
 180 1720 0 0
 181 1720 0 0
 182 1720 0 0
 183 1715 0 0
 184 1710 0 0
 185 1716 0 0
 186 1717 0 0
 187 1724 0 0
 188 1721 0 0
 189 1713 0 0
 190 1718 0 0
 191 1718 0 0
 192 1712 0 0
 193 1714 0 0
 194 1716 0 0
 195 1715 0 0
 196 1714 0 0
 197 1715 0 0
 198 1717 0 0
 199 1717 0 0
 200 1722 0 0
 201 1724 0 0
 202 1713 0 0
 203 1716 0 0
 204 1718 0 0
 205 1718 0 0
 206 1721 0 0
 207 1722 0 0
 208 1713 0 0
 209 1718 0 0
 210 1717 0 0
 211 1712 0 0
 212 1714 0 0
 213 1715 0 0
 214 1720 0 0
 215 1727 0 0
 216 1718 0 0
 217 1716 0 0
 218 1715 0 0
 219 1715 0 0
 220 1712 0 0
 221 1711 0 0
 222 1713 0 0
 223 1713 0 0
 224 1711 0 0
 225 1713 0 0
 226 1716 0 0
 227 1719 0 0
 228 1715 0 0
 229 1728 0 0
 230 1721 0 0
 231 1715 0 0
 232 1718 0 0
 233 1716 0 0
 234 1713 0 0
 235 1722 0 0
 236 1710 0 0
 237 1718 0 0
 238 1713 0 0
 239 1713 0 0
 240 1716 0 0
 241 1717 0 0
 242 1710 0 0
 243 1713 0 0
 244 1716 0 0
 245 1712 0 0
 246 1704 0 0
 247 1714 0 0
 248 1707 0 0
 249 1712 0 0
 250 1702 0 0
 251 1702 0 0
 252 1694 0 0
 253 1688 0 0
 254 1685 0 0
 255 1742 0 0
[END] of [DATA]
[END] of [Spectrum]


#TBID:2021-07-07 03:00:00;SAM_84CE;CALIBRATED;

[Spectrum]
Version            = 1
IDData             = 96B1_2021-07-07_03-00-00_000_220
IDDevice           = SAM_84CE
IDDataType         = SPECTRUM
IDDataTypeSub1     = CALIBRATED
IDDataTypeSub2     = 
IDDataTypeSub3     = 
DateTime           = 2021-07-07 03:00:00
PositionLatitude   = 0
PositionLongitude  = 0
Comment            = 
CommentSub1        = 
CommentSub2        = 
CommentSub3        = 
IDMethodType       = SAM Control
MethodName         = SAM_84CE
Mission            = No Mission
MissionSub         = 1
RecordType         = 0
[Attributes]
CalFactor = 1
IDBasisSpec = 
IDDataBack = DLAB_2015-08-21_11-56-43_233_004
IDDataCal = DLAB_2015-08-26_10-05-37_585_478
IntegrationTime = 4096
P31 = -1
P31e = 0
PathLength = +INF
PathLengthCustomOn = 0
RAWDynamic = 65535
Salinity = 0
Temperature = -NAN
Unit1 = $01 $01 Wavelength nm
Unit2 = $03 $06 Intensity mW/(m^2 nm)
Unit3 = $f0 $06 Error mW/(m^2 nm)
Unit4 = $f1 $00 Status 
p999 = 221
[END] of [Attributes]
[DATA]
 0 11 0 0
 303.485180022 0 0 0
 306.85638880275 0 0 0
 310.228324544 0 0 0
 313.60097308125 0 0 0
 316.97432025 -0.0028040612230865 0 0
 320.34835188575 0.000147059256754463 0 0
 323.723053824 0.000611412569474846 0 0
 327.09841190025 -0.000840004692490452 0 0
 330.47441195 0.00131653764319432 0 0
 333.85103980875 0.0012015209922901 0 0
 337.228281312 0.0021841159372798 0 0
 340.60612229525 0.00112289311209824 0 0
 343.984548594 0.00111064660502463 0 0
 347.36354604375 0.000648679119293348 0 0
 350.74310048 0.00206539929995494 0 0
 354.12319773825 0.00213815990234273 0 0
 357.503823654 0.00127516145702086 0 0
 360.88496406275 0.00184192676165257 0 0
 364.2666048 0.00128088502472555 0 0
 367.64873170125 0.00228982681070511 0 0
 371.031330602 0.00310258644062929 0 0
 374.41438733775 0.00247636891769589 0 0
 377.797887744 0.00228403617153435 0 0
 381.18181765625 0.00319069614954584 0 0
 384.56616291 0.00298042868413695 0 0
 387.95090934075 0.00325251250215305 0 0
 391.336042784 0.00312381330435811 0 0
 394.72154907525 0.00428845491049635 0 0
 398.10741405 0.00290259755291905 0 0
 401.49362354375 0.00286595747800789 0 0
 404.880163392 0.00251689897114242 0 0
 408.26701943025 0.00216223697774484 0 0
 411.654177494 0.00178455875552395 0 0
 415.04162341875 0.00164221938368841 0 0
 418.42934304 0.0015773086852414 0 0
 421.81732219325 0.00215750716172936 0 0
 425.205546714 0.0021564831734551 0 0
 428.59400243775 0.00112499645734799 0 0
 431.9826752 0.00185197425349443 0 0
 435.37155083625 0.00171264972714608 0 0
 438.760615182 0.00187161867061755 0 0
 442.14985407275 0.0011769858443876 0 0
 445.539253344 0.00170158776248166 0 0
 448.92879883125 0.00119840836877978 0 0
 452.31847637 0.001374131527767 0 0
 455.70827179575 0.00153232448516402 0 0
 459.098170944 0.00166423198865973 0 0
 462.48815965025 0.00201945223013523 0 0
 465.87822375 0.000494316965919919 0 0
 469.26834907875 0.00136913534897415 0 0
 472.658521472 0.0017547423783298 0 0
 476.04872676525 0.00180920197546288 0 0
 479.438950794 0.0013389931058737 0 0
 482.82917939375 0.00137386630679077 0 0
 486.2193984 0.00153817220302149 0 0
 489.60959364825 0.0021696996350212 0 0
 492.999750974 0.00168892278353183 0 0
 496.38985621275 0.00117471775584801 0 0
 499.7798952 0.00173447966650494 0 0
 503.16985377125 0.00163150875779561 0 0
 506.559717762 0.00206327265548859 0 0
 509.94947300775 0.00141867238836073 0 0
 513.339105344 0.000874442033906399 0 0
 516.72860060625 0.00126554315344125 0 0
 520.11794463 0.00163217469428852 0 0
 523.50712325075 0.00131664638109179 0 0
 526.896122304 0.000901056538935765 0 0
 530.28492762525 0.00143501735447979 0 0
 533.67352505 0.00135221995471145 0 0
 537.06190041375 0.00136884268146736 0 0
 540.450039552 0.0011708685942741 0 0
 543.83792830025 0.00121190510793096 0 0
 547.225552494 0.00119936543940231 0 0
 550.61289796875 0.00152182163160532 0 0
 553.99995056 0.000981722568937243 0 0
 557.38669610325 0.000975320535992783 0 0
 560.773120434 0.0011655780464708 0 0
 564.15920938775 0.0017781816737133 0 0
 567.5449488 0.0011401063982749 0 0
 570.93032450625 0.0015661755986676 0 0
 574.315322342 0.00125809209079198 0 0
 577.69992814275 0.000826680308129383 0 0
 581.084127744 0.00186809556134537 0 0
 584.46790698125 0.00127958009088198 0 0
 587.85125169 0.000531371261016562 0 0
 591.23414770575 0.00189752406015384 0 0
 594.616580864 0.00149020540513176 0 0
 597.99853700025 0.00172549851624152 0 0
 601.38000195 0.00129600701262387 0 0
 604.76096154875 0.00152156633497318 0 0
 608.141401632 0.00189359763691685 0 0
 611.52130803525 0.00201689360975004 0 0
 614.900666594 0.000825604449523763 0 0
 618.27946314375 0.00170427919397511 0 0
 621.65768352 0.00181516668261955 0 0
 625.03531355825 0.00183980655300836 0 0
 628.412339094 0.00222476484706415 0 0
 631.78874596275 0.00200449026799967 0 0
 635.16452 0.00113221497027843 0 0
 638.53964704125 0.00170209848086534 0 0
 641.914112922 0.0026730303194187 0 0
 645.28790347775 0.00233867249444434 0 0
 648.661004544 0.000921572923019757 0 0
 652.03340195625 0.00206331642003894 0 0
 655.40508155 0.00130102602089567 0 0
 658.77602916075 0.00269804972221695 0 0
 662.146230624 0.00150570812292472 0 0
 665.51567177525 0.00133846483785281 0 0
 668.88433845 0.00169208968800991 0 0
 672.25221648375 0.00181560821789718 0 0
 675.619291712 0.00233792406127474 0 0
 678.98554997025 0.00184926999682525 0 0
 682.350977094 0.00192178142309936 0 0
 685.71555891875 0.00256763516172147 0 0
 689.07928128 0.00235518995623962 0 0
 692.44213001325 0.00239657575502997 0 0
 695.804090954 0.00144260515425924 0 0
 699.16514993775 0.00174573559226636 0 0
 702.5252928 0.00221861749953249 0 0
 705.88450537625 0.00159960083374507 0 0
 709.242773502 0.00155203186092056 0 0
 712.60008301275 0.00269407519588686 0 0
 715.956419744 0.00252326776067305 0 0
 719.31176953125 0.00230685127914978 0 0
 722.66611821 0.00348034107570251 0 0
 726.01945161575 0.00197929193021961 0 0
 729.371755584 0.00350936331397205 0 0
 732.72301595025 0.0025892776228405 0 0
 736.07321855 0.00230322130994717 0 0
 739.42234921875 0.00262815345070298 0 0
 742.770393792 0.00168970152685261 0 0
 746.11733810525 0.00225624508853472 0 0
 749.463167994 0.00331762700025302 0 0
 752.80786929375 0.003960251952548 0 0
 756.15142784 0.00297530287168022 0 0
 759.49382946825 0.00216327130478733 0 0
 762.835060014 0.0012039454843707 0 0
 766.17510531275 0.00387247413724619 0 0
 769.5139512 0.00196863483870634 0 0
 772.85158351125 0.00228412250120149 0 0
 776.187988082 0.00309585897737505 0 0
 779.52315074775 0.00391442807298123 0 0
 782.857057344 0.00354037000030206 0 0
 786.18969370625 0.000782571347135063 0 0
 789.52104567 0.00269316777583666 0 0
 792.85109907075 0.00371936241957326 0 0
 796.179839744 0.00321953546503824 0 0
 799.50725352525 0.00419281836165234 0 0
 802.83332625 0.00209008357765366 0 0
 806.15804375375 0.00390457808834641 0 0
 809.481391872 0.00587020793314317 0 0
 812.80335644025 0.00427069180931509 0 0
 816.123923294 0.00340435244796268 0 0
 819.44307826875 0.00402793652404 0 0
 822.7608072 0.00439952422753618 0 0
 826.07709592325 0.00677959194832326 0 0
 829.391930274 0.00479418845767326 0 0
 832.70529608775 0.0055933182514512 0 0
 836.0171792 0.00612309929087983 0 0
 839.32756544625 0.00639060791068664 0 0
 842.636440662 0.00516492307294483 0 0
 845.94379068275 0.00490440168213209 0 0
 849.249601344 0.00509008389303935 0 0
 852.55385848125 0.00491795276989613 0 0
 855.85654793 0.00440558155296099 0 0
 859.15765552575 0.00726306600070075 0 0
 862.457167104 0.0101789028253176 0 0
 865.75506850025 0.00744866841421523 0 0
 869.05134555 0.0109028090148754 0 0
 872.34598408875 0.00740312608797081 0 0
 875.638969952 0.00668118749033731 0 0
 878.93028897525 0.0122182918219873 0 0
 882.219926994 0.00720481946774712 0 0
 885.50786984375 0.00753340206414578 0 0
 888.79410336 0.0105917608115631 0 0
 892.07861337825 0.00640223576043258 0 0
 895.361385734 0.0136569533249134 0 0
 898.64240626275 0.013101579807296 0 0
 901.9216608 0.00638146256038686 0 0
 905.19913518125 0.00997075744245771 0 0
 908.474815242 0.0123242417151578 0 0
 911.74868681775 0.0143701431774085 0 0
 915.020735744 0.0188532715434874 0 0
 918.29094785625 0.0105408033810668 0 0
 921.55930899 0.0112432012694898 0 0
 924.82580498075 0.00850796854328055 0 0
 928.090421664 0.0176179361453536 0 0
 931.35314487525 0.0231257574365512 0 0
 934.61396045 0.00947326339304802 0 0
 937.87285422375 0.0184484488526019 0 0
 941.129812032 0.0130716370732336 0 0
 944.38481971025 0.00846677676488263 0 0
 947.637863094 0.0121192159254662 0 0
 950.88892801875 0.0207582236698584 0 0
 954.13800032 0 0 0
 957.38506583325 0 0 0
 960.630110394 0 0 0
 963.87311983775 0 0 0
 967.11408 0 0 0
 970.35297671625 0 0 0
 973.589795822 0 0 0
 976.82452315275 0 0 0
 980.057144544 0 0 0
 983.28764583125 0 0 0
 986.51601285 0 0 0
 989.74223143575 0 0 0
 992.966287424 0 0 0
 996.18816665025 0 0 0
 999.40785495 0 0 0
 1002.62533815875 0 0 0
 1005.840602112 0 0 0
 1009.05363264525 0 0 0
 1012.264415594 0 0 0
 1015.47293679375 0 0 0
 1018.67918208 0 0 0
 1021.88313728825 0 0 0
 1025.084788254 0 0 0
 1028.28412081275 0 0 0
 1031.4811208 0 0 0
 1034.67577405125 0 0 0
 1037.868066402 0 0 0
 1041.05798368775 0 0 0
 1044.245511744 0 0 0
 1047.43063640625 0 0 0
 1050.61334351 0 0 0
 1053.79361889075 0 0 0
 1056.971448384 0 0 0
 1060.14681782525 0 0 0
 1063.31971305 0 0 0
 1066.49011989375 0 0 0
 1069.658024192 0 0 0
 1072.82341178025 0 0 0
 1075.986268494 0 0 0
 1079.14658016875 0 0 0
 1082.30433264 0 0 0
 1085.45951174325 0 0 0
 1088.612103314 0 0 0
 1091.76209318775 0 0 0
 1094.9094672 0 0 0
 1098.05421118625 0 0 0
 1101.196310982 0 0 0
 1104.33575242275 0 0 0
 1107.472521344 0 0 0
 1110.60660358125 0 0 0
 1113.73798497 0 0 0
 1116.86665134575 0 0 0
 1119.992588544 0 0 0
 1123.11578240025 0 0 0
 1126.23621875 0 0 0
 1129.35388342875 0 0 0
 1132.468762272 0 0 0
 1135.58084111525 0 0 0
 1138.690105794 0 0 0
 1141.79654214375 0 0 0
 1144.900136 0 0 0
[END] of [DATA]
[END] of [Spectrum]


#TBID:2021-07-07 03:00:00;SAM_84C8;RAW;

[Spectrum]
Version            = 1
IDData             = 96B1_2021-07-07_03-00-00_000_222
IDDevice           = SAM_84C8
IDDataType         = SPECTRUM
IDDataTypeSub1     = RAW
IDDataTypeSub2     = 
IDDataTypeSub3     = 
DateTime           = 2021-07-07 03:00:00
PositionLatitude   = 0
PositionLongitude  = 0
Comment            = 
CommentSub1        = 
CommentSub2        = 
CommentSub3        = 
IDMethodType       = SAM Control
MethodName         = SAM_84C8
Mission            = No Mission
MissionSub         = 1
RecordType         = 0
[Attributes]
CalFactor = 1
IDBasisSpec = 
IDDataBack = DLAB_2015-08-21_12-14-03_013_778
IDDataCal = DLAB_2015-08-24_11-04-47_772_747
IntegrationTime = 4096
P31 = -1
P31e = 0
PathLength = +INF
PathLengthCustomOn = 0
RAWDynamic = 65535
Salinity = 0
Temperature = -NAN
Unit1 = $05 $00 Pixel 
Unit2 = $03 $05 Intensity counts
Unit3 = $f0 $05 Error counts
Unit4 = $f1 $00 Status 
p999 = 221
[END] of [Attributes]
[DATA]
 0 11 0 0
 1 1683 0 0
 2 1675 0 0
 3 1672 0 0
 4 1677 0 0
 5 1680 0 0
 6 1677 0 0
 7 1679 0 0
 8 1678 0 0
 9 1683 0 0
 10 1676 0 0
 11 1684 0 0
 12 1686 0 0
 13 1682 0 0
 14 1681 0 0
 15 1688 0 0
 16 1692 0 0
 17 1691 0 0
 18 1688 0 0
 19 1692 0 0
 20 1694 0 0
 21 1695 0 0
 22 1698 0 0
 23 1704 0 0
 24 1702 0 0
 25 1702 0 0
 26 1691 0 0
 27 1696 0 0
 28 1707 0 0
 29 1700 0 0
 30 1695 0 0
 31 1700 0 0
 32 1702 0 0
 33 1695 0 0
 34 1700 0 0
 35 1693 0 0
 36 1699 0 0
 37 1711 0 0
 38 1702 0 0
 39 1692 0 0
 40 1694 0 0
 41 1695 0 0
 42 1690 0 0
 43 1701 0 0
 44 1692 0 0
 45 1703 0 0
 46 1704 0 0
 47 1696 0 0
 48 1700 0 0
 49 1709 0 0
 50 1700 0 0
 51 1698 0 0
 52 1700 0 0
 53 1700 0 0
 54 1685 0 0
 55 1698 0 0
 56 1699 0 0
 57 1701 0 0
 58 1701 0 0
 59 1691 0 0
 60 1699 0 0
 61 1695 0 0
 62 1713 0 0
 63 1704 0 0
 64 1698 0 0
 65 1700 0 0
 66 1698 0 0
 67 1698 0 0
 68 1707 0 0
 69 1697 0 0
 70 1706 0 0
 71 1701 0 0
 72 1704 0 0
 73 1699 0 0
 74 1700 0 0
 75 1704 0 0
 76 1700 0 0
 77 1706 0 0
 78 1704 0 0
 79 1700 0 0
 80 1706 0 0
 81 1704 0 0
 82 1707 0 0
 83 1706 0 0
 84 1706 0 0
 85 1700 0 0
 86 1698 0 0
 87 1712 0 0
 88 1700 0 0
 89 1704 0 0
 90 1712 0 0
 91 1706 0 0
 92 1708 0 0
 93 1703 0 0
 94 1710 0 0
 95 1705 0 0
 96 1712 0 0
 97 1704 0 0
 98 1701 0 0
 99 1702 0 0
 100 1714 0 0
 101 1715 0 0
 102 1709 0 0
 103 1706 0 0
 104 1709 0 0
 105 1714 0 0
 106 1703 0 0
 107 1710 0 0
 108 1703 0 0
 109 1704 0 0
 110 1715 0 0
 111 1719 0 0
 112 1707 0 0
 113 1703 0 0
 114 1708 0 0
 115 1716 0 0
 116 1715 0 0
 117 1709 0 0
 118 1710 0 0
 119 1716 0 0
 120 1712 0 0
 121 1714 0 0
 122 1700 0 0
 123 1704 0 0
 124 1706 0 0
 125 1712 0 0
 126 1707 0 0
 127 1718 0 0
 128 1707 0 0
 129 1711 0 0
 130 1707 0 0
 131 1707 0 0
 132 1706 0 0
 133 1767 0 0
 134 1714 0 0
 135 1709 0 0
 136 1708 0 0
 137 1713 0 0
 138 1708 0 0
 139 1716 0 0
 140 1711 0 0
 141 1708 0 0
 142 1709 0 0
 143 1712 0 0
 144 1722 0 0
 145 1712 0 0
 146 1715 0 0
 147 1706 0 0
 148 1710 0 0
 149 1711 0 0
 150 1713 0 0
 151 1711 0 0
 152 1715 0 0
 153 1710 0 0
 154 1708 0 0
 155 1703 0 0
 156 1709 0 0
 157 1716 0 0
 158 1709 0 0
 159 1709 0 0
 160 1710 0 0
 161 1707 0 0
 162 1712 0 0
 163 1710 0 0
 164 1707 0 0
 165 1714 0 0
 166 1715 0 0
 167 1715 0 0
 168 1711 0 0
 169 1713 0 0
 170 1715 0 0
 171 1712 0 0
 172 1713 0 0
 173 1703 0 0
 174 1706 0 0
 175 1712 0 0
 176 1702 0 0
 177 1711 0 0
 178 1704 0 0
 179 1712 0 0
 180 1716 0 0
 181 1706 0 0
 182 1714 0 0
 183 1715 0 0
 184 1702 0 0
 185 1711 0 0
 186 1708 0 0
 187 1714 0 0
 188 1709 0 0
 189 1712 0 0
 190 1700 0 0
 191 1712 0 0
 192 1713 0 0
 193 1706 0 0
 194 1716 0 0
 195 1717 0 0
 196 1703 0 0
 197 1713 0 0
 198 1712 0 0
 199 1709 0 0
 200 1704 0 0
 201 1714 0 0
 202 1710 0 0
 203 1709 0 0
 204 1707 0 0
 205 1708 0 0
 206 1709 0 0
 207 1711 0 0
 208 1706 0 0
 209 1705 0 0
 210 1697 0 0
 211 1707 0 0
 212 1707 0 0
 213 1707 0 0
 214 1706 0 0
 215 1708 0 0
 216 1710 0 0
 217 1713 0 0
 218 1709 0 0
 219 1710 0 0
 220 1714 0 0
 221 1713 0 0
 222 1713 0 0
 223 1706 0 0
 224 1715 0 0
 225 1713 0 0
 226 1715 0 0
 227 1708 0 0
 228 1706 0 0
 229 1708 0 0
 230 1708 0 0
 231 1716 0 0
 232 1709 0 0
 233 1706 0 0
 234 1713 0 0
 235 1710 0 0
 236 1715 0 0
 237 1710 0 0
 238 1703 0 0
 239 1712 0 0
 240 1712 0 0
 241 1711 0 0
 242 1710 0 0
 243 1710 0 0
 244 1716 0 0
 245 1709 0 0
 246 1708 0 0
 247 1705 0 0
 248 1708 0 0
 249 1706 0 0
 250 1710 0 0
 251 1694 0 0
 252 1689 0 0
 253 1693 0 0
 254 1683 0 0
 255 1738 0 0
[END] of [DATA]
[END] of [Spectrum]


#TBID:2021-07-07 03:00:00;SAM_84C8;CALIBRATED;

[Spectrum]
Version            = 1
IDData             = 96B1_2021-07-07_03-00-00_000_223
IDDevice           = SAM_84C8
IDDataType         = SPECTRUM
IDDataTypeSub1     = CALIBRATED
IDDataTypeSub2     = 
IDDataTypeSub3     = 
DateTime           = 2021-07-07 03:00:00
PositionLatitude   = 0
PositionLongitude  = 0
Comment            = 
CommentSub1        = 
CommentSub2        = 
CommentSub3        = 
IDMethodType       = SAM Control
MethodName         = SAM_84C8
Mission            = No Mission
MissionSub         = 1
RecordType         = 0
[Attributes]
CalFactor = 1
IDBasisSpec = 
IDDataBack = DLAB_2015-08-21_12-14-03_013_778
IDDataCal = DLAB_2015-08-24_11-04-47_772_747
IntegrationTime = 4096
P31 = -1
P31e = 0
PathLength = +INF
PathLengthCustomOn = 0
RAWDynamic = 65535
Salinity = 0
Temperature = -NAN
Unit1 = $01 $01 Wavelength nm
Unit2 = $03 $03 Intensity mW/(m^2 nm Sr)
Unit3 = $f0 $03 Error mW/(m^2 nm Sr)
Unit4 = $f1 $00 Status 
p999 = 221
[END] of [Attributes]
[DATA]
 0 11 0 0
 303.516048156 0 0 0
 306.890006053 0 0 0
 310.26457112 0 0 0
 313.639731825 0 0 0
 317.015476636 -0.000830770575574866 0 0
 320.391794021 -0.00097411711932423 0 0
 323.768672448 -0.000667490632180878 0 0
 327.146100385 -0.000589078538491393 0 0
 330.5240663 -0.000444466846129101 0 0
 333.902558661 -0.00044707450076684 0 0
 337.281565936 -0.000462729016039853 0 0
 340.661076593 -0.00047813618142163 0 0
 344.0410791 -0.000330344216859607 0 0
 347.421561925 -0.000334508759960736 0 0
 350.802513536 -0.000215905209172582 0 0
 354.183922401 -0.00012124709279494 0 0
 357.565776988 -0.000180153937268105 0 0
 360.948065765 -0.000197392774935542 0 0
 364.3307772 -0.000129893964897544 0 0
 367.713899761 -2.78793130812901e-005 0 0
 371.097421916 -5.90372242162129e-005 0 0
 374.481332133 -3.62516833142259e-005 0 0
 377.86561888 7.04062311250876e-005 0 0
 381.250270625 -2.97183089812341e-006 0 0
 384.635275836 6.63558787149314e-005 0 0
 388.020622981 -8.97491848969695e-006 0 0
 391.406300528 -6.92679780458322e-006 0 0
 394.792296945 0.000138461158197995 0 0
 398.1786007 4.25723975120546e-005 0 0
 401.565200261 -0.000125867635178455 0 0
 404.952084096 2.63308259303613e-005 0 0
 408.339240673 6.02902170085503e-005 0 0
 411.72665846 1.21515709195384e-005 0 0
 415.114325925 8.03986124417403e-005 0 0
 418.502231536 -3.19251660819084e-006 0 0
 421.890363761 3.16569646801887e-006 0 0
 425.278711068 1.37123929252178e-005 0 0
 428.667261925 2.90163426718818e-005 0 0
 432.0560048 -4.72030159192478e-006 0 0
 435.444928161 -1.3332241180563e-005 0 0
 438.834020476 -4.32161525186939e-005 0 0
 442.223270213 -6.16665464233662e-005 0 0
 445.61266584 1.97172258759244e-005 0 0
 449.002195825 -2.23464152207348e-005 0 0
 452.391848636 2.21390156205565e-007 0 0
 455.781612741 5.88250791241692e-005 0 0
 459.171476608 -1.37464170552245e-005 0 0
 462.561428705 -7.70499936270275e-006 0 0
 465.9514575 5.94079301466495e-005 0 0
 469.341551461 6.02814168597684e-005 0 0
 472.731699056 -4.43512110567279e-005 0 0
 476.121888753 -1.03365611283745e-005 0 0
 479.51210902 2.37405178636509e-005 0 0
 482.902348325 -3.95914587259606e-005 0 0
 486.292595136 -1.34174512299694e-005 0 0
 489.682837921 -2.48820347808473e-005 0 0
 493.073065148 -5.22626831999e-005 0 0
 496.463265285 4.38124859219229e-005 0 0
 499.8534268 -2.41562369863098e-005 0 0
 503.243538161 4.99071820967458e-005 0 0
 506.633587836 -5.22751186833128e-005 0 0
 510.023564293 3.40173532945589e-005 0 0
 513.413456 1.20869861337268e-005 0 0
 516.803251425 7.06529325155921e-005 0 0
 520.192939036 4.75953147356208e-005 0 0
 523.582507301 -5.67947926990029e-005 0 0
 526.971944688 -2.48494416462833e-005 0 0
 530.361239665 2.99502419308358e-005 0 0
 533.7503807 -8.55351985228757e-006 0 0
 537.139356261 1.51291470839914e-005 0 0
 540.528154816 9.70344343294936e-007 0 0
 543.916764833 -2.88443123455259e-005 0 0
 547.30517478 -1.37428066296312e-005 0 0
 550.693373125 9.5382024662772e-006 0 0
 554.081348336 2.66430708748511e-005 0 0
 557.469088881 -1.38754835662442e-005 0 0
 560.856583228 5.34969352378072e-005 0 0
 564.243819845 3.05185074256556e-005 0 0
 567.6307872 -2.73026007168678e-005 0 0
 571.017473761 5.09532919802998e-005 0 0
 574.403867996 5.90388087334426e-005 0 0
 577.789958373 1.9662184824171e-006 0 0
 581.17573336 2.36950838238476e-005 0 0
 584.561181425 3.70059214293566e-006 0 0
 587.946291036 1.27090858442263e-005 0 0
 591.331050661 -3.03280119737865e-005 0 0
 594.715448768 0.000109606919262002 0 0
 598.099473825 -9.90434371135196e-006 0 0
 601.4831143 7.29821727132247e-005 0 0
 604.866358661 6.09728012322773e-005 0 0
 608.249195376 2.15223515252848e-005 0 0
 611.631612913 6.06740741701725e-005 0 0
 615.01359974 7.60585273261856e-005 0 0
 618.395144325 2.8184199387085e-005 0 0
 621.776235136 5.01627132092733e-005 0 0
 625.156860641 7.05905189279606e-005 0 0
 628.537009308 2.8880100858189e-005 0 0
 631.916669605 -1.43683672502845e-006 0 0
 635.29583 4.45284215910937e-005 0 0
 638.674478961 8.40431675222979e-005 0 0
 642.052604956 3.3479731617849e-005 0 0
 645.430196453 5.11669926297171e-005 0 0
 648.80724192 8.81621248558655e-005 0 0
 652.183729825 0.000138601800954152 0 0
 655.559648636 8.7183868810967e-005 0 0
 658.934986821 5.32562772047009e-005 0 0
 662.309732848 0.00015085522890048 0 0
 665.683875185 0.000110349098887196 0 0
 669.0574023 8.76017833349046e-005 0 0
 672.430302661 0.000106923626829318 0 0
 675.802564736 4.72780720968794e-005 0 0
 679.174176993 3.30097243226236e-005 0 0
 682.5451279 -5.2804726457028e-005 0 0
 685.915405925 8.68012945103592e-005 0 0
 689.284999536 0.000128777423091174 0 0
 692.653897201 4.8867918540197e-005 0 0
 696.022087388 0.000154405270432707 0 0
 699.389558565 0.000199884398949048 0 0
 702.7562992 0.000144103170600427 0 0
 706.122297761 0.000318216133102062 0 0
 709.487542716 0.000224707924243969 0 0
 712.852022533 3.96016839394302e-005 0 0
 716.21572568 7.43989223955981e-005 0 0
 719.578640625 0.000148994666794584 0 0
 722.940755836 0.000180174761716397 0 0
 726.302059781 6.43254942183046e-005 0 0
 729.662540928 0.000107760695035698 0 0
 733.022187745 0.000138977598924889 0 0
 736.3809887 0.000111191714998098 0 0
 739.738932261 0.000175727973073921 0 0
 743.096006896 2.26510308451922e-006 0 0
 746.452201073 8.97620071471976e-006 0 0
 749.80750326 4.91937690473268e-005 0 0
 753.161901925 0.000135907484367562 0 0
 756.515385536 0.000142565336736834 0 0
 759.867942561 0.000105517660309353 0 0
 763.219561468 0.000156725697145267 0 0
 766.570230725 0.000178031834968177 0 0
 769.9199388 0.000147890925735561 0 0
 773.268674161 0.000170807352831289 0 0
 776.616425276 0.00017816408726441 0 0
 779.963180613 4.76078524690999e-005 0 0
 783.30892864 0.000227537422053379 0 0
 786.653657825 0.000312364785346287 0 0
 789.997356636 0.000134313961148858 0 0
 793.340013541 0.000235351187786544 0 0
 796.681617008 0.000146583089370978 0 0
 800.022155505 8.71407958480021e-005 0 0
 803.3616175 0.000313035236452266 0 0
 806.699991461 0.000338937603806823 0 0
 810.037265856 0.00021691346971795 0 0
 813.373429153 0.000220624587723646 0 0
 816.70846982 0.000264820106177752 0 0
 820.042376325 0.000299098370355546 0 0
 823.375137136 0.000185701006604794 0 0
 826.706740721 0.000152681655662291 0 0
 830.037175548 0.000395865275694176 0 0
 833.366430085 0.000147865828398731 0 0
 836.6944928 0.000345706771376734 0 0
 840.021352161 0.000123308949782783 0 0
 843.346996636 0.000198912600626216 0 0
 846.671414693 0.000321862110621844 0 0
 849.9945948 0.000348516671684723 0 0
 853.316525425 0.000559174091674573 0 0
 856.637195036 0.000374515382349437 0 0
 859.956592101 0.000637715230383856 0 0
 863.274705088 0.000401140352897735 0 0
 866.591522465 0.000305198561117924 0 0
 869.9070327 0.000817110971238489 0 0
 873.221224261 0.000587265368311795 0 0
 876.534085616 0.00078144479375096 0 0
 879.845605233 0.000613673816960416 0 0
 883.15577158 0.000817848842423408 0 0
 886.464573125 0.000540084621321843 0 0
 889.771998336 6.07905842352122e-005 0 0
 893.078035681 -2.58207896076445e-005 0 0
 896.382673628 0.000803715794285835 0 0
 899.685900645 0.000400109606269102 0 0
 902.9877052 0.000718467303577213 0 0
 906.288075761 0.000878145045430905 0 0
 909.587000796 -7.65847861720089e-005 0 0
 912.884468773 0.00101472977900298 0 0
 916.18046816 0.00132092901931414 0 0
 919.474987425 0.000353217705008493 0 0
 922.768015036 0.000734928058743764 0 0
 926.059539461 0.000967045720792512 0 0
 929.349549168 0.00050243760589369 0 0
 932.638032625 0.00104018614776504 0 0
 935.9249783 0.00160261262217296 0 0
 939.210374661 0.000642671857479107 0 0
 942.494210176 0.00158538399384483 0 0
 945.776473313 0.000901196615762619 0 0
 949.05715254 0.00222544076180464 0 0
 952.336236325 0.00213584718612423 0 0
 955.613713136 0 0 0
 958.889571441 0 0 0
 962.163799708 0 0 0
 965.436386405 0 0 0
 968.70732 0 0 0
 971.976588961 0 0 0
 975.244181756 0 0 0
 978.510086853 0 0 0
 981.77429272 0 0 0
 985.036787825 0 0 0
 988.297560636 0 0 0
 991.556599621 0 0 0
 994.813893248 0 0 0
 998.069429985 0 0 0
 1001.3231983 0 0 0
 1004.575186661 0 0 0
 1007.825383536 0 0 0
 1011.073777393 0 0 0
 1014.3203567 0 0 0
 1017.565109925 0 0 0
 1020.808025536 0 0 0
 1024.049092001 0 0 0
 1027.288297788 0 0 0
 1030.525631365 0 0 0
 1033.7610812 0 0 0
 1036.994635761 0 0 0
 1040.226283516 0 0 0
 1043.456012933 0 0 0
 1046.68381248 0 0 0
 1049.909670625 0 0 0
 1053.133575836 0 0 0
 1056.355516581 0 0 0
 1059.575481328 0 0 0
 1062.793458545 0 0 0
 1066.0094367 0 0 0
 1069.223404261 0 0 0
 1072.435349696 0 0 0
 1075.645261473 0 0 0
 1078.85312806 0 0 0
 1082.058937925 0 0 0
 1085.262679536 0 0 0
 1088.464341361 0 0 0
 1091.663911868 0 0 0
 1094.861379525 0 0 0
 1098.0567328 0 0 0
 1101.249960161 0 0 0
 1104.441050076 0 0 0
 1107.629991013 0 0 0
 1110.81677144 0 0 0
 1114.001379825 0 0 0
 1117.183804636 0 0 0
 1120.364034341 0 0 0
 1123.542057408 0 0 0
 1126.717862305 0 0 0
 1129.8914375 0 0 0
 1133.062771461 0 0 0
 1136.231852656 0 0 0
 1139.398669553 0 0 0
 1142.56321062 0 0 0
 1145.725464325 0 0 0
 1148.885419136 0 0 0
[END] of [DATA]
[END] of [Spectrum]


#TBID:2021-07-07 03:00:00;SAM_84DC;RAW;

[Spectrum]
Version            = 1
IDData             = 96B1_2021-07-07_03-00-00_000_225
IDDevice           = SAM_84DC
IDDataType         = SPECTRUM
IDDataTypeSub1     = RAW
IDDataTypeSub2     = 
IDDataTypeSub3     = 
DateTime           = 2021-07-07 03:00:00
PositionLatitude   = 0
PositionLongitude  = 0
Comment            = 
CommentSub1        = 
CommentSub2        = 
CommentSub3        = 
IDMethodType       = SAM Control
MethodName         = SAM_84DC
Mission            = No Mission
MissionSub         = 1
RecordType         = 0
[Attributes]
CalFactor = 1
IDBasisSpec = 
IDDataBack = DLAB_2015-08-21_13-19-54_137_939
IDDataCal = DLAB_2015-08-24_10-46-55_592_608
IntegrationTime = 4096
P31 = -1
P31e = 0
PathLength = +INF
PathLengthCustomOn = 0
RAWDynamic = 65535
Salinity = 0
Temperature = -NAN
Unit1 = $05 $00 Pixel 
Unit2 = $03 $05 Intensity counts
Unit3 = $f0 $05 Error counts
Unit4 = $f1 $00 Status 
p999 = 221
[END] of [Attributes]
[DATA]
 0 11 0 0
 1 1772 0 0
 2 1760 0 0
 3 1770 0 0
 4 1783 0 0
 5 1778 0 0
 6 1773 0 0
 7 1785 0 0
 8 1789 0 0
 9 1790 0 0
 10 1790 0 0
 11 1789 0 0
 12 1780 0 0
 13 1788 0 0
 14 1796 0 0
 15 1782 0 0
 16 1786 0 0
 17 1791 0 0
 18 1781 0 0
 19 1793 0 0
 20 1794 0 0
 21 1795 0 0
 22 1802 0 0
 23 1801 0 0
 24 1802 0 0
 25 1796 0 0
 26 1798 0 0
 27 1801 0 0
 28 1790 0 0
 29 1796 0 0
 30 1794 0 0
 31 1803 0 0
 32 1803 0 0
 33 1795 0 0
 34 1800 0 0
 35 1794 0 0
 36 1800 0 0
 37 1802 0 0
 38 1806 0 0
 39 1794 0 0
 40 1804 0 0
 41 1804 0 0
 42 1797 0 0
 43 1803 0 0
 44 1805 0 0
 45 1810 0 0
 46 1808 0 0
 47 1807 0 0
 48 1796 0 0
 49 1802 0 0
 50 1798 0 0
 51 1797 0 0
 52 1796 0 0
 53 1800 0 0
 54 1800 0 0
 55 1806 0 0
 56 1799 0 0
 57 1806 0 0
 58 1800 0 0
 59 1816 0 0
 60 1802 0 0
 61 1804 0 0
 62 1801 0 0
 63 1803 0 0
 64 1802 0 0
 65 1796 0 0
 66 1789 0 0
 67 1802 0 0
 68 1805 0 0
 69 1801 0 0
 70 1805 0 0
 71 1804 0 0
 72 1803 0 0
 73 1813 0 0
 74 1806 0 0
 75 1797 0 0
 76 1807 0 0
 77 1807 0 0
 78 1800 0 0
 79 1809 0 0
 80 1801 0 0
 81 1812 0 0
 82 1804 0 0
 83 1806 0 0
 84 1800 0 0
 85 1812 0 0
 86 1801 0 0
 87 1806 0 0
 88 1797 0 0
 89 1807 0 0
 90 1800 0 0
 91 1796 0 0
 92 1792 0 0
 93 1792 0 0
 94 1798 0 0
 95 1798 0 0
 96 1790 0 0
 97 1803 0 0
 98 1794 0 0
 99 1796 0 0
 100 1798 0 0
 101 1798 0 0
 102 1800 0 0
 103 1800 0 0
 104 1796 0 0
 105 1800 0 0
 106 1797 0 0
 107 1805 0 0
 108 1803 0 0
 109 1803 0 0
 110 1804 0 0
 111 1801 0 0
 112 1801 0 0
 113 1801 0 0
 114 1802 0 0
 115 1801 0 0
 116 1797 0 0
 117 1799 0 0
 118 1796 0 0
 119 1801 0 0
 120 1791 0 0
 121 1811 0 0
 122 1799 0 0
 123 1807 0 0
 124 1809 0 0
 125 1800 0 0
 126 1804 0 0
 127 1808 0 0
 128 1800 0 0
 129 1794 0 0
 130 1806 0 0
 131 1804 0 0
 132 1801 0 0
 133 1805 0 0
 134 1804 0 0
 135 1808 0 0
 136 1801 0 0
 137 1803 0 0
 138 1796 0 0
 139 1804 0 0
 140 1799 0 0
 141 1809 0 0
 142 1802 0 0
 143 1803 0 0
 144 1802 0 0
 145 1796 0 0
 146 1793 0 0
 147 1797 0 0
 148 1806 0 0
 149 1802 0 0
 150 1803 0 0
 151 1808 0 0
 152 1800 0 0
 153 1804 0 0
 154 1803 0 0
 155 1799 0 0
 156 1798 0 0
 157 1806 0 0
 158 1798 0 0
 159 1806 0 0
 160 1800 0 0
 161 1799 0 0
 162 1794 0 0
 163 1795 0 0
 164 1800 0 0
 165 1806 0 0
 166 1807 0 0
 167 1803 0 0
 168 1800 0 0
 169 1802 0 0
 170 1807 0 0
 171 1813 0 0
 172 1794 0 0
 173 1802 0 0
 174 1807 0 0
 175 1798 0 0
 176 1802 0 0
 177 1798 0 0
 178 1804 0 0
 179 1798 0 0
 180 1802 0 0
 181 1797 0 0
 182 1802 0 0
 183 1804 0 0
 184 1800 0 0
 185 1799 0 0
 186 1802 0 0
 187 1800 0 0
 188 1804 0 0
 189 1796 0 0
 190 1799 0 0
 191 1802 0 0
 192 1813 0 0
 193 1800 0 0
 194 1803 0 0
 195 1797 0 0
 196 1803 0 0
 197 1806 0 0
 198 1799 0 0
 199 1808 0 0
 200 1802 0 0
 201 1808 0 0
 202 1795 0 0
 203 1811 0 0
 204 1810 0 0
 205 1811 0 0
 206 1810 0 0
 207 1806 0 0
 208 1799 0 0
 209 1802 0 0
 210 1804 0 0
 211 1808 0 0
 212 1798 0 0
 213 1797 0 0
 214 1804 0 0
 215 1803 0 0
 216 1806 0 0
 217 1811 0 0
 218 1805 0 0
 219 1803 0 0
 220 1809 0 0
 221 1813 0 0
 222 1802 0 0
 223 1813 0 0
 224 1804 0 0
 225 1813 0 0
 226 1812 0 0
 227 1808 0 0
 228 1815 0 0
 229 1810 0 0
 230 1813 0 0
 231 1815 0 0
 232 1813 0 0
 233 1807 0 0
 234 1814 0 0
 235 1815 0 0
 236 1811 0 0
 237 1817 0 0
 238 1806 0 0
 239 1819 0 0
 240 1815 0 0
 241 1817 0 0
 242 1815 0 0
 243 1815 0 0
 244 1812 0 0
 245 1814 0 0
 246 1819 0 0
 247 1819 0 0
 248 1821 0 0
 249 1808 0 0
 250 1803 0 0
 251 1811 0 0
 252 1806 0 0
 253 1798 0 0
 254 1788 0 0
 255 1849 0 0
[END] of [DATA]
[END] of [Spectrum]


#TBID:2021-07-07 03:00:00;SAM_84DC;CALIBRATED;

[Spectrum]
Version            = 1
IDData             = 96B1_2021-07-07_03-00-00_000_226
IDDevice           = SAM_84DC
IDDataType         = SPECTRUM
IDDataTypeSub1     = CALIBRATED
IDDataTypeSub2     = 
IDDataTypeSub3     = 
DateTime           = 2021-07-07 03:00:00
PositionLatitude   = 0
PositionLongitude  = 0
Comment            = 
CommentSub1        = 
CommentSub2        = 
CommentSub3        = 
IDMethodType       = SAM Control
MethodName         = SAM_84DC
Mission            = No Mission
MissionSub         = 1
RecordType         = 0
[Attributes]
CalFactor = 1
IDBasisSpec = 
IDDataBack = DLAB_2015-08-21_13-19-54_137_939
IDDataCal = DLAB_2015-08-24_10-46-55_592_608
IntegrationTime = 4096
P31 = -1
P31e = 0
PathLength = +INF
PathLengthCustomOn = 0
RAWDynamic = 65535
Salinity = 0
Temperature = -NAN
Unit1 = $01 $01 Wavelength nm
Unit2 = $03 $03 Intensity mW/(m^2 nm Sr)
Unit3 = $f0 $03 Error mW/(m^2 nm Sr)
Unit4 = $f1 $00 Status 
p999 = 221
[END] of [Attributes]
[DATA]
 0 11 0 0
 305.71650776488 0 0 0
 309.04007505697 0 0 0
 312.36416914304 0 0 0
 315.68877841375 0 0 0
 319.01389125976 -0.000870754811906342 0 0
 322.33949607173 -0.000752768370571019 0 0
 325.66558124032 -0.00068859425725553 0 0
 328.99213515619 -0.000419510119926934 0 0
 332.31914621 -0.000492852572697684 0 0
 335.64660279241 -0.000367058769600452 0 0
 338.97449329408 -0.000432172667789228 0 0
 342.30280610567 -0.000459557404105417 0 0
 345.63152961784 -0.000252262277288899 0 0
 348.96065222125 -0.000275306864298157 0 0
 352.29016230656 -0.000250482623010534 0 0
 355.62004826443 -0.000321519192524676 0 0
 358.95029848552 -0.000313168276125284 0 0
 362.28090136049 -0.000340899257260451 0 0
 365.61184528 -0.000175239666646927 0 0
 368.94311863471 -0.000114416486855248 0 0
 372.27470981528 -4.37947433459249e-005 0 0
 375.60660721237 -7.89170074968426e-005 0 0
 378.93879921664 -8.96382741138371e-005 0 0
 382.27127421875 -4.97600394615609e-005 0 0
 385.60402060936 -3.17506262347294e-005 0 0
 388.93702677913 -0.000122233331059007 0 0
 392.27028111872 -6.60143123327896e-005 0 0
 395.60377201879 -0.000142225781785595 0 0
 398.93748787 -2.07769107042753e-005 0 0
 402.27141706301 -3.09891017278151e-005 0 0
 405.60554798848 -4.31358189181427e-005 0 0
 408.93986903707 -5.14817755746059e-006 0 0
 412.27436859944 -5.27473748606247e-005 0 0
 415.60903506625 -6.60642439071669e-005 0 0
 418.94385682816 -6.21223801463847e-005 0 0
 422.27882227583 -0.000114202350641121 0 0
 425.61391979992 -6.2282878977442e-005 0 0
 428.94913779109 1.89226844218436e-005 0 0
 432.28446464 -6.72080185406804e-005 0 0
 435.61988873731 -9.04666356653444e-005 0 0
 438.95539847368 -1.8827882313558e-005 0 0
 442.29098223977 -7.6845149272582e-005 0 0
 445.62662842624 -4.12092082014654e-005 0 0
 448.96232542375 -4.35031758296274e-005 0 0
 452.29806162296 2.29282586570461e-005 0 0
 455.63382541453 -4.68106730091607e-005 0 0
 458.96960518912 -7.9441264354229e-005 0 0
 462.30538933739 -0.000110315078493332 0 0
 465.64116625 -4.89035695829478e-005 0 0
 468.97692431761 -7.60842067166095e-005 0 0
 472.31265193088 -0.000114843412640969 0 0
 475.64833748047 -0.000139469429994731 0 0
 478.98396935704 -5.54003851248607e-005 0 0
 482.31953595125 -5.84350815426835e-005 0 0
 485.65502565376 -3.77173763656264e-005 0 0
 488.99042685523 -9.99313487862742e-005 0 0
 492.32572794632 -6.33230054185769e-005 0 0
 495.66091731769 -0.000135621351168929 0 0
 498.99598336 -1.41608388716157e-005 0 0
 502.33091446391 -0.000104224331447745 0 0
 505.66569902008 -0.000112802744090486 0 0
 509.00032541917 -5.56847174069882e-005 0 0
 512.33478205184 -7.27074706001378e-005 0 0
 515.66905730875 -9.7127551611361e-005 0 0
 519.00313958056 -0.000121610083457024 0 0
 522.33701725793 -0.000107950123570228 0 0
 525.67067873152 -8.97965580793036e-005 0 0
 529.00411239199 -7.27534282963254e-005 0 0
 532.33730663 -6.33606455907896e-005 0 0
 535.67024983621 -7.28390439081272e-005 0 0
 539.00293040128 -0.000115487634205011 0 0
 542.33533671587 -5.16848693039935e-005 0 0
 545.66745717064 3.02182489513133e-006 0 0
 548.99928015625 -8.25080616829969e-005 0 0
 552.33079406336 -9.51089462248393e-005 0 0
 555.66198728263 -5.29842635466802e-005 0 0
 558.99284820472 -4.40234608192967e-005 0 0
 562.32336522029 -4.48338452662777e-005 0 0
 565.65352672 -5.77594379755509e-005 0 0
 568.98332109451 -7.36650525450548e-005 0 0
 572.31273673448 -3.31043798079187e-005 0 0
 575.64176203057 -4.10130340571113e-005 0 0
 578.97038537344 -5.9570577473776e-005 0 0
 582.29859515375 -4.2819547640969e-005 0 0
 585.62637976216 -7.04427175183542e-005 0 0
 588.95372758933 -0.000138126379781212 0 0
 592.28062702592 -9.02110868202067e-005 0 0
 595.60706646259 -0.000148838683652407 0 0
 598.93303429 -0.000108381367599081 0 0
 602.25851889881 -6.7955072761322e-005 0 0
 605.58350867968 -0.00021831701904146 0 0
 608.90799202327 -0.000277812539603165 0 0
 612.23195732024 -0.000270246388014666 0 0
 615.55539296125 -0.000243152534890778 0 0
 618.87828733696 -0.000232458792784616 0 0
 622.20062883803 -0.000267546607588565 0 0
 625.52240585512 -0.00019964264460007 0 0
 628.84360677889 -0.000219658518118314 0 0
 632.16422 -0.000241968138035417 0 0
 635.48423390911 -0.000241115592121421 0 0
 638.80363689688 -0.000177033400198995 0 0
 642.12241735397 -0.000210449920898815 0 0
 645.44056367104 -0.000181284798135751 0 0
 648.75806423875 -0.000254917854913782 0 0
 652.07490744776 -0.000249504712358986 0 0
 655.39108168873 -0.000279543173602837 0 0
 658.70657535232 -0.000266526796170128 0 0
 662.02137682919 -0.000178959320861977 0 0
 665.33547451 -0.000194551155399561 0 0
 668.64885678541 -0.000111341532677489 0 0
 671.96151204608 -0.000227618099200882 0 0
 675.27342868267 -0.00020662706737674 0 0
 678.58459508584 -8.10474164245977e-005 0 0
 681.89499964625 -0.000209338132053186 0 0
 685.20463075456 -0.000278776027084788 0 0
 688.51347680143 -0.000247524142980171 0 0
 691.82152617752 -0.000204119027756202 0 0
 695.12876727349 -0.000219783506082584 0 0
 698.43518848 -0.000176051440717782 0 0
 701.74077818771 -0.000211700015607074 0 0
 705.04552478728 -0.000133296216708555 0 0
 708.34941666937 -0.000169965097622533 0 0
 711.65244222464 -0.000134797434483213 0 0
 714.95458984375 -9.33283994241651e-005 0 0
 718.25584791736 -0.000152945507337217 0 0
 721.55620483613 -0.000196003344354204 0 0
 724.85564899072 -8.68642838553904e-005 0 0
 728.15416877179 -0.000187599943085084 0 0
 731.45175257 -0.000301065604699758 0 0
 734.74838877601 -0.000199001550974638 0 0
 738.04406578048 -9.72398457095274e-005 0 0
 741.33877197407 -0.00024201115623658 0 0
 744.63249574744 -0.000116572097668455 0 0
 747.92522549125 -0.000100022001999758 0 0
 751.21694959616 -9.19591978332003e-005 0 0
 754.50765645283 -8.87964155961305e-005 0 0
 757.79733445192 -0.000187587524882392 0 0
 761.08597198409 -0.000235072827506487 0 0
 764.37355744 -0.000123793423812066 0 0
 767.66007921031 -0.00017903282124764 0 0
 770.94552568568 -9.65404945238503e-005 0 0
 774.22988525677 -0.000100285381826597 0 0
 777.51314631424 -0.000198187934722257 0 0
 780.79529724875 -0.000175183817449473 0 0
 784.07632645096 -0.000222677143090566 0 0
 787.35622231153 -0.000366682637907052 0 0
 790.63497322112 -0.000299990796071162 0 0
 793.91256757039 -0.000163872095291386 0 0
 797.18899375 -0.000241971460878048 0 0
 800.46424015061 -7.009283541598e-005 0 0
 803.73829516288 -9.64114570345708e-005 0 0
 807.01114717747 -0.000312644466148204 0 0
 810.28278458504 -0.000320736220259448 0 0
 813.55319577625 -0.000290174644176184 0 0
 816.82236914176 -0.000398015786640688 0 0
 820.09029307223 -0.000274324489047055 0 0
 823.35695595832 -0.000300859028669072 0 0
 826.62234619069 -0.000434185871700852 0 0
 829.88645216 -0.000242074137733339 0 0
 833.14926225691 -0.000505147385153864 0 0
 836.41076487208 -0.000277443735175704 0 0
 839.67094839617 -0.000363869018251305 0 0
 842.92980121984 -0.000551602096302695 0 0
 846.18731173375 -0.000399645777682147 0 0
 849.44346832856 -0.000198597364511515 0 0
 852.69825939493 -0.000464747202114243 0 0
 855.95167332352 -0.000577693325834695 0 0
 859.20369850499 -0.000674054111670962 0 0
 862.45432333 -0.00058983820710125 0 0
 865.70353618921 -0.000184568569786995 0 0
 868.95132547328 -0.000120040697236834 0 0
 872.19767957287 -0.000577119379255258 0 0
 875.44258687864 -0.00083007807524 0 0
 878.68603578125 -0.000228172558915781 0 0
 881.92801467136 -0.000753839932962924 0 0
 885.16851193963 -0.000736126025497926 0 0
 888.40751597672 -0.000785638546971122 0 0
 891.64501517329 -0.000524468665599729 0 0
 894.88099792 -0.000559423045435247 0 0
 898.11545260751 -0.000303437949436977 0 0
 901.34836762648 -0.00079980991341864 0 0
 904.57973136757 -0.000651410503795226 0 0
 907.80953222144 -0.00052820251062259 0 0
 911.03775857875 -0.000841841099290645 0 0
 914.26439883016 -0.00114432171216609 0 0
 917.48944136633 -0.000984479369642281 0 0
 920.71287457792 -0.001285080041015 0 0
 923.93468685559 6.19395386106603e-005 0 0
 927.15486659 -0.00102151226476782 0 0
 930.37340217181 -0.000917555262819223 0 0
 933.59028199168 -0.000904985000137302 0 0
 936.80549444027 -0.00062205162944249 0 0
 940.01902790824 -0.00187331407052379 0 0
 943.23087078625 -0.000842962338914662 0 0
 946.44101146496 -0.00133297114820787 0 0
 949.64943833503 -0.00219645891983161 0 0
 952.85613978712 -0.000726894912235607 0 0
 956.06110421189 0 0 0
 959.26432 0 0 0
 962.46577554211 0 0 0
 965.66545922888 0 0 0
 968.86335945097 0 0 0
 972.05946459904 0 0 0
 975.25376306375 0 0 0
 978.44624323576 0 0 0
 981.63689350573 0 0 0
 984.82570226432 0 0 0
 988.01265790219 0 0 0
 991.19774881 0 0 0
 994.38096337841 0 0 0
 997.56228999808 0 0 0
 1000.74171705967 0 0 0
 1003.91923295384 0 0 0
 1007.09482607125 0 0 0
 1010.26848480256 0 0 0
 1013.44019753843 0 0 0
 1016.60995266952 0 0 0
 1019.77773858649 0 0 0
 1022.94354368 0 0 0
 1026.10735634071 0 0 0
 1029.26916495928 0 0 0
 1032.42895792637 0 0 0
 1035.58672363264 0 0 0
 1038.74245046875 0 0 0
 1041.89612682536 0 0 0
 1045.04774109313 0 0 0
 1048.19728166272 0 0 0
 1051.34473692479 0 0 0
 1054.49009527 0 0 0
 1057.63334508901 0 0 0
 1060.77447477248 0 0 0
 1063.91347271107 0 0 0
 1067.05032729544 0 0 0
 1070.18502691625 0 0 0
 1073.31755996416 0 0 0
 1076.44791482983 0 0 0
 1079.57607990392 0 0 0
 1082.70204357709 0 0 0
 1085.82579424 0 0 0
 1088.94732028331 0 0 0
 1092.06661009768 0 0 0
 1095.18365207377 0 0 0
 1098.29843460224 0 0 0
 1101.41094607375 0 0 0
 1104.52117487896 0 0 0
 1107.62910940853 0 0 0
 1110.73473805312 0 0 0
 1113.83804920339 0 0 0
 1116.93903125 0 0 0
 1120.03767258361 0 0 0
 1123.13396159488 0 0 0
 1126.22788667447 0 0 0
 1129.31943621304 0 0 0
 1132.40859860125 0 0 0
 1135.49536222976 0 0 0
[END] of [DATA]
[END] of [Spectrum]

