
#TBID:2021-08-14 02:30:00;SAM_84DC;CALIBRATED;

[Spectrum]
Version            = 1
IDData             = 96B1_2021-08-14_02-30-00_000_656
IDDevice           = SAM_84DC
IDDataType         = SPECTRUM
IDDataTypeSub1     = CALIBRATED
IDDataTypeSub2     = 
IDDataTypeSub3     = 
DateTime           = 2021-08-14 02:30:00
PositionLatitude   = 0
PositionLongitude  = 0
Comment            = 
CommentSub1        = 
CommentSub2        = 
CommentSub3        = 
IDMethodType       = SAM Control
MethodName         = SAM_84DC
Mission            = No Mission
MissionSub         = 1
RecordType         = 0
[Attributes]
CalFactor = 1
IDBasisSpec = 
IDDataBack = DLAB_2015-08-21_13-19-54_137_939
IDDataCal = DLAB_2015-08-24_10-46-55_592_608
IntegrationTime = 4096
P31 = -1
P31e = 0
PathLength = +INF
PathLengthCustomOn = 0
RAWDynamic = 65535
Salinity = 0
Temperature = -NAN
Unit1 = $01 $01 Wavelength nm
Unit2 = $03 $03 Intensity mW/(m^2 nm Sr)
Unit3 = $f0 $03 Error mW/(m^2 nm Sr)
Unit4 = $f1 $00 Status 
p999 = 1664
[END] of [Attributes]
[DATA]
 0 11 0 0
 305.71650776488 0 0 0
 309.04007505697 0 0 0
 312.36416914304 0 0 0
 315.68877841375 0 0 0
 319.01389125976 -0.00148048109937494 0 0
 322.33949607173 -0.00135760390400473 0 0
 325.66558124032 -0.0010766264880466 0 0
 328.99213515619 -0.000917130100389127 0 0
 332.31914621 -0.000704462436865881 0 0
 335.64660279241 -0.000682744734553619 0 0
 338.97449329408 -0.000804927999085067 0 0
 342.30280610567 -0.000474750529857807 0 0
 345.63152961784 -0.000357381572254537 0 0
 348.96065222125 -0.000371348564041818 0 0
 352.29016230656 -0.000377301458333389 0 0
 355.62004826443 -0.000404600353288038 0 0
 358.95029848552 -0.000306422378089475 0 0
 362.28090136049 -0.00026524792139796 0 0
 365.61184528 -0.000343288976511935 0 0
 368.94311863471 -0.000305422334938252 0 0
 372.27470981528 -0.000260792530225453 0 0
 375.60660721237 -0.000167976203774312 0 0
 378.93879921664 -6.22462749778933e-005 0 0
 382.27127421875 -0.000141871518499505 0 0
 385.60402060936 -8.39272156251014e-005 0 0
 388.93702677913 -3.55502728126467e-005 0 0
 392.27028111872 -0.000116431148117856 0 0
 395.60377201879 -6.01810302364231e-005 0 0
 398.93748787 2.20731146164366e-005 0 0
 402.27141706301 -0.000143906561109493 0 0
 405.60554798848 -3.68394042266145e-005 0 0
 408.93986903707 -6.01303609332445e-005 0 0
 412.27436859944 -3.29174840508158e-005 0 0
 415.60903506625 -6.08505937407059e-005 0 0
 418.94385682816 -4.4636258393624e-005 0 0
 422.27882227583 -0.000121462864981529 0 0
 425.61391979992 -4.65778190119023e-005 0 0
 428.94913779109 -9.62315768544619e-005 0 0
 432.28446464 -4.20412314273166e-005 0 0
 435.61988873731 -7.61153901630457e-005 0 0
 438.95539847368 -9.67849419910612e-005 0 0
 442.29098223977 -0.000103639238834891 0 0
 445.62662842624 -9.950960761328e-005 0 0
 448.96232542375 -0.000124149425245811 0 0
 452.29806162296 -9.24363909483484e-005 0 0
 455.63382541453 -0.000120706522447578 0 0
 458.96960518912 -0.000189828504787108 0 0
 462.30538933739 -0.000188115977991748 0 0
 465.64116625 -0.000104308530240306 0 0
 468.97692431761 -0.0001079371354226 0 0
 472.31265193088 -0.000183930734211614 0 0
 475.64833748047 -0.000209032374142181 0 0
 478.98396935704 -0.000150336521130838 0 0
 482.31953595125 -0.000166807956748171 0 0
 485.65502565376 -0.000159878531406598 0 0
 488.99042685523 -0.000223021727092478 0 0
 492.32572794632 -0.000187079715624314 0 0
 495.66091731769 -0.000195061906085864 0 0
 498.99598336 -0.000163137481014208 0 0
 502.33091446391 -0.000124666404536727 0 0
 505.66569902008 -0.000120441162530091 0 0
 509.00032541917 -0.00019791666358636 0 0
 512.33478205184 -0.000211759968779415 0 0
 515.66905730875 -0.000221013065861373 0 0
 519.00313958056 -0.000151258448194032 0 0
 522.33701725793 -0.000236178300940614 0 0
 525.67067873152 -0.000246948573863785 0 0
 529.00411239199 -0.000184182773724664 0 0
 532.33730663 -0.000141810592030214 0 0
 535.67024983621 -0.000150264843672186 0 0
 539.00293040128 -0.000131744459632428 0 0
 542.33533671587 -0.000148469844203768 0 0
 545.66745717064 -0.000205059410987407 0 0
 548.99928015625 -0.000169984199425696 0 0
 552.33079406336 -0.000162924775146334 0 0
 555.66198728263 -0.000163154924669021 0 0
 558.99284820472 -0.000197989833190474 0 0
 562.32336522029 -0.000158591434293029 0 0
 565.65352672 -0.000184523199394272 0 0
 568.98332109451 -0.000225226504577984 0 0
 572.31273673448 -0.000142455956139989 0 0
 575.64176203057 -0.00014115993022697 0 0
 578.97038537344 -0.000126306522653277 0 0
 582.29859515375 -0.00015977829104689 0 0
 585.62637976216 -0.000177617724263826 0 0
 588.95372758933 -0.000260391936452426 0 0
 592.28062702592 -0.000280231897889877 0 0
 595.60706646259 -0.000396223376300072 0 0
 598.93303429 -0.000401645158981356 0 0
 602.25851889881 -0.000436337086773756 0 0
 605.58350867968 -0.000536725645848231 0 0
 608.90799202327 -0.000601571608690728 0 0
 612.23195732024 -0.000584632324917142 0 0
 615.55539296125 -0.000532307962562502 0 0
 618.87828733696 -0.000479669260891467 0 0
 622.20062883803 -0.000502155713028259 0 0
 625.52240585512 -0.000483315614629017 0 0
 628.84360677889 -0.000478372529333656 0 0
 632.16422 -0.000475723997656916 0 0
 635.48423390911 -0.000531149649504128 0 0
 638.80363689688 -0.000441638976954678 0 0
 642.12241735397 -0.000464618508292749 0 0
 645.44056367104 -0.000494109386273804 0 0
 648.75806423875 -0.00039255481207372 0 0
 652.07490744776 -0.000444217249314649 0 0
 655.39108168873 -0.000476370034154841 0 0
 658.70657535232 -0.000427819282452322 0 0
 662.02137682919 -0.000454440308970242 0 0
 665.33547451 -0.000452313028857253 0 0
 668.64885678541 -0.000331983698433444 0 0
 671.96151204608 -0.000315296869470704 0 0
 675.27342868267 -0.000294298865928657 0 0
 678.58459508584 -0.00043557868930125 0 0
 681.89499964625 -0.000393865889957111 0 0
 685.20463075456 -0.000387811880341236 0 0
 688.51347680143 -0.000515263966182298 0 0
 691.82152617752 -0.000494664577560293 0 0
 695.12876727349 -0.000593802156916137 0 0
 698.43518848 -0.00053377283251417 0 0
 701.74077818771 -0.000490645717890089 0 0
 705.04552478728 -0.000579354806321906 0 0
 708.34941666937 -0.000535611981356734 0 0
 711.65244222464 -0.000585692403665818 0 0
 714.95458984375 -0.000566980280784605 0 0
 718.25584791736 -0.000628069481132566 0 0
 721.55620483613 -0.000545690868662012 0 0
 724.85564899072 -0.000479448434438249 0 0
 728.15416877179 -0.000560255000723518 0 0
 731.45175257 -0.000547835195874906 0 0
 734.74838877601 -0.000575710578975091 0 0
 738.04406578048 -0.000606834135328494 0 0
 741.33877197407 -0.000473600908128994 0 0
 744.63249574744 -0.00048380073317996 0 0
 747.92522549125 -0.000517492534482632 0 0
 751.21694959616 -0.000492634072698483 0 0
 754.50765645283 -0.000564807889198934 0 0
 757.79733445192 -0.000576797649643897 0 0
 761.08597198409 -0.000510754077501391 0 0
 764.37355744 -0.000667896362218349 0 0
 767.66007921031 -0.000535356827117297 0 0
 770.94552568568 -0.000556958734628277 0 0
 774.22988525677 -0.000543281634110314 0 0
 777.51314631424 -0.000521427031657548 0 0
 780.79529724875 -0.000558182507357802 0 0
 784.07632645096 -0.00064292372372339 0 0
 787.35622231153 -0.000744342037645297 0 0
 790.63497322112 -0.000690075901385059 0 0
 793.91256757039 -0.000864828321971698 0 0
 797.18899375 -0.000599644370882256 0 0
 800.46424015061 -0.000505282377541389 0 0
 803.73829516288 -0.000515061362973437 0 0
 807.01114717747 -0.000815914948741631 0 0
 810.28278458504 -0.000736022236630662 0 0
 813.55319577625 -0.000498521102966704 0 0
 816.82236914176 -0.00072966012911593 0 0
 820.09029307223 -0.000538634669565884 0 0
 823.35695595832 -0.000990783882383186 0 0
 826.62234619069 -0.000978473249103177 0 0
 829.88645216 -0.00116840990967835 0 0
 833.14926225691 -0.00137583585137182 0 0
 836.41076487208 -0.00137948948316024 0 0
 839.67094839617 -0.00105701833971912 0 0
 842.92980121984 -0.00154254617730171 0 0
 846.18731173375 -0.0014924642246912 0 0
 849.44346832856 -0.00175156564154803 0 0
 852.69825939493 -0.00160166736041341 0 0
 855.95167332352 -0.00144748155967334 0 0
 859.20369850499 -0.00178338505753665 0 0
 862.45432333 -0.00188764046277799 0 0
 865.70353618921 -0.00160892575065763 0 0
 868.95132547328 -0.00137694111021263 0 0
 872.19767957287 -0.00133286527944245 0 0
 875.44258687864 -0.00112492439540907 0 0
 878.68603578125 -0.00138042039306779 0 0
 881.92801467136 -0.0015961987536577 0 0
 885.16851193963 -0.00151680628471994 0 0
 888.40751597672 -0.00178110054657836 0 0
 891.64501517329 -0.00213464146488967 0 0
 894.88099792 -0.00142289433482967 0 0
 898.11545260751 -0.00244446240509449 0 0
 901.34836762648 -0.00129659811851691 0 0
 904.57973136757 -0.00206273043578881 0 0
 907.80953222144 -0.00257998747920946 0 0
 911.03775857875 -0.00273138730269399 0 0
 914.26439883016 -0.00235679334714267 0 0
 917.48944136633 -0.0029058306849597 0 0
 920.71287457792 -0.00191731993059173 0 0
 923.93468685559 -0.00203605673419437 0 0
 927.15486659 -0.00306702605496342 0 0
 930.37340217181 -0.00243281169681934 0 0
 933.59028199168 -0.00332604709147489 0 0
 936.80549444027 -0.00229877752990478 0 0
 940.01902790824 -0.00271902750458289 0 0
 943.23087078625 -0.00309457721911687 0 0
 946.44101146496 -0.00288532729138677 0 0
 949.64943833503 -0.00361039224377945 0 0
 952.85613978712 -0.00331775022953168 0 0
 956.06110421189 0 0 0
 959.26432 0 0 0
 962.46577554211 0 0 0
 965.66545922888 0 0 0
 968.86335945097 0 0 0
 972.05946459904 0 0 0
 975.25376306375 0 0 0
 978.44624323576 0 0 0
 981.63689350573 0 0 0
 984.82570226432 0 0 0
 988.01265790219 0 0 0
 991.19774881 0 0 0
 994.38096337841 0 0 0
 997.56228999808 0 0 0
 1000.74171705967 0 0 0
 1003.91923295384 0 0 0
 1007.09482607125 0 0 0
 1010.26848480256 0 0 0
 1013.44019753843 0 0 0
 1016.60995266952 0 0 0
 1019.77773858649 0 0 0
 1022.94354368 0 0 0
 1026.10735634071 0 0 0
 1029.26916495928 0 0 0
 1032.42895792637 0 0 0
 1035.58672363264 0 0 0
 1038.74245046875 0 0 0
 1041.89612682536 0 0 0
 1045.04774109313 0 0 0
 1048.19728166272 0 0 0
 1051.34473692479 0 0 0
 1054.49009527 0 0 0
 1057.63334508901 0 0 0
 1060.77447477248 0 0 0
 1063.91347271107 0 0 0
 1067.05032729544 0 0 0
 1070.18502691625 0 0 0
 1073.31755996416 0 0 0
 1076.44791482983 0 0 0
 1079.57607990392 0 0 0
 1082.70204357709 0 0 0
 1085.82579424 0 0 0
 1088.94732028331 0 0 0
 1092.06661009768 0 0 0
 1095.18365207377 0 0 0
 1098.29843460224 0 0 0
 1101.41094607375 0 0 0
 1104.52117487896 0 0 0
 1107.62910940853 0 0 0
 1110.73473805312 0 0 0
 1113.83804920339 0 0 0
 1116.93903125 0 0 0
 1120.03767258361 0 0 0
 1123.13396159488 0 0 0
 1126.22788667447 0 0 0
 1129.31943621304 0 0 0
 1132.40859860125 0 0 0
 1135.49536222976 0 0 0
[END] of [DATA]
[END] of [Spectrum]


#TBID:2021-08-14 03:00:00;SAM_84CE;RAW;

[Spectrum]
Version            = 1
IDData             = 96B1_2021-08-14_03-00-00_000_659
IDDevice           = SAM_84CE
IDDataType         = SPECTRUM
IDDataTypeSub1     = RAW
IDDataTypeSub2     = 
IDDataTypeSub3     = 
DateTime           = 2021-08-14 03:00:00
PositionLatitude   = 0
PositionLongitude  = 0
Comment            = 
CommentSub1        = 
CommentSub2        = 
CommentSub3        = 
IDMethodType       = SAM Control
MethodName         = SAM_84CE
Mission            = No Mission
MissionSub         = 1
RecordType         = 0
[Attributes]
CalFactor = 1
IDBasisSpec = 
IDDataBack = DLAB_2015-08-21_11-56-43_233_004
IDDataCal = DLAB_2015-08-26_10-05-37_585_478
IntegrationTime = 4096
P31 = -1
P31e = 0
PathLength = +INF
PathLengthCustomOn = 0
RAWDynamic = 65535
Salinity = 0
Temperature = -NAN
Unit1 = $05 $00 Pixel 
Unit2 = $03 $05 Intensity counts
Unit3 = $f0 $05 Error counts
Unit4 = $f1 $00 Status 
p999 = 1665
[END] of [Attributes]
[DATA]
 0 11 0 0
 1 1794 0 0
 2 1798 0 0
 3 1800 0 0
 4 1815 0 0
 5 1824 0 0
 6 1820 0 0
 7 1820 0 0
 8 1829 0 0
 9 1837 0 0
 10 1836 0 0
 11 1835 0 0
 12 1839 0 0
 13 1843 0 0
 14 1848 0 0
 15 1838 0 0
 16 1837 0 0
 17 1840 0 0
 18 1848 0 0
 19 1841 0 0
 20 1853 0 0
 21 1844 0 0
 22 1859 0 0
 23 1867 0 0
 24 1859 0 0
 25 1860 0 0
 26 1871 0 0
 27 1871 0 0
 28 1858 0 0
 29 1857 0 0
 30 1860 0 0
 31 1869 0 0
 32 1870 0 0
 33 1869 0 0
 34 1863 0 0
 35 1860 0 0
 36 1869 0 0
 37 1863 0 0
 38 1873 0 0
 39 1865 0 0
 40 1862 0 0
 41 1866 0 0
 42 1869 0 0
 43 1872 0 0
 44 1859 0 0
 45 1859 0 0
 46 1872 0 0
 47 1873 0 0
 48 1868 0 0
 49 1866 0 0
 50 1872 0 0
 51 1864 0 0
 52 1863 0 0
 53 1872 0 0
 54 1877 0 0
 55 1875 0 0
 56 1872 0 0
 57 1868 0 0
 58 1873 0 0
 59 1874 0 0
 60 1868 0 0
 61 1875 0 0
 62 1874 0 0
 63 1876 0 0
 64 1875 0 0
 65 1870 0 0
 66 1881 0 0
 67 1874 0 0
 68 1877 0 0
 69 1870 0 0
 70 1866 0 0
 71 1874 0 0
 72 1880 0 0
 73 1877 0 0
 74 1878 0 0
 75 1875 0 0
 76 1885 0 0
 77 1879 0 0
 78 1874 0 0
 79 1881 0 0
 80 1887 0 0
 81 1887 0 0
 82 1885 0 0
 83 1876 0 0
 84 1882 0 0
 85 1882 0 0
 86 1880 0 0
 87 1884 0 0
 88 1877 0 0
 89 1876 0 0
 90 1888 0 0
 91 1884 0 0
 92 1885 0 0
 93 1886 0 0
 94 1880 0 0
 95 1876 0 0
 96 1877 0 0
 97 1888 0 0
 98 1890 0 0
 99 1892 0 0
 100 1896 0 0
 101 1888 0 0
 102 1887 0 0
 103 1895 0 0
 104 1892 0 0
 105 1899 0 0
 106 1897 0 0
 107 1891 0 0
 108 1895 0 0
 109 1904 0 0
 110 1898 0 0
 111 1908 0 0
 112 1900 0 0
 113 1893 0 0
 114 1899 0 0
 115 1897 0 0
 116 1893 0 0
 117 1901 0 0
 118 1901 0 0
 119 1901 0 0
 120 1901 0 0
 121 1900 0 0
 122 1908 0 0
 123 1900 0 0
 124 1897 0 0
 125 1903 0 0
 126 1913 0 0
 127 1905 0 0
 128 1906 0 0
 129 1903 0 0
 130 1898 0 0
 131 1909 0 0
 132 1904 0 0
 133 1906 0 0
 134 1906 0 0
 135 1903 0 0
 136 1908 0 0
 137 1910 0 0
 138 1904 0 0
 139 1908 0 0
 140 1900 0 0
 141 1906 0 0
 142 1905 0 0
 143 1912 0 0
 144 1912 0 0
 145 1923 0 0
 146 1913 0 0
 147 1905 0 0
 148 1911 0 0
 149 1910 0 0
 150 1907 0 0
 151 1905 0 0
 152 1908 0 0
 153 1913 0 0
 154 1914 0 0
 155 1911 0 0
 156 1912 0 0
 157 1912 0 0
 158 1912 0 0
 159 1922 0 0
 160 1917 0 0
 161 1923 0 0
 162 1919 0 0
 163 1918 0 0
 164 1923 0 0
 165 1917 0 0
 166 1913 0 0
 167 1915 0 0
 168 1921 0 0
 169 1927 0 0
 170 1925 0 0
 171 1924 0 0
 172 1926 0 0
 173 1926 0 0
 174 1913 0 0
 175 1917 0 0
 176 1920 0 0
 177 1928 0 0
 178 1924 0 0
 179 1930 0 0
 180 1923 0 0
 181 1923 0 0
 182 1923 0 0
 183 1914 0 0
 184 1921 0 0
 185 1921 0 0
 186 1925 0 0
 187 1932 0 0
 188 1922 0 0
 189 1929 0 0
 190 1920 0 0
 191 1928 0 0
 192 1926 0 0
 193 1924 0 0
 194 1919 0 0
 195 1921 0 0
 196 1919 0 0
 197 1923 0 0
 198 1932 0 0
 199 1921 0 0
 200 1928 0 0
 201 1930 0 0
 202 1918 0 0
 203 1927 0 0
 204 1923 0 0
 205 1932 0 0
 206 1934 0 0
 207 1929 0 0
 208 1925 0 0
 209 1930 0 0
 210 1921 0 0
 211 1922 0 0
 212 1927 0 0
 213 1928 0 0
 214 1923 0 0
 215 1936 0 0
 216 1934 0 0
 217 1925 0 0
 218 1924 0 0
 219 1929 0 0
 220 1924 0 0
 221 1929 0 0
 222 1932 0 0
 223 1927 0 0
 224 1922 0 0
 225 1924 0 0
 226 1932 0 0
 227 1936 0 0
 228 1923 0 0
 229 1938 0 0
 230 1933 0 0
 231 1934 0 0
 232 1933 0 0
 233 1933 0 0
 234 1927 0 0
 235 1940 0 0
 236 1923 0 0
 237 1929 0 0
 238 1933 0 0
 239 1927 0 0
 240 1930 0 0
 241 1941 0 0
 242 1926 0 0
 243 1934 0 0
 244 1934 0 0
 245 1927 0 0
 246 1919 0 0
 247 1924 0 0
 248 1917 0 0
 249 1918 0 0
 250 1905 0 0
 251 1915 0 0
 252 1898 0 0
 253 1891 0 0
 254 1883 0 0
 255 1927 0 0
[END] of [DATA]
[END] of [Spectrum]


#TBID:2021-08-14 03:00:00;SAM_84CE;CALIBRATED;

[Spectrum]
Version            = 1
IDData             = 96B1_2021-08-14_03-00-00_000_660
IDDevice           = SAM_84CE
IDDataType         = SPECTRUM
IDDataTypeSub1     = CALIBRATED
IDDataTypeSub2     = 
IDDataTypeSub3     = 
DateTime           = 2021-08-14 03:00:00
PositionLatitude   = 0
PositionLongitude  = 0
Comment            = 
CommentSub1        = 
CommentSub2        = 
CommentSub3        = 
IDMethodType       = SAM Control
MethodName         = SAM_84CE
Mission            = No Mission
MissionSub         = 1
RecordType         = 0
[Attributes]
CalFactor = 1
IDBasisSpec = 
IDDataBack = DLAB_2015-08-21_11-56-43_233_004
IDDataCal = DLAB_2015-08-26_10-05-37_585_478
IntegrationTime = 4096
P31 = -1
P31e = 0
PathLength = +INF
PathLengthCustomOn = 0
RAWDynamic = 65535
Salinity = 0
Temperature = -NAN
Unit1 = $01 $01 Wavelength nm
Unit2 = $03 $06 Intensity mW/(m^2 nm)
Unit3 = $f0 $06 Error mW/(m^2 nm)
Unit4 = $f1 $00 Status 
p999 = 1665
[END] of [Attributes]
[DATA]
 0 11 0 0
 303.485180022 0 0 0
 306.85638880275 0 0 0
 310.228324544 0 0 0
 313.60097308125 0 0 0
 316.97432025 -0.0399603823248571 0 0
 320.34835188575 -0.0357748859198847 0 0
 323.723053824 -0.0316908209170623 0 0
 327.09841190025 -0.0279967085425759 0 0
 330.47441195 -0.0258472374274076 0 0
 333.85103980875 -0.0245339707601701 0 0
 337.228281312 -0.0241475694541727 0 0
 340.60612229525 -0.0212425955235282 0 0
 343.984548594 -0.0185820246361974 0 0
 347.36354604375 -0.0171249766781874 0 0
 350.74310048 -0.015985296642141 0 0
 354.12319773825 -0.0152981702021526 0 0
 357.503823654 -0.0127792337319765 0 0
 360.88496406275 -0.0114872579879543 0 0
 364.2666048 -0.0114079282737304 0 0
 367.64873170125 -0.0111257289344722 0 0
 371.031330602 -0.012413667106683 0 0
 374.41438733775 -0.0094568187261682 0 0
 377.797887744 -0.0107989312386238 0 0
 381.18181765625 -0.0107681363547143 0 0
 384.56616291 -0.0107792766853528 0 0
 387.95090934075 -0.00951505223238451 0 0
 391.336042784 -0.00973737852295832 0 0
 394.72154907525 -0.00979951718514178 0 0
 398.10741405 -0.010191083592744 0 0
 401.49362354375 -0.00939156079484324 0 0
 404.880163392 -0.0088403301003885 0 0
 408.26701943025 -0.00758913877719387 0 0
 411.654177494 -0.00675788181512295 0 0
 415.04162341875 -0.0068489777089678 0 0
 418.42934304 -0.00653781763058333 0 0
 421.81732219325 -0.00614338178038245 0 0
 425.205546714 -0.00529825185049433 0 0
 428.59400243775 -0.00510921812015155 0 0
 431.9826752 -0.00538069179276203 0 0
 435.37155083625 -0.00561860227024571 0 0
 438.760615182 -0.00486120325341927 0 0
 442.14985407275 -0.00473736101042769 0 0
 445.539253344 -0.00433849390263715 0 0
 448.92879883125 -0.00514130478915524 0 0
 452.31847637 -0.00521771494277286 0 0
 455.70827179575 -0.00511189798476098 0 0
 459.098170944 -0.00552074450840139 0 0
 462.48815965025 -0.00546821986635847 0 0
 465.87822375 -0.00580503374125695 0 0
 469.26834907875 -0.00541317725270215 0 0
 472.658521472 -0.0056320092388665 0 0
 476.04872676525 -0.00579389471989645 0 0
 479.438950794 -0.00556508394433195 0 0
 482.82917939375 -0.00536448522622682 0 0
 486.2193984 -0.00463187462739461 0 0
 489.60959364825 -0.00502779633043162 0 0
 492.999750974 -0.00570545035930948 0 0
 496.38985621275 -0.00568495327045884 0 0
 499.7798952 -0.00510081101390352 0 0
 503.16985377125 -0.00528913325325514 0 0
 506.559717762 -0.00490449993066078 0 0
 509.94947300775 -0.00595838821306044 0 0
 513.339105344 -0.00504907977069542 0 0
 516.72860060625 -0.0048781355463548 0 0
 520.11794463 -0.00494822674556302 0 0
 523.50712325075 -0.00459991788360603 0 0
 526.896122304 -0.00450767186402443 0 0
 530.28492762525 -0.00429615046542907 0 0
 533.67352505 -0.00405181476279954 0 0
 537.06190041375 -0.00374267222157834 0 0
 540.450039552 -0.00368036107194553 0 0
 543.83792830025 -0.0035085928707313 0 0
 547.225552494 -0.00405345786939224 0 0
 550.61289796875 -0.00353383279909753 0 0
 553.99995056 -0.00410211219414271 0 0
 557.38669610325 -0.00393322144029053 0 0
 560.773120434 -0.00358534294781099 0 0
 564.15920938775 -0.003837398626384 0 0
 567.5449488 -0.00388905291090743 0 0
 570.93032450625 -0.0034469623735183 0 0
 574.315322342 -0.00361618933455744 0 0
 577.69992814275 -0.00329887297031046 0 0
 581.084127744 -0.00421012577569333 0 0
 584.46790698125 -0.00366613931192635 0 0
 587.85125169 -0.00387945123827392 0 0
 591.23414770575 -0.0044774479158879 0 0
 594.616580864 -0.00420303247595957 0 0
 597.99853700025 -0.00490414499346387 0 0
 601.38000195 -0.00516512819686548 0 0
 604.76096154875 -0.00459932103013235 0 0
 608.141401632 -0.00502082020615776 0 0
 611.52130803525 -0.00467633474482569 0 0
 614.900666594 -0.00534734805521365 0 0
 618.27946314375 -0.00514201521445549 0 0
 621.65768352 -0.00531085461707367 0 0
 625.03531355825 -0.00532401270649855 0 0
 628.412339094 -0.00486724412344927 0 0
 631.78874596275 -0.00535732651082712 0 0
 635.16452 -0.00492488979113985 0 0
 638.53964704125 -0.00419137116562257 0 0
 641.914112922 -0.00504467843512396 0 0
 645.28790347775 -0.00594283712699747 0 0
 648.661004544 -0.0048452873737315 0 0
 652.03340195625 -0.00478996074215109 0 0
 655.40508155 -0.00445791991930098 0 0
 658.77602916075 -0.00434349328812196 0 0
 662.146230624 -0.00499156058462339 0 0
 665.51567177525 -0.00417361006105838 0 0
 668.88433845 -0.00425499512939673 0 0
 672.25221648375 -0.00372787777844125 0 0
 675.619291712 -0.0036081889494585 0 0
 678.98554997025 -0.00387370702108273 0 0
 682.350977094 -0.00439245923821997 0 0
 685.71555891875 -0.0041352543477915 0 0
 689.07928128 -0.00396193322535357 0 0
 692.44213001325 -0.0041896449206422 0 0
 695.804090954 -0.00419744405415366 0 0
 699.16514993775 -0.0037604504225876 0 0
 702.5252928 -0.00398513208506096 0 0
 705.88450537625 -0.00421657045875478 0 0
 709.242773502 -0.00365148755736771 0 0
 712.60008301275 -0.00275279859773669 0 0
 715.956419744 -0.00360655352648139 0 0
 719.31176953125 -0.00450445900149468 0 0
 722.66611821 -0.00290395403827896 0 0
 726.01945161575 -0.00242673901740525 0 0
 729.371755584 -0.00223969384480734 0 0
 732.72301595025 -0.00273906936962726 0 0
 736.07321855 -0.00306128272191666 0 0
 739.42234921875 -0.00346189085293597 0 0
 742.770393792 -0.00378268037996922 0 0
 746.11733810525 -0.00282468306619419 0 0
 749.463167994 -0.00253936199130967 0 0
 752.80786929375 -0.00269364011919302 0 0
 756.15142784 -0.00377098572050414 0 0
 759.49382946825 -0.00223173196465959 0 0
 762.835060014 -0.00325454908806883 0 0
 766.17510531275 -0.00166430521869372 0 0
 769.5139512 -0.00365834142684915 0 0
 772.85158351125 -0.00343671862354731 0 0
 776.187988082 -0.00326522083970616 0 0
 779.52315074775 -0.00284969546387072 0 0
 782.857057344 -0.00144256642737903 0 0
 786.18969370625 -0.00177249567421071 0 0
 789.52104567 -0.00111398862801888 0 0
 792.85109907075 -0.0029429985149876 0 0
 796.179839744 -0.00209754649979582 0 0
 799.50725352525 -0.00293895492458205 0 0
 802.83332625 -0.00193292088436382 0 0
 806.15804375375 -0.00270837547036418 0 0
 809.481391872 -0.00315488580205689 0 0
 812.80335644025 -0.00246261584138641 0 0
 816.123923294 -0.00280357230350948 0 0
 819.44307826875 -0.00160520031905622 0 0
 822.7608072 -0.00269461481207026 0 0
 826.07709592325 -0.00189846231912877 0 0
 829.391930274 -0.00332331429131936 0 0
 832.70529608775 -0.000504063204930534 0 0
 836.0171792 0.00124224178420254 0 0
 839.32756544625 -0.00177955087067332 0 0
 842.636440662 0.000365328841955895 0 0
 845.94379068275 -0.000686473674504812 0 0
 849.249601344 -0.000769564889472842 0 0
 852.55385848125 0.00186369247525533 0 0
 855.85654793 -9.51886207082315e-005 0 0
 859.15765552575 -0.00220932828484174 0 0
 862.457167104 -0.00258668475102661 0 0
 865.75506850025 0.00229340437320826 0 0
 869.05134555 0.00396728689256942 0 0
 872.34598408875 0.00179133228453057 0 0
 875.638969952 6.97338572609692e-006 0 0
 878.93028897525 0.00441337580807928 0 0
 882.219926994 0.00544453583040559 0 0
 885.50786984375 -0.00271912791195524 0 0
 888.79410336 -0.0039215523199176 0 0
 892.07861337825 -0.000571708926431653 0 0
 895.361385734 0.00747263490086292 0 0
 898.64240626275 0.000199763508310681 0 0
 901.9216608 0.00868628262331932 0 0
 905.19913518125 -0.00045935130841644 0 0
 908.474815242 0.00145800272564122 0 0
 911.74868681775 0.0030196242846842 0 0
 915.020735744 0.00169427675196408 0 0
 918.29094785625 0.00923116600040635 0 0
 921.55930899 0.00113799963216106 0 0
 924.82580498075 0.00249296039969175 0 0
 928.090421664 0.0112917201601685 0 0
 931.35314487525 0.00467598247070284 0 0
 934.61396045 0.0166703466941764 0 0
 937.87285422375 -0.000119200898940014 0 0
 941.129812032 0.0092485884181366 0 0
 944.38481971025 0.0127224832556609 0 0
 947.637863094 0.00791393478730992 0 0
 950.88892801875 0.00051390026360969 0 0
 954.13800032 0 0 0
 957.38506583325 0 0 0
 960.630110394 0 0 0
 963.87311983775 0 0 0
 967.11408 0 0 0
 970.35297671625 0 0 0
 973.589795822 0 0 0
 976.82452315275 0 0 0
 980.057144544 0 0 0
 983.28764583125 0 0 0
 986.51601285 0 0 0
 989.74223143575 0 0 0
 992.966287424 0 0 0
 996.18816665025 0 0 0
 999.40785495 0 0 0
 1002.62533815875 0 0 0
 1005.840602112 0 0 0
 1009.05363264525 0 0 0
 1012.264415594 0 0 0
 1015.47293679375 0 0 0
 1018.67918208 0 0 0
 1021.88313728825 0 0 0
 1025.084788254 0 0 0
 1028.28412081275 0 0 0
 1031.4811208 0 0 0
 1034.67577405125 0 0 0
 1037.868066402 0 0 0
 1041.05798368775 0 0 0
 1044.245511744 0 0 0
 1047.43063640625 0 0 0
 1050.61334351 0 0 0
 1053.79361889075 0 0 0
 1056.971448384 0 0 0
 1060.14681782525 0 0 0
 1063.31971305 0 0 0
 1066.49011989375 0 0 0
 1069.658024192 0 0 0
 1072.82341178025 0 0 0
 1075.986268494 0 0 0
 1079.14658016875 0 0 0
 1082.30433264 0 0 0
 1085.45951174325 0 0 0
 1088.612103314 0 0 0
 1091.76209318775 0 0 0
 1094.9094672 0 0 0
 1098.05421118625 0 0 0
 1101.196310982 0 0 0
 1104.33575242275 0 0 0
 1107.472521344 0 0 0
 1110.60660358125 0 0 0
 1113.73798497 0 0 0
 1116.86665134575 0 0 0
 1119.992588544 0 0 0
 1123.11578240025 0 0 0
 1126.23621875 0 0 0
 1129.35388342875 0 0 0
 1132.468762272 0 0 0
 1135.58084111525 0 0 0
 1138.690105794 0 0 0
 1141.79654214375 0 0 0
 1144.900136 0 0 0
[END] of [DATA]
[END] of [Spectrum]


#TBID:2021-08-14 03:00:00;SAM_84DC;RAW;

[Spectrum]
Version            = 1
IDData             = 96B1_2021-08-14_03-00-00_000_662
IDDevice           = SAM_84DC
IDDataType         = SPECTRUM
IDDataTypeSub1     = RAW
IDDataTypeSub2     = 
IDDataTypeSub3     = 
DateTime           = 2021-08-14 03:00:00
PositionLatitude   = 0
PositionLongitude  = 0
Comment            = 
CommentSub1        = 
CommentSub2        = 
CommentSub3        = 
IDMethodType       = SAM Control
MethodName         = SAM_84DC
Mission            = No Mission
MissionSub         = 1
RecordType         = 0
[Attributes]
CalFactor = 1
IDBasisSpec = 
IDDataBack = DLAB_2015-08-21_13-19-54_137_939
IDDataCal = DLAB_2015-08-24_10-46-55_592_608
IntegrationTime = 4096
P31 = -1
P31e = 0
PathLength = +INF
PathLengthCustomOn = 0
RAWDynamic = 65535
Salinity = 0
Temperature = -NAN
Unit1 = $05 $00 Pixel 
Unit2 = $03 $05 Intensity counts
Unit3 = $f0 $05 Error counts
Unit4 = $f1 $00 Status 
p999 = 1665
[END] of [Attributes]
[DATA]
 0 11 0 0
 1 1932 0 0
 2 1920 0 0
 3 1936 0 0
 4 1948 0 0
 5 1948 0 0
 6 1947 0 0
 7 1958 0 0
 8 1956 0 0
 9 1959 0 0
 10 1959 0 0
 11 1961 0 0
 12 1958 0 0
 13 1959 0 0
 14 1979 0 0
 15 1962 0 0
 16 1971 0 0
 17 1978 0 0
 18 1967 0 0
 19 1973 0 0
 20 1971 0 0
 21 1961 0 0
 22 1982 0 0
 23 1980 0 0
 24 1986 0 0
 25 1979 0 0
 26 1987 0 0
 27 1985 0 0
 28 1980 0 0
 29 1976 0 0
 30 1976 0 0
 31 1987 0 0
 32 1985 0 0
 33 1981 0 0
 34 1979 0 0
 35 1976 0 0
 36 1988 0 0
 37 1988 0 0
 38 1984 0 0
 39 1974 0 0
 40 1985 0 0
 41 1977 0 0
 42 1976 0 0
 43 1980 0 0
 44 1979 0 0
 45 1974 0 0
 46 1982 0 0
 47 1986 0 0
 48 1971 0 0
 49 1973 0 0
 50 1969 0 0
 51 1969 0 0
 52 1973 0 0
 53 1972 0 0
 54 1966 0 0
 55 1974 0 0
 56 1974 0 0
 57 1976 0 0
 58 1972 0 0
 59 1981 0 0
 60 1972 0 0
 61 1974 0 0
 62 1969 0 0
 63 1971 0 0
 64 1971 0 0
 65 1965 0 0
 66 1953 0 0
 67 1965 0 0
 68 1971 0 0
 69 1964 0 0
 70 1972 0 0
 71 1970 0 0
 72 1960 0 0
 73 1972 0 0
 74 1968 0 0
 75 1959 0 0
 76 1964 0 0
 77 1969 0 0
 78 1958 0 0
 79 1967 0 0
 80 1959 0 0
 81 1969 0 0
 82 1963 0 0
 83 1964 0 0
 84 1960 0 0
 85 1975 0 0
 86 1962 0 0
 87 1963 0 0
 88 1960 0 0
 89 1962 0 0
 90 1942 0 0
 91 1943 0 0
 92 1939 0 0
 93 1945 0 0
 94 1941 0 0
 95 1939 0 0
 96 1936 0 0
 97 1949 0 0
 98 1946 0 0
 99 1946 0 0
 100 1952 0 0
 101 1943 0 0
 102 1947 0 0
 103 1948 0 0
 104 1947 0 0
 105 1958 0 0
 106 1954 0 0
 107 1959 0 0
 108 1948 0 0
 109 1954 0 0
 110 1955 0 0
 111 1956 0 0
 112 1953 0 0
 113 1947 0 0
 114 1952 0 0
 115 1953 0 0
 116 1946 0 0
 117 1945 0 0
 118 1930 0 0
 119 1946 0 0
 120 1936 0 0
 121 1949 0 0
 122 1940 0 0
 123 1944 0 0
 124 1946 0 0
 125 1942 0 0
 126 1944 0 0
 127 1951 0 0
 128 1944 0 0
 129 1940 0 0
 130 1947 0 0
 131 1937 0 0
 132 1943 0 0
 133 1943 0 0
 134 1943 0 0
 135 1945 0 0
 136 1936 0 0
 137 1937 0 0
 138 1934 0 0
 139 1944 0 0
 140 1932 0 0
 141 1948 0 0
 142 1936 0 0
 143 1936 0 0
 144 1936 0 0
 145 1932 0 0
 146 1930 0 0
 147 1936 0 0
 148 1935 0 0
 149 1940 0 0
 150 1931 0 0
 151 1936 0 0
 152 1932 0 0
 153 1942 0 0
 154 1944 0 0
 155 1940 0 0
 156 1938 0 0
 157 1940 0 0
 158 1933 0 0
 159 1934 0 0
 160 1933 0 0
 161 1928 0 0
 162 1924 0 0
 163 1928 0 0
 164 1929 0 0
 165 1933 0 0
 166 1934 0 0
 167 1928 0 0
 168 1930 0 0
 169 1929 0 0
 170 1927 0 0
 171 1931 0 0
 172 1919 0 0
 173 1929 0 0
 174 1934 0 0
 175 1926 0 0
 176 1935 0 0
 177 1930 0 0
 178 1930 0 0
 179 1930 0 0
 180 1931 0 0
 181 1926 0 0
 182 1932 0 0
 183 1930 0 0
 184 1924 0 0
 185 1927 0 0
 186 1931 0 0
 187 1928 0 0
 188 1922 0 0
 189 1928 0 0
 190 1924 0 0
 191 1929 0 0
 192 1938 0 0
 193 1928 0 0
 194 1924 0 0
 195 1923 0 0
 196 1930 0 0
 197 1927 0 0
 198 1917 0 0
 199 1931 0 0
 200 1930 0 0
 201 1933 0 0
 202 1920 0 0
 203 1932 0 0
 204 1926 0 0
 205 1925 0 0
 206 1933 0 0
 207 1933 0 0
 208 1924 0 0
 209 1925 0 0
 210 1920 0 0
 211 1923 0 0
 212 1918 0 0
 213 1924 0 0
 214 1925 0 0
 215 1929 0 0
 216 1926 0 0
 217 1930 0 0
 218 1924 0 0
 219 1926 0 0
 220 1928 0 0
 221 1935 0 0
 222 1922 0 0
 223 1934 0 0
 224 1928 0 0
 225 1938 0 0
 226 1931 0 0
 227 1926 0 0
 228 1936 0 0
 229 1926 0 0
 230 1926 0 0
 231 1926 0 0
 232 1933 0 0
 233 1924 0 0
 234 1924 0 0
 235 1933 0 0
 236 1921 0 0
 237 1934 0 0
 238 1934 0 0
 239 1935 0 0
 240 1933 0 0
 241 1932 0 0
 242 1931 0 0
 243 1938 0 0
 244 1937 0 0
 245 1932 0 0
 246 1943 0 0
 247 1936 0 0
 248 1940 0 0
 249 1936 0 0
 250 1920 0 0
 251 1920 0 0
 252 1913 0 0
 253 1905 0 0
 254 1881 0 0
 255 1932 0 0
[END] of [DATA]
[END] of [Spectrum]


#TBID:2021-08-14 03:00:00;SAM_84DC;CALIBRATED;

[Spectrum]
Version            = 1
IDData             = 96B1_2021-08-14_03-00-00_000_663
IDDevice           = SAM_84DC
IDDataType         = SPECTRUM
IDDataTypeSub1     = CALIBRATED
IDDataTypeSub2     = 
IDDataTypeSub3     = 
DateTime           = 2021-08-14 03:00:00
PositionLatitude   = 0
PositionLongitude  = 0
Comment            = 
CommentSub1        = 
CommentSub2        = 
CommentSub3        = 
IDMethodType       = SAM Control
MethodName         = SAM_84DC
Mission            = No Mission
MissionSub         = 1
RecordType         = 0
[Attributes]
CalFactor = 1
IDBasisSpec = 
IDDataBack = DLAB_2015-08-21_13-19-54_137_939
IDDataCal = DLAB_2015-08-24_10-46-55_592_608
IntegrationTime = 4096
P31 = -1
P31e = 0
PathLength = +INF
PathLengthCustomOn = 0
RAWDynamic = 65535
Salinity = 0
Temperature = -NAN
Unit1 = $01 $01 Wavelength nm
Unit2 = $03 $03 Intensity mW/(m^2 nm Sr)
Unit3 = $f0 $03 Error mW/(m^2 nm Sr)
Unit4 = $f1 $00 Status 
p999 = 1665
[END] of [Attributes]
[DATA]
 0 11 0 0
 305.71650776488 0 0 0
 309.04007505697 0 0 0
 312.36416914304 0 0 0
 315.68877841375 0 0 0
 319.01389125976 0.00136181710760791 0 0
 322.33949607173 0.00147500663691611 0 0
 325.66558124032 0.0013775250030299 0 0
 328.99213515619 0.00130040076311538 0 0
 332.31914621 0.00118757870157918 0 0
 335.64660279241 0.00119484299417308 0 0
 338.97449329408 0.00108775621369868 0 0
 342.30280610567 0.00106942352388515 0 0
 345.63152961784 0.000990171799353161 0 0
 348.96065222125 0.0011097764440532 0 0
 352.29016230656 0.000967617618787941 0 0
 355.62004826443 0.000912686484839485 0 0
 358.95029848552 0.000909766667794807 0 0
 362.28090136049 0.000857073162536728 0 0
 365.61184528 0.000935051438414946 0 0
 368.94311863471 0.000974616856403351 0 0
 372.27470981528 0.000881301084929963 0 0
 375.60660721237 0.00114752469545675 0 0
 378.93879921664 0.00114300168700363 0 0
 382.27127421875 0.00129861884043124 0 0
 385.60402060936 0.00129708719292007 0 0
 388.93702677913 0.00130968301085872 0 0
 392.27028111872 0.00123731452764288 0 0
 395.60377201879 0.00123176417137332 0 0
 398.93748787 0.00111823655305325 0 0
 402.27141706301 0.00108774774374276 0 0
 405.60554798848 0.00104974187396852 0 0
 408.93986903707 0.000992144040904842 0 0
 412.27436859944 0.000939540361262212 0 0
 415.60903506625 0.000771843818559766 0 0
 418.94385682816 0.000762523121713811 0 0
 422.27882227583 0.000735277827186578 0 0
 425.61391979992 0.000723598321698162 0 0
 428.94913779109 0.00068633507831122 0 0
 432.28446464 0.000601760299379664 0 0
 435.61988873731 0.000576005205461407 0 0
 438.95539847368 0.000559875254124553 0 0
 442.29098223977 0.000564502739186939 0 0
 445.62662842624 0.000587396088426915 0 0
 448.96232542375 0.000565758635453223 0 0
 452.29806162296 0.000539351166576485 0 0
 455.63382541453 0.000595896925047668 0 0
 458.96960518912 0.000638394836726637 0 0
 462.30538933739 0.000578124813706942 0 0
 465.64116625 0.000605943013608244 0 0
 468.97692431761 0.000588760964785028 0 0
 472.31265193088 0.000568505441310267 0 0
 475.64833748047 0.000610570631159462 0 0
 478.98396935704 0.000636871146772743 0 0
 482.31953595125 0.000564534155928862 0 0
 485.65502565376 0.000616868697177619 0 0
 488.99042685523 0.000649283497204667 0 0
 492.32572794632 0.000625565502836485 0 0
 495.66091731769 0.000579813761626464 0 0
 498.99598336 0.000608119585006296 0 0
 502.33091446391 0.000574593474920879 0 0
 505.66569902008 0.000555906070213101 0 0
 509.00032541917 0.000575171809426881 0 0
 512.33478205184 0.000544046911276373 0 0
 515.66905730875 0.000515813867060168 0 0
 519.00313958056 0.000474511292638154 0 0
 522.33701725793 0.000416619692944989 0 0
 525.67067873152 0.000410341225995266 0 0
 529.00411239199 0.000447055717131161 0 0
 532.33730663 0.00041592844323986 0 0
 535.67024983621 0.000440883963285522 0 0
 539.00293040128 0.000383989312547704 0 0
 542.33533671587 0.000356154707007778 0 0
 545.66745717064 0.000432084211553198 0 0
 548.99928015625 0.000379704562905849 0 0
 552.33079406336 0.000371623523411334 0 0
 555.66198728263 0.000367510039899324 0 0
 558.99284820472 0.000435438360366997 0 0
 562.32336522029 0.000400071489827879 0 0
 565.65352672 0.000395314867190884 0 0
 568.98332109451 0.000388442721612492 0 0
 572.31273673448 0.000427689256874621 0 0
 575.64176203057 0.00045326035671671 0 0
 578.97038537344 0.000434011116081548 0 0
 582.29859515375 0.000486537077138433 0 0
 585.62637976216 0.000508302318907195 0 0
 588.95372758933 0.000427970214979727 0 0
 592.28062702592 0.000436500591011698 0 0
 595.60706646259 0.000469253817082212 0 0
 598.93303429 0.000414065438128214 0 0
 602.25851889881 0.000285045646302782 0 0
 605.58350867968 0.000211182578297399 0 0
 608.90799202327 0.000158904239092338 0 0
 612.23195732024 0.000260734487422157 0 0
 615.55539296125 0.000147575904201043 0 0
 618.87828733696 0.000132155977901408 0 0
 622.20062883803 0.000175789459986081 0 0
 625.52240585512 0.00025000018252044 0 0
 628.84360677889 0.000333245338626181 0 0
 632.16422 0.000293981608549237 0 0
 635.48423390911 0.000376464813977405 0 0
 638.80363689688 0.000306036567330064 0 0
 642.12241735397 0.000320114925029968 0 0
 645.44056367104 0.000378246878439253 0 0
 648.75806423875 0.000368969374256449 0 0
 652.07490744776 0.000512015000237253 0 0
 655.39108168873 0.000471696519289373 0 0
 658.70657535232 0.000435875966671693 0 0
 662.02137682919 0.000358385724383423 0 0
 665.33547451 0.000458796287119737 0 0
 668.64885678541 0.000544250739736144 0 0
 671.96151204608 0.000504446814015829 0 0
 675.27342868267 0.000468340152800074 0 0
 678.58459508584 0.000480911108642574 0 0
 681.89499964625 0.000433842434513677 0 0
 685.20463075456 0.000411064668270371 0 0
 688.51347680143 0.000391772985890216 0 0
 691.82152617752 0.000382495751506051 0 0
 695.12876727349 0.000131905673059414 0 0
 698.43518848 0.000402847846321798 0 0
 701.74077818771 0.000372378128356954 0 0
 705.04552478728 0.000310469012546887 0 0
 708.34941666937 0.000338710851042398 0 0
 711.65244222464 0.000292915274073038 0 0
 714.95458984375 0.000336100456158151 0 0
 718.25584791736 0.000382882266549922 0 0
 721.55620483613 0.000298705093044469 0 0
 724.85564899072 0.000472128670855129 0 0
 728.15416877179 0.000394306219473356 0 0
 731.45175257 0.000325894457089735 0 0
 734.74838877601 0.000325063689871418 0 0
 738.04406578048 0.00025887663433008 0 0
 741.33877197407 0.000314531755379221 0 0
 744.63249574744 0.000358737206488577 0 0
 747.92522549125 0.000404681179061627 0 0
 751.21694959616 0.000374441524013139 0 0
 754.50765645283 0.000338459165831724 0 0
 757.79733445192 0.000222449897525213 0 0
 761.08597198409 0.000275399152149148 0 0
 764.37355744 0.000441699310698641 0 0
 767.66007921031 0.000223355885000605 0 0
 770.94552568568 0.000460084542020308 0 0
 774.22988525677 0.000339915941420631 0 0
 777.51314631424 0.000224728416774579 0 0
 780.79529724875 0.000283540849170771 0 0
 784.07632645096 0.00030225719784225 0 0
 787.35622231153 0.000202118662106878 0 0
 790.63497322112 0.00034484376577426 0 0
 793.91256757039 0.000207222377657015 0 0
 797.18899375 0.000420322396402472 0 0
 800.46424015061 0.000297597920583856 0 0
 803.73829516288 0.000285352994636554 0 0
 807.01114717747 0.000221243232116308 0 0
 810.28278458504 0.000448238365078638 0 0
 813.55319577625 0.0006195361313349 0 0
 816.82236914176 0.000545565858724356 0 0
 820.09029307223 0.000665198253469456 0 0
 823.35695595832 0.000425984880762186 0 0
 826.62234619069 0.000364262131272604 0 0
 829.88645216 0.000274776279497437 0 0
 833.14926225691 0.000266776419224447 0 0
 836.41076487208 0.000331795314692894 0 0
 839.67094839617 0.000323621941408616 0 0
 842.92980121984 0.000326936387448658 0 0
 846.18731173375 0.000296909889674897 0 0
 849.44346832856 0.000414160473400599 0 0
 852.69825939493 0.000176679394657527 0 0
 855.95167332352 -3.45194491926017e-005 0 0
 859.20369850499 0.000227509165403831 0 0
 862.45432333 0.000142354707295479 0 0
 865.70353618921 6.96368194335447e-005 0 0
 868.95132547328 -6.54132884102458e-006 0 0
 872.19767957287 9.12570527021997e-005 0 0
 875.44258687864 2.72443018670034e-005 0 0
 878.68603578125 0.000660704341715769 0 0
 881.92801467136 0.000254069176192104 0 0
 885.16851193963 0.000759758084108127 0 0
 888.40751597672 0.000668465630465633 0 0
 891.64501517329 0.000396399390181475 0 0
 894.88099792 0.000994825275474711 0 0
 898.11545260751 0.000995027016932139 0 0
 901.34836762648 0.00054690510040198 0 0
 904.57973136757 0.000859385722964427 0 0
 907.80953222144 0.000578596321012601 0 0
 911.03775857875 6.59480019885449e-005 0 0
 914.26439883016 0.000306439145869469 0 0
 917.48944136633 0.00065926224992586 0 0
 920.71287457792 0.000291711008893244 0 0
 923.93468685559 0.000277323186389126 0 0
 927.15486659 0.00130786874529166 0 0
 930.37340217181 0.000422527016961236 0 0
 933.59028199168 0.000834865704284013 0 0
 936.80549444027 0.00086083312645769 0 0
 940.01902790824 0.000235874855382658 0 0
 943.23087078625 2.96730931254313e-005 0 0
 946.44101146496 0.000604641264081137 0 0
 949.64943833503 4.9199888791427e-005 0 0
 952.85613978712 0.000277216478678186 0 0
 956.06110421189 0 0 0
 959.26432 0 0 0
 962.46577554211 0 0 0
 965.66545922888 0 0 0
 968.86335945097 0 0 0
 972.05946459904 0 0 0
 975.25376306375 0 0 0
 978.44624323576 0 0 0
 981.63689350573 0 0 0
 984.82570226432 0 0 0
 988.01265790219 0 0 0
 991.19774881 0 0 0
 994.38096337841 0 0 0
 997.56228999808 0 0 0
 1000.74171705967 0 0 0
 1003.91923295384 0 0 0
 1007.09482607125 0 0 0
 1010.26848480256 0 0 0
 1013.44019753843 0 0 0
 1016.60995266952 0 0 0
 1019.77773858649 0 0 0
 1022.94354368 0 0 0
 1026.10735634071 0 0 0
 1029.26916495928 0 0 0
 1032.42895792637 0 0 0
 1035.58672363264 0 0 0
 1038.74245046875 0 0 0
 1041.89612682536 0 0 0
 1045.04774109313 0 0 0
 1048.19728166272 0 0 0
 1051.34473692479 0 0 0
 1054.49009527 0 0 0
 1057.63334508901 0 0 0
 1060.77447477248 0 0 0
 1063.91347271107 0 0 0
 1067.05032729544 0 0 0
 1070.18502691625 0 0 0
 1073.31755996416 0 0 0
 1076.44791482983 0 0 0
 1079.57607990392 0 0 0
 1082.70204357709 0 0 0
 1085.82579424 0 0 0
 1088.94732028331 0 0 0
 1092.06661009768 0 0 0
 1095.18365207377 0 0 0
 1098.29843460224 0 0 0
 1101.41094607375 0 0 0
 1104.52117487896 0 0 0
 1107.62910940853 0 0 0
 1110.73473805312 0 0 0
 1113.83804920339 0 0 0
 1116.93903125 0 0 0
 1120.03767258361 0 0 0
 1123.13396159488 0 0 0
 1126.22788667447 0 0 0
 1129.31943621304 0 0 0
 1132.40859860125 0 0 0
 1135.49536222976 0 0 0
[END] of [DATA]
[END] of [Spectrum]


#TBID:2021-08-14 03:00:00;SAM_84C8;RAW;

[Spectrum]
Version            = 1
IDData             = 96B1_2021-08-14_03-00-00_000_665
IDDevice           = SAM_84C8
IDDataType         = SPECTRUM
IDDataTypeSub1     = RAW
IDDataTypeSub2     = 
IDDataTypeSub3     = 
DateTime           = 2021-08-14 03:00:00
PositionLatitude   = 0
PositionLongitude  = 0
Comment            = 
CommentSub1        = 
CommentSub2        = 
CommentSub3        = 
IDMethodType       = SAM Control
MethodName         = SAM_84C8
Mission            = No Mission
MissionSub         = 1
RecordType         = 0
[Attributes]
CalFactor = 1
IDBasisSpec = 
IDDataBack = DLAB_2015-08-21_12-14-03_013_778
IDDataCal = DLAB_2015-08-24_11-04-47_772_747
IntegrationTime = 4096
P31 = -1
P31e = 0
PathLength = +INF
PathLengthCustomOn = 0
RAWDynamic = 65535
Salinity = 0
Temperature = -NAN
Unit1 = $05 $00 Pixel 
Unit2 = $03 $05 Intensity counts
Unit3 = $f0 $05 Error counts
Unit4 = $f1 $00 Status 
p999 = 1665
[END] of [Attributes]
[DATA]
 0 11 0 0
 1 1831 0 0
 2 1831 0 0
 3 1827 0 0
 4 1830 0 0
 5 1838 0 0
 6 1853 0 0
 7 1847 0 0
 8 1837 0 0
 9 1840 0 0
 10 1846 0 0
 11 1870 0 0
 12 1847 0 0
 13 1832 0 0
 14 1834 0 0
 15 1841 0 0
 16 1849 0 0
 17 1856 0 0
 18 1856 0 0
 19 1861 0 0
 20 1856 0 0
 21 1866 0 0
 22 1869 0 0
 23 1872 0 0
 24 1856 0 0
 25 1853 0 0
 26 1850 0 0
 27 1861 0 0
 28 1865 0 0
 29 1871 0 0
 30 1871 0 0
 31 1870 0 0
 32 1873 0 0
 33 1868 0 0
 34 1866 0 0
 35 1863 0 0
 36 1872 0 0
 37 1886 0 0
 38 1875 0 0
 39 1866 0 0
 40 1866 0 0
 41 1875 0 0
 42 1867 0 0
 43 1868 0 0
 44 1868 0 0
 45 1877 0 0
 46 1877 0 0
 47 1873 0 0
 48 1878 0 0
 49 1878 0 0
 50 1868 0 0
 51 1879 0 0
 52 1879 0 0
 53 1874 0 0
 54 1860 0 0
 55 1877 0 0
 56 1876 0 0
 57 1879 0 0
 58 1872 0 0
 59 1895 0 0
 60 1887 0 0
 61 1894 0 0
 62 1896 0 0
 63 1889 0 0
 64 1870 0 0
 65 1880 0 0
 66 1850 0 0
 67 1860 0 0
 68 1870 0 0
 69 1868 0 0
 70 1874 0 0
 71 1876 0 0
 72 1878 0 0
 73 1902 0 0
 74 1894 0 0
 75 1918 0 0
 76 1908 0 0
 77 1901 0 0
 78 1900 0 0
 79 1895 0 0
 80 1892 0 0
 81 1885 0 0
 82 1865 0 0
 83 1871 0 0
 84 1879 0 0
 85 1878 0 0
 86 1876 0 0
 87 1882 0 0
 88 1880 0 0
 89 1898 0 0
 90 1905 0 0
 91 1897 0 0
 92 1887 0 0
 93 1885 0 0
 94 1869 0 0
 95 1870 0 0
 96 1879 0 0
 97 1877 0 0
 98 1878 0 0
 99 1873 0 0
 100 1890 0 0
 101 1894 0 0
 102 1883 0 0
 103 1881 0 0
 104 1885 0 0
 105 1890 0 0
 106 1886 0 0
 107 1886 0 0
 108 1882 0 0
 109 1872 0 0
 110 1870 0 0
 111 1888 0 0
 112 1882 0 0
 113 1882 0 0
 114 1884 0 0
 115 1893 0 0
 116 1896 0 0
 117 1890 0 0
 118 1888 0 0
 119 1895 0 0
 120 1883 0 0
 121 1892 0 0
 122 1888 0 0
 123 1891 0 0
 124 1891 0 0
 125 1893 0 0
 126 1895 0 0
 127 1910 0 0
 128 1916 0 0
 129 1921 0 0
 130 1905 0 0
 131 1907 0 0
 132 1904 0 0
 133 1964 0 0
 134 1904 0 0
 135 1877 0 0
 136 1876 0 0
 137 1881 0 0
 138 1886 0 0
 139 1897 0 0
 140 1888 0 0
 141 1890 0 0
 142 1902 0 0
 143 1902 0 0
 144 1933 0 0
 145 1924 0 0
 146 1913 0 0
 147 1907 0 0
 148 1906 0 0
 149 1906 0 0
 150 1905 0 0
 151 1875 0 0
 152 1887 0 0
 153 1885 0 0
 154 1888 0 0
 155 1885 0 0
 156 1898 0 0
 157 1902 0 0
 158 1900 0 0
 159 1892 0 0
 160 1894 0 0
 161 1900 0 0
 162 1904 0 0
 163 1928 0 0
 164 1909 0 0
 165 1948 0 0
 166 1928 0 0
 167 1931 0 0
 168 1916 0 0
 169 1914 0 0
 170 1886 0 0
 171 1891 0 0
 172 1899 0 0
 173 1886 0 0
 174 1890 0 0
 175 1904 0 0
 176 1898 0 0
 177 1902 0 0
 178 1894 0 0
 179 1901 0 0
 180 1905 0 0
 181 1903 0 0
 182 1904 0 0
 183 1901 0 0
 184 1898 0 0
 185 1906 0 0
 186 1902 0 0
 187 1902 0 0
 188 1904 0 0
 189 1899 0 0
 190 1891 0 0
 191 1902 0 0
 192 1900 0 0
 193 1889 0 0
 194 1903 0 0
 195 1906 0 0
 196 1893 0 0
 197 1898 0 0
 198 1927 0 0
 199 1917 0 0
 200 1910 0 0
 201 1908 0 0
 202 1903 0 0
 203 1902 0 0
 204 1911 0 0
 205 1880 0 0
 206 1886 0 0
 207 1894 0 0
 208 1895 0 0
 209 1891 0 0
 210 1886 0 0
 211 1898 0 0
 212 1916 0 0
 213 1920 0 0
 214 1912 0 0
 215 1908 0 0
 216 1901 0 0
 217 1906 0 0
 218 1904 0 0
 219 1904 0 0
 220 1886 0 0
 221 1883 0 0
 222 1889 0 0
 223 1892 0 0
 224 1897 0 0
 225 1895 0 0
 226 1899 0 0
 227 1894 0 0
 228 1899 0 0
 229 1893 0 0
 230 1895 0 0
 231 1904 0 0
 232 1886 0 0
 233 1882 0 0
 234 1922 0 0
 235 1909 0 0
 236 1912 0 0
 237 1908 0 0
 238 1902 0 0
 239 1905 0 0
 240 1908 0 0
 241 1912 0 0
 242 1906 0 0
 243 1906 0 0
 244 1903 0 0
 245 1903 0 0
 246 1898 0 0
 247 1892 0 0
 248 1899 0 0
 249 1894 0 0
 250 1888 0 0
 251 1877 0 0
 252 1869 0 0
 253 1856 0 0
 254 1839 0 0
 255 1878 0 0
[END] of [DATA]
[END] of [Spectrum]


#TBID:2021-08-14 03:00:00;SAM_84C8;CALIBRATED;

[Spectrum]
Version            = 1
IDData             = 96B1_2021-08-14_03-00-00_000_666
IDDevice           = SAM_84C8
IDDataType         = SPECTRUM
IDDataTypeSub1     = CALIBRATED
IDDataTypeSub2     = 
IDDataTypeSub3     = 
DateTime           = 2021-08-14 03:00:00
PositionLatitude   = 0
PositionLongitude  = 0
Comment            = 
CommentSub1        = 
CommentSub2        = 
CommentSub3        = 
IDMethodType       = SAM Control
MethodName         = SAM_84C8
Mission            = No Mission
MissionSub         = 1
RecordType         = 0
[Attributes]
CalFactor = 1
IDBasisSpec = 
IDDataBack = DLAB_2015-08-21_12-14-03_013_778
IDDataCal = DLAB_2015-08-24_11-04-47_772_747
IntegrationTime = 4096
P31 = -1
P31e = 0
PathLength = +INF
PathLengthCustomOn = 0
RAWDynamic = 65535
Salinity = 0
Temperature = -NAN
Unit1 = $01 $01 Wavelength nm
Unit2 = $03 $03 Intensity mW/(m^2 nm Sr)
Unit3 = $f0 $03 Error mW/(m^2 nm Sr)
Unit4 = $f1 $00 Status 
p999 = 1665
[END] of [Attributes]
[DATA]
 0 11 0 0
 303.516048156 0 0 0
 306.890006053 0 0 0
 310.26457112 0 0 0
 313.639731825 0 0 0
 317.015476636 -0.00217945568359721 0 0
 320.391794021 -0.00144631583346743 0 0
 323.768672448 -0.001415374253452 0 0
 327.146100385 -0.00161247775487306 0 0
 330.5240663 -0.00149715087397728 0 0
 333.902558661 -0.00102373825778685 0 0
 337.281565936 -0.000511735006174312 0 0
 340.661076593 -0.00125332643161927 0 0
 344.0410791 -0.00134969740553735 0 0
 347.421561925 -0.00119710123044854 0 0
 350.802513536 -0.00100602917574678 0 0
 354.183922401 -0.00076961077855406 0 0
 357.565776988 -0.000625542091795611 0 0
 360.948065765 -0.000564125588048971 0 0
 364.3307772 -0.000469414638748619 0 0
 367.713899761 -0.000494434666710871 0 0
 371.097421916 -0.000365816752916522 0 0
 374.481332133 -0.00035146380983381 0 0
 377.86561888 -0.000312620615040475 0 0
 381.250270625 -0.00067726844804369 0 0
 384.635275836 -0.00068351269854313 0 0
 388.020622981 -0.000598957044945826 0 0
 391.406300528 -0.00047095097836431 0 0
 394.792296945 -0.000462770110185734 0 0
 398.1786007 -0.000286268563527355 0 0
 401.565200261 -0.000348105416361802 0 0
 404.952084096 -0.000297925210659434 0 0
 408.339240673 -0.00023026759453469 0 0
 411.72665846 -0.000229951115740606 0 0
 415.114325925 -0.00025786463954208 0 0
 418.502231536 -0.000262268616345105 0 0
 421.890363761 -0.000199151652488873 0 0
 425.278711068 -0.00015107279726236 0 0
 428.667261925 -0.00015222491734303 0 0
 432.0560048 -0.000166170546924192 0 0
 435.444928161 -0.000192150879376664 0 0
 438.834020476 -0.00012787994182892 0 0
 442.223270213 -0.000178665803319777 0 0
 445.61266584 -0.000208219051499854 0 0
 449.002195825 -0.000151909563933924 0 0
 452.391848636 -0.00015491223696619 0 0
 455.781612741 -0.000111992910119923 0 0
 459.171476608 -0.000141027220110182 0 0
 462.561428705 -0.000126030263681133 0 0
 465.9514575 -0.000175653648464901 0 0
 469.341551461 -0.000192310404025646 0 0
 472.731699056 -0.000130327835296484 0 0
 476.121888753 -0.000123874109276709 0 0
 479.51210902 -0.000158400852991964 0 0
 482.902348325 -0.000211007690376689 0 0
 486.292595136 -0.000132116696548194 0 0
 489.682837921 -0.000173422764984848 0 0
 493.073065148 -0.00018835949762442 0 0
 496.463265285 -0.000193353568380464 0 0
 499.8534268 0.000211548680300013 0 0
 503.243538161 5.6240158859195e-005 0 0
 506.633587836 0.000108918264130803 0 0
 510.023564293 -2.91398840507937e-005 0 0
 513.413456 -2.2624761274481e-005 0 0
 516.803251425 -0.000135347960357052 0 0
 520.192939036 -4.9750108085222e-005 0 0
 523.582507301 -0.000502258391998323 0 0
 526.971944688 -0.000336466735013088 0 0
 530.361239665 -0.000262767267840047 0 0
 533.7503807 -0.000202347707119207 0 0
 537.139356261 -0.00021072149180566 0 0
 540.528154816 -0.000142831427810203 0 0
 543.916764833 -0.000183377205204412 0 0
 547.30517478 0.000162099023406486 0 0
 550.693373125 8.30657677277536e-005 0 0
 554.081348336 0.000329702942868702 0 0
 557.469088881 0.00022214538156323 0 0
 560.856583228 0.000140379223592712 0 0
 564.243819845 0.000130440483871426 0 0
 567.6307872 6.22149813965367e-005 0 0
 571.017473761 3.18994447642778e-005 0 0
 574.403867996 -2.28080528539769e-005 0 0
 577.789958373 -0.000374654644378811 0 0
 581.17573336 -0.000269882481289358 0 0
 584.561181425 -0.000190072588458351 0 0
 587.946291036 -0.000117514856283173 0 0
 591.331050661 -0.000163745679394718 0 0
 594.715448768 -0.000141563927369594 0 0
 598.099473825 -0.000120694468769851 0 0
 601.4831143 0.000169891650892612 0 0
 604.866358661 0.000144730939936196 0 0
 608.249195376 7.54026860601252e-005 0 0
 611.631612913 -7.42124637137279e-005 0 0
 615.01359974 -1.19460132068848e-005 0 0
 618.395144325 -0.000427510724052487 0 0
 621.776235136 -0.000313356873606163 0 0
 625.156860641 -0.000265251282439539 0 0
 628.537009308 -0.000213989874992576 0 0
 631.916669605 -0.0001824419188064 0 0
 635.29583 -0.000248037224865995 0 0
 638.674478961 -0.000126639380619997 0 0
 642.052604956 -0.000127041246906369 0 0
 645.430196453 -0.000209550540086351 0 0
 648.80724192 -0.000158810138878335 0 0
 652.183729825 -9.30550932900736e-005 0 0
 655.559648636 -0.000148152300358088 0 0
 658.934986821 -4.07548779576378e-005 0 0
 662.309732848 -8.977837858938e-005 0 0
 665.683875185 -6.8768887119748e-005 0 0
 669.0574023 -0.000323414530457493 0 0
 672.430302661 -0.000580958095686865 0 0
 675.802564736 -0.000349046357582692 0 0
 679.174176993 -0.000238750984163 0 0
 682.5451279 -0.000240025634490563 0 0
 685.915405925 -0.000168248700397071 0 0
 689.284999536 -0.000106185576908519 0 0
 692.653897201 -9.80396182011948e-005 0 0
 696.022087388 6.46283771906366e-006 0 0
 699.389558565 -1.76487086242341e-005 0 0
 702.7562992 -5.20916503383245e-005 0 0
 706.122297761 -6.38804223132869e-005 0 0
 709.487542716 2.88541292535072e-006 0 0
 712.852022533 4.99687852451206e-005 0 0
 716.21572568 6.14003668824662e-005 0 0
 719.578640625 8.90933953713241e-005 0 0
 722.940755836 2.63014840825587e-005 0 0
 726.302059781 7.47667310493592e-005 0 0
 729.662540928 0.000212469808409905 0 0
 733.022187745 0.00064605786177075 0 0
 736.3809887 0.000645080864128097 0 0
 739.738932261 0.000426370355452352 0 0
 743.096006896 0.000304067512873446 0 0
 746.452201073 0.000265698681873483 0 0
 749.80750326 0.000284604757843806 0 0
 753.161901925 0.000197661940170534 0 0
 756.515385536 -0.000358401841605621 0 0
 759.867942561 -0.000402633784086567 0 0
 763.219561468 -0.000358571556224586 0 0
 766.570230725 -7.75403492235271e-005 0 0
 769.9199388 -3.02879975583753e-005 0 0
 773.268674161 -0.000120891945649355 0 0
 776.616425276 2.16543962919454e-005 0 0
 779.963180613 0.000204254982835562 0 0
 783.30892864 0.000299568183616336 0 0
 786.653657825 0.00102226680512842 0 0
 789.997356636 0.000896210488720648 0 0
 793.340013541 0.000571437478379175 0 0
 796.681617008 0.000594169775779817 0 0
 800.022155505 0.000378217343308746 0 0
 803.3616175 0.000578638722158665 0 0
 806.699991461 0.000503215783754659 0 0
 810.037265856 -0.000685089347833822 0 0
 813.373429153 -0.000396434546098826 0 0
 816.70846982 -0.000251355322608209 0 0
 820.042376325 -2.27134210241851e-005 0 0
 823.375137136 -5.96955017934301e-005 0 0
 826.706740721 0.000218948999634473 0 0
 830.037175548 0.000321680412988413 0 0
 833.366430085 0.000318716693086796 0 0
 836.6944928 0.000110302309347027 0 0
 840.021352161 -6.84271790581955e-005 0 0
 843.346996636 0.000506130373146511 0 0
 846.671414693 0.000584612330756248 0 0
 849.9945948 0.00223474277992216 0 0
 853.316525425 0.00149603129589115 0 0
 856.637195036 0.00353079179396973 0 0
 859.956592101 0.00244732597491995 0 0
 863.274705088 0.0025177059605366 0 0
 866.591522465 0.00166000940061018 0 0
 869.9070327 0.00190582092861546 0 0
 873.221224261 -0.000808866213128476 0 0
 876.534085616 3.16362418136086e-005 0 0
 879.845605233 0.000472206925475429 0 0
 883.15577158 0.000388102291878613 0 0
 886.464573125 0.000192779462662861 0 0
 889.771998336 0.000510092292627318 0 0
 893.078035681 0.000857754120119735 0 0
 896.382673628 0.00117681559753602 0 0
 899.685900645 0.00067491878020135 0 0
 902.9877052 0.000887096808086332 0 0
 906.288075761 0.00105360212736085 0 0
 909.587000796 0.00111998495535761 0 0
 912.884468773 0.0013381312414458 0 0
 916.18046816 0.00110575525834271 0 0
 919.474987425 0.00157479487320576 0 0
 922.768015036 0.00186670958233192 0 0
 926.059539461 0.00199344857773643 0 0
 929.349549168 0.000576842478389014 0 0
 932.638032625 0.00234860798904702 0 0
 935.9249783 0.00149977294767542 0 0
 939.210374661 0.00131430942182081 0 0
 942.494210176 0.00208869619497128 0 0
 945.776473313 0.000780918227137669 0 0
 949.05715254 0.00119025823562362 0 0
 952.336236325 0.00200413568329691 0 0
 955.613713136 0 0 0
 958.889571441 0 0 0
 962.163799708 0 0 0
 965.436386405 0 0 0
 968.70732 0 0 0
 971.976588961 0 0 0
 975.244181756 0 0 0
 978.510086853 0 0 0
 981.77429272 0 0 0
 985.036787825 0 0 0
 988.297560636 0 0 0
 991.556599621 0 0 0
 994.813893248 0 0 0
 998.069429985 0 0 0
 1001.3231983 0 0 0
 1004.575186661 0 0 0
 1007.825383536 0 0 0
 1011.073777393 0 0 0
 1014.3203567 0 0 0
 1017.565109925 0 0 0
 1020.808025536 0 0 0
 1024.049092001 0 0 0
 1027.288297788 0 0 0
 1030.525631365 0 0 0
 1033.7610812 0 0 0
 1036.994635761 0 0 0
 1040.226283516 0 0 0
 1043.456012933 0 0 0
 1046.68381248 0 0 0
 1049.909670625 0 0 0
 1053.133575836 0 0 0
 1056.355516581 0 0 0
 1059.575481328 0 0 0
 1062.793458545 0 0 0
 1066.0094367 0 0 0
 1069.223404261 0 0 0
 1072.435349696 0 0 0
 1075.645261473 0 0 0
 1078.85312806 0 0 0
 1082.058937925 0 0 0
 1085.262679536 0 0 0
 1088.464341361 0 0 0
 1091.663911868 0 0 0
 1094.861379525 0 0 0
 1098.0567328 0 0 0
 1101.249960161 0 0 0
 1104.441050076 0 0 0
 1107.629991013 0 0 0
 1110.81677144 0 0 0
 1114.001379825 0 0 0
 1117.183804636 0 0 0
 1120.364034341 0 0 0
 1123.542057408 0 0 0
 1126.717862305 0 0 0
 1129.8914375 0 0 0
 1133.062771461 0 0 0
 1136.231852656 0 0 0
 1139.398669553 0 0 0
 1142.56321062 0 0 0
 1145.725464325 0 0 0
 1148.885419136 0 0 0
[END] of [DATA]
[END] of [Spectrum]

