
#TBID:2021-09-25 02:30:00;SAM_84C8;RAW;

[Spectrum]
Version            = 1
IDData             = 96B1_2021-09-25_02-30-00_000_585
IDDevice           = SAM_84C8
IDDataType         = SPECTRUM
IDDataTypeSub1     = RAW
IDDataTypeSub2     = 
IDDataTypeSub3     = 
DateTime           = 2021-09-25 02:30:00
PositionLatitude   = 0
PositionLongitude  = 0
Comment            = 
CommentSub1        = 
CommentSub2        = 
CommentSub3        = 
IDMethodType       = SAM Control
MethodName         = SAM_84C8
Mission            = No Mission
MissionSub         = 1
RecordType         = 0
[Attributes]
CalFactor = 1
IDBasisSpec = 
IDDataBack = DLAB_2015-08-21_12-14-03_013_778
IDDataCal = DLAB_2015-08-24_11-04-47_772_747
IntegrationTime = 4096
P31 = -1
P31e = 0
PathLength = +INF
PathLengthCustomOn = 0
RAWDynamic = 65535
Salinity = 0
Temperature = -NAN
Unit1 = $05 $00 Pixel 
Unit2 = $03 $05 Intensity counts
Unit3 = $f0 $05 Error counts
Unit4 = $f1 $00 Status 
p999 = 457
[END] of [Attributes]
[DATA]
 0 11 0 0
 1 1545 0 0
 2 1537 0 0
 3 1536 0 0
 4 1542 0 0
 5 1539 0 0
 6 1538 0 0
 7 1536 0 0
 8 1539 0 0
 9 1536 0 0
 10 1532 0 0
 11 1540 0 0
 12 1547 0 0
 13 1540 0 0
 14 1538 0 0
 15 1544 0 0
 16 1542 0 0
 17 1542 0 0
 18 1547 0 0
 19 1548 0 0
 20 1546 0 0
 21 1552 0 0
 22 1556 0 0
 23 1558 0 0
 24 1562 0 0
 25 1556 0 0
 26 1551 0 0
 27 1554 0 0
 28 1556 0 0
 29 1560 0 0
 30 1557 0 0
 31 1556 0 0
 32 1561 0 0
 33 1556 0 0
 34 1554 0 0
 35 1550 0 0
 36 1554 0 0
 37 1570 0 0
 38 1560 0 0
 39 1552 0 0
 40 1555 0 0
 41 1561 0 0
 42 1556 0 0
 43 1558 0 0
 44 1553 0 0
 45 1561 0 0
 46 1560 0 0
 47 1562 0 0
 48 1565 0 0
 49 1563 0 0
 50 1560 0 0
 51 1563 0 0
 52 1564 0 0
 53 1562 0 0
 54 1550 0 0
 55 1564 0 0
 56 1560 0 0
 57 1566 0 0
 58 1565 0 0
 59 1560 0 0
 60 1555 0 0
 61 1559 0 0
 62 1572 0 0
 63 1563 0 0
 64 1556 0 0
 65 1556 0 0
 66 1559 0 0
 67 1562 0 0
 68 1570 0 0
 69 1561 0 0
 70 1567 0 0
 71 1563 0 0
 72 1568 0 0
 73 1563 0 0
 74 1566 0 0
 75 1566 0 0
 76 1567 0 0
 77 1568 0 0
 78 1566 0 0
 79 1566 0 0
 80 1566 0 0
 81 1560 0 0
 82 1566 0 0
 83 1571 0 0
 84 1571 0 0
 85 1561 0 0
 86 1567 0 0
 87 1570 0 0
 88 1567 0 0
 89 1567 0 0
 90 1574 0 0
 91 1564 0 0
 92 1565 0 0
 93 1559 0 0
 94 1573 0 0
 95 1568 0 0
 96 1569 0 0
 97 1565 0 0
 98 1564 0 0
 99 1560 0 0
 100 1568 0 0
 101 1574 0 0
 102 1572 0 0
 103 1566 0 0
 104 1565 0 0
 105 1575 0 0
 106 1563 0 0
 107 1567 0 0
 108 1564 0 0
 109 1568 0 0
 110 1571 0 0
 111 1577 0 0
 112 1571 0 0
 113 1568 0 0
 114 1570 0 0
 115 1571 0 0
 116 1574 0 0
 117 1566 0 0
 118 1571 0 0
 119 1575 0 0
 120 1563 0 0
 121 1568 0 0
 122 1565 0 0
 123 1565 0 0
 124 1569 0 0
 125 1566 0 0
 126 1568 0 0
 127 1577 0 0
 128 1566 0 0
 129 1568 0 0
 130 1566 0 0
 131 1573 0 0
 132 1571 0 0
 133 1622 0 0
 134 1569 0 0
 135 1566 0 0
 136 1572 0 0
 137 1575 0 0
 138 1566 0 0
 139 1575 0 0
 140 1571 0 0
 141 1575 0 0
 142 1575 0 0
 143 1569 0 0
 144 1581 0 0
 145 1577 0 0
 146 1571 0 0
 147 1570 0 0
 148 1568 0 0
 149 1567 0 0
 150 1566 0 0
 151 1571 0 0
 152 1573 0 0
 153 1573 0 0
 154 1570 0 0
 155 1566 0 0
 156 1576 0 0
 157 1567 0 0
 158 1568 0 0
 159 1569 0 0
 160 1568 0 0
 161 1569 0 0
 162 1567 0 0
 163 1568 0 0
 164 1561 0 0
 165 1574 0 0
 166 1568 0 0
 167 1574 0 0
 168 1566 0 0
 169 1572 0 0
 170 1572 0 0
 171 1569 0 0
 172 1576 0 0
 173 1560 0 0
 174 1574 0 0
 175 1576 0 0
 176 1566 0 0
 177 1567 0 0
 178 1563 0 0
 179 1570 0 0
 180 1572 0 0
 181 1569 0 0
 182 1568 0 0
 183 1574 0 0
 184 1566 0 0
 185 1576 0 0
 186 1565 0 0
 187 1572 0 0
 188 1567 0 0
 189 1573 0 0
 190 1565 0 0
 191 1567 0 0
 192 1570 0 0
 193 1563 0 0
 194 1568 0 0
 195 1576 0 0
 196 1558 0 0
 197 1570 0 0
 198 1564 0 0
 199 1567 0 0
 200 1559 0 0
 201 1563 0 0
 202 1568 0 0
 203 1563 0 0
 204 1574 0 0
 205 1564 0 0
 206 1564 0 0
 207 1570 0 0
 208 1566 0 0
 209 1561 0 0
 210 1556 0 0
 211 1567 0 0
 212 1567 0 0
 213 1575 0 0
 214 1567 0 0
 215 1566 0 0
 216 1566 0 0
 217 1566 0 0
 218 1564 0 0
 219 1564 0 0
 220 1568 0 0
 221 1579 0 0
 222 1571 0 0
 223 1568 0 0
 224 1571 0 0
 225 1568 0 0
 226 1573 0 0
 227 1572 0 0
 228 1567 0 0
 229 1567 0 0
 230 1563 0 0
 231 1572 0 0
 232 1571 0 0
 233 1568 0 0
 234 1569 0 0
 235 1564 0 0
 236 1570 0 0
 237 1565 0 0
 238 1564 0 0
 239 1566 0 0
 240 1573 0 0
 241 1571 0 0
 242 1570 0 0
 243 1569 0 0
 244 1570 0 0
 245 1570 0 0
 246 1566 0 0
 247 1564 0 0
 248 1565 0 0
 249 1562 0 0
 250 1565 0 0
 251 1550 0 0
 252 1554 0 0
 253 1550 0 0
 254 1543 0 0
 255 1592 0 0
[END] of [DATA]
[END] of [Spectrum]


#TBID:2021-09-25 02:30:00;SAM_84C8;CALIBRATED;

[Spectrum]
Version            = 1
IDData             = 96B1_2021-09-25_02-30-00_000_586
IDDevice           = SAM_84C8
IDDataType         = SPECTRUM
IDDataTypeSub1     = CALIBRATED
IDDataTypeSub2     = 
IDDataTypeSub3     = 
DateTime           = 2021-09-25 02:30:00
PositionLatitude   = 0
PositionLongitude  = 0
Comment            = 
CommentSub1        = 
CommentSub2        = 
CommentSub3        = 
IDMethodType       = SAM Control
MethodName         = SAM_84C8
Mission            = No Mission
MissionSub         = 1
RecordType         = 0
[Attributes]
CalFactor = 1
IDBasisSpec = 
IDDataBack = DLAB_2015-08-21_12-14-03_013_778
IDDataCal = DLAB_2015-08-24_11-04-47_772_747
IntegrationTime = 4096
P31 = -1
P31e = 0
PathLength = +INF
PathLengthCustomOn = 0
RAWDynamic = 65535
Salinity = 0
Temperature = -NAN
Unit1 = $01 $01 Wavelength nm
Unit2 = $03 $03 Intensity mW/(m^2 nm Sr)
Unit3 = $f0 $03 Error mW/(m^2 nm Sr)
Unit4 = $f1 $00 Status 
p999 = 457
[END] of [Attributes]
[DATA]
 0 11 0 0
 303.516048156 0 0 0
 306.890006053 0 0 0
 310.26457112 0 0 0
 313.639731825 0 0 0
 317.015476636 -0.000795278862205851 0 0
 320.391794021 -0.000860607813039802 0 0
 323.768672448 -0.000714233358510318 0 0
 327.146100385 -0.000489526085535973 0 0
 330.5240663 -0.000624380116343148 0 0
 333.902558661 -0.00052006991304785 0 0
 337.281565936 -0.00053273757337479 0 0
 340.661076593 -0.000397049335166643 0 0
 344.0410791 -0.000336375892532253 0 0
 347.421561925 -0.00036501846148924 0 0
 350.802513536 -0.000266717039820438 0 0
 354.183922401 -0.000295715866417391 0 0
 357.565776988 -0.000322765907929619 0 0
 360.948065765 -0.000182806810777619 0 0
 364.3307772 -0.00017055512344258 0 0
 367.713899761 -0.000141475399182403 0 0
 371.097421916 -8.16853773417367e-005 0 0
 374.481332133 -4.04827185695242e-005 0 0
 377.86561888 -1.22927470242962e-005 0 0
 381.250270625 3.27524931890566e-005 0 0
 384.635275836 -2.02550815762748e-005 0 0
 388.020622981 2.77554862702203e-005 0 0
 391.406300528 -1.14984646081247e-005 0 0
 394.792296945 -4.9141079681139e-005 0 0
 398.1786007 7.78841785632638e-005 0 0
 401.565200261 -5.32129759454353e-005 0 0
 404.952084096 -1.47142419923989e-005 0 0
 408.339240673 7.39405839938012e-005 0 0
 411.72665846 5.83543737172778e-005 0 0
 415.114325925 1.41408620531562e-005 0 0
 418.502231536 -2.1229460260759e-005 0 0
 421.890363761 -4.16221136064083e-005 0 0
 425.278711068 2.39203250607329e-005 0 0
 428.667261925 2.62493005342484e-005 0 0
 432.0560048 1.64535010746035e-005 0 0
 435.444928161 1.85996584973135e-005 0 0
 438.834020476 4.39377482418339e-005 0 0
 442.223270213 2.4543432342411e-005 0 0
 445.61266584 6.16425803195826e-006 0 0
 449.002195825 8.79857245070629e-006 0 0
 452.391848636 -2.32178405891679e-006 0 0
 455.781612741 3.2745996796826e-005 0 0
 459.171476608 8.00394378273772e-005 0 0
 462.561428705 7.62233857933894e-005 0 0
 465.9514575 5.92086435479923e-006 0 0
 469.341551461 8.32443096675318e-005 0 0
 472.731699056 4.45398750216596e-005 0 0
 476.121888753 6.63381467120555e-005 0 0
 479.51210902 7.45012277742299e-005 0 0
 482.902348325 5.294296720939e-005 0 0
 486.292595136 9.44909536047758e-005 0 0
 489.682837921 1.42076310623085e-005 0 0
 493.073065148 4.42711037756279e-005 0 0
 496.463265285 0.000126581847154968 0 0
 499.8534268 0.00013032603988378 0 0
 503.243538161 1.8242298284481e-005 0 0
 506.633587836 2.91040648733283e-005 0 0
 510.023564293 4.48002962559623e-005 0 0
 513.413456 2.26514309970929e-005 0 0
 516.803251425 6.77100626174101e-005 0 0
 520.192939036 1.89643080236078e-005 0 0
 523.582507301 -2.19929490037451e-005 0 0
 526.971944688 4.56031638105578e-005 0 0
 530.361239665 8.69043275423659e-005 0 0
 533.7503807 5.90793508717357e-005 0 0
 537.139356261 4.72102037444517e-005 0 0
 540.528154816 4.42381341947879e-005 0 0
 543.916764833 3.70221665779316e-005 0 0
 547.30517478 5.20397484917929e-005 0 0
 550.693373125 9.82783674370237e-005 0 0
 554.081348336 6.99373383025429e-005 0 0
 557.469088881 8.74595617882571e-005 0 0
 560.856583228 9.7586454701489e-005 0 0
 564.243819845 7.52204442566569e-005 0 0
 567.6307872 6.62232313419121e-005 0 0
 571.017473761 7.27291173700377e-005 0 0
 574.403867996 3.12941098902493e-005 0 0
 577.789958373 1.18772938208691e-005 0 0
 581.17573336 0.000111912972848014 0 0
 584.561181425 9.39308518122373e-005 0 0
 587.946291036 5.05648829742819e-005 0 0
 591.331050661 0.000120154705931212 0 0
 594.715448768 0.000106427541456541 0 0
 598.099473825 0.000118807713341899 0 0
 601.4831143 0.000144828854811735 0 0
 604.866358661 0.000119090693394182 0 0
 608.249195376 1.80462009101322e-005 0 0
 611.631612913 4.14045687581857e-005 0 0
 615.01359974 4.08567111129574e-005 0 0
 618.395144325 0.000104428875293318 0 0
 621.776235136 0.000127164399086432 0 0
 625.156860641 5.06215469547602e-005 0 0
 628.537009308 7.52293328907753e-005 0 0
 631.916669605 8.04917793749571e-005 0 0
 635.29583 4.06013659339499e-005 0 0
 638.674478961 7.06300570107294e-006 0 0
 642.052604956 4.80725478473256e-005 0 0
 645.430196453 0.000143059237767348 0 0
 648.80724192 0.000123131648924422 0 0
 652.183729825 9.40523982148764e-005 0 0
 655.559648636 0.000143755063322762 0 0
 658.934986821 8.99435572680485e-005 0 0
 662.309732848 0.000125403597339051 0 0
 665.683875185 0.000168504289149187 0 0
 669.0574023 0.000209038421500837 0 0
 672.430302661 5.99692430398203e-005 0 0
 675.802564736 4.25316717414382e-005 0 0
 679.174176993 0.000158067749466451 0 0
 682.5451279 9.55131357513503e-005 0 0
 685.915405925 0.000170183023614712 0 0
 689.284999536 5.70518757228492e-005 0 0
 692.653897201 6.62976262891784e-005 0 0
 696.022087388 0.000126822782977619 0 0
 699.389558565 0.000263120767429656 0 0
 702.7562992 0.000161939063413044 0 0
 706.122297761 0.000151529716310131 0 0
 709.487542716 0.000126693326219461 0 0
 712.852022533 0.000197699978851213 0 0
 716.21572568 0.000139391699961253 0 0
 719.578640625 0.000260984000325028 0 0
 722.940755836 8.10699388335837e-005 0 0
 726.302059781 0.000129583224412396 0 0
 729.662540928 0.000126084789876187 0 0
 733.022187745 0.00015736911104883 0 0
 736.3809887 8.21185435108179e-005 0 0
 739.738932261 0.000194392831336142 0 0
 743.096006896 0.000190891609202602 0 0
 746.452201073 0.00017557270444541 0 0
 749.80750326 -3.11229212479453e-005 0 0
 753.161901925 5.45038835363752e-005 0 0
 756.515385536 0.000111254888090428 0 0
 759.867942561 0.000255653314335422 0 0
 763.219561468 0.000256271757455354 0 0
 766.570230725 0.000172088295800926 0 0
 769.9199388 0.000169030797990777 0 0
 773.268674161 0.000219935655733295 0 0
 776.616425276 0.000425449399000907 0 0
 779.963180613 0.000271389467278335 0 0
 783.30892864 0.000191522041271904 0 0
 786.653657825 0.000335916037187405 0 0
 789.997356636 0.000345567089248313 0 0
 793.340013541 0.00016384346638386 0 0
 796.681617008 0.000338934392621062 0 0
 800.022155505 7.94808867042948e-005 0 0
 803.3616175 0.000233750613853338 0 0
 806.699991461 0.000145910742368111 0 0
 810.037265856 0.000284989154061484 0 0
 813.373429153 0.000211809457240473 0 0
 816.70846982 0.000461240844565332 0 0
 820.042376325 0.000460004266045417 0 0
 823.375137136 0.000396742003827252 0 0
 826.706740721 0.000555383207493253 0 0
 830.037175548 5.1435555988846e-005 0 0
 833.366430085 0.000186445055908934 0 0
 836.6944928 0.000437571927290773 0 0
 840.021352161 0.000111325441730216 0 0
 843.346996636 0.000412084116252551 0 0
 846.671414693 0.000131368201024394 0 0
 849.9945948 0.000334748597901962 0 0
 853.316525425 0.000285323524288181 0 0
 856.637195036 0.000495329790449744 0 0
 859.956592101 0.000266310405086047 0 0
 863.274705088 0.00045901519373162 0 0
 866.591522465 5.49468773900469e-005 0 0
 869.9070327 0.0008800941919132 0 0
 873.221224261 0.000484195251561183 0 0
 876.534085616 0.00067432928633135 0 0
 879.845605233 0.0010481792693786 0 0
 883.15577158 0.000702550987399192 0 0
 886.464573125 0.00149517380763405 0 0
 889.771998336 0.000644882805144964 0 0
 893.078035681 0.000578730464416342 0 0
 896.382673628 0.00056300624380183 0 0
 899.685900645 0.000487548888883897 0 0
 902.9877052 0.000692524302883517 0 0
 906.288075761 0.000608211073231 0 0
 909.587000796 0.000528738730131227 0 0
 912.884468773 0.000456127252965372 0 0
 916.18046816 0.00142851589979987 0 0
 919.474987425 0.00118903366219609 0 0
 922.768015036 0.00176535601305539 0 0
 926.059539461 0.000772383109992788 0 0
 929.349549168 0.000465235169646048 0 0
 932.638032625 0.00100112877936855 0 0
 935.9249783 0.00211681099466064 0 0
 939.210374661 0.00196428125828052 0 0
 942.494210176 0.000921927001450865 0 0
 945.776473313 0.000636584160787763 0 0
 949.05715254 0.00194770886453654 0 0
 952.336236325 0.000660678354458319 0 0
 955.613713136 0 0 0
 958.889571441 0 0 0
 962.163799708 0 0 0
 965.436386405 0 0 0
 968.70732 0 0 0
 971.976588961 0 0 0
 975.244181756 0 0 0
 978.510086853 0 0 0
 981.77429272 0 0 0
 985.036787825 0 0 0
 988.297560636 0 0 0
 991.556599621 0 0 0
 994.813893248 0 0 0
 998.069429985 0 0 0
 1001.3231983 0 0 0
 1004.575186661 0 0 0
 1007.825383536 0 0 0
 1011.073777393 0 0 0
 1014.3203567 0 0 0
 1017.565109925 0 0 0
 1020.808025536 0 0 0
 1024.049092001 0 0 0
 1027.288297788 0 0 0
 1030.525631365 0 0 0
 1033.7610812 0 0 0
 1036.994635761 0 0 0
 1040.226283516 0 0 0
 1043.456012933 0 0 0
 1046.68381248 0 0 0
 1049.909670625 0 0 0
 1053.133575836 0 0 0
 1056.355516581 0 0 0
 1059.575481328 0 0 0
 1062.793458545 0 0 0
 1066.0094367 0 0 0
 1069.223404261 0 0 0
 1072.435349696 0 0 0
 1075.645261473 0 0 0
 1078.85312806 0 0 0
 1082.058937925 0 0 0
 1085.262679536 0 0 0
 1088.464341361 0 0 0
 1091.663911868 0 0 0
 1094.861379525 0 0 0
 1098.0567328 0 0 0
 1101.249960161 0 0 0
 1104.441050076 0 0 0
 1107.629991013 0 0 0
 1110.81677144 0 0 0
 1114.001379825 0 0 0
 1117.183804636 0 0 0
 1120.364034341 0 0 0
 1123.542057408 0 0 0
 1126.717862305 0 0 0
 1129.8914375 0 0 0
 1133.062771461 0 0 0
 1136.231852656 0 0 0
 1139.398669553 0 0 0
 1142.56321062 0 0 0
 1145.725464325 0 0 0
 1148.885419136 0 0 0
[END] of [DATA]
[END] of [Spectrum]


#TBID:2021-09-25 03:00:00;SAM_84DC;RAW;

[Spectrum]
Version            = 1
IDData             = 96B1_2021-09-25_03-00-00_000_589
IDDevice           = SAM_84DC
IDDataType         = SPECTRUM
IDDataTypeSub1     = RAW
IDDataTypeSub2     = 
IDDataTypeSub3     = 
DateTime           = 2021-09-25 03:00:00
PositionLatitude   = 0
PositionLongitude  = 0
Comment            = 
CommentSub1        = 
CommentSub2        = 
CommentSub3        = 
IDMethodType       = SAM Control
MethodName         = SAM_84DC
Mission            = No Mission
MissionSub         = 1
RecordType         = 0
[Attributes]
CalFactor = 1
IDBasisSpec = 
IDDataBack = DLAB_2015-08-21_13-19-54_137_939
IDDataCal = DLAB_2015-08-24_10-46-55_592_608
IntegrationTime = 4096
P31 = -1
P31e = 0
PathLength = +INF
PathLengthCustomOn = 0
RAWDynamic = 65535
Salinity = 0
Temperature = -NAN
Unit1 = $05 $00 Pixel 
Unit2 = $03 $05 Intensity counts
Unit3 = $f0 $05 Error counts
Unit4 = $f1 $00 Status 
p999 = 458
[END] of [Attributes]
[DATA]
 0 11 0 0
 1 1633 0 0
 2 1621 0 0
 3 1634 0 0
 4 1639 0 0
 5 1634 0 0
 6 1629 0 0
 7 1641 0 0
 8 1643 0 0
 9 1641 0 0
 10 1642 0 0
 11 1649 0 0
 12 1642 0 0
 13 1642 0 0
 14 1648 0 0
 15 1640 0 0
 16 1643 0 0
 17 1653 0 0
 18 1645 0 0
 19 1649 0 0
 20 1648 0 0
 21 1645 0 0
 22 1652 0 0
 23 1657 0 0
 24 1655 0 0
 25 1648 0 0
 26 1650 0 0
 27 1650 0 0
 28 1648 0 0
 29 1652 0 0
 30 1650 0 0
 31 1653 0 0
 32 1652 0 0
 33 1655 0 0
 34 1658 0 0
 35 1656 0 0
 36 1665 0 0
 37 1664 0 0
 38 1660 0 0
 39 1658 0 0
 40 1667 0 0
 41 1660 0 0
 42 1656 0 0
 43 1659 0 0
 44 1668 0 0
 45 1660 0 0
 46 1664 0 0
 47 1663 0 0
 48 1660 0 0
 49 1662 0 0
 50 1660 0 0
 51 1658 0 0
 52 1658 0 0
 53 1659 0 0
 54 1660 0 0
 55 1662 0 0
 56 1659 0 0
 57 1661 0 0
 58 1660 0 0
 59 1671 0 0
 60 1662 0 0
 61 1667 0 0
 62 1659 0 0
 63 1660 0 0
 64 1664 0 0
 65 1660 0 0
 66 1651 0 0
 67 1666 0 0
 68 1663 0 0
 69 1658 0 0
 70 1666 0 0
 71 1666 0 0
 72 1656 0 0
 73 1664 0 0
 74 1664 0 0
 75 1661 0 0
 76 1664 0 0
 77 1666 0 0
 78 1655 0 0
 79 1665 0 0
 80 1661 0 0
 81 1665 0 0
 82 1656 0 0
 83 1666 0 0
 84 1656 0 0
 85 1665 0 0
 86 1660 0 0
 87 1664 0 0
 88 1660 0 0
 89 1661 0 0
 90 1654 0 0
 91 1659 0 0
 92 1651 0 0
 93 1652 0 0
 94 1658 0 0
 95 1656 0 0
 96 1650 0 0
 97 1657 0 0
 98 1657 0 0
 99 1655 0 0
 100 1660 0 0
 101 1657 0 0
 102 1655 0 0
 103 1653 0 0
 104 1658 0 0
 105 1659 0 0
 106 1656 0 0
 107 1671 0 0
 108 1659 0 0
 109 1663 0 0
 110 1664 0 0
 111 1662 0 0
 112 1657 0 0
 113 1654 0 0
 114 1662 0 0
 115 1665 0 0
 116 1660 0 0
 117 1660 0 0
 118 1657 0 0
 119 1661 0 0
 120 1652 0 0
 121 1671 0 0
 122 1656 0 0
 123 1669 0 0
 124 1663 0 0
 125 1655 0 0
 126 1666 0 0
 127 1663 0 0
 128 1659 0 0
 129 1662 0 0
 130 1664 0 0
 131 1661 0 0
 132 1668 0 0
 133 1667 0 0
 134 1664 0 0
 135 1669 0 0
 136 1660 0 0
 137 1664 0 0
 138 1661 0 0
 139 1664 0 0
 140 1660 0 0
 141 1670 0 0
 142 1655 0 0
 143 1665 0 0
 144 1662 0 0
 145 1651 0 0
 146 1658 0 0
 147 1660 0 0
 148 1667 0 0
 149 1661 0 0
 150 1660 0 0
 151 1661 0 0
 152 1660 0 0
 153 1667 0 0
 154 1659 0 0
 155 1660 0 0
 156 1657 0 0
 157 1666 0 0
 158 1662 0 0
 159 1667 0 0
 160 1661 0 0
 161 1661 0 0
 162 1656 0 0
 163 1659 0 0
 164 1654 0 0
 165 1659 0 0
 166 1662 0 0
 167 1665 0 0
 168 1664 0 0
 169 1660 0 0
 170 1663 0 0
 171 1672 0 0
 172 1652 0 0
 173 1666 0 0
 174 1660 0 0
 175 1660 0 0
 176 1662 0 0
 177 1659 0 0
 178 1660 0 0
 179 1659 0 0
 180 1656 0 0
 181 1660 0 0
 182 1664 0 0
 183 1665 0 0
 184 1658 0 0
 185 1658 0 0
 186 1666 0 0
 187 1665 0 0
 188 1660 0 0
 189 1662 0 0
 190 1662 0 0
 191 1661 0 0
 192 1668 0 0
 193 1663 0 0
 194 1660 0 0
 195 1659 0 0
 196 1664 0 0
 197 1662 0 0
 198 1660 0 0
 199 1674 0 0
 200 1660 0 0
 201 1665 0 0
 202 1658 0 0
 203 1667 0 0
 204 1660 0 0
 205 1663 0 0
 206 1660 0 0
 207 1662 0 0
 208 1662 0 0
 209 1668 0 0
 210 1661 0 0
 211 1665 0 0
 212 1659 0 0
 213 1664 0 0
 214 1662 0 0
 215 1670 0 0
 216 1665 0 0
 217 1667 0 0
 218 1665 0 0
 219 1666 0 0
 220 1667 0 0
 221 1666 0 0
 222 1660 0 0
 223 1666 0 0
 224 1664 0 0
 225 1673 0 0
 226 1668 0 0
 227 1663 0 0
 228 1674 0 0
 229 1669 0 0
 230 1673 0 0
 231 1676 0 0
 232 1674 0 0
 233 1666 0 0
 234 1671 0 0
 235 1677 0 0
 236 1670 0 0
 237 1673 0 0
 238 1662 0 0
 239 1673 0 0
 240 1680 0 0
 241 1674 0 0
 242 1675 0 0
 243 1674 0 0
 244 1668 0 0
 245 1670 0 0
 246 1675 0 0
 247 1674 0 0
 248 1677 0 0
 249 1668 0 0
 250 1666 0 0
 251 1666 0 0
 252 1666 0 0
 253 1660 0 0
 254 1653 0 0
 255 1715 0 0
[END] of [DATA]
[END] of [Spectrum]


#TBID:2021-09-25 03:00:00;SAM_84DC;CALIBRATED;

[Spectrum]
Version            = 1
IDData             = 96B1_2021-09-25_03-00-00_000_590
IDDevice           = SAM_84DC
IDDataType         = SPECTRUM
IDDataTypeSub1     = CALIBRATED
IDDataTypeSub2     = 
IDDataTypeSub3     = 
DateTime           = 2021-09-25 03:00:00
PositionLatitude   = 0
PositionLongitude  = 0
Comment            = 
CommentSub1        = 
CommentSub2        = 
CommentSub3        = 
IDMethodType       = SAM Control
MethodName         = SAM_84DC
Mission            = No Mission
MissionSub         = 1
RecordType         = 0
[Attributes]
CalFactor = 1
IDBasisSpec = 
IDDataBack = DLAB_2015-08-21_13-19-54_137_939
IDDataCal = DLAB_2015-08-24_10-46-55_592_608
IntegrationTime = 4096
P31 = -1
P31e = 0
PathLength = +INF
PathLengthCustomOn = 0
RAWDynamic = 65535
Salinity = 0
Temperature = -NAN
Unit1 = $01 $01 Wavelength nm
Unit2 = $03 $03 Intensity mW/(m^2 nm Sr)
Unit3 = $f0 $03 Error mW/(m^2 nm Sr)
Unit4 = $f1 $00 Status 
p999 = 458
[END] of [Attributes]
[DATA]
 0 11 0 0
 305.71650776488 0 0 0
 309.04007505697 0 0 0
 312.36416914304 0 0 0
 315.68877841375 0 0 0
 319.01389125976 -0.000970443900732004 0 0
 322.33949607173 -0.00084532327426373 0 0
 325.66558124032 -0.000775952298742524 0 0
 328.99213515619 -0.000568985323183636 0 0
 332.31914621 -0.000729357715003316 0 0
 335.64660279241 -0.000557131471012045 0 0
 338.97449329408 -0.000388050608166456 0 0
 342.30280610567 -0.000369779842841292 0 0
 345.63152961784 -0.000352315582135711 0 0
 348.96065222125 -0.000408376689244193 0 0
 352.29016230656 -0.000257942554500114 0 0
 355.62004826443 -0.000346543638537737 0 0
 358.95029848552 -0.000250527794364207 0 0
 362.28090136049 -0.000244180460778026 0 0
 365.61184528 -0.000217009148289675 0 0
 368.94311863471 -0.000193418905695862 0 0
 372.27470981528 -0.000200573048699077 0 0
 375.60660721237 -0.000240940364579951 0 0
 378.93879921664 -0.00013675251262766 0 0
 382.27127421875 -0.000157408394481809 0 0
 385.60402060936 -0.000159416749211172 0 0
 388.93702677913 -0.000248417529772063 0 0
 392.27028111872 -0.000247300381432285 0 0
 395.60377201879 -0.000149495569897547 0 0
 398.93748787 -6.3626936024987e-005 0 0
 402.27141706301 -7.17912088993457e-005 0 0
 405.60554798848 -0.000178958478692534 0 0
 408.93986903707 -0.000148101854334499 0 0
 412.27436859944 -2.97447015212465e-005 0 0
 415.60903506625 -7.12778940736278e-005 0 0
 418.94385682816 -1.6658463589207e-005 0 0
 422.27882227583 -3.56567864130746e-005 0 0
 425.61391979992 -2.14497230670391e-005 0 0
 428.94913779109 -2.8706565006576e-005 0 0
 432.28446464 -8.0953325302215e-006 0 0
 435.61988873731 -4.28205005977129e-005 0 0
 438.95539847368 -4.32961565189058e-005 0 0
 442.29098223977 -7.05741921409778e-005 0 0
 445.62662842624 -6.60301703272875e-005 0 0
 448.96232542375 5.35550082397297e-006 0 0
 452.29806162296 -6.82762549053339e-005 0 0
 455.63382541453 -7.35125345709419e-005 0 0
 458.96960518912 -0.000106878555328875 0 0
 462.30538933739 -4.42823822803905e-005 0 0
 465.64116625 -2.95452098351961e-005 0 0
 468.97692431761 -3.20322840381118e-005 0 0
 472.31265193088 -8.26938669595793e-005 0 0
 475.64833748047 -9.47011986127084e-005 0 0
 478.98396935704 -4.77777756645268e-005 0 0
 482.31953595125 -3.81588661816569e-005 0 0
 485.65502565376 -6.80811316648275e-005 0 0
 488.99042685523 -7.92977015557546e-005 0 0
 492.32572794632 -0.000106959764508461 0 0
 495.66091731769 -0.000114852964511205 0 0
 498.99598336 -5.76420597840469e-005 0 0
 502.33091446391 -8.37822583587625e-005 0 0
 505.66569902008 -5.51674049552865e-005 0 0
 509.00032541917 -6.04484668005557e-005 0 0
 512.33478205184 -8.93405445450274e-005 0 0
 515.66905730875 -5.49675598508857e-005 0 0
 519.00313958056 -5.7897640086005e-005 0 0
 522.33701725793 -6.80705468760889e-005 0 0
 525.67067873152 -2.94454037286091e-005 0 0
 529.00411239199 -7.68372262963169e-005 0 0
 532.33730663 -7.7676329247619e-005 0 0
 535.67024983621 -4.62769082226471e-005 0 0
 539.00293040128 -7.90499220401102e-005 0 0
 542.33533671587 -0.000105951589334503 0 0
 545.66745717064 -7.15733351382315e-005 0 0
 548.99928015625 -8.6458596935893e-005 0 0
 552.33079406336 -3.75509737788646e-005 0 0
 555.66198728263 -6.74045071490808e-005 0 0
 558.99284820472 -3.75838026592855e-005 0 0
 562.32336522029 -8.11648030182769e-005 0 0
 565.65352672 -8.38400204683978e-005 0 0
 568.98332109451 -5.57251255697285e-005 0 0
 572.31273673448 -9.44171133582701e-005 0 0
 575.64176203057 -0.000115315569925071 0 0
 578.97038537344 -4.0408771432137e-005 0 0
 582.29859515375 -7.18902179672961e-005 0 0
 585.62637976216 -0.000137513528191327 0 0
 588.95372758933 -0.000130352269241424 0 0
 592.28062702592 -9.52686749475363e-005 0 0
 595.60706646259 -8.75463568173134e-005 0 0
 598.93303429 -0.000167938795669003 0 0
 602.25851889881 -0.000128711187807214 0 0
 605.58350867968 -0.000153383564434675 0 0
 608.90799202327 -0.000269062294492691 0 0
 612.23195732024 -0.000246808876009084 0 0
 615.55539296125 -0.000219397556413497 0 0
 618.87828733696 -0.000238246328827252 0 0
 622.20062883803 -0.00024333427998091 0 0
 625.52240585512 -0.000266538658427792 0 0
 628.84360677889 -0.000147841585239138 0 0
 632.16422 -0.000232191276986609 0 0
 635.48423390911 -0.000181644886348941 0 0
 638.80363689688 -0.000166675174774395 0 0
 642.12241735397 -0.000269401570446458 0 0
 645.44056367104 -0.000277007148449288 0 0
 648.75806423875 -0.000189615648961986 0 0
 652.07490744776 -0.000238290901330125 0 0
 655.39108168873 -0.000268207595246439 0 0
 658.70657535232 -0.000123965050230381 0 0
 662.02137682919 -0.000223999938689564 0 0
 665.33547451 -0.000164040566296406 0 0
 668.64885678541 -8.07261125486718e-005 0 0
 671.96151204608 -0.000177968675072188 0 0
 675.27342868267 -0.00025204739674701 0 0
 678.58459508584 -0.000183702740212763 0 0
 681.89499964625 -0.000178405733329406 0 0
 685.20463075456 -0.00016974017382834 0 0
 688.51347680143 -0.000156820447772919 0 0
 691.82152617752 -0.000152196439007943 0 0
 695.12876727349 -0.000167309247607429 0 0
 698.43518848 -0.000143326139890983 0 0
 701.74077818771 -0.00015818798292421 0 0
 705.04552478728 -0.000100042491518871 0 0
 708.34941666937 -0.000198801602648889 0 0
 711.65244222464 -5.94550874475591e-005 0 0
 714.95458984375 -0.000185265742489214 0 0
 718.25584791736 -0.000224155734367969 0 0
 721.55620483613 -0.000119984317330767 0 0
 724.85564899072 -0.000158349756051075 0 0
 728.15416877179 -0.000174668695028229 0 0
 731.45175257 -9.68017804255921e-005 0 0
 734.74838877601 -0.000207320046861084 0 0
 738.04406578048 -0.000127215980392996 0 0
 741.33877197407 -5.40718287846212e-005 0 0
 744.63249574744 -3.67397856007367e-005 0 0
 747.92522549125 -6.38827618743754e-005 0 0
 751.21694959616 -3.25531438310921e-005 0 0
 754.50765645283 -7.46828678612765e-005 0 0
 757.79733445192 -0.000126407338046972 0 0
 761.08597198409 -7.81059913849874e-005 0 0
 764.37355744 -8.50244183727977e-005 0 0
 767.66007921031 -0.000115355147194888 0 0
 770.94552568568 -3.19445026286024e-005 0 0
 774.22988525677 -0.000235839440096378 0 0
 777.51314631424 -0.000105630484057966 0 0
 780.79529724875 -0.000132952022744752 0 0
 784.07632645096 -0.000313905048494844 0 0
 787.35622231153 -0.000183248072319904 0 0
 790.63497322112 -0.000167839515495434 0 0
 793.91256757039 -8.63545831643867e-005 0 0
 797.18899375 -0.000223146570877826 0 0
 800.46424015061 -0.000114499931551226 0 0
 803.73829516288 -0.000275305910233117 0 0
 807.01114717747 -0.000257150762744366 0 0
 810.28278458504 -0.000155814022370402 0 0
 813.55319577625 -0.000378876601879079 0 0
 816.82236914176 -0.000297452663438518 0 0
 820.09029307223 -0.000249892455553718 0 0
 823.35695595832 -0.00023394324018175 0 0
 826.62234619069 -0.000192013954883078 0 0
 829.88645216 -0.000124721627540844 0 0
 833.14926225691 -0.000382991092878508 0 0
 836.41076487208 -0.000101441342991443 0 0
 839.67094839617 -0.000179972259494536 0 0
 842.92980121984 -0.000252839850986579 0 0
 846.18731173375 -0.00064421421199862 0 0
 849.44346832856 -0.000513081545873816 0 0
 852.69825939493 -0.00067176848467021 0 0
 855.95167332352 -0.000346933182163218 0 0
 859.20369850499 -0.000299330280458806 0 0
 862.45432333 -0.000616956463190018 0 0
 865.70353618921 -0.000358073835445458 0 0
 868.95132547328 -7.38002138163194e-005 0 0
 872.19767957287 -0.000607698693135664 0 0
 875.44258687864 -0.000371932254669591 0 0
 878.68603578125 -0.00068436864019229 0 0
 881.92801467136 -0.000437346734435983 0 0
 885.16851193963 -0.000590063267320904 0 0
 888.40751597672 -0.000540681929266723 0 0
 891.64501517329 -0.000756031977872195 0 0
 894.88099792 -0.00029759626736081 0 0
 898.11545260751 -0.000759343426517687 0 0
 901.34836762648 -0.000303021708320368 0 0
 904.57973136757 -0.000247288056308077 0 0
 907.80953222144 -0.000223994644617597 0 0
 911.03775857875 -0.000888911645282899 0 0
 914.26439883016 -0.00106722813999995 0 0
 917.48944136633 -0.000246622020413916 0 0
 920.71287457792 -0.00037861562101944 0 0
 923.93468685559 -0.000281078863406892 0 0
 927.15486659 0.000122305650566047 0 0
 930.37340217181 -0.000190582522807603 0 0
 933.59028199168 -0.000803723848028125 0 0
 936.80549444027 -0.00121326712035694 0 0
 940.01902790824 -0.00102760063646468 0 0
 943.23087078625 -0.00111229426238383 0 0
 946.44101146496 -0.000596451810203276 0 0
 949.64943833503 -0.00163801466583541 0 0
 952.85613978712 -0.00125994170000465 0 0
 956.06110421189 0 0 0
 959.26432 0 0 0
 962.46577554211 0 0 0
 965.66545922888 0 0 0
 968.86335945097 0 0 0
 972.05946459904 0 0 0
 975.25376306375 0 0 0
 978.44624323576 0 0 0
 981.63689350573 0 0 0
 984.82570226432 0 0 0
 988.01265790219 0 0 0
 991.19774881 0 0 0
 994.38096337841 0 0 0
 997.56228999808 0 0 0
 1000.74171705967 0 0 0
 1003.91923295384 0 0 0
 1007.09482607125 0 0 0
 1010.26848480256 0 0 0
 1013.44019753843 0 0 0
 1016.60995266952 0 0 0
 1019.77773858649 0 0 0
 1022.94354368 0 0 0
 1026.10735634071 0 0 0
 1029.26916495928 0 0 0
 1032.42895792637 0 0 0
 1035.58672363264 0 0 0
 1038.74245046875 0 0 0
 1041.89612682536 0 0 0
 1045.04774109313 0 0 0
 1048.19728166272 0 0 0
 1051.34473692479 0 0 0
 1054.49009527 0 0 0
 1057.63334508901 0 0 0
 1060.77447477248 0 0 0
 1063.91347271107 0 0 0
 1067.05032729544 0 0 0
 1070.18502691625 0 0 0
 1073.31755996416 0 0 0
 1076.44791482983 0 0 0
 1079.57607990392 0 0 0
 1082.70204357709 0 0 0
 1085.82579424 0 0 0
 1088.94732028331 0 0 0
 1092.06661009768 0 0 0
 1095.18365207377 0 0 0
 1098.29843460224 0 0 0
 1101.41094607375 0 0 0
 1104.52117487896 0 0 0
 1107.62910940853 0 0 0
 1110.73473805312 0 0 0
 1113.83804920339 0 0 0
 1116.93903125 0 0 0
 1120.03767258361 0 0 0
 1123.13396159488 0 0 0
 1126.22788667447 0 0 0
 1129.31943621304 0 0 0
 1132.40859860125 0 0 0
 1135.49536222976 0 0 0
[END] of [DATA]
[END] of [Spectrum]


#TBID:2021-09-25 03:00:00;SAM_84CE;RAW;

[Spectrum]
Version            = 1
IDData             = 96B1_2021-09-25_03-00-00_000_592
IDDevice           = SAM_84CE
IDDataType         = SPECTRUM
IDDataTypeSub1     = RAW
IDDataTypeSub2     = 
IDDataTypeSub3     = 
DateTime           = 2021-09-25 03:00:00
PositionLatitude   = 0
PositionLongitude  = 0
Comment            = 
CommentSub1        = 
CommentSub2        = 
CommentSub3        = 
IDMethodType       = SAM Control
MethodName         = SAM_84CE
Mission            = No Mission
MissionSub         = 1
RecordType         = 0
[Attributes]
CalFactor = 1
IDBasisSpec = 
IDDataBack = DLAB_2015-08-21_11-56-43_233_004
IDDataCal = DLAB_2015-08-26_10-05-37_585_478
IntegrationTime = 4096
P31 = -1
P31e = 0
PathLength = +INF
PathLengthCustomOn = 0
RAWDynamic = 65535
Salinity = 0
Temperature = -NAN
Unit1 = $05 $00 Pixel 
Unit2 = $03 $05 Intensity counts
Unit3 = $f0 $05 Error counts
Unit4 = $f1 $00 Status 
p999 = 458
[END] of [Attributes]
[DATA]
 0 11 0 0
 1 1544 0 0
 2 1545 0 0
 3 1550 0 0
 4 1556 0 0
 5 1561 0 0
 6 1560 0 0
 7 1557 0 0
 8 1558 0 0
 9 1561 0 0
 10 1562 0 0
 11 1566 0 0
 12 1566 0 0
 13 1570 0 0
 14 1565 0 0
 15 1567 0 0
 16 1567 0 0
 17 1569 0 0
 18 1567 0 0
 19 1566 0 0
 20 1578 0 0
 21 1569 0 0
 22 1569 0 0
 23 1580 0 0
 24 1579 0 0
 25 1575 0 0
 26 1578 0 0
 27 1584 0 0
 28 1574 0 0
 29 1573 0 0
 30 1576 0 0
 31 1585 0 0
 32 1573 0 0
 33 1584 0 0
 34 1577 0 0
 35 1574 0 0
 36 1578 0 0
 37 1567 0 0
 38 1582 0 0
 39 1578 0 0
 40 1582 0 0
 41 1581 0 0
 42 1584 0 0
 43 1582 0 0
 44 1570 0 0
 45 1571 0 0
 46 1580 0 0
 47 1584 0 0
 48 1584 0 0
 49 1576 0 0
 50 1584 0 0
 51 1582 0 0
 52 1577 0 0
 53 1578 0 0
 54 1584 0 0
 55 1578 0 0
 56 1577 0 0
 57 1576 0 0
 58 1577 0 0
 59 1576 0 0
 60 1574 0 0
 61 1582 0 0
 62 1579 0 0
 63 1574 0 0
 64 1584 0 0
 65 1580 0 0
 66 1589 0 0
 67 1576 0 0
 68 1576 0 0
 69 1580 0 0
 70 1576 0 0
 71 1576 0 0
 72 1583 0 0
 73 1578 0 0
 74 1579 0 0
 75 1581 0 0
 76 1582 0 0
 77 1578 0 0
 78 1579 0 0
 79 1582 0 0
 80 1585 0 0
 81 1583 0 0
 82 1585 0 0
 83 1580 0 0
 84 1581 0 0
 85 1577 0 0
 86 1574 0 0
 87 1576 0 0
 88 1576 0 0
 89 1578 0 0
 90 1580 0 0
 91 1580 0 0
 92 1578 0 0
 93 1577 0 0
 94 1575 0 0
 95 1572 0 0
 96 1573 0 0
 97 1580 0 0
 98 1582 0 0
 99 1583 0 0
 100 1574 0 0
 101 1579 0 0
 102 1585 0 0
 103 1580 0 0
 104 1578 0 0
 105 1580 0 0
 106 1578 0 0
 107 1576 0 0
 108 1578 0 0
 109 1582 0 0
 110 1579 0 0
 111 1583 0 0
 112 1581 0 0
 113 1579 0 0
 114 1582 0 0
 115 1581 0 0
 116 1575 0 0
 117 1581 0 0
 118 1582 0 0
 119 1579 0 0
 120 1576 0 0
 121 1575 0 0
 122 1579 0 0
 123 1580 0 0
 124 1578 0 0
 125 1579 0 0
 126 1579 0 0
 127 1576 0 0
 128 1582 0 0
 129 1577 0 0
 130 1573 0 0
 131 1588 0 0
 132 1577 0 0
 133 1579 0 0
 134 1577 0 0
 135 1576 0 0
 136 1574 0 0
 137 1581 0 0
 138 1570 0 0
 139 1577 0 0
 140 1570 0 0
 141 1578 0 0
 142 1576 0 0
 143 1578 0 0
 144 1575 0 0
 145 1588 0 0
 146 1590 0 0
 147 1568 0 0
 148 1580 0 0
 149 1579 0 0
 150 1577 0 0
 151 1573 0 0
 152 1570 0 0
 153 1576 0 0
 154 1580 0 0
 155 1578 0 0
 156 1576 0 0
 157 1574 0 0
 158 1568 0 0
 159 1578 0 0
 160 1582 0 0
 161 1581 0 0
 162 1578 0 0
 163 1575 0 0
 164 1575 0 0
 165 1576 0 0
 166 1574 0 0
 167 1569 0 0
 168 1576 0 0
 169 1575 0 0
 170 1574 0 0
 171 1579 0 0
 172 1574 0 0
 173 1576 0 0
 174 1574 0 0
 175 1577 0 0
 176 1577 0 0
 177 1576 0 0
 178 1580 0 0
 179 1574 0 0
 180 1573 0 0
 181 1574 0 0
 182 1578 0 0
 183 1570 0 0
 184 1566 0 0
 185 1571 0 0
 186 1570 0 0
 187 1571 0 0
 188 1571 0 0
 189 1570 0 0
 190 1575 0 0
 191 1579 0 0
 192 1571 0 0
 193 1577 0 0
 194 1571 0 0
 195 1566 0 0
 196 1572 0 0
 197 1573 0 0
 198 1580 0 0
 199 1571 0 0
 200 1576 0 0
 201 1573 0 0
 202 1566 0 0
 203 1571 0 0
 204 1570 0 0
 205 1574 0 0
 206 1577 0 0
 207 1576 0 0
 208 1570 0 0
 209 1573 0 0
 210 1568 0 0
 211 1564 0 0
 212 1572 0 0
 213 1576 0 0
 214 1568 0 0
 215 1577 0 0
 216 1574 0 0
 217 1574 0 0
 218 1573 0 0
 219 1574 0 0
 220 1565 0 0
 221 1572 0 0
 222 1571 0 0
 223 1575 0 0
 224 1567 0 0
 225 1571 0 0
 226 1573 0 0
 227 1576 0 0
 228 1570 0 0
 229 1576 0 0
 230 1574 0 0
 231 1572 0 0
 232 1571 0 0
 233 1578 0 0
 234 1568 0 0
 235 1576 0 0
 236 1568 0 0
 237 1571 0 0
 238 1570 0 0
 239 1570 0 0
 240 1568 0 0
 241 1574 0 0
 242 1563 0 0
 243 1570 0 0
 244 1570 0 0
 245 1566 0 0
 246 1565 0 0
 247 1567 0 0
 248 1562 0 0
 249 1566 0 0
 250 1561 0 0
 251 1563 0 0
 252 1554 0 0
 253 1553 0 0
 254 1542 0 0
 255 1606 0 0
[END] of [DATA]
[END] of [Spectrum]


#TBID:2021-09-25 03:00:00;SAM_84CE;CALIBRATED;

[Spectrum]
Version            = 1
IDData             = 96B1_2021-09-25_03-00-00_000_593
IDDevice           = SAM_84CE
IDDataType         = SPECTRUM
IDDataTypeSub1     = CALIBRATED
IDDataTypeSub2     = 
IDDataTypeSub3     = 
DateTime           = 2021-09-25 03:00:00
PositionLatitude   = 0
PositionLongitude  = 0
Comment            = 
CommentSub1        = 
CommentSub2        = 
CommentSub3        = 
IDMethodType       = SAM Control
MethodName         = SAM_84CE
Mission            = No Mission
MissionSub         = 1
RecordType         = 0
[Attributes]
CalFactor = 1
IDBasisSpec = 
IDDataBack = DLAB_2015-08-21_11-56-43_233_004
IDDataCal = DLAB_2015-08-26_10-05-37_585_478
IntegrationTime = 4096
P31 = -1
P31e = 0
PathLength = +INF
PathLengthCustomOn = 0
RAWDynamic = 65535
Salinity = 0
Temperature = -NAN
Unit1 = $01 $01 Wavelength nm
Unit2 = $03 $06 Intensity mW/(m^2 nm)
Unit3 = $f0 $06 Error mW/(m^2 nm)
Unit4 = $f1 $00 Status 
p999 = 458
[END] of [Attributes]
[DATA]
 0 11 0 0
 303.485180022 0 0 0
 306.85638880275 0 0 0
 310.228324544 0 0 0
 313.60097308125 0 0 0
 316.97432025 0.00295400660574943 0 0
 320.34835188575 0.00502065208349906 0 0
 323.723053824 0.00426786096815189 0 0
 327.09841190025 0.00383640068092199 0 0
 330.47441195 0.00215988950459203 0 0
 333.85103980875 0.00339542873990527 0 0
 337.228281312 0.00359442315485586 0 0
 340.60612229525 0.00332794128744166 0 0
 343.984548594 0.00427196031250353 0 0
 347.36354604375 0.00125572216877042 0 0
 350.74310048 0.00354496454111032 0 0
 354.12319773825 0.00285925558802014 0 0
 357.503823654 0.00392755710349571 0 0
 360.88496406275 0.00247863801437457 0 0
 364.2666048 0.00337694201600954 0 0
 367.64873170125 0.00364875210705591 0 0
 371.031330602 0.00261413103759939 0 0
 374.41438733775 0.00312921595471448 0 0
 377.797887744 0.00275797686120312 0 0
 381.18181765625 0.00448422212697528 0 0
 384.56616291 0.00367697808458417 0 0
 387.95090934075 0.00333266761707842 0 0
 391.336042784 0.0042249038668027 0 0
 394.72154907525 0.00456820018642246 0 0
 398.10741405 0.00376102146205383 0 0
 401.49362354375 0.00407178690604715 0 0
 404.880163392 0.00403052791183191 0 0
 408.26701943025 0.00240007541079214 0 0
 411.654177494 0.00459020817694313 0 0
 415.04162341875 0.0036743728090411 0 0
 418.42934304 0.00334284348370864 0 0
 421.81732219325 0.0024776311299005 0 0
 425.205546714 0.00220566615664797 0 0
 428.59400243775 0.00261187330310458 0 0
 431.9826752 0.00247118749840784 0 0
 435.37155083625 0.00275644213452537 0 0
 438.760615182 0.00278341787288622 0 0
 442.14985407275 0.00283348137399714 0 0
 445.539253344 0.00271526581750161 0 0
 448.92879883125 0.00211623836575792 0 0
 452.31847637 0.00231227367390416 0 0
 455.70827179575 0.00215024354516665 0 0
 459.098170944 0.00229954896241993 0 0
 462.48815965025 0.00315435499633026 0 0
 465.87822375 0.00227352289084774 0 0
 469.26834907875 0.00305248996998754 0 0
 472.658521472 0.00371651629775778 0 0
 476.04872676525 0.00314923881055449 0 0
 479.438950794 0.0024329234674488 0 0
 482.82917939375 0.00288025896139122 0 0
 486.2193984 0.00320192122742632 0 0
 489.60959364825 0.00317417703628588 0 0
 492.999750974 0.00297589401024675 0 0
 496.38985621275 0.00246424434477556 0 0
 499.7798952 0.00274570732000254 0 0
 503.16985377125 0.00304280652886049 0 0
 506.559717762 0.00345682717271848 0 0
 509.94947300775 0.00199740901945535 0 0
 513.339105344 0.00182707613307454 0 0
 516.72860060625 0.00319721057664614 0 0
 520.11794463 0.00302144585306255 0 0
 523.50712325075 0.00290273313058254 0 0
 526.896122304 0.00209801773580389 0 0
 530.28492762525 0.00181626188775618 0 0
 533.67352505 0.00316174349803238 0 0
 537.06190041375 0.00337110473224621 0 0
 540.450039552 0.00250810495467828 0 0
 543.83792830025 0.00275755488855489 0 0
 547.225552494 0.00199235692642806 0 0
 550.61289796875 0.0025329525177459 0 0
 553.99995056 0.00253996304661501 0 0
 557.38669610325 0.00178228726386137 0 0
 560.773120434 0.00242552475258694 0 0
 564.15920938775 0.00294627234792709 0 0
 567.5449488 0.00255793512892934 0 0
 570.93032450625 0.00277892695804505 0 0
 574.315322342 0.0024948500643881 0 0
 577.69992814275 0.00342625152285825 0 0
 581.084127744 0.00315825150916176 0 0
 584.46790698125 0.00323388005461651 0 0
 587.85125169 0.00266098277867727 0 0
 591.23414770575 0.00208219879874139 0 0
 594.616580864 0.00222165451038456 0 0
 597.99853700025 0.0026089388448813 0 0
 601.38000195 0.00289761852162668 0 0
 604.76096154875 0.0021471162726748 0 0
 608.141401632 0.00238233400821183 0 0
 611.52130803525 0.00236490911065303 0 0
 614.900666594 0.0014715160361122 0 0
 618.27946314375 0.00235827829707793 0 0
 621.65768352 0.00248138642543112 0 0
 625.03531355825 0.0026800610489844 0 0
 628.412339094 0.00277168336438568 0 0
 631.78874596275 0.0025722157085919 0 0
 635.16452 0.00310631111668664 0 0
 638.53964704125 0.00177166726252711 0 0
 641.914112922 0.0034805786526755 0 0
 645.28790347775 0.00410804686362724 0 0
 648.661004544 0.00292232037291307 0 0
 652.03340195625 0.00331630032091632 0 0
 655.40508155 0.00277116001330674 0 0
 658.77602916075 0.00297792027111757 0 0
 662.146230624 0.00321194738351564 0 0
 665.51567177525 0.0036683109291452 0 0
 668.88433845 0.00259385494823091 0 0
 672.25221648375 0.00374725591559039 0 0
 675.619291712 0.0026232461827111 0 0
 678.98554997025 0.00356730087098851 0 0
 682.350977094 0.00404164318910785 0 0
 685.71555891875 0.00366406059582395 0 0
 689.07928128 0.00406773142916706 0 0
 692.44213001325 0.00350764254727382 0 0
 695.804090954 0.00319857923770328 0 0
 699.16514993775 0.0039505681078503 0 0
 702.5252928 0.00315930121773383 0 0
 705.88450537625 0.00233111928496672 0 0
 709.242773502 0.00294044191452419 0 0
 712.60008301275 0.00299735324675679 0 0
 715.956419744 0.00414407537735606 0 0
 719.31176953125 0.00349302201024947 0 0
 722.66611821 0.00400725986629986 0 0
 726.01945161575 0.00228611859788154 0 0
 729.371755584 0.00359553761827926 0 0
 732.72301595025 0.0042335239105394 0 0
 736.07321855 0.0035105458832437 0 0
 739.42234921875 0.00339411778579987 0 0
 742.770393792 0.00406402963955724 0 0
 746.11733810525 0.00373550265256975 0 0
 749.463167994 0.00411334265389519 0 0
 752.80786929375 0.00357662795636416 0 0
 756.15142784 0.00306918760357944 0 0
 759.49382946825 0.00299328740211325 0 0
 762.835060014 0.00328825718851428 0 0
 766.17510531275 0.00371828534505549 0 0
 769.5139512 0.0025811917486276 0 0
 772.85158351125 0.00316759416856779 0 0
 776.187988082 0.00399615101645154 0 0
 779.52315074775 0.00429104965075698 0 0
 782.857057344 0.00448141991388892 0 0
 786.18969370625 0.0034645982204732 0 0
 789.52104567 0.00486635147417483 0 0
 792.85109907075 0.0068734421531502 0 0
 796.179839744 0.00365536185559837 0 0
 799.50725352525 0.00496918861812853 0 0
 802.83332625 0.00626278122895555 0 0
 806.15804375375 0.00613475304216381 0 0
 809.481391872 0.00528729542017929 0 0
 812.80335644025 0.00404138411842438 0 0
 816.123923294 0.004334459640692 0 0
 819.44307826875 0.00701282576759302 0 0
 822.7608072 0.00665569303685369 0 0
 826.07709592325 0.00651369056408383 0 0
 829.391930274 0.00451774099563332 0 0
 832.70529608775 0.0048344166967942 0 0
 836.0171792 0.00680478330019236 0 0
 839.32756544625 0.00863953663447568 0 0
 842.636440662 0.00752000347200158 0 0
 845.94379068275 0.00737188298478197 0 0
 849.249601344 0.0064977090195647 0 0
 852.55385848125 0.00639360662011591 0 0
 855.85654793 0.00919440101774511 0 0
 859.15765552575 0.00888582677471807 0 0
 862.457167104 0.00405300166639089 0 0
 865.75506850025 0.00996443726622671 0 0
 869.05134555 0.00655195352200032 0 0
 872.34598408875 0.00529309161787739 0 0
 875.638969952 0.00868811900431142 0 0
 878.93028897525 0.00732204016108859 0 0
 882.219926994 0.0102727423785424 0 0
 885.50786984375 0.0125816021031398 0 0
 888.79410336 0.0109694306700032 0 0
 892.07861337825 0.0118140168374393 0 0
 895.361385734 0.0109404770078073 0 0
 898.64240626275 0.0124414868803713 0 0
 901.9216608 0.00793877341371976 0 0
 905.19913518125 0.00575984397160805 0 0
 908.474815242 0.00915210983623079 0 0
 911.74868681775 0.0161326461110615 0 0
 915.020735744 0.0167176026638559 0 0
 918.29094785625 0.00969339095828639 0 0
 921.55930899 0.00889879448962969 0 0
 924.82580498075 0.0030012709470375 0 0
 928.090421664 0.00220335353356483 0 0
 931.35314487525 0.0119809695130187 0 0
 934.61396045 0.0101633946684989 0 0
 937.87285422375 0.019174558060763 0 0
 941.129812032 0.0217008040375955 0 0
 944.38481971025 0.0134125978217333 0 0
 947.637863094 0.0259365682365514 0 0
 950.88892801875 0.0171117306339505 0 0
 954.13800032 0 0 0
 957.38506583325 0 0 0
 960.630110394 0 0 0
 963.87311983775 0 0 0
 967.11408 0 0 0
 970.35297671625 0 0 0
 973.589795822 0 0 0
 976.82452315275 0 0 0
 980.057144544 0 0 0
 983.28764583125 0 0 0
 986.51601285 0 0 0
 989.74223143575 0 0 0
 992.966287424 0 0 0
 996.18816665025 0 0 0
 999.40785495 0 0 0
 1002.62533815875 0 0 0
 1005.840602112 0 0 0
 1009.05363264525 0 0 0
 1012.264415594 0 0 0
 1015.47293679375 0 0 0
 1018.67918208 0 0 0
 1021.88313728825 0 0 0
 1025.084788254 0 0 0
 1028.28412081275 0 0 0
 1031.4811208 0 0 0
 1034.67577405125 0 0 0
 1037.868066402 0 0 0
 1041.05798368775 0 0 0
 1044.245511744 0 0 0
 1047.43063640625 0 0 0
 1050.61334351 0 0 0
 1053.79361889075 0 0 0
 1056.971448384 0 0 0
 1060.14681782525 0 0 0
 1063.31971305 0 0 0
 1066.49011989375 0 0 0
 1069.658024192 0 0 0
 1072.82341178025 0 0 0
 1075.986268494 0 0 0
 1079.14658016875 0 0 0
 1082.30433264 0 0 0
 1085.45951174325 0 0 0
 1088.612103314 0 0 0
 1091.76209318775 0 0 0
 1094.9094672 0 0 0
 1098.05421118625 0 0 0
 1101.196310982 0 0 0
 1104.33575242275 0 0 0
 1107.472521344 0 0 0
 1110.60660358125 0 0 0
 1113.73798497 0 0 0
 1116.86665134575 0 0 0
 1119.992588544 0 0 0
 1123.11578240025 0 0 0
 1126.23621875 0 0 0
 1129.35388342875 0 0 0
 1132.468762272 0 0 0
 1135.58084111525 0 0 0
 1138.690105794 0 0 0
 1141.79654214375 0 0 0
 1144.900136 0 0 0
[END] of [DATA]
[END] of [Spectrum]


#TBID:2021-09-25 03:00:00;SAM_84C8;RAW;

[Spectrum]
Version            = 1
IDData             = 96B1_2021-09-25_03-00-00_000_595
IDDevice           = SAM_84C8
IDDataType         = SPECTRUM
IDDataTypeSub1     = RAW
IDDataTypeSub2     = 
IDDataTypeSub3     = 
DateTime           = 2021-09-25 03:00:00
PositionLatitude   = 0
PositionLongitude  = 0
Comment            = 
CommentSub1        = 
CommentSub2        = 
CommentSub3        = 
IDMethodType       = SAM Control
MethodName         = SAM_84C8
Mission            = No Mission
MissionSub         = 1
RecordType         = 0
[Attributes]
CalFactor = 1
IDBasisSpec = 
IDDataBack = DLAB_2015-08-21_12-14-03_013_778
IDDataCal = DLAB_2015-08-24_11-04-47_772_747
IntegrationTime = 4096
P31 = -1
P31e = 0
PathLength = +INF
PathLengthCustomOn = 0
RAWDynamic = 65535
Salinity = 0
Temperature = -NAN
Unit1 = $05 $00 Pixel 
Unit2 = $03 $05 Intensity counts
Unit3 = $f0 $05 Error counts
Unit4 = $f1 $00 Status 
p999 = 458
[END] of [Attributes]
[DATA]
 0 11 0 0
 1 1551 0 0
 2 1533 0 0
 3 1532 0 0
 4 1545 0 0
 5 1541 0 0
 6 1544 0 0
 7 1537 0 0
 8 1536 0 0
 9 1542 0 0
 10 1539 0 0
 11 1540 0 0
 12 1551 0 0
 13 1546 0 0
 14 1541 0 0
 15 1550 0 0
 16 1555 0 0
 17 1551 0 0
 18 1549 0 0
 19 1553 0 0
 20 1551 0 0
 21 1550 0 0
 22 1557 0 0
 23 1564 0 0
 24 1563 0 0
 25 1557 0 0
 26 1550 0 0
 27 1558 0 0
 28 1566 0 0
 29 1561 0 0
 30 1559 0 0
 31 1561 0 0
 32 1559 0 0
 33 1561 0 0
 34 1562 0 0
 35 1553 0 0
 36 1562 0 0
 37 1568 0 0
 38 1568 0 0
 39 1555 0 0
 40 1560 0 0
 41 1560 0 0
 42 1560 0 0
 43 1561 0 0
 44 1561 0 0
 45 1565 0 0
 46 1561 0 0
 47 1564 0 0
 48 1567 0 0
 49 1569 0 0
 50 1556 0 0
 51 1562 0 0
 52 1563 0 0
 53 1562 0 0
 54 1556 0 0
 55 1563 0 0
 56 1565 0 0
 57 1565 0 0
 58 1565 0 0
 59 1563 0 0
 60 1562 0 0
 61 1564 0 0
 62 1578 0 0
 63 1569 0 0
 64 1558 0 0
 65 1563 0 0
 66 1567 0 0
 67 1569 0 0
 68 1565 0 0
 69 1565 0 0
 70 1572 0 0
 71 1568 0 0
 72 1569 0 0
 73 1564 0 0
 74 1567 0 0
 75 1569 0 0
 76 1572 0 0
 77 1571 0 0
 78 1566 0 0
 79 1571 0 0
 80 1571 0 0
 81 1567 0 0
 82 1574 0 0
 83 1572 0 0
 84 1569 0 0
 85 1565 0 0
 86 1574 0 0
 87 1572 0 0
 88 1566 0 0
 89 1567 0 0
 90 1581 0 0
 91 1570 0 0
 92 1568 0 0
 93 1562 0 0
 94 1570 0 0
 95 1568 0 0
 96 1576 0 0
 97 1566 0 0
 98 1569 0 0
 99 1569 0 0
 100 1574 0 0
 101 1580 0 0
 102 1579 0 0
 103 1569 0 0
 104 1569 0 0
 105 1582 0 0
 106 1566 0 0
 107 1570 0 0
 108 1568 0 0
 109 1570 0 0
 110 1578 0 0
 111 1585 0 0
 112 1573 0 0
 113 1572 0 0
 114 1572 0 0
 115 1577 0 0
 116 1576 0 0
 117 1572 0 0
 118 1573 0 0
 119 1575 0 0
 120 1575 0 0
 121 1576 0 0
 122 1562 0 0
 123 1574 0 0
 124 1568 0 0
 125 1574 0 0
 126 1576 0 0
 127 1579 0 0
 128 1575 0 0
 129 1575 0 0
 130 1572 0 0
 131 1576 0 0
 132 1569 0 0
 133 1626 0 0
 134 1574 0 0
 135 1572 0 0
 136 1575 0 0
 137 1571 0 0
 138 1574 0 0
 139 1584 0 0
 140 1572 0 0
 141 1572 0 0
 142 1575 0 0
 143 1569 0 0
 144 1581 0 0
 145 1580 0 0
 146 1572 0 0
 147 1570 0 0
 148 1578 0 0
 149 1569 0 0
 150 1575 0 0
 151 1570 0 0
 152 1578 0 0
 153 1571 0 0
 154 1566 0 0
 155 1571 0 0
 156 1572 0 0
 157 1576 0 0
 158 1580 0 0
 159 1573 0 0
 160 1572 0 0
 161 1567 0 0
 162 1572 0 0
 163 1572 0 0
 164 1567 0 0
 165 1571 0 0
 166 1568 0 0
 167 1575 0 0
 168 1572 0 0
 169 1577 0 0
 170 1576 0 0
 171 1564 0 0
 172 1571 0 0
 173 1565 0 0
 174 1564 0 0
 175 1573 0 0
 176 1572 0 0
 177 1573 0 0
 178 1572 0 0
 179 1571 0 0
 180 1571 0 0
 181 1574 0 0
 182 1576 0 0
 183 1574 0 0
 184 1573 0 0
 185 1573 0 0
 186 1568 0 0
 187 1578 0 0
 188 1572 0 0
 189 1572 0 0
 190 1568 0 0
 191 1570 0 0
 192 1575 0 0
 193 1563 0 0
 194 1570 0 0
 195 1579 0 0
 196 1564 0 0
 197 1570 0 0
 198 1573 0 0
 199 1573 0 0
 200 1572 0 0
 201 1574 0 0
 202 1566 0 0
 203 1572 0 0
 204 1573 0 0
 205 1568 0 0
 206 1574 0 0
 207 1570 0 0
 208 1572 0 0
 209 1569 0 0
 210 1563 0 0
 211 1571 0 0
 212 1569 0 0
 213 1579 0 0
 214 1574 0 0
 215 1572 0 0
 216 1569 0 0
 217 1569 0 0
 218 1572 0 0
 219 1573 0 0
 220 1568 0 0
 221 1573 0 0
 222 1573 0 0
 223 1572 0 0
 224 1577 0 0
 225 1575 0 0
 226 1574 0 0
 227 1574 0 0
 228 1572 0 0
 229 1568 0 0
 230 1571 0 0
 231 1576 0 0
 232 1571 0 0
 233 1566 0 0
 234 1571 0 0
 235 1566 0 0
 236 1568 0 0
 237 1568 0 0
 238 1568 0 0
 239 1570 0 0
 240 1570 0 0
 241 1573 0 0
 242 1571 0 0
 243 1574 0 0
 244 1573 0 0
 245 1570 0 0
 246 1567 0 0
 247 1569 0 0
 248 1571 0 0
 249 1565 0 0
 250 1570 0 0
 251 1559 0 0
 252 1554 0 0
 253 1553 0 0
 254 1548 0 0
 255 1595 0 0
[END] of [DATA]
[END] of [Spectrum]


#TBID:2021-09-25 03:00:00;SAM_84C8;CALIBRATED;

[Spectrum]
Version            = 1
IDData             = 96B1_2021-09-25_03-00-00_000_596
IDDevice           = SAM_84C8
IDDataType         = SPECTRUM
IDDataTypeSub1     = CALIBRATED
IDDataTypeSub2     = 
IDDataTypeSub3     = 
DateTime           = 2021-09-25 03:00:00
PositionLatitude   = 0
PositionLongitude  = 0
Comment            = 
CommentSub1        = 
CommentSub2        = 
CommentSub3        = 
IDMethodType       = SAM Control
MethodName         = SAM_84C8
Mission            = No Mission
MissionSub         = 1
RecordType         = 0
[Attributes]
CalFactor = 1
IDBasisSpec = 
IDDataBack = DLAB_2015-08-21_12-14-03_013_778
IDDataCal = DLAB_2015-08-24_11-04-47_772_747
IntegrationTime = 4096
P31 = -1
P31e = 0
PathLength = +INF
PathLengthCustomOn = 0
RAWDynamic = 65535
Salinity = 0
Temperature = -NAN
Unit1 = $01 $01 Wavelength nm
Unit2 = $03 $03 Intensity mW/(m^2 nm Sr)
Unit3 = $f0 $03 Error mW/(m^2 nm Sr)
Unit4 = $f1 $00 Status 
p999 = 458
[END] of [Attributes]
[DATA]
 0 11 0 0
 303.516048156 0 0 0
 306.890006053 0 0 0
 310.26457112 0 0 0
 313.639731825 0 0 0
 317.015476636 -0.000845981309875866 0 0
 320.391794021 -0.000742558134504003 0 0
 323.768672448 -0.000794970794897544 0 0
 327.146100385 -0.000708541482037888 0 0
 330.5240663 -0.000524853626437504 0 0
 333.902558661 -0.000392327941556077 0 0
 337.281565936 -0.000630749553643707 0 0
 340.661076593 -0.000371101544365049 0 0
 344.0410791 -0.000257964108787812 0 0
 347.421561925 -0.000367792070719106 0 0
 350.802513536 -0.000200661659978223 0 0
 354.183922401 -8.58818008444403e-005 0 0
 357.565776988 -0.000206482301082537 0 0
 360.948065765 -0.000203643902431792 0 0
 364.3307772 -0.000135993138679298 0 0
 367.713899761 -0.000106990873044565 0 0
 371.097421916 -0.000176395835866665 0 0
 374.481332133 -8.06775534948404e-005 0 0
 377.86561888 4.42907643410696e-005 0 0
 381.250270625 -9.67014166447285e-006 0 0
 384.635275836 -6.35605617218776e-005 0 0
 388.020622981 -5.71835747370831e-005 0 0
 391.406300528 6.7882026060509e-006 0 0
 394.792296945 9.09955317466455e-005 0 0
 398.1786007 3.59514385649497e-005 0 0
 401.565200261 -7.45819933669116e-005 0 0
 404.952084096 2.0174065741945e-005 0 0
 408.339240673 -1.57618276235743e-005 0 0
 411.72665846 8.97722796197386e-005 0 0
 415.114325925 9.08603625030933e-005 0 0
 418.502231536 -2.28691824109932e-005 0 0
 421.890363761 2.63318051272027e-005 0 0
 425.278711068 -4.31603718297875e-005 0 0
 428.667261925 8.71242275621563e-005 0 0
 432.0560048 1.51301384079451e-005 0 0
 435.444928161 4.03133502782682e-005 0 0
 438.834020476 -2.12931358873048e-006 0 0
 442.223270213 3.43960013442136e-005 0 0
 445.61266584 4.93217004614284e-006 0 0
 449.002195825 6.36137507524397e-005 0 0
 452.391848636 7.85091280156757e-006 0 0
 455.781612741 7.97086858585075e-006 0 0
 459.171476608 6.66414585584339e-005 0 0
 462.561428705 6.24646341284556e-005 0 0
 465.9514575 4.25172777913299e-005 0 0
 469.341551461 -8.6072615635274e-006 0 0
 472.731699056 -9.37766899310134e-006 0 0
 476.121888753 1.17811430563635e-005 0 0
 479.51210902 3.26982902008103e-005 0 0
 482.902348325 9.23838700670792e-005 0 0
 486.292595136 3.74536539064092e-005 0 0
 489.682837921 4.07886038356548e-005 0 0
 493.073065148 -1.4282176848874e-005 0 0
 496.463265285 8.20137295679423e-005 0 0
 499.8534268 0.000128733439091304 0 0
 503.243538161 7.36558449559413e-005 0 0
 506.633587836 5.57087979591521e-005 0 0
 510.023564293 8.48512272554535e-005 0 0
 513.413456 6.18907976324605e-005 0 0
 516.803251425 5.29957131265067e-005 0 0
 520.192939036 6.90685697696278e-005 0 0
 523.582507301 3.92582958999105e-005 0 0
 526.971944688 9.30231867142039e-005 0 0
 530.361239665 -9.78516663534868e-006 0 0
 533.7503807 6.94844079062006e-005 0 0
 537.139356261 6.90253222735677e-005 0 0
 540.528154816 6.58720291205346e-005 0 0
 543.916764833 1.29555685097469e-005 0 0
 547.30517478 2.80038148897333e-005 0 0
 550.693373125 7.41917512306774e-005 0 0
 554.081348336 6.86639774958483e-005 0 0
 557.469088881 0.000109265837370874 0 0
 560.856583228 9.62897041290299e-005 0 0
 564.243819845 3.84070845134779e-005 0 0
 567.6307872 8.89366476990469e-005 0 0
 571.017473761 9.58659318466379e-005 0 0
 574.403867996 7.98473328658349e-005 0 0
 577.789958373 7.41754816625779e-005 0 0
 581.17573336 8.44352697093391e-005 0 0
 584.561181425 2.58883609140762e-005 0 0
 587.946291036 6.26787380558996e-005 0 0
 591.331050661 0.00017445259383508 0 0
 594.715448768 9.05306524292243e-005 0 0
 598.099473825 5.85248511777168e-005 0 0
 601.4831143 9.80449687940987e-005 0 0
 604.866358661 0.000178917935325553 0 0
 608.249195376 6.32361589070983e-005 0 0
 611.631612913 3.96527955389137e-005 0 0
 615.01359974 3.90966203022954e-005 0 0
 618.395144325 6.90661541325445e-006 0 0
 621.776235136 7.7023766422234e-005 0 0
 625.156860641 0.000114159185051313 0 0
 628.537009308 4.00039165460078e-005 0 0
 631.916669605 0.000112882162484258 0 0
 635.29583 0.000144668340848218 0 0
 638.674478961 5.97336427366501e-005 0 0
 642.052604956 0.000102274436699658 0 0
 645.430196453 0.000217855251251464 0 0
 648.80724192 0.000120946053670141 0 0
 652.183729825 0.000111872159310589 0 0
 655.559648636 0.00022295473563927 0 0
 658.934986821 8.76506022640883e-005 0 0
 662.309732848 0.000123089812651652 0 0
 665.683875185 0.000187113950033024 0 0
 669.0574023 0.000185685221853546 0 0
 672.430302661 0.000142139414671445 0 0
 675.802564736 0.000146952479561204 0 0
 679.174176993 0.000134018129246484 0 0
 682.5451279 0.000114964658663929 0 0
 685.915405925 0.000145658985642844 0 0
 689.284999536 0.000121357538880659 0 0
 692.653897201 4.13980437906367e-005 0 0
 696.022087388 0.000192017753326008 0 0
 699.389558565 0.000237826220037413 0 0
 702.7562992 9.05954921625879e-005 0 0
 706.122297761 0.000356682229284816 0 0
 709.487542716 0.000240183913405735 0 0
 712.852022533 5.51523358979632e-005 0 0
 716.21572568 0.000277176388400452 0 0
 719.578640625 0.000164621085426735 0 0
 722.940755836 0.000195822891645264 0 0
 726.302059781 0.000244436829554005 0 0
 729.662540928 9.99075115326343e-005 0 0
 733.022187745 0.000296619131415832 0 0
 736.3809887 0.000174624089152159 0 0
 739.738932261 0.000263719447738692 0 0
 743.096006896 0.000188196944829486 0 0
 746.452201073 4.99425540911205e-005 0 0
 749.80750326 -8.96659289063052e-006 0 0
 753.161901925 0.000102223235747762 0 0
 756.515385536 0.00018526140307284 0 0
 759.867942561 0.000252766090219535 0 0
 763.219561468 6.88909380481361e-005 0 0
 766.570230725 0.000302846157480404 0 0
 769.9199388 0.000329089830780244 0 0
 773.268674161 0.000161595796037166 0 0
 776.616425276 0.000253288738931195 0 0
 779.963180613 0.000181876821354641 0 0
 783.30892864 9.98465265554124e-005 0 0
 786.653657825 0.00024171102982295 0 0
 789.997356636 0.000342103923213895 0 0
 793.340013541 9.59111310513055e-005 0 0
 796.681617008 0.000235360613947941 0 0
 800.022155505 0.000316938070159119 0 0
 803.3616175 0.000194108302553882 0 0
 806.699991461 0.000363579330799002 0 0
 810.037265856 0.000127564134017072 0 0
 813.373429153 0.000286738066347485 0 0
 816.70846982 0.000251116333732111 0 0
 820.042376325 0.000157122580040953 0 0
 823.375137136 0.000480176816682653 0 0
 826.706740721 0.000229143975630198 0 0
 830.037175548 0.000332278250517812 0 0
 833.366430085 0.000627350513168467 0 0
 836.6944928 0.000483504505247786 0 0
 840.021352161 0.000159259473940471 0 0
 843.346996636 0.000123675595111033 0 0
 846.671414693 0.000243037044581528 0 0
 849.9945948 0.000389820893032994 0 0
 853.316525425 0.000472694965131495 0 0
 856.637195036 8.00302626049652e-005 0 0
 859.956592101 4.50479559724599e-005 0 0
 863.274705088 0.00030192634003967 0 0
 866.591522465 0.000279310455904703 0 0
 869.9070327 0.00103305344212318 0 0
 873.221224261 0.000559155336470724 0 0
 876.534085616 -3.65281719988886e-005 0 0
 879.845605233 0.000310530478064025 0 0
 883.15577158 0.000880738581527508 0 0
 886.464573125 0.000214486035079035 0 0
 889.771998336 2.70929561058131e-005 0 0
 893.078035681 0.000881006091428361 0 0
 896.382673628 0.000875928659431043 0 0
 899.685900645 0.00114958917153889 0 0
 902.9877052 0.000446065796293259 0 0
 906.288075761 0.000108833224661142 0 0
 909.587000796 0.000768052678437146 0 0
 912.884468773 0.00110293017785104 0 0
 916.18046816 0.000998168377857007 0 0
 919.474987425 0.00175160209491854 0 0
 922.768015036 0.00083628162802033 0 0
 926.059539461 0.00075468650901099 0 0
 929.349549168 0.000948866840865664 0 0
 932.638032625 0.00133311641073864 0 0
 935.9249783 0.0013557974033789 0 0
 939.210374661 0.00194261553039852 0 0
 942.494210176 0.000899049174126974 0 0
 945.776473313 0.00104553068211257 0 0
 949.05715254 0.00124075494421779 0 0
 952.336236325 0.000397255348803741 0 0
 955.613713136 0 0 0
 958.889571441 0 0 0
 962.163799708 0 0 0
 965.436386405 0 0 0
 968.70732 0 0 0
 971.976588961 0 0 0
 975.244181756 0 0 0
 978.510086853 0 0 0
 981.77429272 0 0 0
 985.036787825 0 0 0
 988.297560636 0 0 0
 991.556599621 0 0 0
 994.813893248 0 0 0
 998.069429985 0 0 0
 1001.3231983 0 0 0
 1004.575186661 0 0 0
 1007.825383536 0 0 0
 1011.073777393 0 0 0
 1014.3203567 0 0 0
 1017.565109925 0 0 0
 1020.808025536 0 0 0
 1024.049092001 0 0 0
 1027.288297788 0 0 0
 1030.525631365 0 0 0
 1033.7610812 0 0 0
 1036.994635761 0 0 0
 1040.226283516 0 0 0
 1043.456012933 0 0 0
 1046.68381248 0 0 0
 1049.909670625 0 0 0
 1053.133575836 0 0 0
 1056.355516581 0 0 0
 1059.575481328 0 0 0
 1062.793458545 0 0 0
 1066.0094367 0 0 0
 1069.223404261 0 0 0
 1072.435349696 0 0 0
 1075.645261473 0 0 0
 1078.85312806 0 0 0
 1082.058937925 0 0 0
 1085.262679536 0 0 0
 1088.464341361 0 0 0
 1091.663911868 0 0 0
 1094.861379525 0 0 0
 1098.0567328 0 0 0
 1101.249960161 0 0 0
 1104.441050076 0 0 0
 1107.629991013 0 0 0
 1110.81677144 0 0 0
 1114.001379825 0 0 0
 1117.183804636 0 0 0
 1120.364034341 0 0 0
 1123.542057408 0 0 0
 1126.717862305 0 0 0
 1129.8914375 0 0 0
 1133.062771461 0 0 0
 1136.231852656 0 0 0
 1139.398669553 0 0 0
 1142.56321062 0 0 0
 1145.725464325 0 0 0
 1148.885419136 0 0 0
[END] of [DATA]
[END] of [Spectrum]

