
#TBID:2021-12-26 00:30:00;SAM_84DC;CALIBRATED;

[Spectrum]
Version            = 1
IDData             = 96B1_2021-12-26_00-30-00_000_003
IDDevice           = SAM_84DC
IDDataType         = SPECTRUM
IDDataTypeSub1     = CALIBRATED
IDDataTypeSub2     = 
IDDataTypeSub3     = 
DateTime           = 2021-12-26 00:30:00
PositionLatitude   = 0
PositionLongitude  = 0
Comment            = 
CommentSub1        = 
CommentSub2        = 
CommentSub3        = 
IDMethodType       = SAM Control
MethodName         = SAM_84DC
Mission            = No Mission
MissionSub         = 1
RecordType         = 0
[Attributes]
CalFactor = 1
IDBasisSpec = 
IDDataBack = DLAB_2015-08-21_13-19-54_137_939
IDDataCal = DLAB_2015-08-24_10-46-55_592_608
IntegrationTime = 4096
P31 = -1
P31e = 0
PathLength = +INF
PathLengthCustomOn = 0
RAWDynamic = 65535
Salinity = 0
Temperature = -NAN
Unit1 = $01 $01 Wavelength nm
Unit2 = $03 $03 Intensity mW/(m^2 nm Sr)
Unit3 = $f0 $03 Error mW/(m^2 nm Sr)
Unit4 = $f1 $00 Status 
p999 = 2099
[END] of [Attributes]
[DATA]
 0 11 0 0
 305.71650776488 0 0 0
 309.04007505697 0 0 0
 312.36416914304 0 0 0
 315.68877841375 0 0 0
 319.01389125976 -0.00304536795884755 0 0
 322.33949607173 -0.00288798847436547 0 0
 325.66558124032 -0.00285019788846861 0 0
 328.99213515619 -0.00243269513594126 0 0
 332.31914621 -0.00244891014063901 0 0
 335.64660279241 -0.00218514547875483 0 0
 338.97449329408 -0.00202360971487267 0 0
 342.30280610567 -0.00173025519430535 0 0
 345.63152961784 -0.00153142478229245 0 0
 348.96065222125 -0.00150649202727714 0 0
 352.29016230656 -0.00125011344261419 0 0
 355.62004826443 -0.00120638360354651 0 0
 358.95029848552 -0.00116507882807592 0 0
 362.28090136049 -0.0011184800765053 0 0
 365.61184528 -0.00120879149148143 0 0
 368.94311863471 -0.00114244796240147 0 0
 372.27470981528 -0.0011111331400548 0 0
 375.60660721237 -0.00133647577902931 0 0
 378.93879921664 -0.00119627503920596 0 0
 382.27127421875 -0.00125053859752248 0 0
 385.60402060936 -0.00115299222802784 0 0
 388.93702677913 -0.00125021034216355 0 0
 392.27028111872 -0.00122667423402305 0 0
 395.60377201879 -0.00104160242534993 0 0
 398.93748787 -0.00102725424963262 0 0
 402.27141706301 -0.00092104436979516 0 0
 405.60554798848 -0.000886855387582906 0 0
 408.93986903707 -0.000844260883846353 0 0
 412.27436859944 -0.00071109974974628 0 0
 415.60903506625 -0.000751286837213458 0 0
 418.94385682816 -0.000617481607014066 0 0
 422.27882227583 -0.000685802843258672 0 0
 425.61391979992 -0.000674152015234866 0 0
 428.94913779109 -0.000622564928133076 0 0
 432.28446464 -0.000552985537240493 0 0
 435.61988873731 -0.000566927986341661 0 0
 438.95539847368 -0.000501365010828325 0 0
 442.29098223977 -0.000529494236772013 0 0
 445.62662842624 -0.000551482010974182 0 0
 448.96232542375 -0.000574473372715744 0 0
 452.29806162296 -0.000543626931551647 0 0
 455.63382541453 -0.000595751268837408 0 0
 458.96960518912 -0.000597559410201041 0 0
 462.30538933739 -0.000547046178198729 0 0
 465.64116625 -0.000614968709793071 0 0
 468.97692431761 -0.000577598403364124 0 0
 472.31265193088 -0.000633340340864228 0 0
 475.64833748047 -0.000549959674666815 0 0
 478.98396935704 -0.000493353946845868 0 0
 482.31953595125 -0.000500316740445059 0 0
 485.65502565376 -0.000585677239439583 0 0
 488.99042685523 -0.000536795466011762 0 0
 492.32572794632 -0.000605563388863371 0 0
 495.66091731769 -0.000575338227301434 0 0
 498.99598336 -0.0006314516144481 0 0
 502.33091446391 -0.000549720544973156 0 0
 505.66569902008 -0.000526666143181804 0 0
 509.00032541917 -0.000571530723167585 0 0
 512.33478205184 -0.00048121576668663 0 0
 515.66905730875 -0.000448677021367942 0 0
 519.00313958056 -0.000418093730827113 0 0
 522.33701725793 -0.000407353714750844 0 0
 525.67067873152 -0.000424416819825731 0 0
 529.00411239199 -0.000483466827152611 0 0
 532.33730663 -0.000363417375037935 0 0
 535.67024983621 -0.000470705927367235 0 0
 539.00293040128 -0.000409231652272825 0 0
 542.33533671587 -0.000405257725585254 0 0
 545.66745717064 -0.000351445401729572 0 0
 548.99928015625 -0.000357916805027755 0 0
 552.33079406336 -0.000362952976418981 0 0
 555.66198728263 -0.000375997720240455 0 0
 558.99284820472 -0.000414011093285399 0 0
 562.32336522029 -0.000324760896798077 0 0
 565.65352672 -0.000397413535556814 0 0
 568.98332109451 -0.000408956101532191 0 0
 572.31273673448 -0.000398452420963623 0 0
 575.64176203057 -0.000391204116147845 0 0
 578.97038537344 -0.000393911055303755 0 0
 582.29859515375 -0.000348399617117712 0 0
 585.62637976216 -0.000457655645114899 0 0
 588.95372758933 -0.000393965290272424 0 0
 592.28062702592 -0.000403781550714647 0 0
 595.60706646259 -0.000442746467753218 0 0
 598.93303429 -0.00042200022933437 0 0
 602.25851889881 -0.000470945000407491 0 0
 605.58350867968 -0.000473356852798235 0 0
 608.90799202327 -0.000465545071064259 0 0
 612.23195732024 -0.000388242138111741 0 0
 615.55539296125 -0.000436468911464511 0 0
 618.87828733696 -0.000501992614198778 0 0
 622.20062883803 -0.000479613201117683 0 0
 625.52240585512 -0.000536663068694165 0 0
 628.84360677889 -0.000377136611901569 0 0
 632.16422 -0.000435727747911795 0 0
 635.48423390911 -0.000457040000772273 0 0
 638.80363689688 -0.000399264418399501 0 0
 642.12241735397 -0.000403734017776335 0 0
 645.44056367104 -0.000378650468885315 0 0
 648.75806423875 -0.000383512968172706 0 0
 652.07490744776 -0.000490091930796354 0 0
 655.39108168873 -0.000485644598264625 0 0
 658.70657535232 -0.000493376873650896 0 0
 662.02137682919 -0.000426158990799435 0 0
 665.33547451 -0.000461781832372029 0 0
 668.64885678541 -0.000322482361152091 0 0
 671.96151204608 -0.000438892244429372 0 0
 675.27342868267 -0.00045591073554846 0 0
 678.58459508584 -0.000254608994788097 0 0
 681.89499964625 -0.000384266180008356 0 0
 685.20463075456 -0.000416960078736528 0 0
 688.51347680143 -0.000466087263961503 0 0
 691.82152617752 -0.000464836707428318 0 0
 695.12876727349 -0.000282306026818943 0 0
 698.43518848 -0.000320494147815381 0 0
 701.74077818771 -0.000213977123380817 0 0
 705.04552478728 -0.000445193225384214 0 0
 708.34941666937 -0.000317608003357482 0 0
 711.65244222464 -0.000408348109874206 0 0
 714.95458984375 -0.000263237919519064 0 0
 718.25584791736 -0.000197305976635062 0 0
 721.55620483613 -0.00040885662001983 0 0
 724.85564899072 -0.000279054733692968 0 0
 728.15416877179 -0.00031691242365363 0 0
 731.45175257 -0.00028217415274377 0 0
 734.74838877601 -0.000393892026028499 0 0
 738.04406578048 -0.00033704892317728 0 0
 741.33877197407 -0.000375387453137974 0 0
 744.63249574744 -0.000295887752466714 0 0
 747.92522549125 -0.000192239373354183 0 0
 751.21694959616 -0.000208243388645837 0 0
 754.50765645283 -0.000299216581824868 0 0
 757.79733445192 -0.000401067325754928 0 0
 761.08597198409 -0.00030893957391661 0 0
 764.37355744 -0.000270848272029979 0 0
 767.66007921031 -0.000108580926550977 0 0
 770.94552568568 -0.000272461493727929 0 0
 774.22988525677 -0.000178543394848325 0 0
 777.51314631424 -0.000303561032401602 0 0
 780.79529724875 -0.000309160545478241 0 0
 784.07632645096 -0.000225668221956279 0 0
 787.35622231153 -0.000342019166903743 0 0
 790.63497322112 -0.000245856536558212 0 0
 793.91256757039 -0.000315608502008064 0 0
 797.18899375 -0.000276198533605722 0 0
 800.46424015061 -0.000233510949193683 0 0
 803.73829516288 -0.000332478364348115 0 0
 807.01114717747 -0.000385360353367025 0 0
 810.28278458504 -0.000396242768690577 0 0
 813.55319577625 -0.000479955576935865 0 0
 816.82236914176 -0.000402295068479077 0 0
 820.09029307223 -3.88885299294409e-005 0 0
 823.35695595832 -0.0003470078483155 0 0
 826.62234619069 -0.000395822003690114 0 0
 829.88645216 -0.000426841919738543 0 0
 833.14926225691 -0.000463562264379273 0 0
 836.41076487208 -0.000136641821428293 0 0
 839.67094839617 -0.000114901098703678 0 0
 842.92980121984 -0.000238049640822412 0 0
 846.18731173375 -0.000294388476837081 0 0
 849.44346832856 -0.000205081574436509 0 0
 852.69825939493 -0.000349358290525668 0 0
 855.95167332352 0.000118137261236223 0 0
 859.20369850499 -0.00028077959574533 0 0
 862.45432333 -0.000597586280269467 0 0
 865.70353618921 -0.000265268693349068 0 0
 868.95132547328 -0.000279780549053153 0 0
 872.19767957287 -0.00019269371904443 0 0
 875.44258687864 -2.26527677000692e-005 0 0
 878.68603578125 -0.000237578663684365 0 0
 881.92801467136 -0.000588289644502675 0 0
 885.16851193963 0.00016039711089897 0 0
 888.40751597672 0.00014206949454767 0 0
 891.64501517329 -0.000826039490884798 0 0
 894.88099792 0.000131353986080293 0 0
 898.11545260751 0.000308283323608032 0 0
 901.34836762648 5.01168953037097e-005 0 0
 904.57973136757 7.61994902997573e-006 0 0
 907.80953222144 0.000157883314835484 0 0
 911.03775857875 -0.000492174186205324 0 0
 914.26439883016 -0.000275266898656864 0 0
 917.48944136633 -0.000210094428867953 0 0
 920.71287457792 -0.000203416615474075 0 0
 923.93468685559 -0.000528371199745122 0 0
 927.15486659 0.000765181413198957 0 0
 930.37340217181 -0.00014678898425268 0 0
 933.59028199168 0.000899304619262583 0 0
 936.80549444027 -0.00133926386432231 0 0
 940.01902790824 0.000307200084761141 0 0
 943.23087078625 0.000299005016594598 0 0
 946.44101146496 0.00149979553642518 0 0
 949.64943833503 -0.000723116632692681 0 0
 952.85613978712 0.00058712740179973 0 0
 956.06110421189 0 0 0
 959.26432 0 0 0
 962.46577554211 0 0 0
 965.66545922888 0 0 0
 968.86335945097 0 0 0
 972.05946459904 0 0 0
 975.25376306375 0 0 0
 978.44624323576 0 0 0
 981.63689350573 0 0 0
 984.82570226432 0 0 0
 988.01265790219 0 0 0
 991.19774881 0 0 0
 994.38096337841 0 0 0
 997.56228999808 0 0 0
 1000.74171705967 0 0 0
 1003.91923295384 0 0 0
 1007.09482607125 0 0 0
 1010.26848480256 0 0 0
 1013.44019753843 0 0 0
 1016.60995266952 0 0 0
 1019.77773858649 0 0 0
 1022.94354368 0 0 0
 1026.10735634071 0 0 0
 1029.26916495928 0 0 0
 1032.42895792637 0 0 0
 1035.58672363264 0 0 0
 1038.74245046875 0 0 0
 1041.89612682536 0 0 0
 1045.04774109313 0 0 0
 1048.19728166272 0 0 0
 1051.34473692479 0 0 0
 1054.49009527 0 0 0
 1057.63334508901 0 0 0
 1060.77447477248 0 0 0
 1063.91347271107 0 0 0
 1067.05032729544 0 0 0
 1070.18502691625 0 0 0
 1073.31755996416 0 0 0
 1076.44791482983 0 0 0
 1079.57607990392 0 0 0
 1082.70204357709 0 0 0
 1085.82579424 0 0 0
 1088.94732028331 0 0 0
 1092.06661009768 0 0 0
 1095.18365207377 0 0 0
 1098.29843460224 0 0 0
 1101.41094607375 0 0 0
 1104.52117487896 0 0 0
 1107.62910940853 0 0 0
 1110.73473805312 0 0 0
 1113.83804920339 0 0 0
 1116.93903125 0 0 0
 1120.03767258361 0 0 0
 1123.13396159488 0 0 0
 1126.22788667447 0 0 0
 1129.31943621304 0 0 0
 1132.40859860125 0 0 0
 1135.49536222976 0 0 0
[END] of [DATA]
[END] of [Spectrum]


#TBID:2021-12-26 00:30:00;SAM_84C8;RAW;

[Spectrum]
Version            = 1
IDData             = 96B1_2021-12-26_00-30-00_000_005
IDDevice           = SAM_84C8
IDDataType         = SPECTRUM
IDDataTypeSub1     = RAW
IDDataTypeSub2     = 
IDDataTypeSub3     = 
DateTime           = 2021-12-26 00:30:00
PositionLatitude   = 0
PositionLongitude  = 0
Comment            = 
CommentSub1        = 
CommentSub2        = 
CommentSub3        = 
IDMethodType       = SAM Control
MethodName         = SAM_84C8
Mission            = No Mission
MissionSub         = 1
RecordType         = 0
[Attributes]
CalFactor = 1
IDBasisSpec = 
IDDataBack = DLAB_2015-08-21_12-14-03_013_778
IDDataCal = DLAB_2015-08-24_11-04-47_772_747
IntegrationTime = 4096
P31 = -1
P31e = 0
PathLength = +INF
PathLengthCustomOn = 0
RAWDynamic = 65535
Salinity = 0
Temperature = -NAN
Unit1 = $05 $00 Pixel 
Unit2 = $03 $05 Intensity counts
Unit3 = $f0 $05 Error counts
Unit4 = $f1 $00 Status 
p999 = 2099
[END] of [Attributes]
[DATA]
 0 11 0 0
 1 1262 0 0
 2 1258 0 0
 3 1262 0 0
 4 1264 0 0
 5 1266 0 0
 6 1263 0 0
 7 1261 0 0
 8 1262 0 0
 9 1265 0 0
 10 1260 0 0
 11 1261 0 0
 12 1275 0 0
 13 1265 0 0
 14 1267 0 0
 15 1264 0 0
 16 1264 0 0
 17 1269 0 0
 18 1265 0 0
 19 1265 0 0
 20 1265 0 0
 21 1271 0 0
 22 1270 0 0
 23 1277 0 0
 24 1276 0 0
 25 1274 0 0
 26 1267 0 0
 27 1270 0 0
 28 1273 0 0
 29 1270 0 0
 30 1275 0 0
 31 1275 0 0
 32 1276 0 0
 33 1270 0 0
 34 1274 0 0
 35 1269 0 0
 36 1272 0 0
 37 1277 0 0
 38 1278 0 0
 39 1274 0 0
 40 1272 0 0
 41 1270 0 0
 42 1271 0 0
 43 1272 0 0
 44 1271 0 0
 45 1272 0 0
 46 1276 0 0
 47 1274 0 0
 48 1276 0 0
 49 1278 0 0
 50 1272 0 0
 51 1276 0 0
 52 1281 0 0
 53 1271 0 0
 54 1267 0 0
 55 1270 0 0
 56 1277 0 0
 57 1277 0 0
 58 1278 0 0
 59 1271 0 0
 60 1274 0 0
 61 1279 0 0
 62 1283 0 0
 63 1281 0 0
 64 1271 0 0
 65 1269 0 0
 66 1277 0 0
 67 1279 0 0
 68 1278 0 0
 69 1278 0 0
 70 1279 0 0
 71 1282 0 0
 72 1278 0 0
 73 1278 0 0
 74 1278 0 0
 75 1279 0 0
 76 1282 0 0
 77 1282 0 0
 78 1280 0 0
 79 1280 0 0
 80 1280 0 0
 81 1279 0 0
 82 1283 0 0
 83 1277 0 0
 84 1281 0 0
 85 1279 0 0
 86 1279 0 0
 87 1282 0 0
 88 1280 0 0
 89 1280 0 0
 90 1283 0 0
 91 1284 0 0
 92 1277 0 0
 93 1281 0 0
 94 1280 0 0
 95 1282 0 0
 96 1285 0 0
 97 1285 0 0
 98 1281 0 0
 99 1284 0 0
 100 1287 0 0
 101 1290 0 0
 102 1279 0 0
 103 1281 0 0
 104 1282 0 0
 105 1286 0 0
 106 1280 0 0
 107 1278 0 0
 108 1283 0 0
 109 1282 0 0
 110 1288 0 0
 111 1289 0 0
 112 1282 0 0
 113 1284 0 0
 114 1279 0 0
 115 1292 0 0
 116 1289 0 0
 117 1285 0 0
 118 1284 0 0
 119 1288 0 0
 120 1281 0 0
 121 1286 0 0
 122 1276 0 0
 123 1285 0 0
 124 1282 0 0
 125 1288 0 0
 126 1282 0 0
 127 1292 0 0
 128 1289 0 0
 129 1286 0 0
 130 1285 0 0
 131 1290 0 0
 132 1284 0 0
 133 1318 0 0
 134 1282 0 0
 135 1289 0 0
 136 1290 0 0
 137 1285 0 0
 138 1285 0 0
 139 1287 0 0
 140 1289 0 0
 141 1280 0 0
 142 1287 0 0
 143 1283 0 0
 144 1291 0 0
 145 1290 0 0
 146 1288 0 0
 147 1284 0 0
 148 1285 0 0
 149 1284 0 0
 150 1286 0 0
 151 1289 0 0
 152 1286 0 0
 153 1289 0 0
 154 1281 0 0
 155 1279 0 0
 156 1286 0 0
 157 1290 0 0
 158 1291 0 0
 159 1283 0 0
 160 1285 0 0
 161 1286 0 0
 162 1284 0 0
 163 1289 0 0
 164 1286 0 0
 165 1287 0 0
 166 1288 0 0
 167 1292 0 0
 168 1284 0 0
 169 1288 0 0
 170 1292 0 0
 171 1285 0 0
 172 1291 0 0
 173 1281 0 0
 174 1283 0 0
 175 1292 0 0
 176 1283 0 0
 177 1290 0 0
 178 1284 0 0
 179 1289 0 0
 180 1284 0 0
 181 1286 0 0
 182 1288 0 0
 183 1301 0 0
 184 1283 0 0
 185 1294 0 0
 186 1287 0 0
 187 1292 0 0
 188 1292 0 0
 189 1291 0 0
 190 1279 0 0
 191 1290 0 0
 192 1287 0 0
 193 1281 0 0
 194 1288 0 0
 195 1292 0 0
 196 1282 0 0
 197 1291 0 0
 198 1288 0 0
 199 1291 0 0
 200 1281 0 0
 201 1288 0 0
 202 1290 0 0
 203 1287 0 0
 204 1291 0 0
 205 1291 0 0
 206 1284 0 0
 207 1284 0 0
 208 1288 0 0
 209 1280 0 0
 210 1282 0 0
 211 1290 0 0
 212 1286 0 0
 213 1294 0 0
 214 1283 0 0
 215 1289 0 0
 216 1285 0 0
 217 1293 0 0
 218 1292 0 0
 219 1290 0 0
 220 1293 0 0
 221 1292 0 0
 222 1289 0 0
 223 1293 0 0
 224 1291 0 0
 225 1291 0 0
 226 1294 0 0
 227 1291 0 0
 228 1283 0 0
 229 1291 0 0
 230 1293 0 0
 231 1295 0 0
 232 1295 0 0
 233 1289 0 0
 234 1290 0 0
 235 1292 0 0
 236 1291 0 0
 237 1294 0 0
 238 1285 0 0
 239 1294 0 0
 240 1293 0 0
 241 1292 0 0
 242 1291 0 0
 243 1295 0 0
 244 1293 0 0
 245 1289 0 0
 246 1291 0 0
 247 1293 0 0
 248 1289 0 0
 249 1290 0 0
 250 1289 0 0
 251 1290 0 0
 252 1285 0 0
 253 1285 0 0
 254 1285 0 0
 255 1337 0 0
[END] of [DATA]
[END] of [Spectrum]


#TBID:2021-12-26 00:30:00;SAM_84C8;CALIBRATED;

[Spectrum]
Version            = 1
IDData             = 96B1_2021-12-26_00-30-00_000_006
IDDevice           = SAM_84C8
IDDataType         = SPECTRUM
IDDataTypeSub1     = CALIBRATED
IDDataTypeSub2     = 
IDDataTypeSub3     = 
DateTime           = 2021-12-26 00:30:00
PositionLatitude   = 0
PositionLongitude  = 0
Comment            = 
CommentSub1        = 
CommentSub2        = 
CommentSub3        = 
IDMethodType       = SAM Control
MethodName         = SAM_84C8
Mission            = No Mission
MissionSub         = 1
RecordType         = 0
[Attributes]
CalFactor = 1
IDBasisSpec = 
IDDataBack = DLAB_2015-08-21_12-14-03_013_778
IDDataCal = DLAB_2015-08-24_11-04-47_772_747
IntegrationTime = 4096
P31 = -1
P31e = 0
PathLength = +INF
PathLengthCustomOn = 0
RAWDynamic = 65535
Salinity = 0
Temperature = -NAN
Unit1 = $01 $01 Wavelength nm
Unit2 = $03 $03 Intensity mW/(m^2 nm Sr)
Unit3 = $f0 $03 Error mW/(m^2 nm Sr)
Unit4 = $f1 $00 Status 
p999 = 2099
[END] of [Attributes]
[DATA]
 0 11 0 0
 303.516048156 0 0 0
 306.890006053 0 0 0
 310.26457112 0 0 0
 313.639731825 0 0 0
 317.015476636 -0.000795278862205846 0 0
 320.391794021 -0.000942334513564582 0 0
 323.768672448 -0.000790721456140315 0 0
 327.146100385 -0.000632881617791767 0 0
 330.5240663 -0.000555477161793082 0 0
 333.902558661 -0.00048722197752139 0 0
 337.281565936 -0.000721760678179124 0 0
 340.661076593 -0.000367858070514845 0 0
 344.0410791 -0.000390660973586094 0 0
 347.421561925 -0.00031509349535168 0 0
 350.802513536 -0.000426774306361189 0 0
 354.183922401 -0.000401811742268881 0 0
 357.565776988 -0.000322765907929617 0 0
 360.948065765 -0.000351587253176411 0 0
 364.3307772 -0.000353530336895254 0 0
 367.713899761 -0.000287527509883835 0 0
 371.097421916 -0.00022992783416336 0 0
 374.481332133 -0.000287998281004359 0 0
 377.86561888 -0.000168985547728386 0 0
 381.250270625 -0.00022848162669846 0 0
 384.635275836 -0.000204873181144365 0 0
 388.020622981 -0.000199513893181749 0 0
 391.406300528 -0.000237795971383555 0 0
 394.792296945 -0.000252565193044051 0 0
 398.1786007 -0.000259784727738942 0 0
 401.565200261 -0.000226302017059386 0 0
 404.952084096 -0.000162476486514327 0 0
 408.339240673 -0.000136665078064381 0 0
 411.72665846 -0.000157874743376131 0 0
 415.114325925 -9.5707513591071e-005 0 0
 418.502231536 -0.000139289455077579 0 0
 421.890363761 -0.00016671910036601 0 0
 425.278711068 -0.0002385693584239 0 0
 428.667261925 -8.58159060398543e-005 0 0
 432.0560048 -4.30978189250017e-005 0 0
 435.444928161 -9.63551803430354e-005 0 0
 438.834020476 -0.000157761279232526 0 0
 442.223270213 -0.000108466249181928 0 0
 445.61266584 -0.000137990036308396 0 0
 449.002195825 -9.21111876047569e-005 0 0
 452.391848636 -0.000185430327547642 0 0
 455.781612741 -9.63454607235152e-005 0 0
 459.171476608 -0.00010083328230335 0 0
 462.561428705 -0.000121902638181649 0 0
 465.9514575 -0.000146095006843086 0 0
 469.341551461 -0.000110505098397981 0 0
 472.731699056 -0.000139071220812388 0 0
 476.121888753 -6.63680783963818e-005 0 0
 479.51210902 -0.000167358625329122 0 0
 482.902348325 -8.35832349903035e-005 0 0
 486.292595136 -0.000196861739449038 0 0
 489.682837921 -0.000126515165973056 0 0
 493.073065148 -0.000183611934330538 0 0
 496.463265285 -7.39746819866432e-005 0 0
 499.8534268 -9.90084742326377e-005 0 0
 503.243538161 -9.57512834396653e-005 0 0
 506.633587836 -6.9489945974137e-005 0 0
 510.023564293 -0.000177020244664301 0 0
 513.413456 -9.95942881361581e-005 0 0
 516.803251425 -9.12049118843401e-005 0 0
 520.192939036 -0.000161411034262064 0 0
 523.582507301 -0.000134750922576383 0 0
 526.971944688 -7.63340379416678e-005 0 0
 530.361239665 -0.000139587501284877 0 0
 533.7503807 -5.79775407659976e-005 0 0
 537.139356261 -0.000126027502222039 0 0
 540.528154816 -4.73877737260219e-005 0 0
 543.916764833 -0.000156777281023782 0 0
 547.30517478 -8.45855582988582e-005 0 0
 550.693373125 -7.2863379292274e-005 0 0
 554.081348336 -9.05061233412592e-005 0 0
 557.469088881 -5.10744242659981e-005 0 0
 560.856583228 -5.41333622764777e-005 0 0
 564.243819845 -7.86068089559092e-005 0 0
 567.6307872 -9.00985165277635e-005 0 0
 571.017473761 -8.65066057924286e-005 0 0
 574.403867996 -6.85868059452405e-005 0 0
 577.789958373 -0.000115550817673529 0 0
 581.17573336 -0.000161417863636694 0 0
 584.561181425 -0.000132384389653385 0 0
 587.946291036 -7.20878997271012e-005 0 0
 591.331050661 -8.92800045551265e-005 0 0
 594.715448768 -0.000108180460412227 0 0
 598.099473825 -8.6479871325312e-005 0 0
 601.4831143 -6.56986322676227e-005 0 0
 604.866358661 -0.000157823969259593 0 0
 608.249195376 -9.14525434671229e-005 0 0
 611.631612913 -0.000195084815843449 0 0
 615.01359974 -3.83473753668007e-005 0 0
 618.395144325 -0.000214734884314163 0 0
 621.776235136 -8.23518159746771e-005 0 0
 625.156860641 -0.000129099200804064 0 0
 628.537009308 -4.15707318313446e-005 0 0
 631.916669605 -9.09867194389679e-005 0 0
 635.29583 -1.24138854374661e-005 0 0
 638.674478961 -0.000138794143012821 0 0
 642.052604956 -0.000158311567398099 0 0
 645.430196453 -0.000241605974436681 0 0
 648.80724192 -0.000112912638538346 0 0
 652.183729825 -0.00010641991411185 0 0
 655.559648636 -0.000182095017065163 0 0
 658.934986821 -0.000116422393088291 0 0
 662.309732848 -0.0002077813976469 0 0
 665.683875185 1.01734119464901e-006 0 0
 669.0574023 -6.41940143725127e-005 0 0
 672.430302661 -0.000151325484012933 0 0
 675.802564736 -0.000277850352251032 0 0
 679.174176993 -0.000188246781701066 0 0
 682.5451279 -0.000145199460291756 0 0
 685.915405925 -0.000227106391529548 0 0
 689.284999536 -7.65060400664523e-005 0 0
 692.653897201 -0.000202617864695066 0 0
 696.022087388 -5.37171349102143e-005 0 0
 699.389558565 -5.55905297125965e-005 0 0
 702.7562992 -0.000159107007214006 0 0
 706.122297761 -5.61872030767305e-005 0 0
 709.487542716 -8.2232527464351e-005 0 0
 712.852022533 -0.000175515668153654 0 0
 716.21572568 -2.4390099504201e-005 0 0
 719.578640625 -6.71707909502212e-005 0 0
 722.940755836 -3.62910356329002e-005 0 0
 726.302059781 -0.00017582295289596 0 0
 729.662540928 -0.000156629816234177 0 0
 733.022187745 6.27841915542675e-005 0 0
 736.3809887 -0.00013196571925913 0 0
 739.738932261 2.41143206755929e-006 0 0
 743.096006896 -5.1628184377789e-005 0 0
 746.452201073 -0.00016854466391634 0 0
 749.80750326 -0.000803824872709329 0 0
 753.161901925 -0.000299180726971558 0 0
 756.515385536 8.78432888402132e-006 0 0
 759.867942561 2.17881609486632e-005 0 0
 763.219561468 -0.000191685513940027 0 0
 766.570230725 -4.18791142200275e-005 0 0
 769.9199388 -0.000238666738359757 0 0
 773.268674161 -2.87763777080984e-005 0 0
 776.616425276 -0.000194328977250054 0 0
 779.963180613 -0.000160189361282329 0 0
 783.30892864 -0.000191550645222007 0 0
 786.653657825 -0.000178847038768363 0 0
 789.997356636 -9.07918310882611e-005 0 0
 793.340013541 -0.000157941279928238 0 0
 796.681617008 -9.38560396916208e-005 0 0
 800.022155505 -0.000265215024762372 0 0
 803.3616175 -0.000123030187841821 0 0
 806.699991461 -0.000112827391049728 0 0
 810.037265856 -5.96439979276367e-005 0 0
 813.373429153 -0.000343543763199748 0 0
 816.70846982 9.01635385905128e-006 0 0
 820.042376325 -0.000221479527464606 0 0
 823.375137136 -0.000221657197336239 0 0
 826.706740721 -0.000224532456179363 0 0
 830.037175548 -0.000139325519540251 0 0
 833.366430085 -1.19623998578454e-005 0 0
 836.6944928 -0.000234192025330591 0 0
 840.021352161 -0.000427932420635027 0 0
 843.346996636 -0.000152193425111265 0 0
 846.671414693 -0.000459819794278011 0 0
 849.9945948 -3.6989394232416e-005 0 0
 853.316525425 0.000155604834473585 0 0
 856.637195036 -0.000456083673340115 0 0
 859.956592101 -0.000231530105419509 0 0
 863.274705088 -0.000210679393060372 0 0
 866.591522465 -0.000644031963367098 0 0
 869.9070327 -1.06685004861496e-005 0 0
 873.221224261 -0.000106115417101483 0 0
 876.534085616 -0.000289710280445253 0 0
 879.845605233 -4.31367506484477e-005 0 0
 883.15577158 0.000136543335462185 0 0
 886.464573125 -0.000263058558077047 0 0
 889.771998336 -0.000467138923125512 0 0
 893.078035681 -0.000467608244471334 0 0
 896.382673628 0.000129729052930654 0 0
 899.685900645 -0.000186982719858886 0 0
 902.9877052 -0.000241423722090088 0 0
 906.288075761 -0.00121384323911848 0 0
 909.587000796 -0.000738217466782503 0 0
 912.884468773 -0.000469976934939053 0 0
 916.18046816 0.00142851589979985 0 0
 919.474987425 -0.000257570879090141 0 0
 922.768015036 0.000397082827821927 0 0
 926.059539461 -2.39639341878188e-005 0 0
 929.349549168 -0.000706641572155366 0 0
 932.638032625 0.000649612463800271 0 0
 935.9249783 0.000450808267800599 0 0
 939.210374661 -0.000570608903912366 0 0
 942.494210176 9.83252177894336e-005 0 0
 945.776473313 -0.0015284268344613 0 0
 949.05715254 -9.7407833528363e-005 0 0
 952.336236325 -0.000998886581165777 0 0
 955.613713136 0 0 0
 958.889571441 0 0 0
 962.163799708 0 0 0
 965.436386405 0 0 0
 968.70732 0 0 0
 971.976588961 0 0 0
 975.244181756 0 0 0
 978.510086853 0 0 0
 981.77429272 0 0 0
 985.036787825 0 0 0
 988.297560636 0 0 0
 991.556599621 0 0 0
 994.813893248 0 0 0
 998.069429985 0 0 0
 1001.3231983 0 0 0
 1004.575186661 0 0 0
 1007.825383536 0 0 0
 1011.073777393 0 0 0
 1014.3203567 0 0 0
 1017.565109925 0 0 0
 1020.808025536 0 0 0
 1024.049092001 0 0 0
 1027.288297788 0 0 0
 1030.525631365 0 0 0
 1033.7610812 0 0 0
 1036.994635761 0 0 0
 1040.226283516 0 0 0
 1043.456012933 0 0 0
 1046.68381248 0 0 0
 1049.909670625 0 0 0
 1053.133575836 0 0 0
 1056.355516581 0 0 0
 1059.575481328 0 0 0
 1062.793458545 0 0 0
 1066.0094367 0 0 0
 1069.223404261 0 0 0
 1072.435349696 0 0 0
 1075.645261473 0 0 0
 1078.85312806 0 0 0
 1082.058937925 0 0 0
 1085.262679536 0 0 0
 1088.464341361 0 0 0
 1091.663911868 0 0 0
 1094.861379525 0 0 0
 1098.0567328 0 0 0
 1101.249960161 0 0 0
 1104.441050076 0 0 0
 1107.629991013 0 0 0
 1110.81677144 0 0 0
 1114.001379825 0 0 0
 1117.183804636 0 0 0
 1120.364034341 0 0 0
 1123.542057408 0 0 0
 1126.717862305 0 0 0
 1129.8914375 0 0 0
 1133.062771461 0 0 0
 1136.231852656 0 0 0
 1139.398669553 0 0 0
 1142.56321062 0 0 0
 1145.725464325 0 0 0
 1148.885419136 0 0 0
[END] of [DATA]
[END] of [Spectrum]


#TBID:2021-12-26 01:00:00;SAM_84CE;RAW;

[Spectrum]
Version            = 1
IDData             = 96B1_2021-12-26_01-00-00_000_009
IDDevice           = SAM_84CE
IDDataType         = SPECTRUM
IDDataTypeSub1     = RAW
IDDataTypeSub2     = 
IDDataTypeSub3     = 
DateTime           = 2021-12-26 01:00:00
PositionLatitude   = 0
PositionLongitude  = 0
Comment            = 
CommentSub1        = 
CommentSub2        = 
CommentSub3        = 
IDMethodType       = SAM Control
MethodName         = SAM_84CE
Mission            = No Mission
MissionSub         = 1
RecordType         = 0
[Attributes]
CalFactor = 1
IDBasisSpec = 
IDDataBack = DLAB_2015-08-21_11-56-43_233_004
IDDataCal = DLAB_2015-08-26_10-05-37_585_478
IntegrationTime = 4096
P31 = -1
P31e = 0
PathLength = +INF
PathLengthCustomOn = 0
RAWDynamic = 65535
Salinity = 0
Temperature = -NAN
Unit1 = $05 $00 Pixel 
Unit2 = $03 $05 Intensity counts
Unit3 = $f0 $05 Error counts
Unit4 = $f1 $00 Status 
p999 = 2100
[END] of [Attributes]
[DATA]
 0 11 0 0
 1 1475 0 0
 2 1472 0 0
 3 1471 0 0
 4 1484 0 0
 5 1486 0 0
 6 1478 0 0
 7 1478 0 0
 8 1484 0 0
 9 1487 0 0
 10 1485 0 0
 11 1489 0 0
 12 1492 0 0
 13 1491 0 0
 14 1491 0 0
 15 1489 0 0
 16 1485 0 0
 17 1485 0 0
 18 1491 0 0
 19 1485 0 0
 20 1498 0 0
 21 1490 0 0
 22 1494 0 0
 23 1495 0 0
 24 1494 0 0
 25 1496 0 0
 26 1497 0 0
 27 1499 0 0
 28 1496 0 0
 29 1495 0 0
 30 1497 0 0
 31 1501 0 0
 32 1497 0 0
 33 1502 0 0
 34 1494 0 0
 35 1499 0 0
 36 1504 0 0
 37 1495 0 0
 38 1502 0 0
 39 1499 0 0
 40 1498 0 0
 41 1506 0 0
 42 1495 0 0
 43 1502 0 0
 44 1496 0 0
 45 1500 0 0
 46 1508 0 0
 47 1511 0 0
 48 1507 0 0
 49 1498 0 0
 50 1506 0 0
 51 1505 0 0
 52 1505 0 0
 53 1506 0 0
 54 1509 0 0
 55 1500 0 0
 56 1509 0 0
 57 1500 0 0
 58 1503 0 0
 59 1507 0 0
 60 1499 0 0
 61 1508 0 0
 62 1507 0 0
 63 1507 0 0
 64 1508 0 0
 65 1504 0 0
 66 1511 0 0
 67 1511 0 0
 68 1512 0 0
 69 1502 0 0
 70 1498 0 0
 71 1506 0 0
 72 1510 0 0
 73 1506 0 0
 74 1504 0 0
 75 1506 0 0
 76 1516 0 0
 77 1505 0 0
 78 1506 0 0
 79 1513 0 0
 80 1512 0 0
 81 1511 0 0
 82 1508 0 0
 83 1510 0 0
 84 1507 0 0
 85 1510 0 0
 86 1510 0 0
 87 1510 0 0
 88 1509 0 0
 89 1510 0 0
 90 1514 0 0
 91 1513 0 0
 92 1511 0 0
 93 1519 0 0
 94 1509 0 0
 95 1507 0 0
 96 1507 0 0
 97 1516 0 0
 98 1512 0 0
 99 1513 0 0
 100 1510 0 0
 101 1512 0 0
 102 1512 0 0
 103 1514 0 0
 104 1512 0 0
 105 1508 0 0
 106 1512 0 0
 107 1507 0 0
 108 1512 0 0
 109 1510 0 0
 110 1508 0 0
 111 1514 0 0
 112 1513 0 0
 113 1514 0 0
 114 1515 0 0
 115 1504 0 0
 116 1510 0 0
 117 1508 0 0
 118 1507 0 0
 119 1508 0 0
 120 1516 0 0
 121 1512 0 0
 122 1513 0 0
 123 1508 0 0
 124 1509 0 0
 125 1510 0 0
 126 1513 0 0
 127 1508 0 0
 128 1510 0 0
 129 1502 0 0
 130 1506 0 0
 131 1506 0 0
 132 1500 0 0
 133 1504 0 0
 134 1500 0 0
 135 1507 0 0
 136 1503 0 0
 137 1507 0 0
 138 1496 0 0
 139 1506 0 0
 140 1501 0 0
 141 1500 0 0
 142 1494 0 0
 143 1494 0 0
 144 1500 0 0
 145 1502 0 0
 146 1500 0 0
 147 1493 0 0
 148 1496 0 0
 149 1493 0 0
 150 1487 0 0
 151 1491 0 0
 152 1497 0 0
 153 1496 0 0
 154 1488 0 0
 155 1490 0 0
 156 1493 0 0
 157 1490 0 0
 158 1483 0 0
 159 1487 0 0
 160 1491 0 0
 161 1492 0 0
 162 1485 0 0
 163 1484 0 0
 164 1487 0 0
 165 1486 0 0
 166 1489 0 0
 167 1485 0 0
 168 1480 0 0
 169 1482 0 0
 170 1488 0 0
 171 1485 0 0
 172 1484 0 0
 173 1484 0 0
 174 1477 0 0
 175 1484 0 0
 176 1482 0 0
 177 1477 0 0
 178 1480 0 0
 179 1484 0 0
 180 1474 0 0
 181 1478 0 0
 182 1478 0 0
 183 1476 0 0
 184 1476 0 0
 185 1476 0 0
 186 1476 0 0
 187 1473 0 0
 188 1473 0 0
 189 1471 0 0
 190 1471 0 0
 191 1473 0 0
 192 1476 0 0
 193 1470 0 0
 194 1467 0 0
 195 1470 0 0
 196 1468 0 0
 197 1464 0 0
 198 1468 0 0
 199 1468 0 0
 200 1466 0 0
 201 1468 0 0
 202 1464 0 0
 203 1468 0 0
 204 1462 0 0
 205 1467 0 0
 206 1467 0 0
 207 1466 0 0
 208 1462 0 0
 209 1459 0 0
 210 1459 0 0
 211 1450 0 0
 212 1456 0 0
 213 1455 0 0
 214 1457 0 0
 215 1458 0 0
 216 1453 0 0
 217 1457 0 0
 218 1454 0 0
 219 1451 0 0
 220 1452 0 0
 221 1453 0 0
 222 1454 0 0
 223 1458 0 0
 224 1443 0 0
 225 1447 0 0
 226 1450 0 0
 227 1450 0 0
 228 1443 0 0
 229 1451 0 0
 230 1447 0 0
 231 1446 0 0
 232 1444 0 0
 233 1448 0 0
 234 1443 0 0
 235 1448 0 0
 236 1440 0 0
 237 1446 0 0
 238 1436 0 0
 239 1437 0 0
 240 1438 0 0
 241 1443 0 0
 242 1436 0 0
 243 1439 0 0
 244 1433 0 0
 245 1438 0 0
 246 1430 0 0
 247 1435 0 0
 248 1431 0 0
 249 1434 0 0
 250 1428 0 0
 251 1429 0 0
 252 1423 0 0
 253 1430 0 0
 254 1425 0 0
 255 1482 0 0
[END] of [DATA]
[END] of [Spectrum]


#TBID:2021-12-26 01:00:00;SAM_84CE;CALIBRATED;

[Spectrum]
Version            = 1
IDData             = 96B1_2021-12-26_01-00-00_000_010
IDDevice           = SAM_84CE
IDDataType         = SPECTRUM
IDDataTypeSub1     = CALIBRATED
IDDataTypeSub2     = 
IDDataTypeSub3     = 
DateTime           = 2021-12-26 01:00:00
PositionLatitude   = 0
PositionLongitude  = 0
Comment            = 
CommentSub1        = 
CommentSub2        = 
CommentSub3        = 
IDMethodType       = SAM Control
MethodName         = SAM_84CE
Mission            = No Mission
MissionSub         = 1
RecordType         = 0
[Attributes]
CalFactor = 1
IDBasisSpec = 
IDDataBack = DLAB_2015-08-21_11-56-43_233_004
IDDataCal = DLAB_2015-08-26_10-05-37_585_478
IntegrationTime = 4096
P31 = -1
P31e = 0
PathLength = +INF
PathLengthCustomOn = 0
RAWDynamic = 65535
Salinity = 0
Temperature = -NAN
Unit1 = $01 $01 Wavelength nm
Unit2 = $03 $06 Intensity mW/(m^2 nm)
Unit3 = $f0 $06 Error mW/(m^2 nm)
Unit4 = $f1 $00 Status 
p999 = 2100
[END] of [Attributes]
[DATA]
 0 11 0 0
 303.485180022 0 0 0
 306.85638880275 0 0 0
 310.228324544 0 0 0
 313.60097308125 0 0 0
 316.97432025 0.0286200129818162 0 0
 320.34835188575 0.0256561573206419 0 0
 323.723053824 0.0242160587408158 0 0
 327.09841190025 0.0250584734965873 0 0
 330.47441195 0.0220080774984181 0 0
 333.85103980875 0.0216716341504737 0 0
 337.228281312 0.0206966296667281 0 0
 340.60612229525 0.0201062025915588 0 0
 343.984548594 0.0184901614749207 0 0
 347.36354604375 0.015542409751813 0 0
 350.74310048 0.0156388021644676 0 0
 354.12319773825 0.0131200925579876 0 0
 357.503823654 0.0130843752689192 0 0
 360.88496406275 0.0126660180579269 0 0
 364.2666048 0.0124359980856566 0 0
 367.64873170125 0.0128853571288687 0 0
 371.031330602 0.0121961710715056 0 0
 374.41438733775 0.0137674119349843 0 0
 377.797887744 0.0117297843353975 0 0
 381.18181765625 0.01364013643678 0 0
 384.56616291 0.0142051509897041 0 0
 387.95090934075 0.0134780150204867 0 0
 391.336042784 0.0134649834320591 0 0
 394.72154907525 0.0150866225612436 0 0
 398.10741405 0.0139751793682142 0 0
 401.49362354375 0.0137393932769357 0 0
 404.880163392 0.0123705231347037 0 0
 408.26701943025 0.0116852878369581 0 0
 411.654177494 0.0123707311730832 0 0
 415.04162341875 0.0108417189150567 0 0
 418.42934304 0.0112125367109572 0 0
 421.81732219325 0.0100117114970908 0 0
 425.205546714 0.00956906135466776 0 0
 428.59400243775 0.00863939199621641 0 0
 431.9826752 0.00835690514593513 0 0
 435.37155083625 0.00789511244777722 0 0
 438.760615182 0.0087855927540455 0 0
 442.14985407275 0.00727073654717502 0 0
 445.539253344 0.00813754369760824 0 0
 448.92879883125 0.00826752284881662 0 0
 452.31847637 0.00893518445391874 0 0
 455.70827179575 0.00882631751302992 0 0
 459.098170944 0.00904569827141988 0 0
 462.48815965025 0.00958770913842979 0 0
 465.87822375 0.00873087257977493 0 0
 469.26834907875 0.00961827147933432 0 0
 472.658521472 0.010501279528126 0 0
 476.04872676525 0.0106591778649716 0 0
 479.438950794 0.0100252348510957 0 0
 482.82917939375 0.0101844262719904 0 0
 486.2193984 0.0102150337069803 0 0
 489.60959364825 0.0116329340995673 0 0
 492.999750974 0.0104083432248843 0 0
 496.38985621275 0.0101861432086493 0 0
 499.7798952 0.0111244507346968 0 0
 503.16985377125 0.0105445711515262 0 0
 506.559717762 0.010998416324786 0 0
 509.94947300775 0.00967482660663449 0 0
 513.339105344 0.00997818594400182 0 0
 516.72860060625 0.0100033744937868 0 0
 520.11794463 0.00963573195532321 0 0
 523.50712325075 0.00908912958087836 0 0
 526.896122304 0.00961262974181011 0 0
 530.28492762525 0.00926615506259954 0 0
 533.67352505 0.00892768292420753 0 0
 537.06190041375 0.00905728699125559 0 0
 540.450039552 0.00900839291287615 0 0
 543.83792830025 0.00890434745242609 0 0
 547.225552494 0.00824089135051056 0 0
 550.61289796875 0.00848007737469102 0 0
 553.99995056 0.00852023731229722 0 0
 557.38669610325 0.00879622363541081 0 0
 560.773120434 0.00875598869063383 0 0
 564.15920938775 0.00938014076739341 0 0
 567.5449488 0.00956442508938309 0 0
 570.93032450625 0.00945878738670155 0 0
 574.315322342 0.00942598565972892 0 0
 577.69992814275 0.0098947949610667 0 0
 581.084127744 0.0106370164686963 0 0
 584.46790698125 0.0103737773950473 0 0
 587.85125169 0.0108762299213819 0 0
 591.23414770575 0.0108874903345951 0 0
 594.616580864 0.0109387180740158 0 0
 597.99853700025 0.0113511570535079 0 0
 601.38000195 0.0116478862781298 0 0
 604.76096154875 0.0113007330825868 0 0
 608.141401632 0.011500071557944 0 0
 611.52130803525 0.0115751798089688 0 0
 614.900666594 0.0121004408787064 0 0
 618.27946314375 0.0119281892234936 0 0
 621.65768352 0.0123819177932889 0 0
 625.03531355825 0.0126938156608223 0 0
 628.412339094 0.0134590091454881 0 0
 631.78874596275 0.0126609759971485 0 0
 635.16452 0.0135449463494012 0 0
 638.53964704125 0.0136182369397844 0 0
 641.914112922 0.0151133635038935 0 0
 645.28790347775 0.0148918078119016 0 0
 648.661004544 0.0152905773358898 0 0
 652.03340195625 0.0159115124027791 0 0
 655.40508155 0.0143553737279442 0 0
 658.77602916075 0.015919134452281 0 0
 662.146230624 0.0156641041065036 0 0
 665.51567177525 0.0168063698634573 0 0
 668.88433845 0.0145565130838205 0 0
 672.25221648375 0.0159314952395013 0 0
 675.619291712 0.0152002452956248 0 0
 678.98554997025 0.0163103113283582 0 0
 682.350977094 0.0173502940623375 0 0
 685.71555891875 0.0165272785752941 0 0
 689.07928128 0.0149327296481371 0 0
 692.44213001325 0.0169549870224723 0 0
 695.804090954 0.0151764157009307 0 0
 699.16514993775 0.015670373030259 0 0
 702.5252928 0.0158525777190326 0 0
 705.88450537625 0.0174891409627396 0 0
 709.242773502 0.0175489303046143 0 0
 712.60008301275 0.0170209303189814 0 0
 715.956419744 0.0169155519358807 0 0
 719.31176953125 0.0169688998006807 0 0
 722.66611821 0.0175110856160266 0 0
 726.01945161575 0.0164737837105678 0 0
 729.371755584 0.017383426307429 0 0
 732.72301595025 0.0171896901474448 0 0
 736.07321855 0.0158825110982614 0 0
 739.42234921875 0.0176837475126888 0 0
 742.770393792 0.015084975103876 0 0
 746.11733810525 0.0160583613164439 0 0
 749.463167994 0.0170795944525886 0 0
 752.80786929375 0.0162494482440936 0 0
 756.15142784 0.0178493268254228 0 0
 759.49382946825 0.0174981588734148 0 0
 762.835060014 0.0172572866229069 0 0
 766.17510531275 0.0179036542266028 0 0
 769.5139512 0.0177669049108609 0 0
 772.85158351125 0.0191280167495125 0 0
 776.187988082 0.0178695037497609 0 0
 779.52315074775 0.01736735083113 0 0
 782.857057344 0.0173167236533027 0 0
 786.18969370625 0.019239359830521 0 0
 789.52104567 0.0178727742100933 0 0
 792.85109907075 0.0190849594104212 0 0
 796.179839744 0.0209838191442707 0 0
 799.50725352525 0.0199910503248298 0 0
 802.83332625 0.0211572535627505 0 0
 806.15804375375 0.0201751588383705 0 0
 809.481391872 0.022734469946134 0 0
 812.80335644025 0.0255129224472868 0 0
 816.123923294 0.0238883410878377 0 0
 819.44307826875 0.0224534558395062 0 0
 822.7608072 0.0243328919552173 0 0
 826.07709592325 0.0270606157098616 0 0
 829.391930274 0.0254272217608403 0 0
 832.70529608775 0.0261359982654412 0 0
 836.0171792 0.0260555397231765 0 0
 839.32756544625 0.0287375578875772 0 0
 842.636440662 0.0296398725365593 0 0
 845.94379068275 0.0282986231464955 0 0
 849.249601344 0.0296089494690262 0 0
 852.55385848125 0.0324749304844642 0 0
 855.85654793 0.0352628618636372 0 0
 859.15765552575 0.0396050656130909 0 0
 862.457167104 0.0369352582097914 0 0
 865.75506850025 0.035369578460309 0 0
 869.05134555 0.0354140642173108 0 0
 872.34598408875 0.0410289945581848 0 0
 875.638969952 0.039118801495266 0 0
 878.93028897525 0.0424199233540661 0 0
 882.219926994 0.0448748893068557 0 0
 885.50786984375 0.0437034951270403 0 0
 888.79410336 0.0471178314064049 0 0
 892.07861337825 0.0471858642892147 0 0
 895.361385734 0.0434225980761845 0 0
 898.64240626275 0.0450860825391993 0 0
 901.9216608 0.0530384957262363 0 0
 905.19913518125 0.0421680496734172 0 0
 908.474815242 0.0507272851004682 0 0
 911.74868681775 0.0544847099473471 0 0
 915.020735744 0.0647333305783332 0 0
 918.29094785625 0.0654685358758264 0 0
 921.55930899 0.0601523771941608 0 0
 924.82580498075 0.0582376837585851 0 0
 928.090421664 0.0538823010181753 0 0
 931.35314487525 0.0663001039302372 0 0
 934.61396045 0.0655710770689667 0 0
 937.87285422375 0.0681350646681808 0 0
 941.129812032 0.069325067283946 0 0
 944.38481971025 0.0863347036366905 0 0
 947.637863094 0.0761596401151036 0 0
 950.88892801875 0.0764615483218349 0 0
 954.13800032 0 0 0
 957.38506583325 0 0 0
 960.630110394 0 0 0
 963.87311983775 0 0 0
 967.11408 0 0 0
 970.35297671625 0 0 0
 973.589795822 0 0 0
 976.82452315275 0 0 0
 980.057144544 0 0 0
 983.28764583125 0 0 0
 986.51601285 0 0 0
 989.74223143575 0 0 0
 992.966287424 0 0 0
 996.18816665025 0 0 0
 999.40785495 0 0 0
 1002.62533815875 0 0 0
 1005.840602112 0 0 0
 1009.05363264525 0 0 0
 1012.264415594 0 0 0
 1015.47293679375 0 0 0
 1018.67918208 0 0 0
 1021.88313728825 0 0 0
 1025.084788254 0 0 0
 1028.28412081275 0 0 0
 1031.4811208 0 0 0
 1034.67577405125 0 0 0
 1037.868066402 0 0 0
 1041.05798368775 0 0 0
 1044.245511744 0 0 0
 1047.43063640625 0 0 0
 1050.61334351 0 0 0
 1053.79361889075 0 0 0
 1056.971448384 0 0 0
 1060.14681782525 0 0 0
 1063.31971305 0 0 0
 1066.49011989375 0 0 0
 1069.658024192 0 0 0
 1072.82341178025 0 0 0
 1075.986268494 0 0 0
 1079.14658016875 0 0 0
 1082.30433264 0 0 0
 1085.45951174325 0 0 0
 1088.612103314 0 0 0
 1091.76209318775 0 0 0
 1094.9094672 0 0 0
 1098.05421118625 0 0 0
 1101.196310982 0 0 0
 1104.33575242275 0 0 0
 1107.472521344 0 0 0
 1110.60660358125 0 0 0
 1113.73798497 0 0 0
 1116.86665134575 0 0 0
 1119.992588544 0 0 0
 1123.11578240025 0 0 0
 1126.23621875 0 0 0
 1129.35388342875 0 0 0
 1132.468762272 0 0 0
 1135.58084111525 0 0 0
 1138.690105794 0 0 0
 1141.79654214375 0 0 0
 1144.900136 0 0 0
[END] of [DATA]
[END] of [Spectrum]


#TBID:2021-12-26 01:00:00;SAM_84DC;RAW;

[Spectrum]
Version            = 1
IDData             = 96B1_2021-12-26_01-00-00_000_012
IDDevice           = SAM_84DC
IDDataType         = SPECTRUM
IDDataTypeSub1     = RAW
IDDataTypeSub2     = 
IDDataTypeSub3     = 
DateTime           = 2021-12-26 01:00:00
PositionLatitude   = 0
PositionLongitude  = 0
Comment            = 
CommentSub1        = 
CommentSub2        = 
CommentSub3        = 
IDMethodType       = SAM Control
MethodName         = SAM_84DC
Mission            = No Mission
MissionSub         = 1
RecordType         = 0
[Attributes]
CalFactor = 1
IDBasisSpec = 
IDDataBack = DLAB_2015-08-21_13-19-54_137_939
IDDataCal = DLAB_2015-08-24_10-46-55_592_608
IntegrationTime = 4096
P31 = -1
P31e = 0
PathLength = +INF
PathLengthCustomOn = 0
RAWDynamic = 65535
Salinity = 0
Temperature = -NAN
Unit1 = $05 $00 Pixel 
Unit2 = $03 $05 Intensity counts
Unit3 = $f0 $05 Error counts
Unit4 = $f1 $00 Status 
p999 = 2100
[END] of [Attributes]
[DATA]
 0 11 0 0
 1 1245 0 0
 2 1229 0 0
 3 1245 0 0
 4 1245 0 0
 5 1241 0 0
 6 1230 0 0
 7 1240 0 0
 8 1243 0 0
 9 1241 0 0
 10 1241 0 0
 11 1243 0 0
 12 1237 0 0
 13 1238 0 0
 14 1239 0 0
 15 1232 0 0
 16 1237 0 0
 17 1235 0 0
 18 1238 0 0
 19 1238 0 0
 20 1237 0 0
 21 1236 0 0
 22 1237 0 0
 23 1238 0 0
 24 1231 0 0
 25 1232 0 0
 26 1234 0 0
 27 1233 0 0
 28 1227 0 0
 29 1229 0 0
 30 1228 0 0
 31 1233 0 0
 32 1231 0 0
 33 1226 0 0
 34 1232 0 0
 35 1232 0 0
 36 1229 0 0
 37 1231 0 0
 38 1227 0 0
 39 1225 0 0
 40 1233 0 0
 41 1226 0 0
 42 1225 0 0
 43 1224 0 0
 44 1228 0 0
 45 1227 0 0
 46 1224 0 0
 47 1232 0 0
 48 1224 0 0
 49 1222 0 0
 50 1220 0 0
 51 1226 0 0
 52 1215 0 0
 53 1219 0 0
 54 1216 0 0
 55 1218 0 0
 56 1218 0 0
 57 1216 0 0
 58 1216 0 0
 59 1219 0 0
 60 1214 0 0
 61 1216 0 0
 62 1214 0 0
 63 1216 0 0
 64 1210 0 0
 65 1211 0 0
 66 1209 0 0
 67 1213 0 0
 68 1210 0 0
 69 1208 0 0
 70 1208 0 0
 71 1221 0 0
 72 1211 0 0
 73 1208 0 0
 74 1213 0 0
 75 1214 0 0
 76 1211 0 0
 77 1212 0 0
 78 1200 0 0
 79 1208 0 0
 80 1204 0 0
 81 1206 0 0
 82 1206 0 0
 83 1209 0 0
 84 1205 0 0
 85 1209 0 0
 86 1209 0 0
 87 1203 0 0
 88 1201 0 0
 89 1203 0 0
 90 1198 0 0
 91 1204 0 0
 92 1201 0 0
 93 1201 0 0
 94 1201 0 0
 95 1203 0 0
 96 1197 0 0
 97 1202 0 0
 98 1195 0 0
 99 1197 0 0
 100 1203 0 0
 101 1202 0 0
 102 1190 0 0
 103 1205 0 0
 104 1200 0 0
 105 1198 0 0
 106 1199 0 0
 107 1204 0 0
 108 1197 0 0
 109 1194 0 0
 110 1198 0 0
 111 1201 0 0
 112 1198 0 0
 113 1189 0 0
 114 1195 0 0
 115 1201 0 0
 116 1199 0 0
 117 1200 0 0
 118 1194 0 0
 119 1192 0 0
 120 1190 0 0
 121 1202 0 0
 122 1189 0 0
 123 1198 0 0
 124 1198 0 0
 125 1188 0 0
 126 1192 0 0
 127 1197 0 0
 128 1190 0 0
 129 1194 0 0
 130 1192 0 0
 131 1192 0 0
 132 1196 0 0
 133 1190 0 0
 134 1194 0 0
 135 1186 0 0
 136 1186 0 0
 137 1197 0 0
 138 1184 0 0
 139 1193 0 0
 140 1192 0 0
 141 1195 0 0
 142 1187 0 0
 143 1192 0 0
 144 1188 0 0
 145 1183 0 0
 146 1184 0 0
 147 1184 0 0
 148 1188 0 0
 149 1190 0 0
 150 1180 0 0
 151 1187 0 0
 152 1190 0 0
 153 1190 0 0
 154 1188 0 0
 155 1188 0 0
 156 1187 0 0
 157 1188 0 0
 158 1183 0 0
 159 1187 0 0
 160 1183 0 0
 161 1180 0 0
 162 1181 0 0
 163 1184 0 0
 164 1184 0 0
 165 1184 0 0
 166 1187 0 0
 167 1185 0 0
 168 1184 0 0
 169 1189 0 0
 170 1184 0 0
 171 1187 0 0
 172 1178 0 0
 173 1186 0 0
 174 1186 0 0
 175 1181 0 0
 176 1187 0 0
 177 1184 0 0
 178 1178 0 0
 179 1191 0 0
 180 1182 0 0
 181 1183 0 0
 182 1186 0 0
 183 1186 0 0
 184 1180 0 0
 185 1184 0 0
 186 1184 0 0
 187 1184 0 0
 188 1185 0 0
 189 1181 0 0
 190 1184 0 0
 191 1186 0 0
 192 1186 0 0
 193 1186 0 0
 194 1181 0 0
 195 1183 0 0
 196 1189 0 0
 197 1185 0 0
 198 1178 0 0
 199 1190 0 0
 200 1185 0 0
 201 1184 0 0
 202 1178 0 0
 203 1190 0 0
 204 1189 0 0
 205 1189 0 0
 206 1184 0 0
 207 1185 0 0
 208 1179 0 0
 209 1182 0 0
 210 1178 0 0
 211 1180 0 0
 212 1178 0 0
 213 1182 0 0
 214 1181 0 0
 215 1186 0 0
 216 1186 0 0
 217 1185 0 0
 218 1179 0 0
 219 1186 0 0
 220 1184 0 0
 221 1193 0 0
 222 1183 0 0
 223 1190 0 0
 224 1181 0 0
 225 1190 0 0
 226 1190 0 0
 227 1186 0 0
 228 1189 0 0
 229 1192 0 0
 230 1186 0 0
 231 1190 0 0
 232 1195 0 0
 233 1185 0 0
 234 1186 0 0
 235 1191 0 0
 236 1191 0 0
 237 1190 0 0
 238 1188 0 0
 239 1191 0 0
 240 1195 0 0
 241 1192 0 0
 242 1192 0 0
 243 1190 0 0
 244 1190 0 0
 245 1194 0 0
 246 1195 0 0
 247 1193 0 0
 248 1196 0 0
 249 1196 0 0
 250 1193 0 0
 251 1198 0 0
 252 1200 0 0
 253 1191 0 0
 254 1195 0 0
 255 1261 0 0
[END] of [DATA]
[END] of [Spectrum]


#TBID:2021-12-26 01:00:00;SAM_84DC;CALIBRATED;

[Spectrum]
Version            = 1
IDData             = 96B1_2021-12-26_01-00-00_000_013
IDDevice           = SAM_84DC
IDDataType         = SPECTRUM
IDDataTypeSub1     = CALIBRATED
IDDataTypeSub2     = 
IDDataTypeSub3     = 
DateTime           = 2021-12-26 01:00:00
PositionLatitude   = 0
PositionLongitude  = 0
Comment            = 
CommentSub1        = 
CommentSub2        = 
CommentSub3        = 
IDMethodType       = SAM Control
MethodName         = SAM_84DC
Mission            = No Mission
MissionSub         = 1
RecordType         = 0
[Attributes]
CalFactor = 1
IDBasisSpec = 
IDDataBack = DLAB_2015-08-21_13-19-54_137_939
IDDataCal = DLAB_2015-08-24_10-46-55_592_608
IntegrationTime = 4096
P31 = -1
P31e = 0
PathLength = +INF
PathLengthCustomOn = 0
RAWDynamic = 65535
Salinity = 0
Temperature = -NAN
Unit1 = $01 $01 Wavelength nm
Unit2 = $03 $03 Intensity mW/(m^2 nm Sr)
Unit3 = $f0 $03 Error mW/(m^2 nm Sr)
Unit4 = $f1 $00 Status 
p999 = 2100
[END] of [Attributes]
[DATA]
 0 11 0 0
 305.71650776488 0 0 0
 309.04007505697 0 0 0
 312.36416914304 0 0 0
 315.68877841375 0 0 0
 319.01389125976 0.00250940080455448 0 0
 322.33949607173 0.00215302511745567 0 0
 325.66558124032 0.00198090496399819 0 0
 328.99213515619 0.00203264004995516 0 0
 332.31914621 0.00171571424492332 0 0
 335.64660279241 0.00168572640564475 0 0
 338.97449329408 0.00153962696224913 0 0
 342.30280610567 0.00140505348368795 0 0
 345.63152961784 0.00129793069907183 0 0
 348.96065222125 0.000995220681708346 0 0
 352.29016230656 0.00105393968316736 0 0
 355.62004826443 0.000921695285404181 0 0
 358.95029848552 0.000762320610726423 0 0
 362.28090136049 0.000951876735326428 0 0
 365.61184528 0.000926308988768785 0 0
 368.94311863471 0.000983617131967466 0 0
 372.27470981528 0.00105884472874048 0 0
 375.60660721237 0.000944727248511667 0 0
 378.93879921664 0.000995084891669529 0 0
 382.27127421875 0.000889111180611944 0 0
 385.60402060936 0.00104730564796616 0 0
 388.93702677913 0.000944297461541778 0 0
 392.27028111872 0.000899414458019553 0 0
 395.60377201879 0.000885929965476172 0 0
 398.93748787 0.000894021304282081 0 0
 402.27141706301 0.000857168393912943 0 0
 405.60554798848 0.000734021651579034 0 0
 408.93986903707 0.000695240250675604 0 0
 412.27436859944 0.000646851172909429 0 0
 415.60903506625 0.000604262206066376 0 0
 418.94385682816 0.000642918048924925 0 0
 422.27882227583 0.000444197206812049 0 0
 425.61391979992 0.000469176350256417 0 0
 428.94913779109 0.000442159812254129 0 0
 432.28446464 0.000449003754342733 0 0
 435.61988873731 0.000395179512132441 0 0
 438.95539847368 0.000390873453217846 0 0
 442.29098223977 0.000395186896633623 0 0
 445.62662842624 0.000364007429294513 0 0
 448.96232542375 0.000390926985259012 0 0
 452.29806162296 0.000403450401334525 0 0
 455.63382541453 0.000333225124102701 0 0
 458.96960518912 0.000414429973189404 0 0
 462.30538933739 0.000431022272638505 0 0
 465.64116625 0.000407686708605404 0 0
 468.97692431761 0.000411875552183672 0 0
 472.31265193088 0.000463848409624039 0 0
 475.64833748047 0.000319232756165682 0 0
 478.98396935704 0.000406113969473539 0 0
 482.31953595125 0.000369462980558981 0 0
 485.65502565376 0.000343594899484805 0 0
 488.99042685523 0.000373931032438763 0 0
 492.32572794632 0.000297216774602762 0 0
 495.66091731769 0.000302663222435453 0 0
 498.99598336 0.000255280169405416 0 0
 502.33091446391 0.000276421167450547 0 0
 505.66569902008 0.000262174161126476 0 0
 509.00032541917 0.000324054162823106 0 0
 512.33478205184 0.000298542739849799 0 0
 515.66905730875 0.000206424389064061 0 0
 519.00313958056 0.000253094781517086 0 0
 522.33701725793 0.000311705729641943 0 0
 525.67067873152 0.000222117328762899 0 0
 529.00411239199 0.000168774053417454 0 0
 532.33730663 0.000194321660232138 0 0
 535.67024983621 0.000140788345221904 0 0
 539.00293040128 0.000237677883700947 0 0
 542.33533671587 0.000210138068575166 0 0
 545.66745717064 0.000134264437284656 0 0
 548.99928015625 0.000171454918860323 0 0
 552.33079406336 0.000263916030418369 0 0
 555.66198728263 0.000175432395115345 0 0
 558.99284820472 0.000198341855384762 0 0
 562.32336522029 0.000148137143449258 0 0
 565.65352672 0.000127837265345638 0 0
 568.98332109451 0.00016017261630575 0 0
 572.31273673448 0.000103427068098018 0 0
 575.64176203057 0.000191586208659979 0 0
 578.97038537344 0.000190193653 0 0
 582.29859515375 0.000237070162012506 0 0
 585.62637976216 0.000116249229715692 0 0
 588.95372758933 0.000192626686820683 0 0
 592.28062702592 0.000104867312376793 0 0
 595.60706646259 0.000143592176910206 0 0
 598.93303429 8.15992890290244e-005 0 0
 602.25851889881 0.000153535574494586 0 0
 605.58350867968 0.000147813785247403 0 0
 608.90799202327 0.000108789198914165 0 0
 612.23195732024 0.000122533985596134 0 0
 615.55539296125 6.64813225027399e-005 0 0
 618.87828733696 0.0001098326245941 0 0
 622.20062883803 0.000108161924254355 0 0
 625.52240585512 5.9473560859206e-005 0 0
 628.84360677889 7.62618559139502e-005 0 0
 632.16422 6.20033600275205e-005 0 0
 635.48423390911 0.000137667056952525 0 0
 638.80363689688 0.000195862715086594 0 0
 642.12241735397 -7.1285371147004e-005 0 0
 645.44056367104 0.000227262140315838 0 0
 648.75806423875 0.000142923276731002 0 0
 652.07490744776 4.40932491238991e-005 0 0
 655.39108168873 9.14393907883748e-005 0 0
 658.70657535232 5.18957896514948e-005 0 0
 662.02137682919 4.72912245045066e-005 0 0
 665.33547451 -2.41126921336591e-005 0 0
 668.64885678541 0.000116690562075077 0 0
 671.96151204608 0.000114646016069265 0 0
 675.27342868267 7.85703495993761e-005 0 0
 678.58459508584 3.3249232741606e-005 0 0
 681.89499964625 1.85548681951487e-006 0 0
 685.20463075456 7.10023536586694e-005 0 0
 688.51347680143 0.00014588947478622 0 0
 691.82152617752 0.000173700660582197 0 0
 695.12876727349 0.000101760886275813 0 0
 698.43518848 6.75886045261061e-006 0 0
 701.74077818771 0.000136697473774977 0 0
 705.04552478728 5.2465972282094e-005 0 0
 708.34941666937 -3.86682867071947e-006 0 0
 711.65244222464 5.29788765902619e-005 0 0
 714.95458984375 5.33058439454052e-005 0 0
 718.25584791736 -2.68683840696555e-005 0 0
 721.55620483613 -6.96948071460327e-005 0 0
 724.85564899072 6.07942324832364e-005 0 0
 728.15416877179 -1.83181503408112e-005 0 0
 731.45175257 8.14862974090838e-005 0 0
 734.74838877601 -0.000113439878999773 0 0
 738.04406578048 3.22570561230562e-005 0 0
 741.33877197407 4.17166026263764e-005 0 0
 744.63249574744 -5.02498691814283e-005 0 0
 747.92522549125 7.94280179331774e-005 0 0
 751.21694959616 -0.000182964216730048 0 0
 754.50765645283 -1.95117267159389e-005 0 0
 757.79733445192 9.35809933399643e-005 0 0
 761.08597198409 -9.26155308584096e-005 0 0
 764.37355744 4.46512205102713e-005 0 0
 767.66007921031 8.92263162511886e-005 0 0
 770.94552568568 2.41506752844348e-006 0 0
 774.22988525677 -2.48222978413589e-005 0 0
 777.51314631424 -1.87688765114791e-005 0 0
 780.79529724875 -7.03324650791324e-005 0 0
 784.07632645096 -8.8078594133441e-005 0 0
 787.35622231153 -0.000116964993998505 0 0
 790.63497322112 -0.000156694226772187 0 0
 793.91256757039 -0.000163872095291387 0 0
 797.18899375 -5.71452681486018e-005 0 0
 800.46424015061 -0.000229958381502873 0 0
 803.73829516288 -0.000196002183557474 0 0
 807.01114717747 -3.70895251084576e-005 0 0
 810.28278458504 -0.000177671181126783 0 0
 813.55319577625 -0.000178781487991155 0 0
 816.82236914176 -0.000128421030822106 0 0
 820.09029307223 5.53334914935084e-006 0 0
 823.35695595832 -0.000300859028669074 0 0
 826.62234619069 -0.000304707817164628 0 0
 829.88645216 -0.000287017652275148 0 0
 833.14926225691 -0.000458364124282464 0 0
 836.41076487208 -0.000326182859165204 0 0
 839.67094839617 -0.000109242736895792 0 0
 842.92980121984 -0.000178888800165772 0 0
 846.18731173375 -0.000288196870905035 0 0
 849.44346832856 -0.000432028921811383 0 0
 852.69825939493 -0.000586923696737439 0 0
 855.95167332352 -0.000577693325834698 0 0
 859.20369850499 -0.000540489181733974 0 0
 862.45432333 -0.000241174914531383 0 0
 865.70353618921 -0.000547719125816355 0 0
 868.95132547328 -0.000725370662014477 0 0
 872.19767957287 -0.00041985433644176 0 0
 875.44258687864 -0.000666778574838669 0 0
 878.68603578125 -0.000482137387667655 0 0
 881.92801467136 -0.000666195662601641 0 0
 885.16851193963 -0.000464147096478647 0 0
 888.40751597672 -0.000410385856019727 0 0
 891.64501517329 -0.00129993650204708 0 0
 894.88099792 0.000543591891984718 0 0
 898.11545260751 -0.000511192344056062 0 0
 901.34836762648 -0.000368861108996071 0 0
 904.57973136757 -0.000427588840571578 0 0
 907.80953222144 -0.000528202510622595 0 0
 911.03775857875 -0.00108391819296513 0 0
 914.26439883016 -0.00076586235789598 0 0
 917.48944136633 -0.000984479369642316 0 0
 920.71287457792 -0.00101085551059621 0 0
 923.93468685559 -8.16495599083207e-005 0 0
 927.15486659 -0.000570664327336993 0 0
 930.37340217181 -0.000444585046426162 0 0
 933.59028199168 -0.00057358486596182 0 0
 936.80549444027 -0.00219216490039563 0 0
 940.01902790824 -0.00113968313977373 0 0
 943.23087078625 -0.0016186382785059 0 0
 946.44101146496 -0.000517134343033605 0 0
 949.64943833503 -0.00134096984987999 0 0
 952.85613978712 -0.00139630250617814 0 0
 956.06110421189 0 0 0
 959.26432 0 0 0
 962.46577554211 0 0 0
 965.66545922888 0 0 0
 968.86335945097 0 0 0
 972.05946459904 0 0 0
 975.25376306375 0 0 0
 978.44624323576 0 0 0
 981.63689350573 0 0 0
 984.82570226432 0 0 0
 988.01265790219 0 0 0
 991.19774881 0 0 0
 994.38096337841 0 0 0
 997.56228999808 0 0 0
 1000.74171705967 0 0 0
 1003.91923295384 0 0 0
 1007.09482607125 0 0 0
 1010.26848480256 0 0 0
 1013.44019753843 0 0 0
 1016.60995266952 0 0 0
 1019.77773858649 0 0 0
 1022.94354368 0 0 0
 1026.10735634071 0 0 0
 1029.26916495928 0 0 0
 1032.42895792637 0 0 0
 1035.58672363264 0 0 0
 1038.74245046875 0 0 0
 1041.89612682536 0 0 0
 1045.04774109313 0 0 0
 1048.19728166272 0 0 0
 1051.34473692479 0 0 0
 1054.49009527 0 0 0
 1057.63334508901 0 0 0
 1060.77447477248 0 0 0
 1063.91347271107 0 0 0
 1067.05032729544 0 0 0
 1070.18502691625 0 0 0
 1073.31755996416 0 0 0
 1076.44791482983 0 0 0
 1079.57607990392 0 0 0
 1082.70204357709 0 0 0
 1085.82579424 0 0 0
 1088.94732028331 0 0 0
 1092.06661009768 0 0 0
 1095.18365207377 0 0 0
 1098.29843460224 0 0 0
 1101.41094607375 0 0 0
 1104.52117487896 0 0 0
 1107.62910940853 0 0 0
 1110.73473805312 0 0 0
 1113.83804920339 0 0 0
 1116.93903125 0 0 0
 1120.03767258361 0 0 0
 1123.13396159488 0 0 0
 1126.22788667447 0 0 0
 1129.31943621304 0 0 0
 1132.40859860125 0 0 0
 1135.49536222976 0 0 0
[END] of [DATA]
[END] of [Spectrum]


#TBID:2021-12-26 01:00:00;SAM_84C8;RAW;

[Spectrum]
Version            = 1
IDData             = 96B1_2021-12-26_01-00-00_000_015
IDDevice           = SAM_84C8
IDDataType         = SPECTRUM
IDDataTypeSub1     = RAW
IDDataTypeSub2     = 
IDDataTypeSub3     = 
DateTime           = 2021-12-26 01:00:00
PositionLatitude   = 0
PositionLongitude  = 0
Comment            = 
CommentSub1        = 
CommentSub2        = 
CommentSub3        = 
IDMethodType       = SAM Control
MethodName         = SAM_84C8
Mission            = No Mission
MissionSub         = 1
RecordType         = 0
[Attributes]
CalFactor = 1
IDBasisSpec = 
IDDataBack = DLAB_2015-08-21_12-14-03_013_778
IDDataCal = DLAB_2015-08-24_11-04-47_772_747
IntegrationTime = 4096
P31 = -1
P31e = 0
PathLength = +INF
PathLengthCustomOn = 0
RAWDynamic = 65535
Salinity = 0
Temperature = -NAN
Unit1 = $05 $00 Pixel 
Unit2 = $03 $05 Intensity counts
Unit3 = $f0 $05 Error counts
Unit4 = $f1 $00 Status 
p999 = 2100
[END] of [Attributes]
[DATA]
 0 11 0 0
 1 1267 0 0
 2 1253 0 0
 3 1250 0 0
 4 1262 0 0
 5 1259 0 0
 6 1260 0 0
 7 1264 0 0
 8 1259 0 0
 9 1258 0 0
 10 1260 0 0
 11 1264 0 0
 12 1268 0 0
 13 1260 0 0
 14 1260 0 0
 15 1257 0 0
 16 1264 0 0
 17 1268 0 0
 18 1267 0 0
 19 1261 0 0
 20 1261 0 0
 21 1264 0 0
 22 1267 0 0
 23 1269 0 0
 24 1267 0 0
 25 1266 0 0
 26 1265 0 0
 27 1264 0 0
 28 1269 0 0
 29 1272 0 0
 30 1270 0 0
 31 1267 0 0
 32 1268 0 0
 33 1263 0 0
 34 1267 0 0
 35 1266 0 0
 36 1268 0 0
 37 1273 0 0
 38 1266 0 0
 39 1266 0 0
 40 1267 0 0
 41 1267 0 0
 42 1262 0 0
 43 1273 0 0
 44 1266 0 0
 45 1271 0 0
 46 1269 0 0
 47 1267 0 0
 48 1270 0 0
 49 1271 0 0
 50 1268 0 0
 51 1271 0 0
 52 1272 0 0
 53 1269 0 0
 54 1262 0 0
 55 1271 0 0
 56 1272 0 0
 57 1277 0 0
 58 1269 0 0
 59 1265 0 0
 60 1271 0 0
 61 1276 0 0
 62 1275 0 0
 63 1273 0 0
 64 1268 0 0
 65 1274 0 0
 66 1273 0 0
 67 1276 0 0
 68 1278 0 0
 69 1276 0 0
 70 1277 0 0
 71 1273 0 0
 72 1277 0 0
 73 1273 0 0
 74 1272 0 0
 75 1276 0 0
 76 1275 0 0
 77 1271 0 0
 78 1277 0 0
 79 1275 0 0
 80 1280 0 0
 81 1277 0 0
 82 1276 0 0
 83 1280 0 0
 84 1282 0 0
 85 1280 0 0
 86 1274 0 0
 87 1278 0 0
 88 1274 0 0
 89 1274 0 0
 90 1275 0 0
 91 1279 0 0
 92 1275 0 0
 93 1277 0 0
 94 1281 0 0
 95 1275 0 0
 96 1279 0 0
 97 1280 0 0
 98 1275 0 0
 99 1276 0 0
 100 1281 0 0
 101 1276 0 0
 102 1276 0 0
 103 1270 0 0
 104 1275 0 0
 105 1283 0 0
 106 1274 0 0
 107 1274 0 0
 108 1272 0 0
 109 1275 0 0
 110 1279 0 0
 111 1285 0 0
 112 1276 0 0
 113 1280 0 0
 114 1278 0 0
 115 1279 0 0
 116 1283 0 0
 117 1280 0 0
 118 1272 0 0
 119 1281 0 0
 120 1272 0 0
 121 1277 0 0
 122 1274 0 0
 123 1278 0 0
 124 1275 0 0
 125 1281 0 0
 126 1275 0 0
 127 1282 0 0
 128 1279 0 0
 129 1279 0 0
 130 1280 0 0
 131 1279 0 0
 132 1281 0 0
 133 1312 0 0
 134 1276 0 0
 135 1285 0 0
 136 1276 0 0
 137 1281 0 0
 138 1277 0 0
 139 1284 0 0
 140 1276 0 0
 141 1275 0 0
 142 1277 0 0
 143 1277 0 0
 144 1281 0 0
 145 1281 0 0
 146 1277 0 0
 147 1273 0 0
 148 1274 0 0
 149 1280 0 0
 150 1278 0 0
 151 1284 0 0
 152 1281 0 0
 153 1279 0 0
 154 1278 0 0
 155 1275 0 0
 156 1280 0 0
 157 1279 0 0
 158 1278 0 0
 159 1272 0 0
 160 1273 0 0
 161 1278 0 0
 162 1280 0 0
 163 1278 0 0
 164 1278 0 0
 165 1282 0 0
 166 1276 0 0
 167 1284 0 0
 168 1276 0 0
 169 1281 0 0
 170 1281 0 0
 171 1274 0 0
 172 1284 0 0
 173 1274 0 0
 174 1272 0 0
 175 1287 0 0
 176 1280 0 0
 177 1282 0 0
 178 1274 0 0
 179 1279 0 0
 180 1280 0 0
 181 1282 0 0
 182 1277 0 0
 183 1278 0 0
 184 1280 0 0
 185 1282 0 0
 186 1278 0 0
 187 1282 0 0
 188 1274 0 0
 189 1278 0 0
 190 1272 0 0
 191 1275 0 0
 192 1277 0 0
 193 1271 0 0
 194 1276 0 0
 195 1279 0 0
 196 1269 0 0
 197 1275 0 0
 198 1276 0 0
 199 1271 0 0
 200 1277 0 0
 201 1276 0 0
 202 1271 0 0
 203 1276 0 0
 204 1280 0 0
 205 1277 0 0
 206 1275 0 0
 207 1278 0 0
 208 1270 0 0
 209 1269 0 0
 210 1272 0 0
 211 1275 0 0
 212 1271 0 0
 213 1276 0 0
 214 1277 0 0
 215 1274 0 0
 216 1273 0 0
 217 1272 0 0
 218 1270 0 0
 219 1270 0 0
 220 1278 0 0
 221 1282 0 0
 222 1275 0 0
 223 1276 0 0
 224 1281 0 0
 225 1278 0 0
 226 1275 0 0
 227 1270 0 0
 228 1270 0 0
 229 1272 0 0
 230 1273 0 0
 231 1270 0 0
 232 1274 0 0
 233 1272 0 0
 234 1271 0 0
 235 1272 0 0
 236 1276 0 0
 237 1272 0 0
 238 1270 0 0
 239 1271 0 0
 240 1269 0 0
 241 1277 0 0
 242 1274 0 0
 243 1274 0 0
 244 1275 0 0
 245 1272 0 0
 246 1269 0 0
 247 1275 0 0
 248 1274 0 0
 249 1274 0 0
 250 1272 0 0
 251 1267 0 0
 252 1272 0 0
 253 1270 0 0
 254 1277 0 0
 255 1322 0 0
[END] of [DATA]
[END] of [Spectrum]


#TBID:2021-12-26 01:00:00;SAM_84C8;CALIBRATED;

[Spectrum]
Version            = 1
IDData             = 96B1_2021-12-26_01-00-00_000_016
IDDevice           = SAM_84C8
IDDataType         = SPECTRUM
IDDataTypeSub1     = CALIBRATED
IDDataTypeSub2     = 
IDDataTypeSub3     = 
DateTime           = 2021-12-26 01:00:00
PositionLatitude   = 0
PositionLongitude  = 0
Comment            = 
CommentSub1        = 
CommentSub2        = 
CommentSub3        = 
IDMethodType       = SAM Control
MethodName         = SAM_84C8
Mission            = No Mission
MissionSub         = 1
RecordType         = 0
[Attributes]
CalFactor = 1
IDBasisSpec = 
IDDataBack = DLAB_2015-08-21_12-14-03_013_778
IDDataCal = DLAB_2015-08-24_11-04-47_772_747
IntegrationTime = 4096
P31 = -1
P31e = 0
PathLength = +INF
PathLengthCustomOn = 0
RAWDynamic = 65535
Salinity = 0
Temperature = -NAN
Unit1 = $01 $01 Wavelength nm
Unit2 = $03 $03 Intensity mW/(m^2 nm Sr)
Unit3 = $f0 $03 Error mW/(m^2 nm Sr)
Unit4 = $f1 $00 Status 
p999 = 2100
[END] of [Attributes]
[DATA]
 0 11 0 0
 303.516048156 0 0 0
 306.890006053 0 0 0
 310.26457112 0 0 0
 313.639731825 0 0 0
 317.015476636 -0.000306000242190222 0 0
 320.391794021 -0.000340735190257139 0 0
 323.768672448 1.78022208164493e-006 0 0
 327.146100385 -0.000105253617128067 0 0
 330.5240663 -0.000186080766566357 0 0
 333.902558661 9.49164354196969e-005 0 0
 337.281565936 -6.8930881030807e-005 0 0
 340.661076593 -5.48628439706087e-005 0 0
 344.0410791 -4.5347541326918e-005 0 0
 347.421561925 -4.74402046697732e-005 0 0
 350.802513536 -0.000181607223485272 0 0
 354.183922401 -2.5760804528591e-005 0 0
 357.565776988 7.43565490974134e-006 0 0
 360.948065765 1.82711236851437e-005 0 0
 364.3307772 -0.000102447682879637 0 0
 367.713899761 -3.7007570000125e-005 0 0
 371.097421916 -3.12417635621532e-005 0 0
 374.481332133 -7.69219534097486e-006 0 0
 377.86561888 2.14397309050595e-005 0 0
 381.250270625 -5.32091616457226e-005 0 0
 384.635275836 -5.44004889488191e-006 0 0
 388.020622981 0.000125320623913746 0 0
 391.406300528 3.35945250339633e-006 0 0
 394.792296945 2.65778958483929e-005 0 0
 398.1786007 0.000131955343297934 0 0
 401.565200261 1.83732324165106e-005 0 0
 404.952084096 1.70956856477412e-005 0 0
 408.339240673 3.39645092512778e-005 0 0
 411.72665846 2.04680754231354e-005 0 0
 415.114325925 7.25522998957245e-005 0 0
 418.502231536 7.79737298283779e-005 0 0
 421.890363761 2.40151942612865e-005 0 0
 425.278711068 -5.84722700330554e-005 0 0
 428.667261925 -1.45645709958249e-005 0 0
 432.0560048 7.26964144075669e-005 0 0
 435.444928161 4.98929201816326e-005 0 0
 438.834020476 7.20860434989926e-006 0 0
 442.223270213 -1.17879158517359e-005 0 0
 445.61266584 6.96167893014324e-005 0 0
 449.002195825 5.05328559304369e-005 0 0
 452.391848636 5.94353214022862e-006 0 0
 455.781612741 2.94861115059099e-005 0 0
 459.171476608 2.84572176419487e-005 0 0
 462.561428705 2.32521918833977e-005 0 0
 465.9514575 -1.02660108190481e-005 0 0
 469.341551461 6.67397304619526e-005 0 0
 472.731699056 2.7781719449506e-005 0 0
 476.121888753 4.93812401704234e-005 0 0
 479.51210902 4.38955056222641e-005 0 0
 482.902348325 9.01084333637532e-005 0 0
 486.292595136 6.28892064746018e-005 0 0
 489.682837921 5.25155035886044e-005 0 0
 493.073065148 6.8800180794002e-005 0 0
 496.463265285 5.09752191055523e-005 0 0
 499.8534268 6.90109093734892e-005 0 0
 503.243538161 0.000114028571816579 0 0
 506.633587836 0.000137870473665377 0 0
 510.023564293 -4.22334576467808e-005 0 0
 513.413456 3.2461272655936e-005 0 0
 516.803251425 0.000103760218870124 0 0
 520.192939036 0.000131341009368255 0 0
 523.582507301 3.7170185278197e-005 0 0
 526.971944688 0.000103184620193555 0 0
 530.361239665 7.16724209253281e-005 0 0
 533.7503807 0.000126061905531108 0 0
 537.139356261 5.55512784761732e-005 0 0
 540.528154816 5.25099175487516e-005 0 0
 543.916764833 3.38555089373822e-005 0 0
 547.30517478 6.02625678819726e-005 0 0
 550.693373125 6.08807264850673e-005 0 0
 554.081348336 7.8214183546074e-005 0 0
 557.469088881 7.27082577176665e-005 0 0
 560.856583228 2.43200473574291e-005 0 0
 564.243819845 9.55992684002037e-005 0 0
 567.6307872 6.28830230541e-005 0 0
 571.017473761 0.000130571153561534 0 0
 574.403867996 0.000127706938370343 0 0
 577.789958373 2.10804352065774e-005 0 0
 581.17573336 0.000108297485592924 0 0
 584.561181425 0.000116858212875747 0 0
 587.946291036 0.000183060172929483 0 0
 591.331050661 8.83516573018065e-005 0 0
 594.715448768 8.81461190751261e-005 0 0
 598.099473825 8.54077491698543e-005 0 0
 601.4831143 0.000110576366834539 0 0
 604.866358661 -8.25586443116564e-006 0 0
 608.249195376 0.000107557079250273 0 0
 611.631612913 5.27910946834518e-005 0 0
 615.01359974 0.000179023839749874 0 0
 618.395144325 8.40378573183945e-005 0 0
 621.776235136 9.04542930287183e-005 0 0
 625.156860641 6.24213940298329e-005 0 0
 628.537009308 0.000170708750877909 0 0
 631.916669605 0.000110024187504025 0 0
 635.29583 0.0001593947995625 0 0
 638.674478961 7.492709572768e-005 0 0
 642.052604956 -8.84745182999002e-005 0 0
 645.430196453 4.1550362324617e-005 0 0
 648.80724192 1.93158743458913e-005 0 0
 652.183729825 0.000108530954105143 0 0
 655.559648636 0.000117732313847335 0 0
 658.934986821 0.000125484359829421 0 0
 662.309732848 7.79710112473032e-005 0 0
 665.683875185 0.000141752901628673 0 0
 669.0574023 0.000161164362223885 0 0
 672.430302661 3.29704723608557e-005 0 0
 675.802564736 1.52398696976334e-005 0 0
 679.174176993 6.54767116195787e-005 0 0
 682.5451279 0.000155083424671113 0 0
 685.915405925 0.000141980379947062 0 0
 689.284999536 2.86089862492001e-005 0 0
 692.653897201 6.00727306645411e-005 0 0
 696.022087388 0.000233391484508636 0 0
 699.389558565 7.46763893574504e-005 0 0
 702.7562992 8.67735151313122e-005 0 0
 706.122297761 0.000145118700279676 0 0
 709.487542716 0.000120244997402063 0 0
 712.852022533 0.000191220540535159 0 0
 716.21572568 0.000226482021899237 0 0
 719.578640625 0.000184154108716932 0 0
 722.940755836 0.000215383054056344 0 0
 726.302059781 7.60718856532422e-005 0 0
 729.662540928 2.53022682535099e-005 0 0
 733.022187745 0.000245385633356275 0 0
 736.3809887 0.000123085285151984 0 0
 739.738932261 0.000307715185071075 0 0
 743.096006896 0.000111399010195695 0 0
 746.452201073 0.000193324790908514 0 0
 749.80750326 -0.000511638292497233 0 0
 753.161901925 -3.04004118912379e-006 0 0
 756.515385536 0.000360315275050456 0 0
 759.867942561 0.000118510168830841 0 0
 763.219561468 0.000169900911009837 0 0
 766.570230725 0.000218150724347108 0 0
 769.9199388 0.000161480843613913 0 0
 773.268674161 0.000101720676875348 0 0
 776.616425276 0.000164078215076889 0 0
 779.963180613 6.19938134211228e-005 0 0
 783.30892864 0.000153869597727629 0 0
 786.653657825 5.49832473684063e-005 0 0
 789.997356636 0.000181066702613492 0 0
 793.340013541 5.83695773148927e-005 0 0
 796.681617008 0.0001299373035128 0 0
 800.022155505 -3.35027731653316e-005 0 0
 803.3616175 0.000366552356706542 0 0
 806.699991461 0.000246531127586166 0 0
 810.037265856 0.000427522618155745 0 0
 813.373429153 0.000161122456962195 0 0
 816.70846982 0.000326487082183155 0 0
 820.042376325 0.000405580213091488 0 0
 823.375137136 0.000384472178407348 0 0
 826.706740721 0.000313252527594889 0 0
 830.037175548 0.000181259065723936 0 0
 833.366430085 0.000222268624311277 0 0
 836.6944928 0.000113173095469343 0 0
 840.021352161 -0.000119357088281578 0 0
 843.346996636 0.000396409740103551 0 0
 846.671414693 0.000351421510386966 0 0
 849.9945948 0.000379494837695924 0 0
 853.316525425 0.000786181798850131 0 0
 856.637195036 0.000408494434627648 0 0
 859.956592101 0.000175434756342977 0 0
 863.274705088 0.000512756117363068 0 0
 866.591522465 0.000111037772018718 0 0
 869.9070327 0.000857600184529371 0 0
 873.221224261 0.000460770225026943 0 0
 876.534085616 0.000299425010362666 0 0
 879.845605233 0.000931974322801638 0 0
 883.15577158 0.00114801997272 0 0
 886.464573125 0.000393565257512589 0 0
 889.771998336 0.000818987217146896 0 0
 893.078035681 0.00107283485472443 0 0
 896.382673628 0.00118283333629813 0 0
 899.685900645 0.00068116444324527 0 0
 902.9877052 0.000660095552016368 0 0
 906.288075761 0.000452999039216034 0 0
 909.587000796 0.00100032798120465 0 0
 912.884468773 0.000419377086778705 0 0
 916.18046816 0.000698462067932509 0 0
 919.474987425 0.00187215247335905 0 0
 922.768015036 0.00126703429744567 0 0
 926.059539461 0.00136521924288283 0 0
 929.349549168 0.000586143087450938 0 0
 932.638032625 0.000600790753304678 0 0
 935.9249783 0.00132494550102963 0 0
 939.210374661 0.00152013383669973 0 0
 942.494210176 0.000658831987225705 0 0
 945.776473313 0.000143442767425461 0 0
 949.05715254 0.00165735279011994 0 0
 952.336236325 0.000357741897955534 0 0
 955.613713136 0 0 0
 958.889571441 0 0 0
 962.163799708 0 0 0
 965.436386405 0 0 0
 968.70732 0 0 0
 971.976588961 0 0 0
 975.244181756 0 0 0
 978.510086853 0 0 0
 981.77429272 0 0 0
 985.036787825 0 0 0
 988.297560636 0 0 0
 991.556599621 0 0 0
 994.813893248 0 0 0
 998.069429985 0 0 0
 1001.3231983 0 0 0
 1004.575186661 0 0 0
 1007.825383536 0 0 0
 1011.073777393 0 0 0
 1014.3203567 0 0 0
 1017.565109925 0 0 0
 1020.808025536 0 0 0
 1024.049092001 0 0 0
 1027.288297788 0 0 0
 1030.525631365 0 0 0
 1033.7610812 0 0 0
 1036.994635761 0 0 0
 1040.226283516 0 0 0
 1043.456012933 0 0 0
 1046.68381248 0 0 0
 1049.909670625 0 0 0
 1053.133575836 0 0 0
 1056.355516581 0 0 0
 1059.575481328 0 0 0
 1062.793458545 0 0 0
 1066.0094367 0 0 0
 1069.223404261 0 0 0
 1072.435349696 0 0 0
 1075.645261473 0 0 0
 1078.85312806 0 0 0
 1082.058937925 0 0 0
 1085.262679536 0 0 0
 1088.464341361 0 0 0
 1091.663911868 0 0 0
 1094.861379525 0 0 0
 1098.0567328 0 0 0
 1101.249960161 0 0 0
 1104.441050076 0 0 0
 1107.629991013 0 0 0
 1110.81677144 0 0 0
 1114.001379825 0 0 0
 1117.183804636 0 0 0
 1120.364034341 0 0 0
 1123.542057408 0 0 0
 1126.717862305 0 0 0
 1129.8914375 0 0 0
 1133.062771461 0 0 0
 1136.231852656 0 0 0
 1139.398669553 0 0 0
 1142.56321062 0 0 0
 1145.725464325 0 0 0
 1148.885419136 0 0 0
[END] of [DATA]
[END] of [Spectrum]

