
#TBID:2021-07-11 02:30:00;SAM_84C8;CALIBRATED;

[Spectrum]
Version            = 1
IDData             = 96B1_2021-07-11_02-30-00_000_336
IDDevice           = SAM_84C8
IDDataType         = SPECTRUM
IDDataTypeSub1     = CALIBRATED
IDDataTypeSub2     = 
IDDataTypeSub3     = 
DateTime           = 2021-07-11 02:30:00
PositionLatitude   = 0
PositionLongitude  = 0
Comment            = 
CommentSub1        = 
CommentSub2        = 
CommentSub3        = 
IDMethodType       = SAM Control
MethodName         = SAM_84C8
Mission            = No Mission
MissionSub         = 1
RecordType         = 0
[Attributes]
CalFactor = 1
IDBasisSpec = 
IDDataBack = DLAB_2015-08-21_12-14-03_013_778
IDDataCal = DLAB_2015-08-24_11-04-47_772_747
IntegrationTime = 4096
P31 = -1
P31e = 0
PathLength = +INF
PathLengthCustomOn = 0
RAWDynamic = 65535
Salinity = 0
Temperature = -NAN
Unit1 = $01 $01 Wavelength nm
Unit2 = $03 $03 Intensity mW/(m^2 nm Sr)
Unit3 = $f0 $03 Error mW/(m^2 nm Sr)
Unit4 = $f1 $00 Status 
p999 = 32
[END] of [Attributes]
[DATA]
 0 11 0 0
 303.516048156 0 0 0
 306.890006053 0 0 0
 310.26457112 0 0 0
 313.639731825 0 0 0
 317.015476636 -0.00225804447748573 0 0
 320.391794021 -0.00200705180651248 0 0
 323.768672448 -0.00171070329707895 0 0
 327.146100385 -0.00163836139264147 0 0
 330.5240663 -0.00145312954190363 0 0
 333.902558661 -0.00131024525098983 0 0
 337.281565936 -0.00103854940011974 0 0
 340.661076593 -0.000836540041868658 0 0
 344.0410791 -0.000772164459881173 0 0
 347.421561925 -0.000815729961342195 0 0
 350.802513536 -0.000702428487625828 0 0
 354.183922401 -0.000509086461185396 0 0
 357.565776988 -0.000244877831645256 0 0
 360.948065765 -0.000352629107759125 0 0
 364.3307772 -0.000226464216442012 0 0
 367.713899761 -0.000179002677626525 0 0
 371.097421916 -0.000268017909874478 0 0
 374.481332133 -3.46116008567976e-006 0 0
 377.86561888 6.20570861438259e-006 0 0
 381.250270625 3.16361080613335e-005 0 0
 384.635275836 0.000224762766615949 0 0
 388.020622981 0.000150572777186186 0 0
 391.406300528 0.000151938623618578 0 0
 394.792296945 7.17832543734835e-005 0 0
 398.1786007 9.66435622467211e-005 0 0
 401.565200261 -3.50493111371797e-005 0 0
 404.952084096 2.12001924400159e-005 0 0
 408.339240673 2.7636704278419e-006 0 0
 411.72665846 5.74303176613242e-005 0 0
 415.114325925 7.60395499161751e-005 0 0
 418.502231536 3.69806760725361e-005 0 0
 421.890363761 1.32043435536655e-005 0 0
 425.278711068 -5.55557179943382e-005 0 0
 428.667261925 6.29126088578759e-005 0 0
 432.0560048 2.77020837411939e-005 0 0
 435.444928161 1.79610205037568e-005 0 0
 438.834020476 3.21097188529061e-005 0 0
 442.223270213 -3.14930538553451e-005 0 0
 445.61266584 -5.54057783328353e-006 0 0
 449.002195825 6.42366505058696e-005 0 0
 452.391848636 -2.95757761269633e-006 0 0
 455.781612741 2.03584326913394e-005 0 0
 459.171476608 -6.5328637240655e-005 0 0
 462.561428705 3.83868187148235e-005 0 0
 465.9514575 5.21708717332837e-006 0 0
 469.341551461 -2.0806298367654e-005 0 0
 472.731699056 -6.11093666288836e-005 0 0
 476.121888753 5.23302673950545e-005 0 0
 479.51210902 -6.06118383112877e-005 0 0
 482.902348325 2.48792478683394e-005 0 0
 486.292595136 -3.11452605956782e-005 0 0
 489.682837921 -6.46441958090329e-007 0 0
 493.073065148 1.49944634633781e-005 0 0
 496.463265285 -1.74686757602371e-005 0 0
 499.8534268 2.91958895616066e-005 0 0
 503.243538161 3.20147847365688e-006 0 0
 506.633587836 -1.39330033537397e-005 0 0
 510.023564293 3.0166302236915e-005 0 0
 513.413456 8.31397011109505e-006 0 0
 516.803251425 1.40026869756123e-005 0 0
 520.192939036 6.97843449374294e-005 0 0
 523.582507301 -3.52176496079427e-005 0 0
 526.971944688 2.05382945614897e-005 0 0
 530.361239665 3.85595804535083e-005 0 0
 533.7503807 -2.35107893393319e-005 0 0
 537.139356261 -1.11773193775874e-005 0 0
 540.528154816 3.21486046774594e-005 0 0
 543.916764833 -3.20109699860772e-005 0 0
 547.30517478 9.69489928535359e-005 0 0
 550.693373125 6.3416159769945e-005 0 0
 554.081348336 3.49199161183803e-005 0 0
 557.469088881 0.000144540694930984 0 0
 560.856583228 0.000166962610328167 0 0
 564.243819845 0.00016922598788656 0 0
 567.6307872 0.000125678938864995 0 0
 571.017473761 0.000145542033516979 0 0
 574.403867996 0.000142966522734098 0 0
 577.789958373 0.000113111849063643 0 0
 581.17573336 0.000124205629515313 0 0
 584.561181425 7.98785982571803e-005 0 0
 587.946291036 0.000131576288832605 0 0
 591.331050661 7.74920797210324e-005 0 0
 594.715448768 0.000134247097254342 0 0
 598.099473825 0.00010332968116461 0 0
 601.4831143 6.88050400330782e-005 0 0
 604.866358661 0.000133620166434656 0 0
 608.249195376 0.000126675907633602 0 0
 611.631612913 0.000150890394962648 0 0
 615.01359974 0.00013502156948334 0 0
 618.395144325 0.000103542309294406 0 0
 621.776235136 6.180250293489e-005 0 0
 625.156860641 -1.56391327745051e-005 0 0
 628.537009308 0.000141045242377051 0 0
 631.916669605 0.000165278370455178 0 0
 635.29583 0.000110306603848223 0 0
 638.674478961 0.000170139401138139 0 0
 642.052604956 6.579239612597e-005 0 0
 645.430196453 0.000141990723289001 0 0
 648.80724192 0.000220390637740102 0 0
 652.183729825 0.000173127588077088 0 0
 655.559648636 0.000224086159529503 0 0
 658.934986821 0.00023325324501551 0 0
 662.309732848 0.000186718891555217 0 0
 665.683875185 0.000188277053838266 0 0
 669.0574023 6.07456037405146e-005 0 0
 672.430302661 0.00022783116508728 0 0
 675.802564736 0.000105421476451067 0 0
 679.174176993 0.000200154584851388 0 0
 682.5451279 0.000181829268675901 0 0
 685.915405925 0.000102741919192073 0 0
 689.284999536 0.000100334533617526 0 0
 692.653897201 0.000177100768407682 0 0
 696.022087388 0.000260973971963721 0 0
 699.389558565 0.000102500391488915 0 0
 702.7562992 0.000183596933256928 0 0
 706.122297761 0.000196406828523344 0 0
 709.487542716 0.000125403660455982 0 0
 712.852022533 0.000313033980877024 0 0
 716.21572568 0.000208284044180852 0 0
 719.578640625 0.000142483659031185 0 0
 722.940755836 0.000220599097365964 0 0
 726.302059781 0.000128278069808516 0 0
 729.662540928 0.000219014127995793 0 0
 733.022187745 0.000297932810853254 0 0
 736.3809887 0.000271094158178121 0 0
 739.738932261 0.000313048001717423 0 0
 743.096006896 0.000310804173806234 0 0
 746.452201073 0.00014962734730702 0 0
 749.80750326 0.000166899263445566 0 0
 753.161901925 0.000330995424290587 0 0
 756.515385536 0.00021230224508564 0 0
 759.867942561 0.000306179736363421 0 0
 763.219561468 0.000123055706158031 0 0
 766.570230725 0.000331077968524833 0 0
 769.9199388 0.000276240150142208 0 0
 773.268674161 0.000301304407414733 0 0
 776.616425276 0.000423884302091178 0 0
 779.963180613 0.000499966402404903 0 0
 783.30892864 0.000337220627160608 0 0
 786.653657825 0.00030395362397446 0 0
 789.997356636 0.000499677977779875 0 0
 793.340013541 0.000676911367448139 0 0
 796.681617008 0.000536834291157197 0 0
 800.022155505 0.000594609776618378 0 0
 803.3616175 0.000481515059474981 0 0
 806.699991461 0.000513483170001398 0 0
 810.037265856 0.000359446933812213 0 0
 813.373429153 0.000566618459188382 0 0
 816.70846982 0.000541179517164919 0 0
 820.042376325 0.000329859791590372 0 0
 823.375137136 0.0007476590108367 0 0
 826.706740721 0.000277570111609865 0 0
 830.037175548 9.64763654887763e-005 0 0
 833.366430085 0.000481300580451244 0 0
 836.6944928 0.000538049441571737 0 0
 840.021352161 0.000431884282136229 0 0
 843.346996636 0.000747515765841028 0 0
 846.671414693 0.00071927181857513 0 0
 849.9945948 0.000703044571590662 0 0
 853.316525425 0.000735735641700003 0 0
 856.637195036 0.000899302967535106 0 0
 859.956592101 0.000475719508711408 0 0
 863.274705088 0.000752523315103403 0 0
 866.591522465 0.0012155969277831 0 0
 869.9070327 0.000875595390436423 0 0
 873.221224261 0.00115415101044022 0 0
 876.534085616 0.00119530016332677 0 0
 879.845605233 0.0011340698820659 0 0
 883.15577158 0.00154632165371271 0 0
 886.464573125 0.00158742674040283 0 0
 889.771998336 0.00154910249328406 0 0
 893.078035681 0.000991452955144271 0 0
 896.382673628 0.00142354288678212 0 0
 899.685900645 0.00160552257374465 0 0
 902.9877052 0.00103626906207517 0 0
 906.288075761 0.000965873586395875 0 0
 909.587000796 0.00191535190119788 0 0
 912.884468773 0.00163948260417661 0 0
 916.18046816 0.00211246106860189 0 0
 919.474987425 0.00190429924094318 0 0
 922.768015036 0.00297315271360094 0 0
 926.059539461 0.00283403712437153 0 0
 929.349549168 0.00213004419172895 0 0
 932.638032625 0.0034519786462475 0 0
 935.9249783 0.00451297541045311 0 0
 939.210374661 0.00195344839433953 0 0
 942.494210176 0.00317539299285791 0 0
 945.776473313 0.00322256951622409 0 0
 949.05715254 0.00261679025340964 0 0
 952.336236325 0.00230707213979973 0 0
 955.613713136 0 0 0
 958.889571441 0 0 0
 962.163799708 0 0 0
 965.436386405 0 0 0
 968.70732 0 0 0
 971.976588961 0 0 0
 975.244181756 0 0 0
 978.510086853 0 0 0
 981.77429272 0 0 0
 985.036787825 0 0 0
 988.297560636 0 0 0
 991.556599621 0 0 0
 994.813893248 0 0 0
 998.069429985 0 0 0
 1001.3231983 0 0 0
 1004.575186661 0 0 0
 1007.825383536 0 0 0
 1011.073777393 0 0 0
 1014.3203567 0 0 0
 1017.565109925 0 0 0
 1020.808025536 0 0 0
 1024.049092001 0 0 0
 1027.288297788 0 0 0
 1030.525631365 0 0 0
 1033.7610812 0 0 0
 1036.994635761 0 0 0
 1040.226283516 0 0 0
 1043.456012933 0 0 0
 1046.68381248 0 0 0
 1049.909670625 0 0 0
 1053.133575836 0 0 0
 1056.355516581 0 0 0
 1059.575481328 0 0 0
 1062.793458545 0 0 0
 1066.0094367 0 0 0
 1069.223404261 0 0 0
 1072.435349696 0 0 0
 1075.645261473 0 0 0
 1078.85312806 0 0 0
 1082.058937925 0 0 0
 1085.262679536 0 0 0
 1088.464341361 0 0 0
 1091.663911868 0 0 0
 1094.861379525 0 0 0
 1098.0567328 0 0 0
 1101.249960161 0 0 0
 1104.441050076 0 0 0
 1107.629991013 0 0 0
 1110.81677144 0 0 0
 1114.001379825 0 0 0
 1117.183804636 0 0 0
 1120.364034341 0 0 0
 1123.542057408 0 0 0
 1126.717862305 0 0 0
 1129.8914375 0 0 0
 1133.062771461 0 0 0
 1136.231852656 0 0 0
 1139.398669553 0 0 0
 1142.56321062 0 0 0
 1145.725464325 0 0 0
 1148.885419136 0 0 0
[END] of [DATA]
[END] of [Spectrum]


#TBID:2021-07-11 03:00:00;SAM_84DC;RAW;

[Spectrum]
Version            = 1
IDData             = 96B1_2021-07-11_03-00-00_000_339
IDDevice           = SAM_84DC
IDDataType         = SPECTRUM
IDDataTypeSub1     = RAW
IDDataTypeSub2     = 
IDDataTypeSub3     = 
DateTime           = 2021-07-11 03:00:00
PositionLatitude   = 0
PositionLongitude  = 0
Comment            = 
CommentSub1        = 
CommentSub2        = 
CommentSub3        = 
IDMethodType       = SAM Control
MethodName         = SAM_84DC
Mission            = No Mission
MissionSub         = 1
RecordType         = 0
[Attributes]
CalFactor = 1
IDBasisSpec = 
IDDataBack = DLAB_2015-08-21_13-19-54_137_939
IDDataCal = DLAB_2015-08-24_10-46-55_592_608
IntegrationTime = 4096
P31 = -1
P31e = 0
PathLength = +INF
PathLengthCustomOn = 0
RAWDynamic = 65535
Salinity = 0
Temperature = -NAN
Unit1 = $05 $00 Pixel 
Unit2 = $03 $05 Intensity counts
Unit3 = $f0 $05 Error counts
Unit4 = $f1 $00 Status 
p999 = 33
[END] of [Attributes]
[DATA]
 0 11 0 0
 1 1883 0 0
 2 1872 0 0
 3 1894 0 0
 4 1901 0 0
 5 1908 0 0
 6 1902 0 0
 7 1916 0 0
 8 1920 0 0
 9 1922 0 0
 10 1919 0 0
 11 1921 0 0
 12 1918 0 0
 13 1922 0 0
 14 1932 0 0
 15 1915 0 0
 16 1931 0 0
 17 1933 0 0
 18 1923 0 0
 19 1930 0 0
 20 1930 0 0
 21 1931 0 0
 22 1946 0 0
 23 1947 0 0
 24 1952 0 0
 25 1944 0 0
 26 1955 0 0
 27 1951 0 0
 28 1948 0 0
 29 1946 0 0
 30 1937 0 0
 31 1948 0 0
 32 1950 0 0
 33 1941 0 0
 34 1952 0 0
 35 1942 0 0
 36 1950 0 0
 37 1953 0 0
 38 1948 0 0
 39 1943 0 0
 40 1952 0 0
 41 1944 0 0
 42 1947 0 0
 43 1949 0 0
 44 1945 0 0
 45 1947 0 0
 46 1945 0 0
 47 1946 0 0
 48 1944 0 0
 49 1944 0 0
 50 1940 0 0
 51 1936 0 0
 52 1942 0 0
 53 1940 0 0
 54 1942 0 0
 55 1941 0 0
 56 1939 0 0
 57 1942 0 0
 58 1945 0 0
 59 1946 0 0
 60 1945 0 0
 61 1942 0 0
 62 1935 0 0
 63 1939 0 0
 64 1942 0 0
 65 1939 0 0
 66 1924 0 0
 67 1937 0 0
 68 1940 0 0
 69 1937 0 0
 70 1939 0 0
 71 1938 0 0
 72 1942 0 0
 73 1945 0 0
 74 1938 0 0
 75 1934 0 0
 76 1939 0 0
 77 1939 0 0
 78 1932 0 0
 79 1939 0 0
 80 1933 0 0
 81 1940 0 0
 82 1932 0 0
 83 1942 0 0
 84 1934 0 0
 85 1941 0 0
 86 1934 0 0
 87 1932 0 0
 88 1923 0 0
 89 1924 0 0
 90 1915 0 0
 91 1913 0 0
 92 1913 0 0
 93 1909 0 0
 94 1918 0 0
 95 1918 0 0
 96 1906 0 0
 97 1916 0 0
 98 1909 0 0
 99 1919 0 0
 100 1921 0 0
 101 1914 0 0
 102 1918 0 0
 103 1921 0 0
 104 1926 0 0
 105 1925 0 0
 106 1922 0 0
 107 1933 0 0
 108 1927 0 0
 109 1926 0 0
 110 1925 0 0
 111 1931 0 0
 112 1928 0 0
 113 1918 0 0
 114 1929 0 0
 115 1932 0 0
 116 1918 0 0
 117 1922 0 0
 118 1922 0 0
 119 1922 0 0
 120 1916 0 0
 121 1928 0 0
 122 1920 0 0
 123 1932 0 0
 124 1925 0 0
 125 1919 0 0
 126 1924 0 0
 127 1926 0 0
 128 1919 0 0
 129 1922 0 0
 130 1929 0 0
 131 1919 0 0
 132 1925 0 0
 133 1919 0 0
 134 1924 0 0
 135 1923 0 0
 136 1919 0 0
 137 1928 0 0
 138 1918 0 0
 139 1921 0 0
 140 1918 0 0
 141 1926 0 0
 142 1922 0 0
 143 1926 0 0
 144 1916 0 0
 145 1914 0 0
 146 1920 0 0
 147 1922 0 0
 148 1922 0 0
 149 1926 0 0
 150 1919 0 0
 151 1917 0 0
 152 1918 0 0
 153 1929 0 0
 154 1923 0 0
 155 1922 0 0
 156 1915 0 0
 157 1916 0 0
 158 1916 0 0
 159 1922 0 0
 160 1920 0 0
 161 1917 0 0
 162 1914 0 0
 163 1912 0 0
 164 1916 0 0
 165 1918 0 0
 166 1924 0 0
 167 1926 0 0
 168 1916 0 0
 169 1916 0 0
 170 1917 0 0
 171 1928 0 0
 172 1911 0 0
 173 1925 0 0
 174 1917 0 0
 175 1920 0 0
 176 1921 0 0
 177 1915 0 0
 178 1918 0 0
 179 1916 0 0
 180 1915 0 0
 181 1920 0 0
 182 1915 0 0
 183 1914 0 0
 184 1920 0 0
 185 1916 0 0
 186 1922 0 0
 187 1925 0 0
 188 1917 0 0
 189 1915 0 0
 190 1915 0 0
 191 1916 0 0
 192 1928 0 0
 193 1923 0 0
 194 1918 0 0
 195 1916 0 0
 196 1924 0 0
 197 1923 0 0
 198 1912 0 0
 199 1932 0 0
 200 1923 0 0
 201 1928 0 0
 202 1917 0 0
 203 1930 0 0
 204 1925 0 0
 205 1930 0 0
 206 1932 0 0
 207 1929 0 0
 208 1920 0 0
 209 1925 0 0
 210 1920 0 0
 211 1923 0 0
 212 1918 0 0
 213 1918 0 0
 214 1923 0 0
 215 1928 0 0
 216 1927 0 0
 217 1931 0 0
 218 1931 0 0
 219 1928 0 0
 220 1934 0 0
 221 1937 0 0
 222 1927 0 0
 223 1940 0 0
 224 1927 0 0
 225 1940 0 0
 226 1936 0 0
 227 1932 0 0
 228 1939 0 0
 229 1934 0 0
 230 1937 0 0
 231 1940 0 0
 232 1944 0 0
 233 1940 0 0
 234 1937 0 0
 235 1946 0 0
 236 1942 0 0
 237 1951 0 0
 238 1946 0 0
 239 1948 0 0
 240 1956 0 0
 241 1947 0 0
 242 1946 0 0
 243 1948 0 0
 244 1947 0 0
 245 1952 0 0
 246 1953 0 0
 247 1952 0 0
 248 1960 0 0
 249 1947 0 0
 250 1930 0 0
 251 1931 0 0
 252 1924 0 0
 253 1901 0 0
 254 1872 0 0
 255 1910 0 0
[END] of [DATA]
[END] of [Spectrum]


#TBID:2021-07-11 03:00:00;SAM_84DC;CALIBRATED;

[Spectrum]
Version            = 1
IDData             = 96B1_2021-07-11_03-00-00_000_340
IDDevice           = SAM_84DC
IDDataType         = SPECTRUM
IDDataTypeSub1     = CALIBRATED
IDDataTypeSub2     = 
IDDataTypeSub3     = 
DateTime           = 2021-07-11 03:00:00
PositionLatitude   = 0
PositionLongitude  = 0
Comment            = 
CommentSub1        = 
CommentSub2        = 
CommentSub3        = 
IDMethodType       = SAM Control
MethodName         = SAM_84DC
Mission            = No Mission
MissionSub         = 1
RecordType         = 0
[Attributes]
CalFactor = 1
IDBasisSpec = 
IDDataBack = DLAB_2015-08-21_13-19-54_137_939
IDDataCal = DLAB_2015-08-24_10-46-55_592_608
IntegrationTime = 4096
P31 = -1
P31e = 0
PathLength = +INF
PathLengthCustomOn = 0
RAWDynamic = 65535
Salinity = 0
Temperature = -NAN
Unit1 = $01 $01 Wavelength nm
Unit2 = $03 $03 Intensity mW/(m^2 nm Sr)
Unit3 = $f0 $03 Error mW/(m^2 nm Sr)
Unit4 = $f1 $00 Status 
p999 = 33
[END] of [Attributes]
[DATA]
 0 11 0 0
 305.71650776488 0 0 0
 309.04007505697 0 0 0
 312.36416914304 0 0 0
 315.68877841375 0 0 0
 319.01389125976 -0.000796567583012827 0 0
 322.33949607173 -0.000722634215880373 0 0
 325.66558124032 -0.000587015139247398 0 0
 328.99213515619 -0.000324905560903706 0 0
 332.31914621 -0.000371932650315859 0 0
 335.64660279241 -0.000343919484211216 0 0
 338.97449329408 -0.000328714045225488 0 0
 342.30280610567 -0.000216467392067171 0 0
 345.63152961784 -0.000120546534199426 0 0
 348.96065222125 -0.000113308816537765 0 0
 352.29016230656 -0.000158832036138559 0 0
 355.62004826443 -1.9223884686903e-005 0 0
 358.95029848552 -7.41707457137936e-005 0 0
 362.28090136049 -0.00010341151936301 0 0
 365.61184528 -2.17611061921814e-005 0 0
 368.94311863471 2.55877996977387e-005 0 0
 372.27470981528 0.000101562625855672 0 0
 375.60660721237 0.000225815664103175 0 0
 378.93879921664 0.00026097931482624 0 0
 382.27127421875 0.000385272488042947 0 0
 385.60402060936 0.000363459284892345 0 0
 388.93702677913 0.000446144190100675 0 0
 392.27028111872 0.000354483552087341 0 0
 395.60377201879 0.000414432279358149 0 0
 398.93748787 0.000369855878265933 0 0
 402.27141706301 0.000221414631007699 0 0
 405.60554798848 0.000228509500630639 0 0
 408.93986903707 0.000280759175996616 0 0
 412.27436859944 0.000201075227504928 0 0
 415.60903506625 0.000252713223413584 0 0
 418.94385682816 0.000186879993612927 0 0
 422.27882227583 0.000144535978580679 0 0
 425.61391979992 0.000195280104457409 0 0
 428.94913779109 0.000168442353513591 0 0
 432.28446464 0.000151684501933692 0 0
 435.61988873731 0.000113895100287388 0 0
 438.95539847368 0.000101806399815133 0 0
 442.29098223977 0.000146628959417312 0 0
 445.62662842624 0.000143504928548838 0 0
 448.96232542375 8.12924802012552e-005 0 0
 452.29806162296 0.000118360796026953 0 0
 455.63382541453 5.13031438922675e-005 0 0
 458.96960518912 4.43455832988262e-005 0 0
 462.30538933739 0.000122433830930501 0 0
 465.64116625 0.000116643782742653 0 0
 468.97692431761 9.19908213490429e-005 0 0
 472.31265193088 1.78589674056167e-005 0 0
 475.64833748047 8.09280168090712e-005 0 0
 478.98396935704 9.15080881106657e-005 0 0
 482.31953595125 0.000114961518786096 0 0
 485.65502565376 4.84309526228042e-005 0 0
 488.99042685523 5.09077275195933e-005 0 0
 492.32572794632 3.68269334762392e-005 0 0
 495.66091731769 8.06563305770239e-005 0 0
 498.99598336 8.64898193490517e-006 0 0
 502.33091446391 8.32788217132652e-005 0 0
 505.66569902008 9.41195094319015e-006 0 0
 509.00032541917 1.50909878688714e-005 0 0
 512.33478205184 2.04377434912439e-005 0 0
 515.66905730875 4.03788830535735e-005 0 0
 519.00313958056 4.61870446290253e-005 0 0
 522.33701725793 -3.30992257750749e-005 0 0
 525.67067873152 -1.68971439131185e-005 0 0
 529.00411239199 -1.57866315361752e-006 0 0
 532.33730663 1.68071828874545e-005 0 0
 535.67024983621 -1.40632543062141e-005 0 0
 539.00293040128 -5.71872947411702e-005 0 0
 542.33533671587 5.68485707570256e-005 0 0
 545.66745717064 4.11607037091812e-005 0 0
 548.99928015625 -4.41314335120066e-005 0 0
 552.33079406336 -5.06776160638415e-006 0 0
 555.66198728263 -1.37612009481509e-005 0 0
 558.99284820472 -4.21466492104575e-006 0 0
 562.32336522029 -4.33376121486912e-006 0 0
 565.65352672 -3.83506323994792e-005 0 0
 568.98332109451 -3.15990168787727e-005 0 0
 572.31273673448 -3.56327399543253e-005 0 0
 575.64176203057 -4.35974700873016e-005 0 0
 578.97038537344 3.29346930720669e-005 0 0
 582.29859515375 2.74909108227056e-005 0 0
 585.62637976216 -6.0762394328441e-005 0 0
 588.95372758933 -7.73469701065054e-005 0 0
 592.28062702592 -0.000119111590404948 0 0
 595.60706646259 -0.000178377154416307 0 0
 598.93303429 -0.000260667449499389 0 0
 602.25851889881 -0.000250992482646413 0 0
 605.58350867968 -0.000376347836277252 0 0
 608.90799202327 -0.000381224527272411 0 0
 612.23195732024 -0.000433500781984588 0 0
 615.55539296125 -0.000364384838843796 0 0
 618.87828733696 -0.000354823840543192 0 0
 622.20062883803 -0.000451226334267327 0 0
 625.52240585512 -0.000431661730534194 0 0
 628.84360677889 -0.000425591409988721 0 0
 632.16422 -0.00032551585972523 0 0
 635.48423390911 -0.000327119382007776 0 0
 638.80363689688 -0.000384197908690989 0 0
 642.12241735397 -0.000388271290026131 0 0
 645.44056367104 -0.000309572484122966 0 0
 648.75806423875 -0.000222769076599052 0 0
 652.07490744776 -0.000308632079602067 0 0
 655.39108168873 -0.000339312586754755 0 0
 658.70657535232 -0.000270689182912895 0 0
 662.02137682919 -0.000258565994231666 0 0
 665.33547451 -0.000293447547664962 0 0
 668.64885678541 -0.000248583071185978 0 0
 671.96151204608 -0.000193814235964325 0 0
 675.27342868267 -0.000229865375426646 0 0
 678.58459508584 -0.000294824482457684 0 0
 681.89499964625 -0.000232804089705708 0 0
 685.20463075456 -0.000224797881908329 0 0
 688.51347680143 -0.000389590171618035 0 0
 691.82152617752 -0.000307964205252722 0 0
 695.12876727349 -0.000264442449465696 0 0
 698.43518848 -0.000322751065113778 0 0
 701.74077818771 -0.000277736141045503 0 0
 705.04552478728 -0.000364925612857391 0 0
 708.34941666937 -0.000319914923759588 0 0
 711.65244222464 -0.000202025990299643 0 0
 714.95458984375 -0.000349356443402782 0 0
 718.25584791736 -0.000346730715322544 0 0
 721.55620483613 -0.000369092821269106 0 0
 724.85564899072 -0.00030249259342926 0 0
 728.15416877179 -0.000382744231943066 0 0
 731.45175257 -0.000305788467688757 0 0
 734.74838877601 -0.000310707067164048 0 0
 738.04406578048 -0.000382612647896149 0 0
 741.33877197407 -0.000334162052277541 0 0
 744.63249574744 -0.000430988588273624 0 0
 747.92522549125 -0.000284456744708611 0 0
 751.21694959616 -0.000392781343631111 0 0
 754.50765645283 -0.000324877577706417 0 0
 757.79733445192 -0.000263086478849508 0 0
 761.08597198409 -0.000382806320326724 0 0
 764.37355744 -0.000393839599630418 0 0
 767.66007921031 -0.000403936946625447 0 0
 770.94552568568 -0.000374165821392789 0 0
 774.22988525677 -0.000307110130526882 0 0
 777.51314631424 -0.000332040247990616 0 0
 780.79529724875 -0.000547988625877353 0 0
 784.07632645096 -0.000497856398736259 0 0
 787.35622231153 -0.000400594910536609 0 0
 790.63497322112 -0.000392337474063841 0 0
 793.91256757039 -0.00052672002439649 0 0
 797.18899375 -0.000372034337243215 0 0
 800.46424015061 -0.000460875281406144 0 0
 803.73829516288 -0.0007345298158665 0 0
 807.01114717747 -0.00066474244636566 0 0
 810.28278458504 -0.000435983057338542 0 0
 813.55319577625 -0.000595474405572196 0 0
 816.82236914176 -0.000599142033045029 0 0
 820.09029307223 -0.000722985467742883 0 0
 823.35695595832 -0.00105769967087051 0 0
 826.62234619069 -0.000875370353824324 0 0
 829.88645216 -0.000791383759910977 0 0
 833.14926225691 -0.000889809752318814 0 0
 836.41076487208 -0.000775665891512691 0 0
 839.67094839617 -0.000782587792035949 0 0
 842.92980121984 -0.00114912658693493 0 0
 846.18731173375 -0.00108072243020904 0 0
 849.44346832856 -0.00114529201356092 0 0
 852.69825939493 -0.00115029308861106 0 0
 855.95167332352 -0.000911407995144218 0 0
 859.20369850499 -0.00149028423906378 0 0
 862.45432333 -0.00158159157263333 0 0
 865.70353618921 -0.00150805059620504 0 0
 868.95132547328 -0.00112051661124433 0 0
 872.19767957287 -0.00145955100837556 0 0
 875.44258687864 -0.00125647121517682 0 0
 878.68603578125 -0.00177077374096418 0 0
 881.92801467136 -0.0012991820596555 0 0
 885.16851193963 -0.00157220939989054 0 0
 888.40751597672 -0.00183843081880705 0 0
 891.64501517329 -0.00190307815261721 0 0
 894.88099792 -0.00158444702768411 0 0
 898.11545260751 -0.00188467973070426 0 0
 901.34836762648 -0.00136243751919259 0 0
 904.57973136757 -0.00235494205166414 0 0
 907.80953222144 -0.00265118506487021 0 0
 911.03775857875 -0.00183704692884117 0 0
 914.26439883016 -0.00256004003739886 0 0
 917.48944136633 -0.00206569607940266 0 0
 920.71287457792 -0.001726886228912 0 0
 923.93468685559 -0.00212380562773375 0 0
 927.15486659 -0.00240745222057382 0 0
 930.37340217181 -0.00284447095923557 0 0
 933.59028199168 -0.00326160817649633 0 0
 936.80549444027 -0.00292876124973166 0 0
 940.01902790824 -0.00283111000789193 0 0
 943.23087078625 -0.0034070022503411 0 0
 946.44101146496 -0.00321392822680421 0 0
 949.64943833503 -0.00374109196279984 0 0
 952.85613978712 -0.00323097517105765 0 0
 956.06110421189 0 0 0
 959.26432 0 0 0
 962.46577554211 0 0 0
 965.66545922888 0 0 0
 968.86335945097 0 0 0
 972.05946459904 0 0 0
 975.25376306375 0 0 0
 978.44624323576 0 0 0
 981.63689350573 0 0 0
 984.82570226432 0 0 0
 988.01265790219 0 0 0
 991.19774881 0 0 0
 994.38096337841 0 0 0
 997.56228999808 0 0 0
 1000.74171705967 0 0 0
 1003.91923295384 0 0 0
 1007.09482607125 0 0 0
 1010.26848480256 0 0 0
 1013.44019753843 0 0 0
 1016.60995266952 0 0 0
 1019.77773858649 0 0 0
 1022.94354368 0 0 0
 1026.10735634071 0 0 0
 1029.26916495928 0 0 0
 1032.42895792637 0 0 0
 1035.58672363264 0 0 0
 1038.74245046875 0 0 0
 1041.89612682536 0 0 0
 1045.04774109313 0 0 0
 1048.19728166272 0 0 0
 1051.34473692479 0 0 0
 1054.49009527 0 0 0
 1057.63334508901 0 0 0
 1060.77447477248 0 0 0
 1063.91347271107 0 0 0
 1067.05032729544 0 0 0
 1070.18502691625 0 0 0
 1073.31755996416 0 0 0
 1076.44791482983 0 0 0
 1079.57607990392 0 0 0
 1082.70204357709 0 0 0
 1085.82579424 0 0 0
 1088.94732028331 0 0 0
 1092.06661009768 0 0 0
 1095.18365207377 0 0 0
 1098.29843460224 0 0 0
 1101.41094607375 0 0 0
 1104.52117487896 0 0 0
 1107.62910940853 0 0 0
 1110.73473805312 0 0 0
 1113.83804920339 0 0 0
 1116.93903125 0 0 0
 1120.03767258361 0 0 0
 1123.13396159488 0 0 0
 1126.22788667447 0 0 0
 1129.31943621304 0 0 0
 1132.40859860125 0 0 0
 1135.49536222976 0 0 0
[END] of [DATA]
[END] of [Spectrum]


#TBID:2021-07-11 03:00:00;SAM_84CE;RAW;

[Spectrum]
Version            = 1
IDData             = 96B1_2021-07-11_03-00-00_000_342
IDDevice           = SAM_84CE
IDDataType         = SPECTRUM
IDDataTypeSub1     = RAW
IDDataTypeSub2     = 
IDDataTypeSub3     = 
DateTime           = 2021-07-11 03:00:00
PositionLatitude   = 0
PositionLongitude  = 0
Comment            = 
CommentSub1        = 
CommentSub2        = 
CommentSub3        = 
IDMethodType       = SAM Control
MethodName         = SAM_84CE
Mission            = No Mission
MissionSub         = 1
RecordType         = 0
[Attributes]
CalFactor = 1
IDBasisSpec = 
IDDataBack = DLAB_2015-08-21_11-56-43_233_004
IDDataCal = DLAB_2015-08-26_10-05-37_585_478
IntegrationTime = 4096
P31 = -1
P31e = 0
PathLength = +INF
PathLengthCustomOn = 0
RAWDynamic = 65535
Salinity = 0
Temperature = -NAN
Unit1 = $05 $00 Pixel 
Unit2 = $03 $05 Intensity counts
Unit3 = $f0 $05 Error counts
Unit4 = $f1 $00 Status 
p999 = 33
[END] of [Attributes]
[DATA]
 0 11 0 0
 1 1794 0 0
 2 1799 0 0
 3 1799 0 0
 4 1814 0 0
 5 1817 0 0
 6 1817 0 0
 7 1817 0 0
 8 1826 0 0
 9 1832 0 0
 10 1829 0 0
 11 1835 0 0
 12 1841 0 0
 13 1836 0 0
 14 1836 0 0
 15 1840 0 0
 16 1840 0 0
 17 1836 0 0
 18 1845 0 0
 19 1840 0 0
 20 1853 0 0
 21 1852 0 0
 22 1853 0 0
 23 1866 0 0
 24 1856 0 0
 25 1861 0 0
 26 1865 0 0
 27 1870 0 0
 28 1854 0 0
 29 1858 0 0
 30 1855 0 0
 31 1862 0 0
 32 1858 0 0
 33 1861 0 0
 34 1855 0 0
 35 1854 0 0
 36 1862 0 0
 37 1850 0 0
 38 1861 0 0
 39 1860 0 0
 40 1862 0 0
 41 1852 0 0
 42 1855 0 0
 43 1858 0 0
 44 1854 0 0
 45 1853 0 0
 46 1863 0 0
 47 1864 0 0
 48 1856 0 0
 49 1856 0 0
 50 1860 0 0
 51 1853 0 0
 52 1857 0 0
 53 1857 0 0
 54 1858 0 0
 55 1858 0 0
 56 1859 0 0
 57 1854 0 0
 58 1858 0 0
 59 1857 0 0
 60 1856 0 0
 61 1859 0 0
 62 1864 0 0
 63 1861 0 0
 64 1856 0 0
 65 1860 0 0
 66 1864 0 0
 67 1858 0 0
 68 1859 0 0
 69 1857 0 0
 70 1849 0 0
 71 1859 0 0
 72 1858 0 0
 73 1857 0 0
 74 1857 0 0
 75 1866 0 0
 76 1867 0 0
 77 1854 0 0
 78 1862 0 0
 79 1866 0 0
 80 1870 0 0
 81 1870 0 0
 82 1861 0 0
 83 1860 0 0
 84 1860 0 0
 85 1861 0 0
 86 1865 0 0
 87 1864 0 0
 88 1860 0 0
 89 1858 0 0
 90 1868 0 0
 91 1868 0 0
 92 1864 0 0
 93 1870 0 0
 94 1864 0 0
 95 1856 0 0
 96 1864 0 0
 97 1866 0 0
 98 1871 0 0
 99 1874 0 0
 100 1866 0 0
 101 1868 0 0
 102 1866 0 0
 103 1870 0 0
 104 1870 0 0
 105 1870 0 0
 106 1868 0 0
 107 1868 0 0
 108 1872 0 0
 109 1875 0 0
 110 1873 0 0
 111 1882 0 0
 112 1877 0 0
 113 1870 0 0
 114 1870 0 0
 115 1870 0 0
 116 1869 0 0
 117 1876 0 0
 118 1876 0 0
 119 1875 0 0
 120 1876 0 0
 121 1873 0 0
 122 1872 0 0
 123 1864 0 0
 124 1872 0 0
 125 1873 0 0
 126 1882 0 0
 127 1870 0 0
 128 1870 0 0
 129 1876 0 0
 130 1868 0 0
 131 1879 0 0
 132 1873 0 0
 133 1871 0 0
 134 1873 0 0
 135 1876 0 0
 136 1877 0 0
 137 1882 0 0
 138 1869 0 0
 139 1876 0 0
 140 1871 0 0
 141 1875 0 0
 142 1871 0 0
 143 1880 0 0
 144 1875 0 0
 145 1881 0 0
 146 1880 0 0
 147 1865 0 0
 148 1879 0 0
 149 1874 0 0
 150 1874 0 0
 151 1877 0 0
 152 1875 0 0
 153 1883 0 0
 154 1878 0 0
 155 1872 0 0
 156 1874 0 0
 157 1874 0 0
 158 1875 0 0
 159 1878 0 0
 160 1876 0 0
 161 1882 0 0
 162 1880 0 0
 163 1870 0 0
 164 1878 0 0
 165 1878 0 0
 166 1876 0 0
 167 1879 0 0
 168 1880 0 0
 169 1877 0 0
 170 1876 0 0
 171 1881 0 0
 172 1882 0 0
 173 1875 0 0
 174 1873 0 0
 175 1878 0 0
 176 1882 0 0
 177 1877 0 0
 178 1876 0 0
 179 1881 0 0
 180 1884 0 0
 181 1878 0 0
 182 1879 0 0
 183 1869 0 0
 184 1868 0 0
 185 1881 0 0
 186 1878 0 0
 187 1878 0 0
 188 1878 0 0
 189 1871 0 0
 190 1875 0 0
 191 1881 0 0
 192 1874 0 0
 193 1880 0 0
 194 1876 0 0
 195 1877 0 0
 196 1873 0 0
 197 1872 0 0
 198 1888 0 0
 199 1870 0 0
 200 1876 0 0
 201 1879 0 0
 202 1873 0 0
 203 1879 0 0
 204 1874 0 0
 205 1878 0 0
 206 1886 0 0
 207 1881 0 0
 208 1874 0 0
 209 1873 0 0
 210 1872 0 0
 211 1871 0 0
 212 1880 0 0
 213 1880 0 0
 214 1875 0 0
 215 1882 0 0
 216 1884 0 0
 217 1878 0 0
 218 1876 0 0
 219 1875 0 0
 220 1874 0 0
 221 1880 0 0
 222 1876 0 0
 223 1875 0 0
 224 1876 0 0
 225 1874 0 0
 226 1877 0 0
 227 1883 0 0
 228 1868 0 0
 229 1885 0 0
 230 1880 0 0
 231 1879 0 0
 232 1883 0 0
 233 1877 0 0
 234 1876 0 0
 235 1884 0 0
 236 1870 0 0
 237 1878 0 0
 238 1877 0 0
 239 1878 0 0
 240 1876 0 0
 241 1879 0 0
 242 1874 0 0
 243 1882 0 0
 244 1875 0 0
 245 1876 0 0
 246 1865 0 0
 247 1873 0 0
 248 1864 0 0
 249 1864 0 0
 250 1847 0 0
 251 1851 0 0
 252 1831 0 0
 253 1821 0 0
 254 1809 0 0
 255 1859 0 0
[END] of [DATA]
[END] of [Spectrum]


#TBID:2021-07-11 03:00:00;SAM_84CE;CALIBRATED;

[Spectrum]
Version            = 1
IDData             = 96B1_2021-07-11_03-00-00_000_343
IDDevice           = SAM_84CE
IDDataType         = SPECTRUM
IDDataTypeSub1     = CALIBRATED
IDDataTypeSub2     = 
IDDataTypeSub3     = 
DateTime           = 2021-07-11 03:00:00
PositionLatitude   = 0
PositionLongitude  = 0
Comment            = 
CommentSub1        = 
CommentSub2        = 
CommentSub3        = 
IDMethodType       = SAM Control
MethodName         = SAM_84CE
Mission            = No Mission
MissionSub         = 1
RecordType         = 0
[Attributes]
CalFactor = 1
IDBasisSpec = 
IDDataBack = DLAB_2015-08-21_11-56-43_233_004
IDDataCal = DLAB_2015-08-26_10-05-37_585_478
IntegrationTime = 4096
P31 = -1
P31e = 0
PathLength = +INF
PathLengthCustomOn = 0
RAWDynamic = 65535
Salinity = 0
Temperature = -NAN
Unit1 = $01 $01 Wavelength nm
Unit2 = $03 $06 Intensity mW/(m^2 nm)
Unit3 = $f0 $06 Error mW/(m^2 nm)
Unit4 = $f1 $00 Status 
p999 = 33
[END] of [Attributes]
[DATA]
 0 11 0 0
 303.485180022 0 0 0
 306.85638880275 0 0 0
 310.228324544 0 0 0
 313.60097308125 0 0 0
 316.97432025 -0.0165924388939312 0 0
 320.34835188575 -0.0125480557163265 0 0
 323.723053824 -0.0105526547306277 0 0
 327.09841190025 -0.00750860069583183 0 0
 330.47441195 -0.00739156064658708 0 0
 333.85103980875 -0.00726887065937209 0 0
 337.228281312 -0.0057421676652998 0 0
 340.60612229525 -0.00355247219201344 0 0
 343.984548594 -0.00462598119586387 0 0
 347.36354604375 -0.00561939329856324 0 0
 350.74310048 -0.00225750436115999 0 0
 354.12319773825 -0.00247212398969333 0 0
 357.503823654 -0.00222468010139821 0 0
 360.88496406275 -0.00128944005501311 0 0
 364.2666048 -0.00105033933631229 0 0
 367.64873170125 -0.00059150351689581 0 0
 371.031330602 -0.00020228203093489 0 0
 374.41438733775 0.000421506112653816 0 0
 377.797887744 0.000366229659851509 0 0
 381.18181765625 0.000221210427446992 0 0
 384.56616291 0.00119908923381295 0 0
 387.95090934075 0.00105397220705779 0 0
 391.336042784 0.00176163941267411 0 0
 394.72154907525 0.000931511599383208 0 0
 398.10741405 0.00120748198551371 0 0
 401.49362354375 0.000475269568503985 0 0
 404.880163392 0.000231419511028517 0 0
 408.26701943025 0.000164394140147637 0 0
 411.654177494 0.00119295216825983 0 0
 415.04162341875 0.000630358756956782 0 0
 418.42934304 0.00076975465186176 0 0
 421.81732219325 0.000594111038102919 0 0
 425.205546714 0.000301582093037899 0 0
 428.59400243775 0.000324883356492433 0 0
 431.9826752 0.000626315047067912 0 0
 435.37155083625 0.000749149043411347 0 0
 438.760615182 -0.000157285514563052 0 0
 442.14985407275 -7.88410914174728e-005 0 0
 445.539253344 0.00033402210245476 0 0
 448.92879883125 0.000578417244993227 0 0
 452.31847637 0.000516756586264168 0 0
 455.70827179575 0.00042389235691191 0 0
 459.098170944 0.000170909617347114 0 0
 462.48815965025 4.83193511450558e-006 0 0
 465.87822375 4.09285835058751e-005 0 0
 469.26834907875 0.000279495013380429 0 0
 472.658521472 0.000267476952048662 0 0
 476.04872676525 0.000820297786999548 0 0
 479.438950794 -5.19647048707734e-005 0 0
 482.82917939375 -0.000301536255398991 0 0
 486.2193984 0.000777174891410308 0 0
 489.60959364825 0.000991515615492722 0 0
 492.999750974 0.000226801626553933 0 0
 496.38985621275 0.000121731547137946 0 0
 499.7798952 0.000411520179974271 0 0
 503.16985377125 0.0008617099735784 0 0
 506.559717762 0.000632457322290001 0 0
 509.94947300775 0.000275850686452382 0 0
 513.339105344 0.00040170631552221 0 0
 516.72860060625 -7.33743384552811e-005 0 0
 520.11794463 0.000818942796469586 0 0
 523.50712325075 0.000171504910505113 0 0
 526.896122304 0.000248168613371335 0 0
 530.28492762525 0.00012253617434799 0 0
 533.67352505 0.000836965793223447 0 0
 537.06190041375 0.000642947073934238 0 0
 540.450039552 0.000883032965128802 0 0
 543.83792830025 0.000280934583694152 0 0
 547.225552494 -5.27263822172787e-005 0 0
 550.61289796875 0.000373081216581715 0 0
 553.99995056 0.00112611550895371 0 0
 557.38669610325 0.000356443797326652 0 0
 560.773120434 -1.44696002330845e-005 0 0
 564.15920938775 0.00125347784144614 0 0
 567.5449488 0.000949367107155461 0 0
 570.93032450625 0.00125488113208943 0 0
 574.315322342 0.00117872794275372 0 0
 577.69992814275 0.000745654711826139 0 0
 581.084127744 0.000916001867234877 0 0
 584.46790698125 0.00081393461215822 0 0
 587.85125169 0.000834570188954686 0 0
 591.23414770575 0.00114405112671669 0 0
 594.616580864 0.000856785561407684 0 0
 597.99853700025 0.000665370121873793 0 0
 601.38000195 0.000358478324427105 0 0
 604.76096154875 0.000713894263510347 0 0
 608.141401632 0.000932149037648073 0 0
 611.52130803525 0.000608644838654299 0 0
 614.900666594 0.000727491297130577 0 0
 618.27946314375 0.00100888774257466 0 0
 621.65768352 0.000347796616173845 0 0
 625.03531355825 0.00157993402847968 0 0
 628.412339094 0.000826087983094362 0 0
 631.78874596275 0.00105517887553401 0 0
 635.16452 0.00188333447964349 0 0
 638.53964704125 0.000688381948079886 0 0
 641.914112922 0.00181437133215831 0 0
 645.28790347775 0.000893857920792035 0 0
 648.661004544 0.00137093866042893 0 0
 652.03340195625 0.00212868949312818 0 0
 655.40508155 0.00116838235240744 0 0
 658.77602916075 0.00135467108749409 0 0
 662.146230624 0.00198029122851953 0 0
 665.51567177525 0.00283865841858739 0 0
 668.88433845 0.00155511268645735 0 0
 672.25221648375 0.00291287554913117 0 0
 675.619291712 0.00281726522528777 0 0
 678.98554997025 0.00314632641837893 0 0
 682.350977094 0.00260195097369029 0 0
 685.71555891875 0.00161815334249871 0 0
 689.07928128 0.00221909394514603 0 0
 692.44213001325 0.0026714788788841 0 0
 695.804090954 0.00255898602850178 0 0
 699.16514993775 0.00308985808839771 0 0
 702.5252928 0.00271872783072811 0 0
 705.88450537625 0.00275084298648729 0 0
 709.242773502 0.00292836878362324 0 0
 712.60008301275 0.00189342114159029 0 0
 715.956419744 0.00106088494862824 0 0
 719.31176953125 0.00260033682086515 0 0
 722.66611821 0.00311272331482065 0 0
 726.01945161575 0.00337842153475786 0 0
 729.371755584 0.00269686273050428 0 0
 732.72301595025 0.00199586542878375 0 0
 736.07321855 0.00372213884969769 0 0
 739.42234921875 0.00270349420497479 0 0
 742.770393792 0.00245151803360273 0 0
 746.11733810525 0.00325956761022801 0 0
 749.463167994 0.00269149009246902 0 0
 752.80786929375 0.00308717665088813 0 0
 756.15142784 0.00353861126307532 0 0
 759.49382946825 0.00420429449493294 0 0
 762.835060014 0.00401983679327985 0 0
 766.17510531275 0.00395657711480476 0 0
 769.5139512 0.00282336541068944 0 0
 772.85158351125 0.00393520069923023 0 0
 776.187988082 0.003715732184608 0 0
 779.52315074775 0.00346248217965034 0 0
 782.857057344 0.00557674030511288 0 0
 786.18969370625 0.00402004757293962 0 0
 789.52104567 0.00337943631215395 0 0
 792.85109907075 0.0044277653543873 0 0
 796.179839744 0.00332413379877266 0 0
 799.50725352525 0.0052761256962702 0 0
 802.83332625 0.00523364055262544 0 0
 806.15804375375 0.00576628935414175 0 0
 809.481391872 0.00743804158870128 0 0
 812.80335644025 0.00664715333309207 0 0
 816.123923294 0.00781695401346899 0 0
 819.44307826875 0.00699038299132563 0 0
 822.7608072 0.00495775156180027 0 0
 826.07709592325 0.00648951771097107 0 0
 829.391930274 0.00539734655666959 0 0
 832.70529608775 0.00904762877609661 0 0
 836.0171792 0.00775914091322973 0 0
 839.32756544625 0.00656141262388577 0 0
 842.636440662 0.00909999411946988 0 0
 845.94379068275 0.00958949276311269 0 0
 849.249601344 0.00469725827633459 0 0
 852.55385848125 0.00944786691475658 0 0
 855.85654793 0.0117508384763891 0 0
 859.15765552575 0.011565268982979 0 0
 862.457167104 0.0125502194029666 0 0
 865.75506850025 0.0143773432853285 0 0
 869.05134555 0.00961047570015993 0 0
 872.34598408875 0.00848059049823128 0 0
 875.638969952 0.0120018896436637 0 0
 878.93028897525 0.0159995554808992 0 0
 882.219926994 0.0111277372881082 0 0
 885.50786984375 0.0134663381924478 0 0
 888.79410336 0.0138289310267632 0 0
 892.07861337825 0.0187879615243034 0 0
 895.361385734 0.0140037375356078 0 0
 898.64240626275 0.0102211743079876 0 0
 901.9216608 0.0179678553091825 0 0
 905.19913518125 0.0208543491825002 0 0
 908.474815242 0.0163737717733627 0 0
 911.74868681775 0.0198691523304052 0 0
 915.020735744 0.0179695464898466 0 0
 918.29094785625 0.0151630529598684 0 0
 921.55930899 0.0262797413058347 0 0
 924.82580498075 0.0181658689428455 0 0
 928.090421664 0.0165487165422236 0 0
 931.35314487525 0.027059211997798 0 0
 934.61396045 0.0153886743254822 0 0
 937.87285422375 0.022805104101567 0 0
 941.129812032 0.0294561313093632 0 0
 944.38481971025 0.0236492972184698 0 0
 947.637863094 0.0366299974164341 0 0
 950.88892801875 0.0328293730301059 0 0
 954.13800032 0 0 0
 957.38506583325 0 0 0
 960.630110394 0 0 0
 963.87311983775 0 0 0
 967.11408 0 0 0
 970.35297671625 0 0 0
 973.589795822 0 0 0
 976.82452315275 0 0 0
 980.057144544 0 0 0
 983.28764583125 0 0 0
 986.51601285 0 0 0
 989.74223143575 0 0 0
 992.966287424 0 0 0
 996.18816665025 0 0 0
 999.40785495 0 0 0
 1002.62533815875 0 0 0
 1005.840602112 0 0 0
 1009.05363264525 0 0 0
 1012.264415594 0 0 0
 1015.47293679375 0 0 0
 1018.67918208 0 0 0
 1021.88313728825 0 0 0
 1025.084788254 0 0 0
 1028.28412081275 0 0 0
 1031.4811208 0 0 0
 1034.67577405125 0 0 0
 1037.868066402 0 0 0
 1041.05798368775 0 0 0
 1044.245511744 0 0 0
 1047.43063640625 0 0 0
 1050.61334351 0 0 0
 1053.79361889075 0 0 0
 1056.971448384 0 0 0
 1060.14681782525 0 0 0
 1063.31971305 0 0 0
 1066.49011989375 0 0 0
 1069.658024192 0 0 0
 1072.82341178025 0 0 0
 1075.986268494 0 0 0
 1079.14658016875 0 0 0
 1082.30433264 0 0 0
 1085.45951174325 0 0 0
 1088.612103314 0 0 0
 1091.76209318775 0 0 0
 1094.9094672 0 0 0
 1098.05421118625 0 0 0
 1101.196310982 0 0 0
 1104.33575242275 0 0 0
 1107.472521344 0 0 0
 1110.60660358125 0 0 0
 1113.73798497 0 0 0
 1116.86665134575 0 0 0
 1119.992588544 0 0 0
 1123.11578240025 0 0 0
 1126.23621875 0 0 0
 1129.35388342875 0 0 0
 1132.468762272 0 0 0
 1135.58084111525 0 0 0
 1138.690105794 0 0 0
 1141.79654214375 0 0 0
 1144.900136 0 0 0
[END] of [DATA]
[END] of [Spectrum]


#TBID:2021-07-11 03:00:00;SAM_84C8;RAW;

[Spectrum]
Version            = 1
IDData             = 96B1_2021-07-11_03-00-00_000_345
IDDevice           = SAM_84C8
IDDataType         = SPECTRUM
IDDataTypeSub1     = RAW
IDDataTypeSub2     = 
IDDataTypeSub3     = 
DateTime           = 2021-07-11 03:00:00
PositionLatitude   = 0
PositionLongitude  = 0
Comment            = 
CommentSub1        = 
CommentSub2        = 
CommentSub3        = 
IDMethodType       = SAM Control
MethodName         = SAM_84C8
Mission            = No Mission
MissionSub         = 1
RecordType         = 0
[Attributes]
CalFactor = 1
IDBasisSpec = 
IDDataBack = DLAB_2015-08-21_12-14-03_013_778
IDDataCal = DLAB_2015-08-24_11-04-47_772_747
IntegrationTime = 4096
P31 = -1
P31e = 0
PathLength = +INF
PathLengthCustomOn = 0
RAWDynamic = 65535
Salinity = 0
Temperature = -NAN
Unit1 = $05 $00 Pixel 
Unit2 = $03 $05 Intensity counts
Unit3 = $f0 $05 Error counts
Unit4 = $f1 $00 Status 
p999 = 33
[END] of [Attributes]
[DATA]
 0 11 0 0
 1 1819 0 0
 2 1809 0 0
 3 1803 0 0
 4 1804 0 0
 5 1810 0 0
 6 1807 0 0
 7 1804 0 0
 8 1803 0 0
 9 1815 0 0
 10 1813 0 0
 11 1813 0 0
 12 1825 0 0
 13 1826 0 0
 14 1830 0 0
 15 1830 0 0
 16 1838 0 0
 17 1846 0 0
 18 1838 0 0
 19 1850 0 0
 20 1848 0 0
 21 1846 0 0
 22 1856 0 0
 23 1864 0 0
 24 1865 0 0
 25 1858 0 0
 26 1852 0 0
 27 1849 0 0
 28 1861 0 0
 29 1857 0 0
 30 1863 0 0
 31 1857 0 0
 32 1857 0 0
 33 1858 0 0
 34 1857 0 0
 35 1851 0 0
 36 1854 0 0
 37 1868 0 0
 38 1857 0 0
 39 1850 0 0
 40 1857 0 0
 41 1858 0 0
 42 1856 0 0
 43 1858 0 0
 44 1854 0 0
 45 1866 0 0
 46 1858 0 0
 47 1860 0 0
 48 1866 0 0
 49 1869 0 0
 50 1856 0 0
 51 1865 0 0
 52 1867 0 0
 53 1861 0 0
 54 1851 0 0
 55 1859 0 0
 56 1858 0 0
 57 1869 0 0
 58 1861 0 0
 59 1859 0 0
 60 1859 0 0
 61 1865 0 0
 62 1874 0 0
 63 1868 0 0
 64 1860 0 0
 65 1859 0 0
 66 1861 0 0
 67 1863 0 0
 68 1874 0 0
 69 1858 0 0
 70 1869 0 0
 71 1869 0 0
 72 1872 0 0
 73 1868 0 0
 74 1868 0 0
 75 1868 0 0
 76 1874 0 0
 77 1873 0 0
 78 1868 0 0
 79 1877 0 0
 80 1875 0 0
 81 1880 0 0
 82 1881 0 0
 83 1884 0 0
 84 1880 0 0
 85 1869 0 0
 86 1872 0 0
 87 1880 0 0
 88 1871 0 0
 89 1870 0 0
 90 1879 0 0
 91 1878 0 0
 92 1878 0 0
 93 1864 0 0
 94 1878 0 0
 95 1873 0 0
 96 1878 0 0
 97 1877 0 0
 98 1875 0 0
 99 1868 0 0
 100 1882 0 0
 101 1884 0 0
 102 1878 0 0
 103 1871 0 0
 104 1877 0 0
 105 1886 0 0
 106 1878 0 0
 107 1875 0 0
 108 1873 0 0
 109 1874 0 0
 110 1886 0 0
 111 1894 0 0
 112 1877 0 0
 113 1880 0 0
 114 1876 0 0
 115 1886 0 0
 116 1885 0 0
 117 1874 0 0
 118 1877 0 0
 119 1884 0 0
 120 1872 0 0
 121 1876 0 0
 122 1872 0 0
 123 1875 0 0
 124 1874 0 0
 125 1884 0 0
 126 1878 0 0
 127 1887 0 0
 128 1880 0 0
 129 1883 0 0
 130 1881 0 0
 131 1882 0 0
 132 1885 0 0
 133 1949 0 0
 134 1887 0 0
 135 1885 0 0
 136 1880 0 0
 137 1882 0 0
 138 1877 0 0
 139 1891 0 0
 140 1881 0 0
 141 1880 0 0
 142 1884 0 0
 143 1887 0 0
 144 1891 0 0
 145 1892 0 0
 146 1885 0 0
 147 1880 0 0
 148 1887 0 0
 149 1886 0 0
 150 1888 0 0
 151 1885 0 0
 152 1895 0 0
 153 1890 0 0
 154 1884 0 0
 155 1884 0 0
 156 1889 0 0
 157 1882 0 0
 158 1888 0 0
 159 1877 0 0
 160 1884 0 0
 161 1885 0 0
 162 1889 0 0
 163 1877 0 0
 164 1879 0 0
 165 1886 0 0
 166 1884 0 0
 167 1892 0 0
 168 1886 0 0
 169 1883 0 0
 170 1884 0 0
 171 1885 0 0
 172 1886 0 0
 173 1876 0 0
 174 1882 0 0
 175 1892 0 0
 176 1881 0 0
 177 1884 0 0
 178 1884 0 0
 179 1886 0 0
 180 1886 0 0
 181 1887 0 0
 182 1884 0 0
 183 1889 0 0
 184 1882 0 0
 185 1885 0 0
 186 1886 0 0
 187 1894 0 0
 188 1888 0 0
 189 1884 0 0
 190 1877 0 0
 191 1886 0 0
 192 1890 0 0
 193 1874 0 0
 194 1886 0 0
 195 1888 0 0
 196 1872 0 0
 197 1882 0 0
 198 1884 0 0
 199 1880 0 0
 200 1880 0 0
 201 1887 0 0
 202 1883 0 0
 203 1884 0 0
 204 1885 0 0
 205 1884 0 0
 206 1882 0 0
 207 1886 0 0
 208 1879 0 0
 209 1877 0 0
 210 1876 0 0
 211 1883 0 0
 212 1882 0 0
 213 1889 0 0
 214 1888 0 0
 215 1887 0 0
 216 1884 0 0
 217 1888 0 0
 218 1884 0 0
 219 1894 0 0
 220 1885 0 0
 221 1889 0 0
 222 1888 0 0
 223 1890 0 0
 224 1889 0 0
 225 1894 0 0
 226 1889 0 0
 227 1888 0 0
 228 1881 0 0
 229 1884 0 0
 230 1884 0 0
 231 1887 0 0
 232 1890 0 0
 233 1876 0 0
 234 1888 0 0
 235 1882 0 0
 236 1886 0 0
 237 1883 0 0
 238 1886 0 0
 239 1883 0 0
 240 1891 0 0
 241 1895 0 0
 242 1893 0 0
 243 1885 0 0
 244 1890 0 0
 245 1886 0 0
 246 1875 0 0
 247 1877 0 0
 248 1880 0 0
 249 1870 0 0
 250 1871 0 0
 251 1852 0 0
 252 1841 0 0
 253 1830 0 0
 254 1810 0 0
 255 1843 0 0
[END] of [DATA]
[END] of [Spectrum]


#TBID:2021-07-11 03:00:00;SAM_84C8;CALIBRATED;

[Spectrum]
Version            = 1
IDData             = 96B1_2021-07-11_03-00-00_000_346
IDDevice           = SAM_84C8
IDDataType         = SPECTRUM
IDDataTypeSub1     = CALIBRATED
IDDataTypeSub2     = 
IDDataTypeSub3     = 
DateTime           = 2021-07-11 03:00:00
PositionLatitude   = 0
PositionLongitude  = 0
Comment            = 
CommentSub1        = 
CommentSub2        = 
CommentSub3        = 
IDMethodType       = SAM Control
MethodName         = SAM_84C8
Mission            = No Mission
MissionSub         = 1
RecordType         = 0
[Attributes]
CalFactor = 1
IDBasisSpec = 
IDDataBack = DLAB_2015-08-21_12-14-03_013_778
IDDataCal = DLAB_2015-08-24_11-04-47_772_747
IntegrationTime = 4096
P31 = -1
P31e = 0
PathLength = +INF
PathLengthCustomOn = 0
RAWDynamic = 65535
Salinity = 0
Temperature = -NAN
Unit1 = $01 $01 Wavelength nm
Unit2 = $03 $03 Intensity mW/(m^2 nm Sr)
Unit3 = $f0 $03 Error mW/(m^2 nm Sr)
Unit4 = $f1 $00 Status 
p999 = 33
[END] of [Attributes]
[DATA]
 0 11 0 0
 303.516048156 0 0 0
 306.890006053 0 0 0
 310.26457112 0 0 0
 313.639731825 0 0 0
 317.015476636 -0.0025267674501368 0 0
 320.391794021 -0.00249287163740982 0 0
 323.768672448 -0.00228011469054675 0 0
 327.146100385 -0.0021002847743546 0 0
 330.5240663 -0.00165601046363437 0 0
 333.902558661 -0.00143798722248161 0 0
 337.281565936 -0.00166512598826745 0 0
 340.661076593 -0.00130035680244716 0 0
 344.0410791 -0.0009591464057333 0 0
 347.421561925 -0.000787993869043549 0 0
 350.802513536 -0.000791349191259577 0 0
 354.183922401 -0.000570386300566256 0 0
 357.565776988 -0.000420400257074812 0 0
 360.948065765 -0.000519325840992499 0 0
 364.3307772 -0.000297621243895828 0 0
 367.713899761 -0.000268256745277399 0 0
 371.097421916 -0.00035861052237658 0 0
 374.481332133 -0.000210781887595204 0 0
 377.86561888 -6.99644028389975e-005 0 0
 381.250270625 -8.67007154774592e-005 0 0
 384.635275836 -0.000162707318897335 0 0
 388.020622981 -0.000136383510000649 0 0
 391.406300528 -0.000298370556530518 0 0
 394.792296945 -0.000129380591063178 0 0
 398.1786007 -0.000159366850374563 0 0
 401.565200261 -0.000109840872112346 0 0
 404.952084096 -0.000161450359816261 0 0
 408.339240673 -0.000153240523689334 0 0
 411.72665846 -5.71526332770662e-005 0 0
 415.114325925 -7.91430759939278e-005 0 0
 418.502231536 -0.000138469594002464 0 0
 421.890363761 -0.000165946896744039 0 0
 425.278711068 -0.000119719862846138 0 0
 428.667261925 -0.000122479214363483 0 0
 432.0560048 -0.000113897721591202 0 0
 435.444928161 -6.12300906973746e-005 0 0
 438.834020476 -8.99057422118321e-005 0 0
 442.223270213 -7.45980432382316e-005 0 0
 445.61266584 -9.301882482615e-005 0 0
 449.002195825 -8.02760922896116e-005 0 0
 452.391848636 -4.74631263773185e-005 0 0
 455.781612741 -9.56934836653334e-005 0 0
 459.171476608 -5.19306579717106e-005 0 0
 462.561428705 -2.21516886108845e-005 0 0
 465.9514575 -3.13793262632012e-005 0 0
 469.341551461 -8.39542535890052e-005 0 0
 472.731699056 -4.65370574357065e-005 0 0
 476.121888753 -1.25483315468503e-005 0 0
 479.51210902 -5.91188762550925e-005 0 0
 482.902348325 -5.55195156492571e-005 0 0
 486.292595136 -9.89734007775204e-005 0 0
 489.682837921 -0.000139805652359731 0 0
 493.073065148 -4.03937749652057e-005 0 0
 496.463265285 -5.88533563767619e-005 0 0
 499.8534268 -1.22117310427451e-005 0 0
 503.243538161 -5.22120681978054e-005 0 0
 506.633587836 -1.2368019054575e-005 0 0
 510.023564293 -5.14759801851274e-005 0 0
 513.413456 -3.09253965242714e-005 0 0
 516.803251425 2.23120738289154e-006 0 0
 520.192939036 -5.76236349310239e-005 0 0
 523.582507301 -0.000108997558241893 0 0
 526.971944688 -5.12691686926008e-005 0 0
 530.361239665 2.7963471502525e-005 0 0
 533.7503807 -8.07386030288922e-005 0 0
 537.139356261 -3.29924379067025e-005 0 0
 540.528154816 1.05147097517112e-005 0 0
 543.916764833 -1.93443394238748e-005 0 0
 547.30517478 7.13050413005025e-006 0 0
 550.693373125 1.904607728457e-005 0 0
 554.081348336 -9.64771211601076e-006 0 0
 557.469088881 6.50119251590947e-005 0 0
 560.856583228 5.15518093791137e-005 0 0
 564.243819845 -6.95223374150994e-006 0 0
 567.6307872 9.09407726717323e-005 0 0
 571.017473761 7.34096119134666e-005 0 0
 574.403867996 0.000169323986635129 0 0
 577.789958373 8.90420946702549e-005 0 0
 581.17573336 0.000164699086772305 0 0
 584.561181425 9.46704441046051e-005 0 0
 587.946291036 3.7693911950062e-005 0 0
 591.331050661 6.5081133914433e-005 0 0
 594.715448768 0.000121529586032487 0 0
 598.099473825 4.63053520903827e-005 0 0
 601.4831143 5.54382154566094e-005 0 0
 604.866358661 5.84087765780736e-005 0 0
 608.249195376 9.7128627404817e-005 0 0
 611.631612913 0.000105344291261591 0 0
 615.01359974 -2.16265126655204e-005 0 0
 618.395144325 4.14826893707278e-005 0 0
 621.776235136 6.35932398157526e-005 0 0
 625.156860641 5.15292274989924e-005 0 0
 628.537009308 0.000126213488126622 0 0
 631.916669605 0.000115740137464486 0 0
 635.29583 2.39113793910954e-005 0 0
 638.674478961 9.92366205133263e-005 0 0
 642.052604956 6.78770841587501e-005 0 0
 645.430196453 8.64279704150836e-005 0 0
 648.80724192 4.55430173973069e-005 0 0
 652.183729825 0.000155307826981376 0 0
 655.559648636 0.000185617747261482 0 0
 658.934986821 0.000214909604983833 0 0
 662.309732848 0.000105736427496129 0 0
 665.683875185 0.000169667392954426 0 0
 669.0574023 0.000147152442435504 0 0
 672.430302661 0.000187919938866203 0 0
 675.802564736 0.000214588684626281 0 0
 679.174176993 9.43362558835345e-005 0 0
 682.5451279 0.000162377745763324 0 0
 685.915405925 0.000105194322989257 0 0
 689.284999536 0.000191846438880562 0 0
 692.653897201 0.000112361853911473 0 0
 696.022087388 0.000105509042671415 0 0
 699.389558565 0.000196090216840208 0 0
 702.7562992 0.000163213055756796 0 0
 706.122297761 0.000152811919516222 0 0
 709.487542716 0.000104769008240295 0 0
 712.852022533 0.000152343910638814 0 0
 716.21572568 0.000164088955436202 0 0
 719.578640625 0.000168527690084774 0 0
 722.940755836 0.000293623703700664 0 0
 726.302059781 0.000154381161886151 0 0
 729.662540928 0.000150953204302555 0 0
 733.022187745 0.000276913939854459 0 0
 736.3809887 0.000226162893152327 0 0
 739.738932261 0.000339712084949168 0 0
 743.096006896 0.000192238941389153 0 0
 746.452201073 0.000299837309687146 0 0
 749.80750326 0.00041892749851003 0 0
 753.161901925 0.000283276072079197 0 0
 756.515385536 0.000368854488317652 0 0
 759.867942561 0.000231111909350385 0 0
 763.219561468 0.000205034814648686 0 0
 766.570230725 0.000227066033097976 0 0
 769.9199388 0.000360799639163063 0 0
 773.268674161 0.000249105585581352 0 0
 776.616425276 0.00031432751841045 0 0
 779.963180613 0.000272987907384108 0 0
 783.30892864 0.000458363271607397 0 0
 786.653657825 0.000367878450400343 0 0
 789.997356636 0.000534309638124051 0 0
 793.340013541 0.000326523532574966 0 0
 796.681617008 0.000374075496099433 0 0
 800.022155505 0.000426091775456891 0 0
 803.3616175 0.000592513531113472 0 0
 806.699991461 0.000628477895964888 0 0
 810.037265856 0.000478579381413386 0 0
 813.373429153 0.000729698373127181 0 0
 816.70846982 0.000792415345335077 0 0
 820.042376325 0.000675334214689195 0 0
 823.375137136 0.000796738312516338 0 0
 826.706740721 0.000741441519415149 0 0
 830.037175548 0.000340226628664847 0 0
 833.366430085 0.000734821218375476 0 0
 836.6944928 0.000388768563211429 0 0
 840.021352161 0.000491801822399029 0 0
 843.346996636 0.000810213270437001 0 0
 846.671414693 0.000903196972669221 0 0
 849.9945948 0.000338190616347648 0 0
 853.316525425 0.000872660925393189 0 0
 856.637195036 0.000702979554372114 0 0
 859.956592101 0.000768102030754351 0 0
 863.274705088 0.00113284369772602 0 0
 866.591522465 0.000913569033628769 0 0
 869.9070327 0.00104654984655346 0 0
 873.221224261 0.000741870543437717 0 0
 876.534085616 0.0012926778973446 0 0
 879.845605233 0.0011441746600291 0 0
 883.15577158 0.00136813405958438 0 0
 886.464573125 0.00140292087486523 0 0
 889.771998336 0.00135814926721743 0 0
 893.078035681 0.00121234668257611 0 0
 896.382673628 0.0014355783643063 0 0
 899.685900645 0.0018428577694134 0 0
 902.9877052 0.00151621457490881 0 0
 906.288075761 0.00122231085998579 0 0
 909.587000796 0.00167603795289195 0 0
 912.884468773 0.00138958147410714 0 0
 916.18046816 0.00226615661215292 0 0
 919.474987425 0.00220969353299249 0 0
 922.768015036 0.0017738021438284 0 0
 926.059539461 0.00269246431651718 0 0
 929.349549168 0.00265087829919626 0 0
 932.638032625 0.00311999101487747 0 0
 935.9249783 0.00249731779030146 0 0
 939.210374661 0.00256008877503525 0 0
 942.494210176 0.00299237037426646 0 0
 945.776473313 0.0030301240944242 0 0
 949.05715254 0.00241480341903284 0 0
 952.336236325 0.00280757585054348 0 0
 955.613713136 0 0 0
 958.889571441 0 0 0
 962.163799708 0 0 0
 965.436386405 0 0 0
 968.70732 0 0 0
 971.976588961 0 0 0
 975.244181756 0 0 0
 978.510086853 0 0 0
 981.77429272 0 0 0
 985.036787825 0 0 0
 988.297560636 0 0 0
 991.556599621 0 0 0
 994.813893248 0 0 0
 998.069429985 0 0 0
 1001.3231983 0 0 0
 1004.575186661 0 0 0
 1007.825383536 0 0 0
 1011.073777393 0 0 0
 1014.3203567 0 0 0
 1017.565109925 0 0 0
 1020.808025536 0 0 0
 1024.049092001 0 0 0
 1027.288297788 0 0 0
 1030.525631365 0 0 0
 1033.7610812 0 0 0
 1036.994635761 0 0 0
 1040.226283516 0 0 0
 1043.456012933 0 0 0
 1046.68381248 0 0 0
 1049.909670625 0 0 0
 1053.133575836 0 0 0
 1056.355516581 0 0 0
 1059.575481328 0 0 0
 1062.793458545 0 0 0
 1066.0094367 0 0 0
 1069.223404261 0 0 0
 1072.435349696 0 0 0
 1075.645261473 0 0 0
 1078.85312806 0 0 0
 1082.058937925 0 0 0
 1085.262679536 0 0 0
 1088.464341361 0 0 0
 1091.663911868 0 0 0
 1094.861379525 0 0 0
 1098.0567328 0 0 0
 1101.249960161 0 0 0
 1104.441050076 0 0 0
 1107.629991013 0 0 0
 1110.81677144 0 0 0
 1114.001379825 0 0 0
 1117.183804636 0 0 0
 1120.364034341 0 0 0
 1123.542057408 0 0 0
 1126.717862305 0 0 0
 1129.8914375 0 0 0
 1133.062771461 0 0 0
 1136.231852656 0 0 0
 1139.398669553 0 0 0
 1142.56321062 0 0 0
 1145.725464325 0 0 0
 1148.885419136 0 0 0
[END] of [DATA]
[END] of [Spectrum]

