
#TBID:2021-06-17 02:30:00;SAM_84C8;CALIBRATED;

[Spectrum]
Version            = 1
IDData             = 96B1_2021-06-17_02-30-00_000_616
IDDevice           = SAM_84C8
IDDataType         = SPECTRUM
IDDataTypeSub1     = CALIBRATED
IDDataTypeSub2     = 
IDDataTypeSub3     = 
DateTime           = 2021-06-17 02:30:00
PositionLatitude   = 0
PositionLongitude  = 0
Comment            = 
CommentSub1        = 
CommentSub2        = 
CommentSub3        = 
IDMethodType       = SAM Control
MethodName         = SAM_84C8
Mission            = No Mission
MissionSub         = 1
RecordType         = 0
[Attributes]
CalFactor = 1
IDBasisSpec = 
IDDataBack = DLAB_2015-08-21_12-14-03_013_778
IDDataCal = DLAB_2015-08-24_11-04-47_772_747
IntegrationTime = 4096
P31 = -1
P31e = 0
PathLength = +INF
PathLengthCustomOn = 0
RAWDynamic = 65535
Salinity = 0
Temperature = -NAN
Unit1 = $01 $01 Wavelength nm
Unit2 = $03 $03 Intensity mW/(m^2 nm Sr)
Unit3 = $f0 $03 Error mW/(m^2 nm Sr)
Unit4 = $f1 $00 Status 
p999 = 60
[END] of [Attributes]
[DATA]
 0 11 0 0
 303.516048156 0 0 0
 306.890006053 0 0 0
 310.26457112 0 0 0
 313.639731825 0 0 0
 317.015476636 -0.00083837594272536 0 0
 320.391794021 -0.000940064327438896 0 0
 323.768672448 -0.000903328933206709 0 0
 327.146100385 -0.000845923867116366 0 0
 330.5240663 -0.000588014668108392 0 0
 333.902558661 -0.000616788834320199 0 0
 337.281565936 -0.000436475807039245 0 0
 340.661076593 -0.000570575186152306 0 0
 344.0410791 -0.000307725433087167 0 0
 347.421561925 -0.000263781724599192 0 0
 350.802513536 -0.000196850772679631 0 0
 354.183922401 -0.00020966032267118 0 0
 357.565776988 -0.00016369870988408 0 0
 360.948065765 -0.000219271721172419 0 0
 364.3307772 -0.000187836115824221 0 0
 367.713899761 -0.000268256745277397 0 0
 371.097421916 -0.000173307451349546 0 0
 374.481332133 -0.000191742228946368 0 0
 377.86561888 -0.000246243803631099 0 0
 381.250270625 -0.000247460173869777 0 0
 384.635275836 -0.000162707318897333 0 0
 388.020622981 -0.000177705215355551 0 0
 391.406300528 -0.000174935552834825 0 0
 394.792296945 -0.000210750236408342 0 0
 398.1786007 -0.000139503973533255 0 0
 401.565200261 -0.000206001450508985 0 0
 404.952084096 -0.000161450359816259 0 0
 408.339240673 -0.000100589108174786 0 0
 411.72665846 -0.000240115732356105 0 0
 415.114325925 -6.34504509018937e-005 0 0
 418.502231536 -0.000153227093354566 0 0
 421.890363761 -9.64485707664806e-005 0 0
 425.278711068 -0.000119719862846137 0 0
 428.667261925 -9.7575835124792e-005 0 0
 432.0560048 -9.00771935913588e-005 0 0
 435.444928161 -7.27255745814086e-005 0 0
 438.834020476 -3.38782345800642e-005 0 0
 442.223270213 -6.35139031112024e-005 0 0
 445.61266584 -2.64860735921388e-005 0 0
 449.002195825 -4.66395056044558e-005 0 0
 452.391848636 -9.3240262249499e-005 0 0
 455.781612741 -6.04867225234208e-005 0 0
 459.171476608 -5.19306579717096e-005 0 0
 462.561428705 -0.000121214700598404 0 0
 465.9514575 -8.20512833291624e-005 0 0
 469.341551461 -0.000135620762406475 0 0
 472.731699056 -7.27672139834266e-005 0 0
 476.121888753 -9.21720666119124e-005 0 0
 479.51210902 -7.25555347608332e-005 0 0
 482.902348325 -0.000123782616749103 0 0
 486.292595136 -0.000126721276306454 0 0
 489.682837921 -8.35165335455839e-005 0 0
 493.073065148 -0.000125849914255017 0 0
 496.463265285 -4.45278900095026e-005 0 0
 499.8534268 -9.8212173836401e-005 0 0
 503.243538161 -0.000151956452206434 0 0
 506.633587836 -0.000139131747287031 0 0
 510.023564293 -6.53397639926426e-005 0 0
 513.413456 -7.16739695686878e-005 0 0
 516.803251425 -1.101170715892e-005 0 0
 520.192939036 -1.8971775869807e-005 0 0
 523.582507301 3.76041533074723e-006 0 0
 526.971944688 -2.68817283421544e-005 0 0
 530.361239665 4.12222636281632e-006 0 0
 533.7503807 -4.56215355375708e-005 0 0
 537.139356261 -7.9189159497766e-005 0 0
 540.528154816 -5.82047211888962e-005 0 0
 543.916764833 -0.00011054407947174 0 0
 547.30517478 -8.39530337303837e-005 0 0
 550.693373125 -6.08200711891019e-005 0 0
 554.081348336 -7.84091956776398e-005 0 0
 557.469088881 -9.66110585708702e-005 0 0
 560.856583228 4.86878877050911e-006 0 0
 564.243819845 -6.95223374150893e-006 0 0
 567.6307872 -2.93067256895566e-005 0 0
 571.017473761 -7.35772094672718e-005 0 0
 574.403867996 7.01749840245688e-006 0 0
 577.789958373 -1.29003945252635e-005 0 0
 581.17573336 7.35888079440711e-005 0 0
 584.561181425 9.46704441046062e-005 0 0
 587.946291036 5.13219989168837e-005 0 0
 591.331050661 5.11188198820116e-005 0 0
 594.715448768 0.000107222385907904 0 0
 598.099473825 -1.23482435288196e-005 0 0
 601.4831143 -4.71249513749191e-006 0 0
 604.866358661 -4.92802588983927e-005 0 0
 608.249195376 -2.8012794740618e-005 0 0
 611.631612913 4.22804553678221e-005 0 0
 615.01359974 -5.3308147257423e-005 0 0
 618.395144325 4.14826893707292e-005 0 0
 621.776235136 4.74766078879761e-005 0 0
 625.156860641 6.78674772952504e-005 0 0
 628.537009308 -7.27230012723055e-006 0 0
 631.916669605 9.85922875830947e-005 0 0
 635.29583 6.23962893395761e-006 0 0
 638.674478961 -6.48526717898057e-005 0 0
 642.052604956 4.91148918637133e-005 0 0
 645.430196453 9.49492797427971e-006 0 0
 648.80724192 2.58726601087444e-005 0 0
 652.183729825 -5.07002288000539e-006 0 0
 655.559648636 0.000104155227164504 0 0
 658.934986821 9.10900347700291e-005 0 0
 662.309732848 6.40883031228868e-005 0 0
 665.683875185 4.40521819885225e-005 0 0
 669.0574023 0.00012613456275294 0 0
 672.430302661 1.88841572240039e-005 0 0
 675.802564736 0.000214588684626278 0 0
 679.174176993 0.000159270230477445 0 0
 682.5451279 9.67288559333872e-005 0 0
 685.915405925 6.10510546398969e-005 0 0
 689.284999536 1.3769217828165e-005 0 0
 692.653897201 -8.93247643267063e-005 0 0
 696.022087388 6.03740631994582e-005 0 0
 699.389558565 -3.1560709689968e-005 0 0
 702.7562992 -6.61055661196647e-005 0 0
 706.122297761 3.74136309679661e-005 0 0
 709.487542716 5.83410407550044e-005 0 0
 712.852022533 -3.42639128636181e-005 0 0
 716.21572568 2.3704555894384e-005 0 0
 719.578640625 9.820880624008e-005 0 0
 722.940755836 3.54295598743956e-005 0 0
 726.302059781 6.04100304066577e-005 0 0
 729.662540928 9.59590124737669e-006 0 0
 733.022187745 -6.84081862923312e-006 0 0
 736.3809887 1.20786303823785e-005 0 0
 739.738932261 2.77423111377183e-005 0 0
 743.096006896 0.000167986962031117 0 0
 746.452201073 7.86190014545959e-005 0 0
 749.80750326 -0.000104515758931553 0 0
 753.161901925 0.000106433766825233 0 0
 756.515385536 0.000240766289309642 0 0
 759.867942561 0.000231111909350387 0 0
 763.219561468 9.96331037321288e-005 0 0
 766.570230725 3.98445493296416e-005 0 0
 769.9199388 7.46177432593211e-006 0 0
 773.268674161 2.80282225223408e-005 0 0
 776.616425276 0.000117125307785148 0 0
 779.963180613 1.40406102477135e-005 0 0
 783.30892864 0.000104757714843792 0 0
 786.653657825 3.47964600760208e-005 0 0
 789.997356636 0.000316130177955761 0 0
 793.340013541 3.69172608940836e-005 0 0
 796.681617008 4.11597789358368e-005 0 0
 800.022155505 0.000150335046283557 0 0
 803.3616175 5.7342328570731e-005 0 0
 806.699991461 0.000184926810105724 0 0
 810.037265856 0.000287116519197213 0 0
 813.373429153 0.000293349414209862 0 0
 816.70846982 0.000340190854628796 0 0
 820.042376325 0.000504963266311695 0 0
 823.375137136 0.000487538711934593 0 0
 826.706740721 0.000557931951492175 0 0
 830.037175548 0.000197155822018024 0 0
 833.366430085 8.9996987133416e-005 0 0
 836.6944928 0.000388768563211434 0 0
 840.021352161 0.000330024463689459 0 0
 843.346996636 0.000302363483209578 0 0
 846.671414693 0.000430246576427283 0 0
 849.9945948 0.000338190616347654 0 0
 853.316525425 0.000548364200856686 0 0
 856.637195036 0.000431147136146448 0 0
 859.956592101 0.000554741811966258 0 0
 863.274705088 0.000388738601290472 0 0
 866.591522465 0.00036991882415099 0 0
 869.9070327 0.00088459299338995 0 0
 873.221224261 0.000404550161344778 0 0
 876.534085616 0.00076683813364828 0 0
 879.845605233 0.000871345655022351 0 0
 883.15577158 0.00108513023361588 0 0
 886.464573125 0.00101220257137389 0 0
 889.771998336 0.000549406192111623 0 0
 893.078035681 0.000793811199021039 0 0
 896.382673628 0.00121893976887072 0 0
 899.685900645 0.00116832616067061 0 0
 902.9877052 0.000932497059300322 0 0
 906.288075761 0.00073642971002594 0 0
 909.587000796 0.000535777375669613 0 0
 912.884468773 0.000463477286202715 0 0
 916.18046816 0.00115954869858556 0 0
 919.474987425 0.0010524098999635 0 0
 922.768015036 0.000709589666424618 0 0
 926.059539461 0.000940500819319816 0 0
 929.349549168 0.000307124815593448 0 0
 932.638032625 0.00171392575260426 0 0
 935.9249783 0.00157176071982369 0 0
 939.210374661 0.00119514791846986 0 0
 942.494210176 0.00155106725285893 0 0
 945.776473313 0.00129811529822493 0 0
 949.05715254 0.00218756823035898 0 0
 952.336236325 0.000910930209830221 0 0
 955.613713136 0 0 0
 958.889571441 0 0 0
 962.163799708 0 0 0
 965.436386405 0 0 0
 968.70732 0 0 0
 971.976588961 0 0 0
 975.244181756 0 0 0
 978.510086853 0 0 0
 981.77429272 0 0 0
 985.036787825 0 0 0
 988.297560636 0 0 0
 991.556599621 0 0 0
 994.813893248 0 0 0
 998.069429985 0 0 0
 1001.3231983 0 0 0
 1004.575186661 0 0 0
 1007.825383536 0 0 0
 1011.073777393 0 0 0
 1014.3203567 0 0 0
 1017.565109925 0 0 0
 1020.808025536 0 0 0
 1024.049092001 0 0 0
 1027.288297788 0 0 0
 1030.525631365 0 0 0
 1033.7610812 0 0 0
 1036.994635761 0 0 0
 1040.226283516 0 0 0
 1043.456012933 0 0 0
 1046.68381248 0 0 0
 1049.909670625 0 0 0
 1053.133575836 0 0 0
 1056.355516581 0 0 0
 1059.575481328 0 0 0
 1062.793458545 0 0 0
 1066.0094367 0 0 0
 1069.223404261 0 0 0
 1072.435349696 0 0 0
 1075.645261473 0 0 0
 1078.85312806 0 0 0
 1082.058937925 0 0 0
 1085.262679536 0 0 0
 1088.464341361 0 0 0
 1091.663911868 0 0 0
 1094.861379525 0 0 0
 1098.0567328 0 0 0
 1101.249960161 0 0 0
 1104.441050076 0 0 0
 1107.629991013 0 0 0
 1110.81677144 0 0 0
 1114.001379825 0 0 0
 1117.183804636 0 0 0
 1120.364034341 0 0 0
 1123.542057408 0 0 0
 1126.717862305 0 0 0
 1129.8914375 0 0 0
 1133.062771461 0 0 0
 1136.231852656 0 0 0
 1139.398669553 0 0 0
 1142.56321062 0 0 0
 1145.725464325 0 0 0
 1148.885419136 0 0 0
[END] of [DATA]
[END] of [Spectrum]


#TBID:2021-06-17 03:00:00;SAM_84DC;RAW;

[Spectrum]
Version            = 1
IDData             = 96B1_2021-06-17_03-00-00_000_619
IDDevice           = SAM_84DC
IDDataType         = SPECTRUM
IDDataTypeSub1     = RAW
IDDataTypeSub2     = 
IDDataTypeSub3     = 
DateTime           = 2021-06-17 03:00:00
PositionLatitude   = 0
PositionLongitude  = 0
Comment            = 
CommentSub1        = 
CommentSub2        = 
CommentSub3        = 
IDMethodType       = SAM Control
MethodName         = SAM_84DC
Mission            = No Mission
MissionSub         = 1
RecordType         = 0
[Attributes]
CalFactor = 1
IDBasisSpec = 
IDDataBack = DLAB_2015-08-21_13-19-54_137_939
IDDataCal = DLAB_2015-08-24_10-46-55_592_608
IntegrationTime = 4096
P31 = -1
P31e = 0
PathLength = +INF
PathLengthCustomOn = 0
RAWDynamic = 65535
Salinity = 0
Temperature = -NAN
Unit1 = $05 $00 Pixel 
Unit2 = $03 $05 Intensity counts
Unit3 = $f0 $05 Error counts
Unit4 = $f1 $00 Status 
p999 = 61
[END] of [Attributes]
[DATA]
 0 11 0 0
 1 1626 0 0
 2 1613 0 0
 3 1616 0 0
 4 1635 0 0
 5 1629 0 0
 6 1627 0 0
 7 1633 0 0
 8 1635 0 0
 9 1636 0 0
 10 1636 0 0
 11 1634 0 0
 12 1628 0 0
 13 1632 0 0
 14 1644 0 0
 15 1632 0 0
 16 1642 0 0
 17 1645 0 0
 18 1640 0 0
 19 1646 0 0
 20 1643 0 0
 21 1635 0 0
 22 1642 0 0
 23 1650 0 0
 24 1645 0 0
 25 1643 0 0
 26 1652 0 0
 27 1648 0 0
 28 1637 0 0
 29 1641 0 0
 30 1639 0 0
 31 1653 0 0
 32 1644 0 0
 33 1643 0 0
 34 1642 0 0
 35 1644 0 0
 36 1649 0 0
 37 1652 0 0
 38 1645 0 0
 39 1649 0 0
 40 1651 0 0
 41 1641 0 0
 42 1646 0 0
 43 1643 0 0
 44 1650 0 0
 45 1650 0 0
 46 1653 0 0
 47 1659 0 0
 48 1645 0 0
 49 1651 0 0
 50 1642 0 0
 51 1644 0 0
 52 1648 0 0
 53 1648 0 0
 54 1644 0 0
 55 1651 0 0
 56 1647 0 0
 57 1651 0 0
 58 1650 0 0
 59 1655 0 0
 60 1651 0 0
 61 1650 0 0
 62 1646 0 0
 63 1648 0 0
 64 1651 0 0
 65 1643 0 0
 66 1640 0 0
 67 1650 0 0
 68 1648 0 0
 69 1647 0 0
 70 1654 0 0
 71 1652 0 0
 72 1650 0 0
 73 1652 0 0
 74 1654 0 0
 75 1645 0 0
 76 1650 0 0
 77 1651 0 0
 78 1648 0 0
 79 1653 0 0
 80 1653 0 0
 81 1656 0 0
 82 1650 0 0
 83 1661 0 0
 84 1649 0 0
 85 1664 0 0
 86 1660 0 0
 87 1654 0 0
 88 1655 0 0
 89 1652 0 0
 90 1645 0 0
 91 1653 0 0
 92 1651 0 0
 93 1654 0 0
 94 1651 0 0
 95 1654 0 0
 96 1651 0 0
 97 1666 0 0
 98 1655 0 0
 99 1653 0 0
 100 1660 0 0
 101 1660 0 0
 102 1662 0 0
 103 1661 0 0
 104 1661 0 0
 105 1664 0 0
 106 1665 0 0
 107 1674 0 0
 108 1665 0 0
 109 1669 0 0
 110 1664 0 0
 111 1667 0 0
 112 1668 0 0
 113 1664 0 0
 114 1661 0 0
 115 1670 0 0
 116 1664 0 0
 117 1664 0 0
 118 1656 0 0
 119 1667 0 0
 120 1658 0 0
 121 1672 0 0
 122 1666 0 0
 123 1668 0 0
 124 1668 0 0
 125 1668 0 0
 126 1666 0 0
 127 1670 0 0
 128 1667 0 0
 129 1667 0 0
 130 1668 0 0
 131 1665 0 0
 132 1667 0 0
 133 1670 0 0
 134 1673 0 0
 135 1675 0 0
 136 1665 0 0
 137 1668 0 0
 138 1666 0 0
 139 1666 0 0
 140 1663 0 0
 141 1678 0 0
 142 1670 0 0
 143 1675 0 0
 144 1675 0 0
 145 1667 0 0
 146 1670 0 0
 147 1665 0 0
 148 1676 0 0
 149 1676 0 0
 150 1673 0 0
 151 1679 0 0
 152 1668 0 0
 153 1680 0 0
 154 1677 0 0
 155 1678 0 0
 156 1679 0 0
 157 1683 0 0
 158 1676 0 0
 159 1676 0 0
 160 1679 0 0
 161 1669 0 0
 162 1668 0 0
 163 1670 0 0
 164 1676 0 0
 165 1681 0 0
 166 1681 0 0
 167 1680 0 0
 168 1678 0 0
 169 1681 0 0
 170 1680 0 0
 171 1685 0 0
 172 1672 0 0
 173 1682 0 0
 174 1686 0 0
 175 1686 0 0
 176 1693 0 0
 177 1684 0 0
 178 1680 0 0
 179 1679 0 0
 180 1684 0 0
 181 1686 0 0
 182 1684 0 0
 183 1695 0 0
 184 1687 0 0
 185 1687 0 0
 186 1688 0 0
 187 1690 0 0
 188 1683 0 0
 189 1683 0 0
 190 1687 0 0
 191 1693 0 0
 192 1697 0 0
 193 1692 0 0
 194 1692 0 0
 195 1684 0 0
 196 1691 0 0
 197 1693 0 0
 198 1684 0 0
 199 1702 0 0
 200 1692 0 0
 201 1699 0 0
 202 1692 0 0
 203 1700 0 0
 204 1698 0 0
 205 1697 0 0
 206 1701 0 0
 207 1699 0 0
 208 1689 0 0
 209 1702 0 0
 210 1694 0 0
 211 1698 0 0
 212 1696 0 0
 213 1694 0 0
 214 1699 0 0
 215 1702 0 0
 216 1702 0 0
 217 1705 0 0
 218 1707 0 0
 219 1692 0 0
 220 1704 0 0
 221 1707 0 0
 222 1698 0 0
 223 1710 0 0
 224 1698 0 0
 225 1712 0 0
 226 1704 0 0
 227 1707 0 0
 228 1709 0 0
 229 1699 0 0
 230 1702 0 0
 231 1707 0 0
 232 1712 0 0
 233 1702 0 0
 234 1708 0 0
 235 1717 0 0
 236 1702 0 0
 237 1713 0 0
 238 1708 0 0
 239 1713 0 0
 240 1717 0 0
 241 1710 0 0
 242 1704 0 0
 243 1711 0 0
 244 1717 0 0
 245 1715 0 0
 246 1719 0 0
 247 1714 0 0
 248 1718 0 0
 249 1717 0 0
 250 1705 0 0
 251 1715 0 0
 252 1708 0 0
 253 1704 0 0
 254 1695 0 0
 255 1762 0 0
[END] of [DATA]
[END] of [Spectrum]


#TBID:2021-06-17 03:00:00;SAM_84DC;CALIBRATED;

[Spectrum]
Version            = 1
IDData             = 96B1_2021-06-17_03-00-00_000_620
IDDevice           = SAM_84DC
IDDataType         = SPECTRUM
IDDataTypeSub1     = CALIBRATED
IDDataTypeSub2     = 
IDDataTypeSub3     = 
DateTime           = 2021-06-17 03:00:00
PositionLatitude   = 0
PositionLongitude  = 0
Comment            = 
CommentSub1        = 
CommentSub2        = 
CommentSub3        = 
IDMethodType       = SAM Control
MethodName         = SAM_84DC
Mission            = No Mission
MissionSub         = 1
RecordType         = 0
[Attributes]
CalFactor = 1
IDBasisSpec = 
IDDataBack = DLAB_2015-08-21_13-19-54_137_939
IDDataCal = DLAB_2015-08-24_10-46-55_592_608
IntegrationTime = 4096
P31 = -1
P31e = 0
PathLength = +INF
PathLengthCustomOn = 0
RAWDynamic = 65535
Salinity = 0
Temperature = -NAN
Unit1 = $01 $01 Wavelength nm
Unit2 = $03 $03 Intensity mW/(m^2 nm Sr)
Unit3 = $f0 $03 Error mW/(m^2 nm Sr)
Unit4 = $f1 $00 Status 
p999 = 61
[END] of [Attributes]
[DATA]
 0 11 0 0
 305.71650776488 0 0 0
 309.04007505697 0 0 0
 312.36416914304 0 0 0
 315.68877841375 0 0 0
 319.01389125976 -0.0029155403082839 0 0
 322.33949607173 -0.00253498837656074 0 0
 325.66558124032 -0.00259015534636778 0 0
 328.99213515619 -0.00225862274733852 0 0
 332.31914621 -0.00222129616909674 0 0
 335.64660279241 -0.00197358629805323 0 0
 338.97449329408 -0.00193840849629076 0 0
 342.30280610567 -0.00175235428630883 0 0
 345.63152961784 -0.00152889178723303 0 0
 348.96065222125 -0.00135837952646764 0 0
 352.29016230656 -0.00120961667167075 0 0
 355.62004826443 -0.00111429364221845 0 0
 358.95029848552 -0.00111111164378946 0 0
 362.28090136049 -0.00104761679987462 0 0
 365.61184528 -0.000997029933385637 0 0
 368.94311863471 -0.00103244459439555 0 0
 372.27470981528 -0.00116512302004397 0 0
 375.60660721237 -0.00123775956146875 0 0
 378.93879921664 -0.00109547248238569 0 0
 382.27127421875 -0.00118839109359326 0 0
 385.60402060936 -0.00109082437683931 0 0
 388.93702677913 -0.00103075956179301 0 0
 392.27028111872 -0.00108936880890628 0 0
 395.60377201879 -0.00113299404732876 0 0
 398.93748787 -0.00100732400529741 0 0
 402.27141706301 -0.000970386452886313 0 0
 405.60554798848 -0.00085267485068604 0 0
 408.93986903707 -0.000903472465943351 0 0
 412.27436859944 -0.000795178486779869 0 0
 415.60903506625 -0.00084364292587648 0 0
 418.94385682816 -0.000691622763245771 0 0
 422.27882227583 -0.000720125274686054 0 0
 425.61391979992 -0.00062766503773687 0 0
 428.94913779109 -0.000643063592444041 0 0
 432.28446464 -0.000541280054862185 0 0
 435.61988873731 -0.000638110164033062 0 0
 438.95539847368 -0.000664107485775522 0 0
 442.29098223977 -0.000600185026255551 0 0
 445.62662842624 -0.000664619419733743 0 0
 448.96232542375 -0.000626275343143658 0 0
 452.29806162296 -0.000629395414504349 0 0
 455.63382541453 -0.000661574462454823 0 0
 458.96960518912 -0.000630739389984334 0 0
 462.30538933739 -0.000710493446052545 0 0
 465.64116625 -0.000661695785046265 0 0
 468.97692431761 -0.000759227869177007 0 0
 472.31265193088 -0.000767410786684491 0 0
 475.64833748047 -0.000734542536365 0 0
 478.98396935704 -0.000704015153749642 0 0
 482.31953595125 -0.00076320836029837 0 0
 485.65502565376 -0.000736789882091421 0 0
 488.99042685523 -0.000765900100778222 0 0
 492.32572794632 -0.00077152614474621 0 0
 495.66091731769 -0.000780157488822437 0 0
 498.99598336 -0.000796822815295379 0 0
 502.33091446391 -0.000751321679574844 0 0
 505.66569902008 -0.000787761173481023 0 0
 509.00032541917 -0.000729414988782965 0 0
 512.33478205184 -0.00073137719881777 0 0
 515.66905730875 -0.000692556358320845 0 0
 519.00313958056 -0.000723408805991203 0 0
 522.33701725793 -0.000649085302712241 0 0
 525.67067873152 -0.000649090424141188 0 0
 529.00411239199 -0.000671321535152218 0 0
 532.33730663 -0.000619954426168317 0 0
 535.67024983621 -0.000591648417509634 0 0
 539.00293040128 -0.000640190689379579 0 0
 542.33533671587 -0.000585400858057668 0 0
 545.66745717064 -0.000612808894778798 0 0
 548.99928015625 -0.000610751061213105 0 0
 552.33079406336 -0.000628517482951894 0 0
 555.66198728263 -0.000644791060989203 0 0
 558.99284820472 -0.000634130317663965 0 0
 562.32336522029 -0.000602305590444497 0 0
 565.65352672 -0.000669136813621824 0 0
 568.98332109451 -0.00060815115277547 0 0
 572.31273673448 -0.000670251136702294 0 0
 575.64176203057 -0.00066903098939326 0 0
 578.97038537344 -0.000594779642774729 0 0
 582.29859515375 -0.000663444556003026 0 0
 585.62637976216 -0.000667856948667307 0 0
 588.95372758933 -0.000659698523268819 0 0
 592.28062702592 -0.000766482870703144 0 0
 595.60706646259 -0.000707115781090126 0 0
 598.93303429 -0.0008547339472095 0 0
 602.25851889881 -0.00082932917270351 0 0
 605.58350867968 -0.000823841041519199 0 0
 608.90799202327 -0.000864874438833189 0 0
 612.23195732024 -0.000823048395318759 0 0
 615.55539296125 -0.000936142596676274 0 0
 618.87828733696 -0.000887277156465642 0 0
 622.20062883803 -0.000853651917263524 0 0
 625.52240585512 -0.000763601444717323 0 0
 628.84360677889 -0.00082707402271086 0 0
 632.16422 -0.000929903633651543 0 0
 635.48423390911 -0.000866930403634901 0 0
 638.80363689688 -0.000821126690237744 0 0
 642.12241735397 -0.000871481532219925 0 0
 645.44056367104 -0.000874038302466712 0 0
 648.75806423875 -0.000887846927985034 0 0
 652.07490744776 -0.000910100125695482 0 0
 655.39108168873 -0.000873115276628781 0 0
 658.70657535232 -0.000847179746786033 0 0
 662.02137682919 -0.000895419381189181 0 0
 665.33547451 -0.000838429794404086 0 0
 668.64885678541 -0.000871448515186047 0 0
 671.96151204608 -0.000874116983600055 0 0
 675.27342868267 -0.0008340613847242 0 0
 678.58459508584 -0.000785876752949529 0 0
 681.89499964625 -0.000996514347851439 0 0
 685.20463075456 -0.000881172127254082 0 0
 688.51347680143 -0.000896656612294721 0 0
 691.82152617752 -0.000900102664169049 0 0
 695.12876727349 -0.00102364448697858 0 0
 698.43518848 -0.000866668134028163 0 0
 701.74077818771 -0.000888001024407531 0 0
 705.04552478728 -0.00093826570233471 0 0
 708.34941666937 -0.00085512045704877 0 0
 711.65244222464 -0.000948494782468278 0 0
 714.95458984375 -0.0009521861105888 0 0
 718.25584791736 -0.000825356831430885 0 0
 721.55620483613 -0.000995957413339296 0 0
 724.85564899072 -0.000888439086836516 0 0
 728.15416877179 -0.000885887338155215 0 0
 731.45175257 -0.000874893457863027 0 0
 734.74838877601 -0.00101183743473587 0 0
 738.04406578048 -0.00093896970762133 0 0
 741.33877197407 -0.000984068371724319 0 0
 744.63249574744 -0.000890331430017116 0 0
 747.92522549125 -0.000795390829239893 0 0
 751.21694959616 -0.00084275060373219 0 0
 754.50765645283 -0.000920212682158445 0 0
 757.79733445192 -0.00100766236969761 0 0
 761.08597198409 -0.000947359310746913 0 0
 764.37355744 -0.00103820720727619 0 0
 767.66007921031 -0.00105697181669836 0 0
 770.94552568568 -0.00086344610042914 0 0
 774.22988525677 -0.000905224944335817 0 0
 777.51314631424 -0.000915864167565376 0 0
 780.79529724875 -0.000882930445949281 0 0
 784.07632645096 -0.00100334872704194 0 0
 787.35622231153 -0.00100484995011781 0 0
 790.63497322112 -0.00121708883958466 0 0
 793.91256757039 -0.00105449883036755 0 0
 797.18899375 -0.00104288496270566 0 0
 800.46424015061 -0.0010292861119373 0 0
 803.73829516288 -0.00105912181342263 0 0
 807.01114717747 -0.0014148642303072 0 0
 810.28278458504 -0.00117912645505546 0 0
 813.55319577625 -0.00125558199777979 0 0
 816.82236914176 -0.00120680005409645 0 0
 820.09029307223 -0.00103393862129445 0 0
 823.35695595832 -0.00125613959535016 0 0
 826.62234619069 -0.00138369160496659 0 0
 829.88645216 -0.00159037957398755 0 0
 833.14926225691 -0.00148759586345354 0 0
 836.41076487208 -0.00173961745486035 0 0
 839.67094839617 -0.00168792568130005 0 0
 842.92980121984 -0.00188272101107748 0 0
 846.18731173375 -0.00173703265900768 0 0
 849.44346832856 -0.00165754459763561 0 0
 852.69825939493 -0.00205304163221578 0 0
 855.95167332352 -0.00204745793321919 0 0
 859.20369850499 -0.00214326834097804 0 0
 862.45432333 -0.00205422403589472 0 0
 865.70353618921 -0.00214558157234545 0 0
 868.95132547328 -0.00223869557395859 0 0
 872.19767957287 -0.00230703485020398 0 0
 875.44258687864 -0.00246307307925335 0 0
 878.68603578125 -0.0020059263601789 0 0
 881.92801467136 -0.00180557117729862 0 0
 885.16851193963 -0.00155206281255579 0 0
 888.40751597672 -0.00209902296530111 0 0
 891.64501517329 -0.00285087217494174 0 0
 894.88099792 -0.00246463066461521 0 0
 898.11545260751 -0.00217322750100852 0 0
 901.34836762648 -0.00198491912558081 0 0
 904.57973136757 -0.00266580547280812 0 0
 907.80953222144 -0.00157674877217174 0 0
 911.03775857875 -0.0024153422081746 0 0
 914.26439883016 -0.0026581591292467 0 0
 917.48944136633 -0.00282546998355862 0 0
 920.71287457792 -0.00265620269310915 0 0
 923.93468685559 -0.00295343153028785 0 0
 927.15486659 -0.00297518666030161 0 0
 930.37340217181 -0.00280943612839166 0 0
 933.59028199168 -0.00239628560392703 0 0
 936.80549444027 -0.00341336411113694 0 0
 940.01902790824 -0.00334057593202396 0 0
 943.23087078625 -0.00297607117279048 0 0
 946.44101146496 -0.00398444076502444 0 0
 949.64943833503 -0.00476292612968655 0 0
 952.85613978712 -0.00362766115265326 0 0
 956.06110421189 0 0 0
 959.26432 0 0 0
 962.46577554211 0 0 0
 965.66545922888 0 0 0
 968.86335945097 0 0 0
 972.05946459904 0 0 0
 975.25376306375 0 0 0
 978.44624323576 0 0 0
 981.63689350573 0 0 0
 984.82570226432 0 0 0
 988.01265790219 0 0 0
 991.19774881 0 0 0
 994.38096337841 0 0 0
 997.56228999808 0 0 0
 1000.74171705967 0 0 0
 1003.91923295384 0 0 0
 1007.09482607125 0 0 0
 1010.26848480256 0 0 0
 1013.44019753843 0 0 0
 1016.60995266952 0 0 0
 1019.77773858649 0 0 0
 1022.94354368 0 0 0
 1026.10735634071 0 0 0
 1029.26916495928 0 0 0
 1032.42895792637 0 0 0
 1035.58672363264 0 0 0
 1038.74245046875 0 0 0
 1041.89612682536 0 0 0
 1045.04774109313 0 0 0
 1048.19728166272 0 0 0
 1051.34473692479 0 0 0
 1054.49009527 0 0 0
 1057.63334508901 0 0 0
 1060.77447477248 0 0 0
 1063.91347271107 0 0 0
 1067.05032729544 0 0 0
 1070.18502691625 0 0 0
 1073.31755996416 0 0 0
 1076.44791482983 0 0 0
 1079.57607990392 0 0 0
 1082.70204357709 0 0 0
 1085.82579424 0 0 0
 1088.94732028331 0 0 0
 1092.06661009768 0 0 0
 1095.18365207377 0 0 0
 1098.29843460224 0 0 0
 1101.41094607375 0 0 0
 1104.52117487896 0 0 0
 1107.62910940853 0 0 0
 1110.73473805312 0 0 0
 1113.83804920339 0 0 0
 1116.93903125 0 0 0
 1120.03767258361 0 0 0
 1123.13396159488 0 0 0
 1126.22788667447 0 0 0
 1129.31943621304 0 0 0
 1132.40859860125 0 0 0
 1135.49536222976 0 0 0
[END] of [DATA]
[END] of [Spectrum]


#TBID:2021-06-17 03:00:00;SAM_84CE;RAW;

[Spectrum]
Version            = 1
IDData             = 96B1_2021-06-17_03-00-00_000_622
IDDevice           = SAM_84CE
IDDataType         = SPECTRUM
IDDataTypeSub1     = RAW
IDDataTypeSub2     = 
IDDataTypeSub3     = 
DateTime           = 2021-06-17 03:00:00
PositionLatitude   = 0
PositionLongitude  = 0
Comment            = 
CommentSub1        = 
CommentSub2        = 
CommentSub3        = 
IDMethodType       = SAM Control
MethodName         = SAM_84CE
Mission            = No Mission
MissionSub         = 1
RecordType         = 0
[Attributes]
CalFactor = 1
IDBasisSpec = 
IDDataBack = DLAB_2015-08-21_11-56-43_233_004
IDDataCal = DLAB_2015-08-26_10-05-37_585_478
IntegrationTime = 4096
P31 = -1
P31e = 0
PathLength = +INF
PathLengthCustomOn = 0
RAWDynamic = 65535
Salinity = 0
Temperature = -NAN
Unit1 = $05 $00 Pixel 
Unit2 = $03 $05 Intensity counts
Unit3 = $f0 $05 Error counts
Unit4 = $f1 $00 Status 
p999 = 61
[END] of [Attributes]
[DATA]
 0 11 0 0
 1 1606 0 0
 2 1614 0 0
 3 1615 0 0
 4 1621 0 0
 5 1624 0 0
 6 1622 0 0
 7 1618 0 0
 8 1624 0 0
 9 1627 0 0
 10 1622 0 0
 11 1631 0 0
 12 1625 0 0
 13 1625 0 0
 14 1629 0 0
 15 1628 0 0
 16 1624 0 0
 17 1623 0 0
 18 1631 0 0
 19 1621 0 0
 20 1632 0 0
 21 1630 0 0
 22 1627 0 0
 23 1637 0 0
 24 1633 0 0
 25 1638 0 0
 26 1637 0 0
 27 1634 0 0
 28 1633 0 0
 29 1628 0 0
 30 1634 0 0
 31 1633 0 0
 32 1628 0 0
 33 1633 0 0
 34 1624 0 0
 35 1625 0 0
 36 1627 0 0
 37 1624 0 0
 38 1630 0 0
 39 1625 0 0
 40 1628 0 0
 41 1627 0 0
 42 1625 0 0
 43 1626 0 0
 44 1618 0 0
 45 1615 0 0
 46 1626 0 0
 47 1627 0 0
 48 1627 0 0
 49 1622 0 0
 50 1620 0 0
 51 1615 0 0
 52 1624 0 0
 53 1618 0 0
 54 1618 0 0
 55 1619 0 0
 56 1616 0 0
 57 1620 0 0
 58 1617 0 0
 59 1616 0 0
 60 1614 0 0
 61 1616 0 0
 62 1621 0 0
 63 1621 0 0
 64 1615 0 0
 65 1614 0 0
 66 1623 0 0
 67 1621 0 0
 68 1620 0 0
 69 1611 0 0
 70 1606 0 0
 71 1610 0 0
 72 1610 0 0
 73 1617 0 0
 74 1615 0 0
 75 1618 0 0
 76 1618 0 0
 77 1614 0 0
 78 1609 0 0
 79 1616 0 0
 80 1616 0 0
 81 1613 0 0
 82 1614 0 0
 83 1608 0 0
 84 1610 0 0
 85 1608 0 0
 86 1609 0 0
 87 1609 0 0
 88 1607 0 0
 89 1608 0 0
 90 1611 0 0
 91 1605 0 0
 92 1610 0 0
 93 1617 0 0
 94 1605 0 0
 95 1602 0 0
 96 1603 0 0
 97 1608 0 0
 98 1611 0 0
 99 1607 0 0
 100 1614 0 0
 101 1610 0 0
 102 1606 0 0
 103 1609 0 0
 104 1605 0 0
 105 1607 0 0
 106 1609 0 0
 107 1606 0 0
 108 1603 0 0
 109 1614 0 0
 110 1609 0 0
 111 1616 0 0
 112 1602 0 0
 113 1598 0 0
 114 1605 0 0
 115 1604 0 0
 116 1600 0 0
 117 1609 0 0
 118 1604 0 0
 119 1608 0 0
 120 1603 0 0
 121 1602 0 0
 122 1603 0 0
 123 1597 0 0
 124 1600 0 0
 125 1602 0 0
 126 1599 0 0
 127 1602 0 0
 128 1601 0 0
 129 1600 0 0
 130 1593 0 0
 131 1606 0 0
 132 1595 0 0
 133 1604 0 0
 134 1592 0 0
 135 1594 0 0
 136 1592 0 0
 137 1600 0 0
 138 1588 0 0
 139 1596 0 0
 140 1590 0 0
 141 1593 0 0
 142 1593 0 0
 143 1592 0 0
 144 1589 0 0
 145 1603 0 0
 146 1600 0 0
 147 1586 0 0
 148 1589 0 0
 149 1589 0 0
 150 1588 0 0
 151 1590 0 0
 152 1586 0 0
 153 1591 0 0
 154 1591 0 0
 155 1590 0 0
 156 1593 0 0
 157 1588 0 0
 158 1582 0 0
 159 1589 0 0
 160 1592 0 0
 161 1592 0 0
 162 1587 0 0
 163 1590 0 0
 164 1588 0 0
 165 1588 0 0
 166 1586 0 0
 167 1587 0 0
 168 1586 0 0
 169 1590 0 0
 170 1585 0 0
 171 1588 0 0
 172 1588 0 0
 173 1586 0 0
 174 1582 0 0
 175 1588 0 0
 176 1587 0 0
 177 1578 0 0
 178 1584 0 0
 179 1580 0 0
 180 1584 0 0
 181 1588 0 0
 182 1582 0 0
 183 1575 0 0
 184 1575 0 0
 185 1580 0 0
 186 1584 0 0
 187 1584 0 0
 188 1576 0 0
 189 1579 0 0
 190 1578 0 0
 191 1584 0 0
 192 1577 0 0
 193 1579 0 0
 194 1576 0 0
 195 1577 0 0
 196 1576 0 0
 197 1569 0 0
 198 1582 0 0
 199 1576 0 0
 200 1575 0 0
 201 1581 0 0
 202 1572 0 0
 203 1580 0 0
 204 1575 0 0
 205 1581 0 0
 206 1578 0 0
 207 1582 0 0
 208 1572 0 0
 209 1570 0 0
 210 1573 0 0
 211 1565 0 0
 212 1569 0 0
 213 1576 0 0
 214 1572 0 0
 215 1578 0 0
 216 1577 0 0
 217 1565 0 0
 218 1573 0 0
 219 1574 0 0
 220 1568 0 0
 221 1571 0 0
 222 1569 0 0
 223 1571 0 0
 224 1566 0 0
 225 1570 0 0
 226 1567 0 0
 227 1568 0 0
 228 1565 0 0
 229 1578 0 0
 230 1572 0 0
 231 1568 0 0
 232 1568 0 0
 233 1569 0 0
 234 1565 0 0
 235 1572 0 0
 236 1564 0 0
 237 1566 0 0
 238 1569 0 0
 239 1566 0 0
 240 1570 0 0
 241 1572 0 0
 242 1560 0 0
 243 1571 0 0
 244 1568 0 0
 245 1562 0 0
 246 1556 0 0
 247 1558 0 0
 248 1559 0 0
 249 1558 0 0
 250 1556 0 0
 251 1553 0 0
 252 1550 0 0
 253 1544 0 0
 254 1548 0 0
 255 1601 0 0
[END] of [DATA]
[END] of [Spectrum]


#TBID:2021-06-17 03:00:00;SAM_84CE;CALIBRATED;

[Spectrum]
Version            = 1
IDData             = 96B1_2021-06-17_03-00-00_000_623
IDDevice           = SAM_84CE
IDDataType         = SPECTRUM
IDDataTypeSub1     = CALIBRATED
IDDataTypeSub2     = 
IDDataTypeSub3     = 
DateTime           = 2021-06-17 03:00:00
PositionLatitude   = 0
PositionLongitude  = 0
Comment            = 
CommentSub1        = 
CommentSub2        = 
CommentSub3        = 
IDMethodType       = SAM Control
MethodName         = SAM_84CE
Mission            = No Mission
MissionSub         = 1
RecordType         = 0
[Attributes]
CalFactor = 1
IDBasisSpec = 
IDDataBack = DLAB_2015-08-21_11-56-43_233_004
IDDataCal = DLAB_2015-08-26_10-05-37_585_478
IntegrationTime = 4096
P31 = -1
P31e = 0
PathLength = +INF
PathLengthCustomOn = 0
RAWDynamic = 65535
Salinity = 0
Temperature = -NAN
Unit1 = $01 $01 Wavelength nm
Unit2 = $03 $06 Intensity mW/(m^2 nm)
Unit3 = $f0 $06 Error mW/(m^2 nm)
Unit4 = $f1 $00 Status 
p999 = 61
[END] of [Attributes]
[DATA]
 0 11 0 0
 303.485180022 0 0 0
 306.85638880275 0 0 0
 310.228324544 0 0 0
 313.60097308125 0 0 0
 316.97432025 0.0340165877631018 0 0
 320.34835188575 0.0331923959844371 0 0
 323.723053824 0.0295168271294304 0 0
 327.09841190025 0.0301962282790359 0 0
 330.47441195 0.0268132218249867 0 0
 333.85103980875 0.0253154287573825 0 0
 337.228281312 0.025713038883676 0 0
 340.60612229525 0.0220791404326555 0 0
 343.984548594 0.0206028442940651 0 0
 347.36354604375 0.0184929213178761 0 0
 350.74310048 0.0185593352926613 0 0
 354.12319773825 0.0158035142079676 0 0
 357.503823654 0.0153845856013392 0 0
 360.88496406275 0.0152233009582039 0 0
 364.2666048 0.0142048656929353 0 0
 367.64873170125 0.0142851523589444 0 0
 371.031330602 0.0147423747681509 0 0
 374.41438733775 0.0150409987776927 0 0
 377.797887744 0.0148269316330003 0 0
 381.18181765625 0.016193444235706 0 0
 384.56616291 0.0174138457688134 0 0
 387.95090934075 0.0162834440428739 0 0
 391.336042784 0.015224458042151 0 0
 394.72154907525 0.017223876469319 0 0
 398.10741405 0.0152682482946323 0 0
 401.49362354375 0.0157421186748096 0 0
 404.880163392 0.0133829504394033 0 0
 408.26701943025 0.0124749114346751 0 0
 411.654177494 0.0131147212752487 0 0
 415.04162341875 0.0113898100878697 0 0
 418.42934304 0.0111571163361174 0 0
 421.81732219325 0.00955758214689449 0 0
 425.205546714 0.00989928995610567 0 0
 428.59400243775 0.0088327526622565 0 0
 431.9826752 0.00831221965403416 0 0
 435.37155083625 0.00829657106600002 0 0
 438.760615182 0.00819986743868084 0 0
 442.14985407275 0.00765944488444802 0 0
 445.539253344 0.00787962561260317 0 0
 448.92879883125 0.00778733364509959 0 0
 452.31847637 0.00766154776545439 0 0
 455.70827179575 0.00786440227529387 0 0
 459.098170944 0.00782091194056259 0 0
 462.48815965025 0.00881543802533848 0 0
 465.87822375 0.00843548317911123 0 0
 469.26834907875 0.00806064458935096 0 0
 472.658521472 0.00841202571501676 0 0
 476.04872676525 0.00970610353840912 0 0
 479.438950794 0.00814889072097685 0 0
 482.82917939375 0.00788442187740534 0 0
 486.2193984 0.00922275289870294 0 0
 489.60959364825 0.00899712497895546 0 0
 492.999750974 0.00953259357356945 0 0
 496.38985621275 0.00848457853805262 0 0
 499.7798952 0.00874464430202951 0 0
 503.16985377125 0.00899742653618766 0 0
 506.559717762 0.00853175030765719 0 0
 509.94947300775 0.00804117763531677 0 0
 513.339105344 0.00838091222885524 0 0
 516.72860060625 0.00756961301112073 0 0
 520.11794463 0.00763653687318498 0 0
 523.50712325075 0.00738457992063726 0 0
 526.896122304 0.00772437544728553 0 0
 530.28492762525 0.00719743472629654 0 0
 533.67352505 0.00700774777485346 0 0
 537.06190041375 0.00705502494047675 0 0
 540.450039552 0.00659177294317711 0 0
 543.83792830025 0.00606966156132042 0 0
 547.225552494 0.00658932261437423 0 0
 550.61289796875 0.00682278000509966 0 0
 553.99995056 0.00696199683461944 0 0
 557.38669610325 0.00613262669154384 0 0
 560.773120434 0.00683226518324675 0 0
 564.15920938775 0.00675037513186396 0 0
 567.5449488 0.0068877170373404 0 0
 570.93032450625 0.00684521092772234 0 0
 574.315322342 0.00652258057732946 0 0
 577.69992814275 0.00741676214079267 0 0
 581.084127744 0.00711151010862051 0 0
 584.46790698125 0.00740352365955189 0 0
 587.85125169 0.00718730963146796 0 0
 591.23414770575 0.00724570448964886 0 0
 594.616580864 0.00722114684834951 0 0
 597.99853700025 0.00742560915842157 0 0
 601.38000195 0.00765557661422523 0 0
 604.76096154875 0.00711192400607863 0 0
 608.141401632 0.00654059920004926 0 0
 611.52130803525 0.00758514162419755 0 0
 614.900666594 0.00792245580596357 0 0
 618.27946314375 0.00739986631973114 0 0
 621.65768352 0.00761718165799106 0 0
 625.03531355825 0.0079554732969163 0 0
 628.412339094 0.00790913107627467 0 0
 631.78874596275 0.00807263760023113 0 0
 635.16452 0.00793080950376225 0 0
 638.53964704125 0.00961306279554389 0 0
 641.914112922 0.00988985466472615 0 0
 645.28790347775 0.00878798972176184 0 0
 648.661004544 0.00924553824931379 0 0
 652.03340195625 0.00936330958167222 0 0
 655.40508155 0.00890592968088666 0 0
 658.77602916075 0.00999707363754442 0 0
 662.146230624 0.0100934024146405 0 0
 665.51567177525 0.00956679932612439 0 0
 668.88433845 0.0099563687816806 0 0
 672.25221648375 0.0107080455481061 0 0
 675.619291712 0.0101899888432027 0 0
 678.98554997025 0.008653127366028 0 0
 682.350977094 0.00870080461065586 0 0
 685.71555891875 0.00912358105635474 0 0
 689.07928128 0.00954559587568323 0 0
 692.44213001325 0.00945242260061965 0 0
 695.804090954 0.00986197758083852 0 0
 699.16514993775 0.0094331730262809 0 0
 702.5252928 0.0101965680209867 0 0
 705.88450537625 0.00898673798050778 0 0
 709.242773502 0.00964102956452416 0 0
 712.60008301275 0.00907504538618975 0 0
 715.956419744 0.00871402166499604 0 0
 719.31176953125 0.00917930438098497 0 0
 722.66611821 0.00992590581649765 0 0
 726.01945161575 0.00755126421495972 0 0
 729.371755584 0.0102063378201305 0 0
 732.72301595025 0.00931461582215019 0 0
 736.07321855 0.00952227545955514 0 0
 739.42234921875 0.00878098171623514 0 0
 742.770393792 0.00905392775877064 0 0
 746.11733810525 0.0087907045887937 0 0
 749.463167994 0.0108834479693095 0 0
 752.80786929375 0.00806106018761704 0 0
 756.15142784 0.00834014469449087 0 0
 759.49382946825 0.00834076816029479 0 0
 762.835060014 0.0089614499726401 0 0
 766.17510531275 0.00922703037514254 0 0
 769.5139512 0.00843609616671192 0 0
 772.85158351125 0.00938086212430761 0 0
 776.187988082 0.0089994133319748 0 0
 779.52315074775 0.00994037331739279 0 0
 782.857057344 0.00943350224604257 0 0
 786.18969370625 0.00855886228166569 0 0
 789.52104567 0.0104055189458788 0 0
 792.85109907075 0.011073259552405 0 0
 796.179839744 0.0105065527152043 0 0
 799.50725352525 0.00913992185640737 0 0
 802.83332625 0.0109219817454316 0 0
 806.15804375375 0.0113126375001571 0 0
 809.481391872 0.0128249572257473 0 0
 812.80335644025 0.0114834609955155 0 0
 816.123923294 0.0116671651833717 0 0
 819.44307826875 0.0130050470309663 0 0
 822.7608072 0.01328464263124 0 0
 826.07709592325 0.0155785104813387 0 0
 829.391930274 0.0125849805697096 0 0
 832.70529608775 0.013234671836273 0 0
 836.0171792 0.0140851685196495 0 0
 839.32756544625 0.0157279322322409 0 0
 842.636440662 0.0154795789979273 0 0
 845.94379068275 0.0145869232494921 0 0
 849.249601344 0.0175950326914733 0 0
 852.55385848125 0.0167918186344548 0 0
 855.85654793 0.0194561570137109 0 0
 859.15765552575 0.0196413342304137 0 0
 862.457167104 0.0195851252499923 0 0
 865.75506850025 0.0202337232359126 0 0
 869.05134555 0.0211553199782843 0 0
 872.34598408875 0.0172798831820257 0 0
 875.638969952 0.0194695417886834 0 0
 878.93028897525 0.0228833944496877 0 0
 882.219926994 0.0227959031127721 0 0
 885.50786984375 0.0236668248691779 0 0
 888.79410336 0.0253748381276439 0 0
 892.07861337825 0.0257061146536729 0 0
 895.361385734 0.0170092006949596 0 0
 898.64240626275 0.0209026780345896 0 0
 901.9216608 0.0189645342553156 0 0
 905.19913518125 0.0230569808441757 0 0
 908.474815242 0.0308170956476272 0 0
 911.74868681775 0.0260731626568634 0 0
 915.020735744 0.028426959624595 0 0
 918.29094785625 0.027489051836673 0 0
 921.55930899 0.0275732071154131 0 0
 924.82580498075 0.0301958852300234 0 0
 928.090421664 0.0292011485125941 0 0
 931.35314487525 0.0268719046377389 0 0
 934.61396045 0.0329377267583709 0 0
 937.87285422375 0.0319333341470181 0 0
 941.129812032 0.039068367927893 0 0
 944.38481971025 0.0337709775208617 0 0
 947.637863094 0.0385524116510203 0 0
 950.88892801875 0.0371045717618607 0 0
 954.13800032 0 0 0
 957.38506583325 0 0 0
 960.630110394 0 0 0
 963.87311983775 0 0 0
 967.11408 0 0 0
 970.35297671625 0 0 0
 973.589795822 0 0 0
 976.82452315275 0 0 0
 980.057144544 0 0 0
 983.28764583125 0 0 0
 986.51601285 0 0 0
 989.74223143575 0 0 0
 992.966287424 0 0 0
 996.18816665025 0 0 0
 999.40785495 0 0 0
 1002.62533815875 0 0 0
 1005.840602112 0 0 0
 1009.05363264525 0 0 0
 1012.264415594 0 0 0
 1015.47293679375 0 0 0
 1018.67918208 0 0 0
 1021.88313728825 0 0 0
 1025.084788254 0 0 0
 1028.28412081275 0 0 0
 1031.4811208 0 0 0
 1034.67577405125 0 0 0
 1037.868066402 0 0 0
 1041.05798368775 0 0 0
 1044.245511744 0 0 0
 1047.43063640625 0 0 0
 1050.61334351 0 0 0
 1053.79361889075 0 0 0
 1056.971448384 0 0 0
 1060.14681782525 0 0 0
 1063.31971305 0 0 0
 1066.49011989375 0 0 0
 1069.658024192 0 0 0
 1072.82341178025 0 0 0
 1075.986268494 0 0 0
 1079.14658016875 0 0 0
 1082.30433264 0 0 0
 1085.45951174325 0 0 0
 1088.612103314 0 0 0
 1091.76209318775 0 0 0
 1094.9094672 0 0 0
 1098.05421118625 0 0 0
 1101.196310982 0 0 0
 1104.33575242275 0 0 0
 1107.472521344 0 0 0
 1110.60660358125 0 0 0
 1113.73798497 0 0 0
 1116.86665134575 0 0 0
 1119.992588544 0 0 0
 1123.11578240025 0 0 0
 1126.23621875 0 0 0
 1129.35388342875 0 0 0
 1132.468762272 0 0 0
 1135.58084111525 0 0 0
 1138.690105794 0 0 0
 1141.79654214375 0 0 0
 1144.900136 0 0 0
[END] of [DATA]
[END] of [Spectrum]


#TBID:2021-06-17 03:00:00;SAM_84C8;RAW;

[Spectrum]
Version            = 1
IDData             = 96B1_2021-06-17_03-00-00_000_625
IDDevice           = SAM_84C8
IDDataType         = SPECTRUM
IDDataTypeSub1     = RAW
IDDataTypeSub2     = 
IDDataTypeSub3     = 
DateTime           = 2021-06-17 03:00:00
PositionLatitude   = 0
PositionLongitude  = 0
Comment            = 
CommentSub1        = 
CommentSub2        = 
CommentSub3        = 
IDMethodType       = SAM Control
MethodName         = SAM_84C8
Mission            = No Mission
MissionSub         = 1
RecordType         = 0
[Attributes]
CalFactor = 1
IDBasisSpec = 
IDDataBack = DLAB_2015-08-21_12-14-03_013_778
IDDataCal = DLAB_2015-08-24_11-04-47_772_747
IntegrationTime = 4096
P31 = -1
P31e = 0
PathLength = +INF
PathLengthCustomOn = 0
RAWDynamic = 65535
Salinity = 0
Temperature = -NAN
Unit1 = $05 $00 Pixel 
Unit2 = $03 $05 Intensity counts
Unit3 = $f0 $05 Error counts
Unit4 = $f1 $00 Status 
p999 = 61
[END] of [Attributes]
[DATA]
 0 11 0 0
 1 1582 0 0
 2 1568 0 0
 3 1569 0 0
 4 1576 0 0
 5 1577 0 0
 6 1577 0 0
 7 1577 0 0
 8 1572 0 0
 9 1578 0 0
 10 1572 0 0
 11 1579 0 0
 12 1583 0 0
 13 1599 0 0
 14 1594 0 0
 15 1599 0 0
 16 1608 0 0
 17 1600 0 0
 18 1596 0 0
 19 1602 0 0
 20 1590 0 0
 21 1591 0 0
 22 1594 0 0
 23 1593 0 0
 24 1599 0 0
 25 1592 0 0
 26 1592 0 0
 27 1587 0 0
 28 1598 0 0
 29 1595 0 0
 30 1593 0 0
 31 1595 0 0
 32 1595 0 0
 33 1590 0 0
 34 1580 0 0
 35 1577 0 0
 36 1582 0 0
 37 1590 0 0
 38 1586 0 0
 39 1583 0 0
 40 1585 0 0
 41 1589 0 0
 42 1585 0 0
 43 1594 0 0
 44 1580 0 0
 45 1593 0 0
 46 1591 0 0
 47 1590 0 0
 48 1600 0 0
 49 1602 0 0
 50 1594 0 0
 51 1601 0 0
 52 1605 0 0
 53 1606 0 0
 54 1589 0 0
 55 1588 0 0
 56 1592 0 0
 57 1588 0 0
 58 1593 0 0
 59 1582 0 0
 60 1590 0 0
 61 1594 0 0
 62 1613 0 0
 63 1602 0 0
 64 1596 0 0
 65 1593 0 0
 66 1603 0 0
 67 1599 0 0
 68 1603 0 0
 69 1584 0 0
 70 1595 0 0
 71 1593 0 0
 72 1600 0 0
 73 1592 0 0
 74 1594 0 0
 75 1599 0 0
 76 1592 0 0
 77 1598 0 0
 78 1599 0 0
 79 1594 0 0
 80 1594 0 0
 81 1595 0 0
 82 1603 0 0
 83 1613 0 0
 84 1617 0 0
 85 1607 0 0
 86 1612 0 0
 87 1617 0 0
 88 1610 0 0
 89 1597 0 0
 90 1612 0 0
 91 1607 0 0
 92 1600 0 0
 93 1598 0 0
 94 1605 0 0
 95 1596 0 0
 96 1617 0 0
 97 1605 0 0
 98 1591 0 0
 99 1600 0 0
 100 1602 0 0
 101 1607 0 0
 102 1602 0 0
 103 1599 0 0
 104 1599 0 0
 105 1607 0 0
 106 1602 0 0
 107 1598 0 0
 108 1596 0 0
 109 1597 0 0
 110 1608 0 0
 111 1612 0 0
 112 1609 0 0
 113 1608 0 0
 114 1598 0 0
 115 1612 0 0
 116 1608 0 0
 117 1595 0 0
 118 1591 0 0
 119 1594 0 0
 120 1589 0 0
 121 1596 0 0
 122 1588 0 0
 123 1588 0 0
 124 1594 0 0
 125 1602 0 0
 126 1597 0 0
 127 1606 0 0
 128 1595 0 0
 129 1606 0 0
 130 1596 0 0
 131 1610 0 0
 132 1609 0 0
 133 1662 0 0
 134 1612 0 0
 135 1611 0 0
 136 1611 0 0
 137 1613 0 0
 138 1598 0 0
 139 1608 0 0
 140 1599 0 0
 141 1599 0 0
 142 1601 0 0
 143 1596 0 0
 144 1604 0 0
 145 1617 0 0
 146 1613 0 0
 147 1602 0 0
 148 1611 0 0
 149 1605 0 0
 150 1608 0 0
 151 1612 0 0
 152 1618 0 0
 153 1612 0 0
 154 1616 0 0
 155 1613 0 0
 156 1615 0 0
 157 1620 0 0
 158 1615 0 0
 159 1602 0 0
 160 1600 0 0
 161 1597 0 0
 162 1602 0 0
 163 1602 0 0
 164 1598 0 0
 165 1603 0 0
 166 1603 0 0
 167 1602 0 0
 168 1599 0 0
 169 1603 0 0
 170 1609 0 0
 171 1597 0 0
 172 1605 0 0
 173 1589 0 0
 174 1596 0 0
 175 1606 0 0
 176 1594 0 0
 177 1602 0 0
 178 1592 0 0
 179 1600 0 0
 180 1601 0 0
 181 1600 0 0
 182 1598 0 0
 183 1600 0 0
 184 1588 0 0
 185 1596 0 0
 186 1595 0 0
 187 1608 0 0
 188 1605 0 0
 189 1606 0 0
 190 1593 0 0
 191 1604 0 0
 192 1608 0 0
 193 1596 0 0
 194 1595 0 0
 195 1598 0 0
 196 1587 0 0
 197 1591 0 0
 198 1598 0 0
 199 1592 0 0
 200 1589 0 0
 201 1603 0 0
 202 1600 0 0
 203 1603 0 0
 204 1603 0 0
 205 1600 0 0
 206 1603 0 0
 207 1601 0 0
 208 1591 0 0
 209 1587 0 0
 210 1585 0 0
 211 1589 0 0
 212 1590 0 0
 213 1597 0 0
 214 1591 0 0
 215 1596 0 0
 216 1592 0 0
 217 1596 0 0
 218 1593 0 0
 219 1593 0 0
 220 1595 0 0
 221 1605 0 0
 222 1608 0 0
 223 1604 0 0
 224 1607 0 0
 225 1606 0 0
 226 1604 0 0
 227 1604 0 0
 228 1590 0 0
 229 1588 0 0
 230 1592 0 0
 231 1597 0 0
 232 1597 0 0
 233 1590 0 0
 234 1597 0 0
 235 1581 0 0
 236 1588 0 0
 237 1585 0 0
 238 1581 0 0
 239 1587 0 0
 240 1590 0 0
 241 1591 0 0
 242 1597 0 0
 243 1592 0 0
 244 1604 0 0
 245 1597 0 0
 246 1592 0 0
 247 1594 0 0
 248 1596 0 0
 249 1594 0 0
 250 1594 0 0
 251 1587 0 0
 252 1581 0 0
 253 1585 0 0
 254 1581 0 0
 255 1627 0 0
[END] of [DATA]
[END] of [Spectrum]


#TBID:2021-06-17 03:00:00;SAM_84C8;CALIBRATED;

[Spectrum]
Version            = 1
IDData             = 96B1_2021-06-17_03-00-00_000_626
IDDevice           = SAM_84C8
IDDataType         = SPECTRUM
IDDataTypeSub1     = CALIBRATED
IDDataTypeSub2     = 
IDDataTypeSub3     = 
DateTime           = 2021-06-17 03:00:00
PositionLatitude   = 0
PositionLongitude  = 0
Comment            = 
CommentSub1        = 
CommentSub2        = 
CommentSub3        = 
IDMethodType       = SAM Control
MethodName         = SAM_84C8
Mission            = No Mission
MissionSub         = 1
RecordType         = 0
[Attributes]
CalFactor = 1
IDBasisSpec = 
IDDataBack = DLAB_2015-08-21_12-14-03_013_778
IDDataCal = DLAB_2015-08-24_11-04-47_772_747
IntegrationTime = 4096
P31 = -1
P31e = 0
PathLength = +INF
PathLengthCustomOn = 0
RAWDynamic = 65535
Salinity = 0
Temperature = -NAN
Unit1 = $01 $01 Wavelength nm
Unit2 = $03 $03 Intensity mW/(m^2 nm Sr)
Unit3 = $f0 $03 Error mW/(m^2 nm Sr)
Unit4 = $f1 $00 Status 
p999 = 61
[END] of [Attributes]
[DATA]
 0 11 0 0
 303.516048156 0 0 0
 306.890006053 0 0 0
 310.26457112 0 0 0
 313.639731825 0 0 0
 317.015476636 -0.000306000242190226 0 0
 320.391794021 -0.000381598540519534 0 0
 323.768672448 -0.000189440021993362 0 0
 327.146100385 -0.000284448032447817 0 0
 330.5240663 -0.000117177812016298 0 0
 333.902558661 -0.000102171177739044 0 0
 337.281565936 -0.000163442433432979 0 0
 340.661076593 -0.000142436637925993 0 0
 344.0410791 0.000524645809738444 0 0
 347.421561925 0.000351959524430686 0 0
 350.802513536 0.000367160547511598 0 0
 354.183922401 0.000525937749899168 0 0
 357.565776988 0.000283883474961295 0 0
 360.948065765 0.000224558331061446 0 0
 364.3307772 0.000318395308061514 0 0
 367.713899761 0.000163814082214345 0 0
 371.097421916 0.000135531000362174 0 0
 374.481332133 0.000163664732498526 0 0
 377.86561888 0.000138959331433127 0 0
 381.250270625 0.000228119890540835 0 0
 384.635275836 0.000158664928498977 0 0
 388.020622981 0.000311268298010812 0 0
 391.406300528 0.000106221955583137 0 0
 394.792296945 0.000250344420547597 0 0
 398.1786007 0.000231269727504464 0 0
 401.565200261 0.000114533810813149 0 0
 404.952084096 0.000201798491300152 0 0
 408.339240673 0.000191918755794915 0 0
 411.72665846 0.000170165156487803 0 0
 415.114325925 -5.91082556444043e-006 0 0
 418.502231536 -2.53287656363424e-005 0 0
 421.890363761 -3.15834665207605e-005 0 0
 425.278711068 -7.15967542072881e-005 0 0
 428.667261925 1.03388082428638e-005 0 0
 432.0560048 6.07861504076445e-005 0 0
 435.444928161 4.98929201816317e-005 0 0
 438.834020476 5.20306104553119e-005 0 0
 442.223270213 4.36327847834048e-005 0 0
 445.61266584 0.000102883164918437 0 0
 449.002195825 5.68407368356285e-006 0 0
 452.391848636 5.17206680124092e-005 0 0
 455.781612741 7.64284596951243e-005 0 0
 459.171476608 8.87481243521907e-005 0 0
 462.561428705 0.000171846709864677 0 0
 465.9514575 0.000154417849645328 0 0
 469.341551461 0.000170072748096893 0 0
 472.731699056 0.000185162658735833 0 0
 476.121888753 0.00024844057783308 0 0
 479.51210902 0.000299192017231359 0 0
 482.902348325 0.000212982015343478 0 0
 486.292595136 4.90152687101333e-005 0 0
 489.682837921 8.06600629956764e-005 0 0
 493.073065148 -3.08986483774475e-005 0 0
 496.463265285 0.000136928017309099 0 0
 499.8534268 5.46775022412117e-005 0 0
 503.243538161 0.000128277769532097 0 0
 506.633587836 0.000137870473665376 0 0
 510.023564293 0.000235042218503546 0 0
 513.413456 0.000181872707152132 0 0
 516.803251425 0.000236189364288249 0 0
 520.192939036 0.00014422496238866 0 0
 523.582507301 0.000187514150041715 0 0
 526.971944688 0.000164153221069668 0 0
 530.361239665 0.000155116778914311 0 0
 533.7503807 9.005013893372e-006 0 0
 537.139356261 5.55512784761723e-005 0 0
 540.528154816 7.54163945289534e-005 0 0
 543.916764833 9.08553464672974e-005 0 0
 547.30517478 7.1648010114526e-005 0 0
 550.693373125 0.000106518525612879 0 0
 554.081348336 0.000135515419847431 0 0
 557.469088881 6.11637588798108e-005 0 0
 560.856583228 0.000129356843726791 0 0
 564.243819845 0.000142930730927147 0 0
 567.6307872 7.4907772890228e-005 0 0
 571.017473761 8.15755464346198e-005 0 0
 574.403867996 0.000127706938370342 0 0
 577.789958373 0.000135765735551536 0 0
 581.17573336 0.000303533797367713 0 0
 584.561181425 0.000343173454341367 0 0
 587.946291036 0.000305712955630867 0 0
 591.331050661 0.000367597937950259 0 0
 594.715448768 0.000388597321691397 0 0
 598.099473825 0.000349348929456269 0 0
 601.4831143 0.000185764755077166 0 0
 604.866358661 0.000284042946147817 0 0
 608.249195376 0.000263983856932067 0 0
 611.631612913 0.000163152807497548 0 0
 615.01359974 0.000226546291637728 0 0
 618.395144325 0.000179786985200637 0 0
 621.776235136 0.00013880418881205 0 0
 625.156860641 0.000389186389954963 0 0
 628.537009308 0.000287508815600029 0 0
 631.916669605 7.57284877412378e-005 0 0
 635.29583 0.000265425302305334 0 0
 638.674478961 0.00012962352649539 0 0
 642.052604956 0.000155433981535598 0 0
 645.430196453 0.000195416447206226 0 0
 648.80724192 0.000235689804520096 0 0
 652.183729825 0.000228814341501179 0 0
 655.559648636 0.000239926093992804 0 0
 658.934986821 0.000331850310185762 0 0
 662.309732848 0.000202915384367034 0 0
 665.683875185 0.000267368112594576 0 0
 669.0574023 0.000245235880954145 0 0
 672.430302661 0.00026539467211888 0 0
 675.802564736 0.000207469084093112 0 0
 679.174176993 0.000390146584589121 0 0
 682.5451279 0.000373913057437574 0 0
 685.915405925 0.000186123648296423 0 0
 689.284999536 0.000362503775722446 0 0
 692.653897201 0.000216940100405347 0 0
 696.022087388 0.000165689015300696 0 0
 699.389558565 9.74414820104663e-005 0 0
 702.7562992 -2.7885795806921e-005 0 0
 706.122297761 0.000122039042570022 0 0
 709.487542716 0.000143458981144707 0 0
 712.852022533 9.79166287839397e-005 0 0
 716.21572568 3.93028225101418e-005 0 0
 719.578640625 0.000207593736665162 0 0
 722.940755836 0.000285799638736234 0 0
 726.302059781 0.000170043017132735 0 0
 729.662540928 0.000166659571308689 0 0
 733.022187745 0.000198093173608991 0 0
 736.3809887 0.000337169547921933 0 0
 739.738932261 0.000259719835253926 0 0
 743.096006896 0.000426674741850197 0 0
 746.452201073 0.000439122911166903 0 0
 749.80750326 0.000285989528366137 0 0
 753.161901925 0.000451697315178213 0 0
 756.515385536 0.000565256393463273 0 0
 759.867942561 0.000560255458561377 0 0
 763.219561468 0.000538806899217793 0 0
 766.570230725 0.000298388503104964 0 0
 769.9199388 0.000324559858154123 0 0
 773.268674161 0.000239894028787229 0 0
 776.616425276 0.000333108681327148 0 0
 779.963180613 0.000234625344845385 0 0
 783.30892864 0.000183336727457927 0 0
 786.653657825 0.000206384152061275 0 0
 789.997356636 0.00074209960018908 0 0
 793.340013541 0.00063758212067666 0 0
 796.681617008 0.000496144592392756 0 0
 800.022155505 0.00062141945862134 0 0
 803.3616175 0.000616298917893153 0 0
 806.699991461 0.000690082213445322 0 0
 810.037265856 0.000810448342588094 0 0
 813.373429153 0.000914816113273914 0 0
 816.70846982 0.000943156842237163 0 0
 820.042376325 0.00125743495497901 0 0
 823.375137136 0.00126789960864091 0 0
 826.706740721 0.0010931681912675 0 0
 830.037175548 0.00127813525001627 0 0
 833.366430085 0.0011647040392035 0 0
 836.6944928 0.000733262897889053 0 0
 840.021352161 0.000365974987847142 0 0
 843.346996636 0.000452837494239927 0 0
 846.671414693 0.000587896708507926 0 0
 849.9945948 0.000751232829830304 0 0
 853.316525425 0.000915900488664729 0 0
 856.637195036 0.000612368748296896 0 0
 859.956592101 0.000815515412707268 0 0
 863.274705088 0.000512756117363062 0 0
 866.591522465 0.00049935935021713 0 0
 869.9070327 0.0011815138908564 0 0
 873.221224261 0.0013040711802593 0 0
 876.534085616 0.000737624813442929 0 0
 879.845605233 0.00120480332780839 0 0
 883.15577158 0.000865016146751488 0 0
 886.464573125 0.000979642712749609 0 0
 889.771998336 0.000920080101535111 0 0
 893.078035681 0.000654299371169347 0 0
 896.382673628 0.00139947193173371 0 0
 899.685900645 0.000681164443245261 0 0
 902.9877052 0.00101032606138145 0 0
 906.288075761 0.000817409901685916 0 0
 909.587000796 0.00100032798120464 0 0
 912.884468773 0.000816278881594882 0 0
 916.18046816 0.00125176602471617 0 0
 919.474987425 0.000425547932072797 0 0
 922.768015036 0.000658912881786343 0 0
 926.059539461 0.00120594983404669 0 0
 929.349549168 0.0019254307923668 0 0
 932.638032625 0.00288564680449858 0 0
 935.9249783 0.00317605964198519 0 0
 939.210374661 0.00210510848951346 0 0
 942.494210176 0.00292373689229469 0 0
 945.776473313 0.0029579570612492 0 0
 949.05715254 0.00324799911083708 0 0
 952.336236325 0.000594822603044674 0 0
 955.613713136 0 0 0
 958.889571441 0 0 0
 962.163799708 0 0 0
 965.436386405 0 0 0
 968.70732 0 0 0
 971.976588961 0 0 0
 975.244181756 0 0 0
 978.510086853 0 0 0
 981.77429272 0 0 0
 985.036787825 0 0 0
 988.297560636 0 0 0
 991.556599621 0 0 0
 994.813893248 0 0 0
 998.069429985 0 0 0
 1001.3231983 0 0 0
 1004.575186661 0 0 0
 1007.825383536 0 0 0
 1011.073777393 0 0 0
 1014.3203567 0 0 0
 1017.565109925 0 0 0
 1020.808025536 0 0 0
 1024.049092001 0 0 0
 1027.288297788 0 0 0
 1030.525631365 0 0 0
 1033.7610812 0 0 0
 1036.994635761 0 0 0
 1040.226283516 0 0 0
 1043.456012933 0 0 0
 1046.68381248 0 0 0
 1049.909670625 0 0 0
 1053.133575836 0 0 0
 1056.355516581 0 0 0
 1059.575481328 0 0 0
 1062.793458545 0 0 0
 1066.0094367 0 0 0
 1069.223404261 0 0 0
 1072.435349696 0 0 0
 1075.645261473 0 0 0
 1078.85312806 0 0 0
 1082.058937925 0 0 0
 1085.262679536 0 0 0
 1088.464341361 0 0 0
 1091.663911868 0 0 0
 1094.861379525 0 0 0
 1098.0567328 0 0 0
 1101.249960161 0 0 0
 1104.441050076 0 0 0
 1107.629991013 0 0 0
 1110.81677144 0 0 0
 1114.001379825 0 0 0
 1117.183804636 0 0 0
 1120.364034341 0 0 0
 1123.542057408 0 0 0
 1126.717862305 0 0 0
 1129.8914375 0 0 0
 1133.062771461 0 0 0
 1136.231852656 0 0 0
 1139.398669553 0 0 0
 1142.56321062 0 0 0
 1145.725464325 0 0 0
 1148.885419136 0 0 0
[END] of [DATA]
[END] of [Spectrum]

