
#TBID:2021-12-10 00:30:00;SAM_84DC;RAW;

[Spectrum]
Version            = 1
IDData             = 96B1_2021-12-10_00-30-00_000_322
IDDevice           = SAM_84DC
IDDataType         = SPECTRUM
IDDataTypeSub1     = RAW
IDDataTypeSub2     = 
IDDataTypeSub3     = 
DateTime           = 2021-12-10 00:30:00
PositionLatitude   = 0
PositionLongitude  = 0
Comment            = 
CommentSub1        = 
CommentSub2        = 
CommentSub3        = 
IDMethodType       = SAM Control
MethodName         = SAM_84DC
Mission            = No Mission
MissionSub         = 1
RecordType         = 0
[Attributes]
CalFactor = 1
IDBasisSpec = 
IDDataBack = DLAB_2015-08-21_13-19-54_137_939
IDDataCal = DLAB_2015-08-24_10-46-55_592_608
IntegrationTime = 4096
P31 = -1
P31e = 0
PathLength = +INF
PathLengthCustomOn = 0
RAWDynamic = 65535
Salinity = 0
Temperature = -NAN
Unit1 = $05 $00 Pixel 
Unit2 = $03 $05 Intensity counts
Unit3 = $f0 $05 Error counts
Unit4 = $f1 $00 Status 
p999 = 1331
[END] of [Attributes]
[DATA]
 0 11 0 0
 1 1251 0 0
 2 1236 0 0
 3 1251 0 0
 4 1254 0 0
 5 1248 0 0
 6 1245 0 0
 7 1252 0 0
 8 1254 0 0
 9 1254 0 0
 10 1251 0 0
 11 1257 0 0
 12 1252 0 0
 13 1249 0 0
 14 1255 0 0
 15 1248 0 0
 16 1251 0 0
 17 1258 0 0
 18 1252 0 0
 19 1248 0 0
 20 1251 0 0
 21 1252 0 0
 22 1251 0 0
 23 1255 0 0
 24 1255 0 0
 25 1252 0 0
 26 1253 0 0
 27 1257 0 0
 28 1250 0 0
 29 1252 0 0
 30 1244 0 0
 31 1260 0 0
 32 1250 0 0
 33 1250 0 0
 34 1255 0 0
 35 1253 0 0
 36 1253 0 0
 37 1258 0 0
 38 1253 0 0
 39 1256 0 0
 40 1254 0 0
 41 1253 0 0
 42 1255 0 0
 43 1258 0 0
 44 1257 0 0
 45 1253 0 0
 46 1253 0 0
 47 1260 0 0
 48 1253 0 0
 49 1256 0 0
 50 1246 0 0
 51 1255 0 0
 52 1256 0 0
 53 1257 0 0
 54 1255 0 0
 55 1260 0 0
 56 1255 0 0
 57 1256 0 0
 58 1258 0 0
 59 1259 0 0
 60 1257 0 0
 61 1256 0 0
 62 1257 0 0
 63 1260 0 0
 64 1257 0 0
 65 1258 0 0
 66 1253 0 0
 67 1258 0 0
 68 1259 0 0
 69 1257 0 0
 70 1252 0 0
 71 1258 0 0
 72 1256 0 0
 73 1263 0 0
 74 1261 0 0
 75 1256 0 0
 76 1256 0 0
 77 1258 0 0
 78 1258 0 0
 79 1257 0 0
 80 1256 0 0
 81 1259 0 0
 82 1253 0 0
 83 1259 0 0
 84 1259 0 0
 85 1261 0 0
 86 1255 0 0
 87 1256 0 0
 88 1254 0 0
 89 1255 0 0
 90 1249 0 0
 91 1261 0 0
 92 1262 0 0
 93 1259 0 0
 94 1258 0 0
 95 1260 0 0
 96 1255 0 0
 97 1259 0 0
 98 1258 0 0
 99 1254 0 0
 100 1260 0 0
 101 1258 0 0
 102 1258 0 0
 103 1255 0 0
 104 1257 0 0
 105 1257 0 0
 106 1250 0 0
 107 1262 0 0
 108 1255 0 0
 109 1256 0 0
 110 1254 0 0
 111 1261 0 0
 112 1262 0 0
 113 1258 0 0
 114 1259 0 0
 115 1260 0 0
 116 1257 0 0
 117 1259 0 0
 118 1255 0 0
 119 1260 0 0
 120 1253 0 0
 121 1254 0 0
 122 1256 0 0
 123 1262 0 0
 124 1258 0 0
 125 1257 0 0
 126 1253 0 0
 127 1261 0 0
 128 1258 0 0
 129 1258 0 0
 130 1259 0 0
 131 1251 0 0
 132 1257 0 0
 133 1260 0 0
 134 1258 0 0
 135 1256 0 0
 136 1252 0 0
 137 1254 0 0
 138 1252 0 0
 139 1258 0 0
 140 1255 0 0
 141 1260 0 0
 142 1257 0 0
 143 1261 0 0
 144 1256 0 0
 145 1256 0 0
 146 1251 0 0
 147 1257 0 0
 148 1254 0 0
 149 1260 0 0
 150 1257 0 0
 151 1256 0 0
 152 1254 0 0
 153 1262 0 0
 154 1254 0 0
 155 1255 0 0
 156 1253 0 0
 157 1258 0 0
 158 1261 0 0
 159 1258 0 0
 160 1263 0 0
 161 1261 0 0
 162 1253 0 0
 163 1260 0 0
 164 1256 0 0
 165 1259 0 0
 166 1261 0 0
 167 1259 0 0
 168 1257 0 0
 169 1258 0 0
 170 1258 0 0
 171 1260 0 0
 172 1248 0 0
 173 1260 0 0
 174 1262 0 0
 175 1260 0 0
 176 1256 0 0
 177 1256 0 0
 178 1258 0 0
 179 1256 0 0
 180 1256 0 0
 181 1249 0 0
 182 1258 0 0
 183 1261 0 0
 184 1260 0 0
 185 1257 0 0
 186 1254 0 0
 187 1259 0 0
 188 1256 0 0
 189 1258 0 0
 190 1248 0 0
 191 1258 0 0
 192 1258 0 0
 193 1258 0 0
 194 1258 0 0
 195 1253 0 0
 196 1260 0 0
 197 1261 0 0
 198 1252 0 0
 199 1264 0 0
 200 1254 0 0
 201 1260 0 0
 202 1251 0 0
 203 1253 0 0
 204 1259 0 0
 205 1256 0 0
 206 1251 0 0
 207 1256 0 0
 208 1253 0 0
 209 1260 0 0
 210 1258 0 0
 211 1253 0 0
 212 1252 0 0
 213 1256 0 0
 214 1251 0 0
 215 1259 0 0
 216 1253 0 0
 217 1255 0 0
 218 1259 0 0
 219 1262 0 0
 220 1258 0 0
 221 1263 0 0
 222 1254 0 0
 223 1259 0 0
 224 1251 0 0
 225 1262 0 0
 226 1257 0 0
 227 1257 0 0
 228 1265 0 0
 229 1261 0 0
 230 1259 0 0
 231 1258 0 0
 232 1260 0 0
 233 1260 0 0
 234 1258 0 0
 235 1258 0 0
 236 1248 0 0
 237 1258 0 0
 238 1258 0 0
 239 1262 0 0
 240 1264 0 0
 241 1254 0 0
 242 1259 0 0
 243 1257 0 0
 244 1250 0 0
 245 1255 0 0
 246 1252 0 0
 247 1257 0 0
 248 1266 0 0
 249 1263 0 0
 250 1254 0 0
 251 1253 0 0
 252 1265 0 0
 253 1258 0 0
 254 1262 0 0
 255 1320 0 0
[END] of [DATA]
[END] of [Spectrum]


#TBID:2021-12-10 00:30:00;SAM_84DC;CALIBRATED;

[Spectrum]
Version            = 1
IDData             = 96B1_2021-12-10_00-30-00_000_323
IDDevice           = SAM_84DC
IDDataType         = SPECTRUM
IDDataTypeSub1     = CALIBRATED
IDDataTypeSub2     = 
IDDataTypeSub3     = 
DateTime           = 2021-12-10 00:30:00
PositionLatitude   = 0
PositionLongitude  = 0
Comment            = 
CommentSub1        = 
CommentSub2        = 
CommentSub3        = 
IDMethodType       = SAM Control
MethodName         = SAM_84DC
Mission            = No Mission
MissionSub         = 1
RecordType         = 0
[Attributes]
CalFactor = 1
IDBasisSpec = 
IDDataBack = DLAB_2015-08-21_13-19-54_137_939
IDDataCal = DLAB_2015-08-24_10-46-55_592_608
IntegrationTime = 4096
P31 = -1
P31e = 0
PathLength = +INF
PathLengthCustomOn = 0
RAWDynamic = 65535
Salinity = 0
Temperature = -NAN
Unit1 = $01 $01 Wavelength nm
Unit2 = $03 $03 Intensity mW/(m^2 nm Sr)
Unit3 = $f0 $03 Error mW/(m^2 nm Sr)
Unit4 = $f1 $00 Status 
p999 = 1331
[END] of [Attributes]
[DATA]
 0 11 0 0
 305.71650776488 0 0 0
 309.04007505697 0 0 0
 312.36416914304 0 0 0
 315.68877841375 0 0 0
 319.01389125976 9.36791637093718e-005 0 0
 322.33949607173 0.000220134338012728 0 0
 325.66558124032 4.68385571233545e-005 0 0
 328.99213515619 0.000197311604904524 0 0
 332.31914621 5.48435463258869e-005 0 0
 335.64660279241 5.27539796042867e-005 0 0
 338.97449329408 0.00014597845830227 0 0
 342.30280610567 0.00016474194499281 0 0
 345.63152961784 6.94280952565485e-005 0 0
 348.96065222125 -2.30527613569723e-005 0 0
 352.29016230656 0.000116119724477372 0 0
 355.62004826443 4.79958348563791e-006 0 0
 358.95029848552 3.56910222979423e-005 0 0
 362.28090136049 7.47042840600734e-005 0 0
 365.61184528 -3.34177057203876e-005 0 0
 368.94311863471 6.75890856636374e-005 0 0
 372.27470981528 0.000145169836616154 0 0
 375.60660721237 -3.81429176348662e-005 0 0
 378.93879921664 5.06087614621964e-005 0 0
 382.27127421875 7.23154146851147e-005 0 0
 385.60402060936 0.000150312366531678 0 0
 388.93702677913 3.79657386114835e-005 0 0
 392.27028111872 0.000109908263598084 0 0
 395.60377201879 0.000102869931703071 0 0
 398.93748787 0.000142651092844488 0 0
 402.27141706301 2.21485262165018e-005 0 0
 405.60554798848 0.000120570963061589 0 0
 408.93986903707 -3.45641806897319e-006 0 0
 412.27436859944 6.30591874686603e-005 0 0
 415.60903506625 4.26776024218761e-005 0 0
 418.94385682816 9.03566015376896e-005 0 0
 422.27882227583 -4.15972072370432e-005 0 0
 425.61391979992 4.0742314396499e-005 0 0
 428.94913779109 2.01284882048428e-005 0 0
 432.28446464 9.19865418043191e-005 0 0
 435.61988873731 -5.83198457401943e-005 0 0
 438.95539847368 2.79524372837835e-006 0 0
 442.29098223977 3.71722531202225e-005 0 0
 445.62662842624 4.30666166908619e-005 0 0
 448.96232542375 1.06534296177381e-005 0 0
 452.29806162296 -1.93519794182282e-005 0 0
 455.63382541453 -6.79237728487073e-005 0 0
 458.96960518912 -9.25284558187665e-006 0 0
 462.30538933739 8.67453250424704e-006 0 0
 465.64116625 3.65402251657509e-005 0 0
 468.97692431761 -6.25297689693808e-005 0 0
 472.31265193088 2.19631647266469e-005 0 0
 475.64833748047 2.30736870230748e-005 0 0
 478.98396935704 7.07191532188477e-005 0 0
 482.31953595125 4.36451751024864e-005 0 0
 485.65502565376 5.26677556878108e-005 0 0
 488.99042685523 1.67554838277005e-005 0 0
 492.32572794632 -2.32630298606488e-005 0 0
 495.66091731769 7.6089016429619e-006 0 0
 498.99598336 -6.40573218858795e-005 0 0
 502.33091446391 -1.30906693079783e-006 0 0
 505.66569902008 -4.89177898683357e-005 0 0
 509.00032541917 5.5923125528023e-005 0 0
 512.33478205184 4.83813077186602e-005 0 0
 515.66905730875 -2.42972396475357e-006 0 0
 519.00313958056 4.99719422550281e-005 0 0
 522.33701725793 8.10177167650786e-005 0 0
 525.67067873152 8.19937571786491e-006 0 0
 529.00411239199 1.92173513209093e-006 0 0
 532.33730663 3.05502391980122e-005 0 0
 535.67024983621 -7.17087402619354e-005 0 0
 539.00293040128 -4.37333702495132e-005 0 0
 542.33533671587 9.85471011204957e-006 0 0
 545.66745717064 3.44303133302326e-005 0 0
 548.99928015625 -1.11183551162939e-007 0 0
 552.33079406336 2.91250933120181e-005 0 0
 555.66198728263 -3.10654932710301e-005 0 0
 558.99284820472 -7.02124106492667e-007 0 0
 562.32336522029 7.42840490025732e-005 0 0
 565.65352672 -4.56289344905046e-005 0 0
 568.98332109451 1.66532005031411e-005 0 0
 572.31273673448 -3.18401997347143e-005 0 0
 575.64176203057 -1.64608917703059e-005 0 0
 578.97038537344 1.31121350979594e-005 0 0
 582.29859515375 0.000104561990292505 0 0
 585.62637976216 -4.41675545743017e-005 0 0
 588.95372758933 -4.76640025909489e-005 0 0
 592.28062702592 -4.97503818015681e-005 0 0
 595.60706646259 -1.44386416766585e-005 0 0
 598.93303429 -9.330353770796e-005 0 0
 602.25851889881 -3.87306123594991e-005 0 0
 605.58350867968 3.67228147153138e-005 0 0
 608.90799202327 5.31058209384197e-005 0 0
 612.23195732024 2.23184170205409e-005 0 0
 615.55539296125 -4.98361583170451e-005 0 0
 618.87828733696 -7.57167798507126e-006 0 0
 622.20062883803 4.63335103541912e-006 0 0
 625.52240585512 -6.07699070336586e-005 0 0
 628.84360677889 4.68428713610374e-005 0 0
 632.16422 -6.42070280570887e-005 0 0
 635.48423390911 7.74643818803377e-006 0 0
 638.80363689688 4.51976180015097e-005 0 0
 642.12241735397 -1.71658240212967e-005 0 0
 645.44056367104 -3.72078584885703e-005 0 0
 648.75806423875 2.63072959390064e-007 0 0
 652.07490744776 -6.39671116996601e-005 0 0
 655.39108168873 -0.000166187390038853 0 0
 658.70657535232 -7.71381993742583e-005 0 0
 662.02137682919 -8.25933478355092e-005 0 0
 665.33547451 -7.88213346634522e-005 0 0
 668.64885678541 -5.22221007045989e-005 0 0
 671.96151204608 2.16853921687342e-005 0 0
 675.27342868267 6.16697619267202e-005 0 0
 678.58459508584 0.000111563603466601 0 0
 681.89499964625 -1.52106642004985e-005 0 0
 685.20463075456 -4.3431314115422e-005 0 0
 688.51347680143 1.03803397777994e-005 0 0
 691.82152617752 5.65986519159125e-005 0 0
 695.12876727349 2.3607735355372e-005 0 0
 698.43518848 6.99525448078115e-005 0 0
 701.74077818771 9.79866416214185e-005 0 0
 705.04552478728 -0.000213563829235377 0 0
 708.34941666937 3.99646589693457e-005 0 0
 711.65244222464 3.44330680891811e-005 0 0
 714.95458984375 -4.91053736460381e-005 0 0
 718.25584791736 5.95177929840476e-005 0 0
 721.55620483613 -0.000151561451632807 0 0
 724.85564899072 4.20439446942076e-005 0 0
 728.15416877179 4.75136579486316e-005 0 0
 731.45175257 6.25948454530948e-005 0 0
 734.74838877601 -6.82823299019234e-005 0 0
 738.04406578048 -9.48417549348475e-005 0 0
 741.33877197407 -4.3159222674505e-005 0 0
 744.63249574744 6.27435571298073e-005 0 0
 747.92522549125 5.94891268295212e-005 0 0
 751.21694959616 -6.6680025917407e-005 0 0
 754.50765645283 6.14926916561734e-006 0 0
 757.79733445192 -9.12612732691746e-005 0 0
 761.08597198409 -1.87487844482829e-005 0 0
 764.37355744 4.73249450233279e-005 0 0
 767.66007921031 4.31616158726054e-005 0 0
 770.94552568568 5.16383314101097e-006 0 0
 774.22988525677 0.0001037444378372 0 0
 777.51314631424 8.66042211678709e-005 0 0
 780.79529724875 1.12185867644703e-005 0 0
 784.07632645096 0.000130270163063695 0 0
 787.35622231153 -5.83892503656238e-005 0 0
 790.63497322112 7.57646523128401e-005 0 0
 793.91256757039 -0.000130885919918191 0 0
 797.18899375 0.00010029926639871 0 0
 800.46424015061 0.000157271496796482 0 0
 803.73829516288 -5.95260027668255e-005 0 0
 807.01114717747 -6.77067407795354e-005 0 0
 810.28278458504 7.66666662201864e-005 0 0
 813.55319577625 -0.000137524763478175 0 0
 816.82236914176 -4.71146758926855e-005 0 0
 820.09029307223 4.99552282281517e-005 0 0
 823.35695595832 -8.85744582954939e-005 0 0
 826.62234619069 0.000261159235993753 0 0
 829.88645216 -1.23628411863229e-005 0 0
 833.14926225691 0.000248582928885569 0 0
 836.41076487208 0.000459058582887672 0 0
 839.67094839617 0.000252892418809864 0 0
 842.92980121984 0.000412719606400816 0 0
 846.18731173375 0.000108065908746993 0 0
 849.44346832856 0.000158034181363267 0 0
 852.69825939493 -3.03418878984352e-005 0 0
 855.95167332352 4.53226742873125e-006 0 0
 859.20369850499 1.19081189946587e-006 0 0
 862.45432333 4.55037926927436e-005 0 0
 865.70353618921 0.000114021887392693 0 0
 868.95132547328 -0.000111633336614913 0 0
 872.19767957287 -1.79547825849589e-005 0 0
 875.44258687864 7.71413714340853e-005 0 0
 878.68603578125 0.000458473089191139 0 0
 881.92801467136 0.000570562374719052 0 0
 885.16851193963 -9.14352307855433e-005 0 0
 888.40751597672 0.000256730039005056 0 0
 891.64501517329 0.000164836077909018 0 0
 894.88099792 0.000554733457009177 0 0
 898.11545260751 0.000435244342541909 0 0
 901.34836762648 -0.000249153107767531 0 0
 904.57973136757 0.000368221517556979 0 0
 907.80953222144 0.000649793906673355 0 0
 911.03775857875 0.000745108737019652 0 0
 914.26439883016 0.000257379599945573 0 0
 917.48944136633 -0.000312371685196627 0 0
 920.71287457792 0.000375501837632342 0 0
 923.93468685559 0.00079583937548544 0 0
 927.15486659 0.00124942549414323 0 0
 930.37340217181 -0.000584724369801837 0 0
 933.59028199168 0.000604726722217717 0 0
 936.80549444027 -0.000951581575198065 0 0
 940.01902790824 0.000164549626004197 0 0
 943.23087078625 0.000729936094145274 0 0
 946.44101146496 0.000525323796911431 0 0
 949.64943833503 -3.39726596760725e-005 0 0
 952.85613978712 0.00108298487879421 0 0
 956.06110421189 0 0 0
 959.26432 0 0 0
 962.46577554211 0 0 0
 965.66545922888 0 0 0
 968.86335945097 0 0 0
 972.05946459904 0 0 0
 975.25376306375 0 0 0
 978.44624323576 0 0 0
 981.63689350573 0 0 0
 984.82570226432 0 0 0
 988.01265790219 0 0 0
 991.19774881 0 0 0
 994.38096337841 0 0 0
 997.56228999808 0 0 0
 1000.74171705967 0 0 0
 1003.91923295384 0 0 0
 1007.09482607125 0 0 0
 1010.26848480256 0 0 0
 1013.44019753843 0 0 0
 1016.60995266952 0 0 0
 1019.77773858649 0 0 0
 1022.94354368 0 0 0
 1026.10735634071 0 0 0
 1029.26916495928 0 0 0
 1032.42895792637 0 0 0
 1035.58672363264 0 0 0
 1038.74245046875 0 0 0
 1041.89612682536 0 0 0
 1045.04774109313 0 0 0
 1048.19728166272 0 0 0
 1051.34473692479 0 0 0
 1054.49009527 0 0 0
 1057.63334508901 0 0 0
 1060.77447477248 0 0 0
 1063.91347271107 0 0 0
 1067.05032729544 0 0 0
 1070.18502691625 0 0 0
 1073.31755996416 0 0 0
 1076.44791482983 0 0 0
 1079.57607990392 0 0 0
 1082.70204357709 0 0 0
 1085.82579424 0 0 0
 1088.94732028331 0 0 0
 1092.06661009768 0 0 0
 1095.18365207377 0 0 0
 1098.29843460224 0 0 0
 1101.41094607375 0 0 0
 1104.52117487896 0 0 0
 1107.62910940853 0 0 0
 1110.73473805312 0 0 0
 1113.83804920339 0 0 0
 1116.93903125 0 0 0
 1120.03767258361 0 0 0
 1123.13396159488 0 0 0
 1126.22788667447 0 0 0
 1129.31943621304 0 0 0
 1132.40859860125 0 0 0
 1135.49536222976 0 0 0
[END] of [DATA]
[END] of [Spectrum]


#TBID:2021-12-10 00:30:00;SAM_84C8;RAW;

[Spectrum]
Version            = 1
IDData             = 96B1_2021-12-10_00-30-00_000_325
IDDevice           = SAM_84C8
IDDataType         = SPECTRUM
IDDataTypeSub1     = RAW
IDDataTypeSub2     = 
IDDataTypeSub3     = 
DateTime           = 2021-12-10 00:30:00
PositionLatitude   = 0
PositionLongitude  = 0
Comment            = 
CommentSub1        = 
CommentSub2        = 
CommentSub3        = 
IDMethodType       = SAM Control
MethodName         = SAM_84C8
Mission            = No Mission
MissionSub         = 1
RecordType         = 0
[Attributes]
CalFactor = 1
IDBasisSpec = 
IDDataBack = DLAB_2015-08-21_12-14-03_013_778
IDDataCal = DLAB_2015-08-24_11-04-47_772_747
IntegrationTime = 4096
P31 = -1
P31e = 0
PathLength = +INF
PathLengthCustomOn = 0
RAWDynamic = 65535
Salinity = 0
Temperature = -NAN
Unit1 = $05 $00 Pixel 
Unit2 = $03 $05 Intensity counts
Unit3 = $f0 $05 Error counts
Unit4 = $f1 $00 Status 
p999 = 1331
[END] of [Attributes]
[DATA]
 0 11 0 0
 1 1153 0 0
 2 1143 0 0
 3 1152 0 0
 4 1146 0 0
 5 1151 0 0
 6 1155 0 0
 7 1144 0 0
 8 1154 0 0
 9 1153 0 0
 10 1148 0 0
 11 1150 0 0
 12 1156 0 0
 13 1147 0 0
 14 1150 0 0
 15 1144 0 0
 16 1154 0 0
 17 1151 0 0
 18 1149 0 0
 19 1149 0 0
 20 1150 0 0
 21 1153 0 0
 22 1152 0 0
 23 1155 0 0
 24 1153 0 0
 25 1152 0 0
 26 1150 0 0
 27 1154 0 0
 28 1156 0 0
 29 1154 0 0
 30 1156 0 0
 31 1152 0 0
 32 1154 0 0
 33 1153 0 0
 34 1157 0 0
 35 1147 0 0
 36 1152 0 0
 37 1159 0 0
 38 1156 0 0
 39 1151 0 0
 40 1154 0 0
 41 1154 0 0
 42 1152 0 0
 43 1156 0 0
 44 1157 0 0
 45 1160 0 0
 46 1159 0 0
 47 1154 0 0
 48 1155 0 0
 49 1158 0 0
 50 1155 0 0
 51 1160 0 0
 52 1160 0 0
 53 1157 0 0
 54 1150 0 0
 55 1157 0 0
 56 1161 0 0
 57 1159 0 0
 58 1157 0 0
 59 1159 0 0
 60 1155 0 0
 61 1156 0 0
 62 1163 0 0
 63 1160 0 0
 64 1158 0 0
 65 1163 0 0
 66 1157 0 0
 67 1159 0 0
 68 1163 0 0
 69 1157 0 0
 70 1163 0 0
 71 1162 0 0
 72 1161 0 0
 73 1162 0 0
 74 1163 0 0
 75 1161 0 0
 76 1159 0 0
 77 1161 0 0
 78 1160 0 0
 79 1167 0 0
 80 1163 0 0
 81 1161 0 0
 82 1166 0 0
 83 1164 0 0
 84 1167 0 0
 85 1159 0 0
 86 1164 0 0
 87 1164 0 0
 88 1158 0 0
 89 1166 0 0
 90 1166 0 0
 91 1163 0 0
 92 1166 0 0
 93 1160 0 0
 94 1165 0 0
 95 1167 0 0
 96 1168 0 0
 97 1160 0 0
 98 1166 0 0
 99 1166 0 0
 100 1167 0 0
 101 1166 0 0
 102 1168 0 0
 103 1162 0 0
 104 1164 0 0
 105 1170 0 0
 106 1167 0 0
 107 1162 0 0
 108 1164 0 0
 109 1163 0 0
 110 1169 0 0
 111 1170 0 0
 112 1166 0 0
 113 1174 0 0
 114 1168 0 0
 115 1163 0 0
 116 1168 0 0
 117 1165 0 0
 118 1162 0 0
 119 1167 0 0
 120 1164 0 0
 121 1163 0 0
 122 1167 0 0
 123 1166 0 0
 124 1163 0 0
 125 1167 0 0
 126 1165 0 0
 127 1167 0 0
 128 1172 0 0
 129 1170 0 0
 130 1164 0 0
 131 1169 0 0
 132 1164 0 0
 133 1191 0 0
 134 1163 0 0
 135 1168 0 0
 136 1167 0 0
 137 1166 0 0
 138 1169 0 0
 139 1170 0 0
 140 1165 0 0
 141 1166 0 0
 142 1166 0 0
 143 1168 0 0
 144 1168 0 0
 145 1166 0 0
 146 1170 0 0
 147 1167 0 0
 148 1170 0 0
 149 1170 0 0
 150 1165 0 0
 151 1166 0 0
 152 1172 0 0
 153 1170 0 0
 154 1164 0 0
 155 1164 0 0
 156 1171 0 0
 157 1167 0 0
 158 1165 0 0
 159 1169 0 0
 160 1161 0 0
 161 1171 0 0
 162 1168 0 0
 163 1163 0 0
 164 1164 0 0
 165 1165 0 0
 166 1169 0 0
 167 1171 0 0
 168 1171 0 0
 169 1166 0 0
 170 1168 0 0
 171 1168 0 0
 172 1164 0 0
 173 1162 0 0
 174 1170 0 0
 175 1167 0 0
 176 1167 0 0
 177 1170 0 0
 178 1168 0 0
 179 1171 0 0
 180 1170 0 0
 181 1167 0 0
 182 1166 0 0
 183 1171 0 0
 184 1169 0 0
 185 1170 0 0
 186 1166 0 0
 187 1171 0 0
 188 1161 0 0
 189 1167 0 0
 190 1166 0 0
 191 1163 0 0
 192 1166 0 0
 193 1163 0 0
 194 1170 0 0
 195 1164 0 0
 196 1167 0 0
 197 1172 0 0
 198 1166 0 0
 199 1170 0 0
 200 1165 0 0
 201 1164 0 0
 202 1166 0 0
 203 1164 0 0
 204 1162 0 0
 205 1165 0 0
 206 1167 0 0
 207 1170 0 0
 208 1164 0 0
 209 1165 0 0
 210 1160 0 0
 211 1168 0 0
 212 1163 0 0
 213 1171 0 0
 214 1167 0 0
 215 1167 0 0
 216 1166 0 0
 217 1170 0 0
 218 1163 0 0
 219 1169 0 0
 220 1169 0 0
 221 1171 0 0
 222 1169 0 0
 223 1165 0 0
 224 1171 0 0
 225 1169 0 0
 226 1168 0 0
 227 1168 0 0
 228 1167 0 0
 229 1166 0 0
 230 1167 0 0
 231 1168 0 0
 232 1168 0 0
 233 1168 0 0
 234 1167 0 0
 235 1168 0 0
 236 1168 0 0
 237 1167 0 0
 238 1165 0 0
 239 1168 0 0
 240 1167 0 0
 241 1170 0 0
 242 1170 0 0
 243 1164 0 0
 244 1166 0 0
 245 1169 0 0
 246 1165 0 0
 247 1164 0 0
 248 1168 0 0
 249 1167 0 0
 250 1166 0 0
 251 1170 0 0
 252 1166 0 0
 253 1166 0 0
 254 1170 0 0
 255 1217 0 0
[END] of [DATA]
[END] of [Spectrum]


#TBID:2021-12-10 00:30:00;SAM_84C8;CALIBRATED;

[Spectrum]
Version            = 1
IDData             = 96B1_2021-12-10_00-30-00_000_326
IDDevice           = SAM_84C8
IDDataType         = SPECTRUM
IDDataTypeSub1     = CALIBRATED
IDDataTypeSub2     = 
IDDataTypeSub3     = 
DateTime           = 2021-12-10 00:30:00
PositionLatitude   = 0
PositionLongitude  = 0
Comment            = 
CommentSub1        = 
CommentSub2        = 
CommentSub3        = 
IDMethodType       = SAM Control
MethodName         = SAM_84C8
Mission            = No Mission
MissionSub         = 1
RecordType         = 0
[Attributes]
CalFactor = 1
IDBasisSpec = 
IDDataBack = DLAB_2015-08-21_12-14-03_013_778
IDDataCal = DLAB_2015-08-24_11-04-47_772_747
IntegrationTime = 4096
P31 = -1
P31e = 0
PathLength = +INF
PathLengthCustomOn = 0
RAWDynamic = 65535
Salinity = 0
Temperature = -NAN
Unit1 = $01 $01 Wavelength nm
Unit2 = $03 $03 Intensity mW/(m^2 nm Sr)
Unit3 = $f0 $03 Error mW/(m^2 nm Sr)
Unit4 = $f1 $00 Status 
p999 = 1331
[END] of [Attributes]
[DATA]
 0 11 0 0
 303.516048156 0 0 0
 306.890006053 0 0 0
 310.26457112 0 0 0
 313.639731825 0 0 0
 317.015476636 -0.000427686116598265 0 0
 320.391794021 -0.000327114073503019 0 0
 323.768672448 -0.00055913249387171 0 0
 327.146100385 -9.3307322773427e-005 0 0
 330.5240663 -0.000174596940808023 0 0
 333.902558661 -0.000124069801423354 0 0
 337.281565936 -0.000341964254637082 0 0
 340.661076593 -0.000249471274982577 0 0
 344.0410791 -0.000253440352033328 0 0
 347.421561925 -0.000163931792324081 0 0
 350.802513536 -0.00035690803922039 0 0
 354.183922401 -0.00012478362198999 0 0
 357.565776988 -0.000222937528466561 0 0
 360.948065765 -0.000219271721172423 0 0
 364.3307772 -0.00022443115851476 0 0
 367.713899761 -0.000140461148413646 0 0
 371.097421916 -0.000136246837144143 0 0
 374.481332133 -0.000191742228946372 0 0
 377.86561888 -0.000148310803191046 0 0
 381.250270625 -0.000227365241570741 0 0
 384.635275836 -0.00018322044107157 0 0
 388.020622981 -7.44009519682954e-005 0 0
 391.406300528 -9.26455503710356e-005 0 0
 394.792296945 -0.00012938059106318 0 0
 398.1786007 -0.000119641096691952 0 0
 401.565200261 -0.000148305103471005 0 0
 404.952084096 -0.000161450359816263 0 0
 408.339240673 -0.000118139580012971 0 0
 411.72665846 -5.71526332770681e-005 0 0
 415.114325925 -6.79950533765983e-007 0 0
 418.502231536 -0.000123712094650363 0 0
 421.890363761 -0.000124247901157506 0 0
 425.278711068 -0.000172217799543066 0 0
 428.667261925 -7.26724558861047e-005 0 0
 432.0560048 -4.24361375916759e-005 0 0
 435.444928161 -3.82391229293058e-005 0 0
 438.834020476 -7.870024068548e-005 0 0
 442.223270213 -6.35139031112046e-005 0 0
 445.61266584 -5.97524492091461e-005 0 0
 449.002195825 9.42147220413338e-006 0 0
 452.391848636 -5.89074103453651e-005 0 0
 455.781612741 -2.52799613815115e-005 0 0
 459.171476608 -6.39888393137606e-005 0 0
 462.561428705 -9.6448947601526e-005 0 0
 465.9514575 -0.000107387261862146 0 0
 469.341551461 -3.22877447715362e-005 0 0
 472.731699056 -4.6537057435708e-005 0 0
 476.121888753 -3.90895765685396e-005 0 0
 479.51210902 -4.56822177493521e-005 0 0
 482.902348325 -9.09034769380649e-007 0 0
 486.292595136 -5.73515874841197e-005 0 0
 489.682837921 -2.72274147314403e-005 0 0
 493.073065148 -0.000111607224373385 0 0
 496.463265285 -4.45278900095054e-005 0 0
 499.8534268 5.94553046186343e-005 0 0
 503.243538161 -3.79628704822886e-005 0 0
 506.633587836 -6.87074538245577e-005 0 0
 510.023564293 -0.000134658683030227 0 0
 513.413456 -7.16739695686905e-005 0 0
 516.803251425 4.1959951008328e-005 0 0
 520.192939036 5.83319422526219e-005 0 0
 523.582507301 -9.64688945116015e-005 0 0
 526.971944688 -3.90754485173795e-005 0 0
 530.361239665 -4.35602639166054e-005 0 0
 533.7503807 -3.39158463737997e-005 0 0
 537.139356261 -4.45416183044699e-005 0 0
 540.528154816 -1.23917672284929e-005 0 0
 543.916764833 -8.77441444597754e-005 0 0
 547.30517478 -4.25493810250541e-006 0 0
 550.693373125 1.90460772845687e-005 0 0
 554.081348336 -3.25682066365554e-005 0 0
 557.469088881 -5.04330632194537e-005 0 0
 560.856583228 -3.01434766859474e-005 0 0
 564.243819845 -4.24508306367192e-005 0 0
 567.6307872 3.0817023491086e-005 0 0
 571.017473761 -1.23327005586328e-005 0 0
 574.403867996 -5.46761607698201e-006 0 0
 577.789958373 -3.83860168241459e-005 0 0
 581.17573336 -3.05372250024862e-005 0 0
 584.561181425 -1.18308459968652e-005 0 0
 587.946291036 -3.04465228840421e-005 0 0
 591.331050661 2.31941918171635e-005 0 0
 594.715448768 -3.58496153379428e-005 0 0
 598.099473825 -7.10018391480261e-005 0 0
 601.4831143 7.04758931051333e-005 0 0
 604.866358661 -6.46644068236054e-005 0 0
 608.249195376 -5.92981502769802e-005 0 0
 611.631612913 -5.01742155250838e-006 0 0
 615.01359974 -5.78569536957027e-006 0 0
 618.395144325 -8.6182814472266e-005 0 0
 621.776235136 4.74766078879729e-005 0 0
 625.156860641 -3.01620214822923e-005 0 0
 628.537009308 -7.40151942541606e-005 0 0
 631.916669605 4.71487379389132e-005 0 0
 635.29583 7.69266307625113e-005 0 0
 638.674478961 -8.30848153790464e-005 0 0
 642.052604956 -0.000176031415676751 0 0
 645.430196453 -9.73833263592549e-006 0 0
 648.80724192 -3.31384117569523e-005 0 0
 652.183729825 -5.07002288000938e-006 0 0
 655.559648636 -3.84041830052163e-005 0 0
 658.934986821 9.1090034770025e-005 0 0
 662.309732848 -6.08560699968496e-005 0 0
 665.683875185 8.59239189771533e-005 0 0
 669.0574023 2.10451643401086e-005 0 0
 672.430302661 -6.56337335971006e-005 0 0
 675.802564736 -0.000191228545764185 0 0
 679.174176993 -3.55316933042857e-005 0 0
 682.5451279 0.000140494782486675 0 0
 685.915405925 3.89794204652115e-005 0 0
 689.284999536 -0.000208827308487338 0 0
 692.653897201 -0.000156553637072771 0 0
 696.022087388 1.52390837274948e-005 0 0
 699.389558565 -3.15607096899726e-005 0 0
 702.7562992 -0.000111969290494962 0 0
 706.122297761 8.35729463872647e-005 0 0
 709.487542716 -8.09428617008768e-005 0 0
 712.852022533 0.000152343910638812 0 0
 716.21572568 7.04993557416527e-005 0 0
 719.578640625 2.78899223953797e-005 0 0
 722.940755836 1.19573649810936e-005 0 0
 726.302059781 -3.35611010728418e-005 0 0
 729.662540928 -0.000202440053335399 0 0
 733.022187745 0.000205975250233533 0 0
 736.3809887 3.58657706901461e-005 0 0
 739.738932261 5.17399860462868e-005 0 0
 743.096006896 -1.77689347516005e-006 0 0
 746.452201073 -9.34396827262827e-005 0 0
 749.80750326 -0.000902143579794924 0 0
 753.161901925 -0.000196724470752998 0 0
 756.515385536 6.14428106984196e-005 0 0
 759.867942561 2.32317730065992e-005 0 0
 763.219561468 -8.48198903718553e-005 0 0
 766.570230725 0.000146828254340114 0 0
 769.9199388 -7.40777329441794e-005 0 0
 773.268674161 -5.48757886247949e-005 0 0
 776.616425276 6.07818190350548e-005 0 0
 779.963180613 -0.000101047077368469 0 0
 783.30892864 4.58234553831845e-005 0 0
 786.653657825 -0.000177164806494006 0 0
 789.997356636 -0.000120228742380816 0 0
 793.340013541 4.73878626286779e-006 0 0
 796.681617008 0.00010774292236855 0 0
 800.022155505 1.24566816968814e-005 0 0
 803.3616175 0.000200054649248789 0 0
 806.699991461 -3.6848732823863e-005 0 0
 810.037265856 -5.75166327919116e-005 0 0
 813.373429153 1.56728039897465e-005 0 0
 816.70846982 0.000175745585281051 0 0
 820.042376325 3.64431582735494e-005 0 0
 823.375137136 0.000134167739841158 0 0
 826.706740721 0.000145035423665489 0 0
 830.037175548 -0.000136676060157916 0 0
 833.366430085 -0.000158012332575076 0 0
 836.6944928 0.000233746112606495 0 0
 840.021352161 -0.000478862329858426 0 0
 843.346996636 0.000302363483209566 0 0
 846.671414693 -4.27038198146584e-005 0 0
 849.9945948 -0.000219416371853936 0 0
 853.316525425 0.000224067476320164 0 0
 856.637195036 -0.00038435011853058 0 0
 859.956592101 5.69013014606795e-005 0 0
 863.274705088 -5.77244565708648e-005 0 0
 866.591522465 0.000136925877231923 0 0
 869.9070327 7.48087275723515e-005 0 0
 873.221224261 -0.000185760507317895 0 0
 876.534085616 0.000240998369951939 0 0
 879.845605233 -0.000401856368342544 0 0
 883.15577158 0.000519122581678847 0 0
 886.464573125 0.000719163843755355 0 0
 889.771998336 -0.000663708420547086 0 0
 893.078035681 0.000270641844577174 0 0
 896.382673628 0.000460704684846116 0 0
 899.685900645 0.000606216486718261 0 0
 902.9877052 0.000348779543691804 0 0
 906.288075761 -0.000113862302403833 0 0
 909.587000796 -0.000224396342478641 0 0
 912.884468773 -0.000330326303429688 0 0
 916.18046816 0.00046791875260594 0 0
 919.474987425 0.00105240989996347 0 0
 922.768015036 0.000253498604680105 0 0
 926.059539461 0.000303423183975285 0 0
 929.349549168 -0.000362519036864525 0 0
 932.638032625 -0.000746688456373834 0 0
 935.9249783 0.000275980821154745 0 0
 939.210374661 0.00139013946940773 0 0
 942.494210176 -0.000713837652210111 0 0
 945.776473313 -0.00108339679654906 0 0
 949.05715254 0.00105139228698953 0 0
 952.336236325 0.000199688094562693 0 0
 955.613713136 0 0 0
 958.889571441 0 0 0
 962.163799708 0 0 0
 965.436386405 0 0 0
 968.70732 0 0 0
 971.976588961 0 0 0
 975.244181756 0 0 0
 978.510086853 0 0 0
 981.77429272 0 0 0
 985.036787825 0 0 0
 988.297560636 0 0 0
 991.556599621 0 0 0
 994.813893248 0 0 0
 998.069429985 0 0 0
 1001.3231983 0 0 0
 1004.575186661 0 0 0
 1007.825383536 0 0 0
 1011.073777393 0 0 0
 1014.3203567 0 0 0
 1017.565109925 0 0 0
 1020.808025536 0 0 0
 1024.049092001 0 0 0
 1027.288297788 0 0 0
 1030.525631365 0 0 0
 1033.7610812 0 0 0
 1036.994635761 0 0 0
 1040.226283516 0 0 0
 1043.456012933 0 0 0
 1046.68381248 0 0 0
 1049.909670625 0 0 0
 1053.133575836 0 0 0
 1056.355516581 0 0 0
 1059.575481328 0 0 0
 1062.793458545 0 0 0
 1066.0094367 0 0 0
 1069.223404261 0 0 0
 1072.435349696 0 0 0
 1075.645261473 0 0 0
 1078.85312806 0 0 0
 1082.058937925 0 0 0
 1085.262679536 0 0 0
 1088.464341361 0 0 0
 1091.663911868 0 0 0
 1094.861379525 0 0 0
 1098.0567328 0 0 0
 1101.249960161 0 0 0
 1104.441050076 0 0 0
 1107.629991013 0 0 0
 1110.81677144 0 0 0
 1114.001379825 0 0 0
 1117.183804636 0 0 0
 1120.364034341 0 0 0
 1123.542057408 0 0 0
 1126.717862305 0 0 0
 1129.8914375 0 0 0
 1133.062771461 0 0 0
 1136.231852656 0 0 0
 1139.398669553 0 0 0
 1142.56321062 0 0 0
 1145.725464325 0 0 0
 1148.885419136 0 0 0
[END] of [DATA]
[END] of [Spectrum]


#TBID:2021-12-10 01:00:00;SAM_84CE;RAW;

[Spectrum]
Version            = 1
IDData             = 96B1_2021-12-10_01-00-00_000_329
IDDevice           = SAM_84CE
IDDataType         = SPECTRUM
IDDataTypeSub1     = RAW
IDDataTypeSub2     = 
IDDataTypeSub3     = 
DateTime           = 2021-12-10 01:00:00
PositionLatitude   = 0
PositionLongitude  = 0
Comment            = 
CommentSub1        = 
CommentSub2        = 
CommentSub3        = 
IDMethodType       = SAM Control
MethodName         = SAM_84CE
Mission            = No Mission
MissionSub         = 1
RecordType         = 0
[Attributes]
CalFactor = 1
IDBasisSpec = 
IDDataBack = DLAB_2015-08-21_11-56-43_233_004
IDDataCal = DLAB_2015-08-26_10-05-37_585_478
IntegrationTime = 4096
P31 = -1
P31e = 0
PathLength = +INF
PathLengthCustomOn = 0
RAWDynamic = 65535
Salinity = 0
Temperature = -NAN
Unit1 = $05 $00 Pixel 
Unit2 = $03 $05 Intensity counts
Unit3 = $f0 $05 Error counts
Unit4 = $f1 $00 Status 
p999 = 1332
[END] of [Attributes]
[DATA]
 0 11 0 0
 1 1168 0 0
 2 1167 0 0
 3 1165 0 0
 4 1173 0 0
 5 1166 0 0
 6 1166 0 0
 7 1171 0 0
 8 1171 0 0
 9 1172 0 0
 10 1168 0 0
 11 1172 0 0
 12 1177 0 0
 13 1170 0 0
 14 1168 0 0
 15 1167 0 0
 16 1170 0 0
 17 1170 0 0
 18 1172 0 0
 19 1166 0 0
 20 1174 0 0
 21 1167 0 0
 22 1170 0 0
 23 1172 0 0
 24 1174 0 0
 25 1172 0 0
 26 1171 0 0
 27 1172 0 0
 28 1171 0 0
 29 1172 0 0
 30 1169 0 0
 31 1173 0 0
 32 1170 0 0
 33 1171 0 0
 34 1169 0 0
 35 1166 0 0
 36 1167 0 0
 37 1164 0 0
 38 1169 0 0
 39 1172 0 0
 40 1163 0 0
 41 1174 0 0
 42 1173 0 0
 43 1172 0 0
 44 1166 0 0
 45 1166 0 0
 46 1170 0 0
 47 1168 0 0
 48 1175 0 0
 49 1168 0 0
 50 1167 0 0
 51 1169 0 0
 52 1165 0 0
 53 1167 0 0
 54 1169 0 0
 55 1168 0 0
 56 1166 0 0
 57 1164 0 0
 58 1168 0 0
 59 1165 0 0
 60 1166 0 0
 61 1173 0 0
 62 1166 0 0
 63 1168 0 0
 64 1169 0 0
 65 1165 0 0
 66 1171 0 0
 67 1164 0 0
 68 1168 0 0
 69 1169 0 0
 70 1164 0 0
 71 1169 0 0
 72 1164 0 0
 73 1169 0 0
 74 1162 0 0
 75 1160 0 0
 76 1168 0 0
 77 1164 0 0
 78 1162 0 0
 79 1170 0 0
 80 1167 0 0
 81 1170 0 0
 82 1166 0 0
 83 1164 0 0
 84 1164 0 0
 85 1168 0 0
 86 1164 0 0
 87 1172 0 0
 88 1164 0 0
 89 1161 0 0
 90 1168 0 0
 91 1160 0 0
 92 1164 0 0
 93 1161 0 0
 94 1161 0 0
 95 1162 0 0
 96 1163 0 0
 97 1165 0 0
 98 1169 0 0
 99 1164 0 0
 100 1168 0 0
 101 1165 0 0
 102 1162 0 0
 103 1160 0 0
 104 1162 0 0
 105 1167 0 0
 106 1166 0 0
 107 1162 0 0
 108 1160 0 0
 109 1164 0 0
 110 1160 0 0
 111 1167 0 0
 112 1162 0 0
 113 1161 0 0
 114 1165 0 0
 115 1164 0 0
 116 1159 0 0
 117 1166 0 0
 118 1160 0 0
 119 1161 0 0
 120 1162 0 0
 121 1162 0 0
 122 1163 0 0
 123 1158 0 0
 124 1158 0 0
 125 1161 0 0
 126 1163 0 0
 127 1160 0 0
 128 1161 0 0
 129 1157 0 0
 130 1158 0 0
 131 1163 0 0
 132 1160 0 0
 133 1163 0 0
 134 1159 0 0
 135 1158 0 0
 136 1160 0 0
 137 1162 0 0
 138 1155 0 0
 139 1161 0 0
 140 1154 0 0
 141 1158 0 0
 142 1158 0 0
 143 1157 0 0
 144 1158 0 0
 145 1161 0 0
 146 1158 0 0
 147 1151 0 0
 148 1159 0 0
 149 1154 0 0
 150 1156 0 0
 151 1154 0 0
 152 1152 0 0
 153 1154 0 0
 154 1153 0 0
 155 1155 0 0
 156 1152 0 0
 157 1160 0 0
 158 1157 0 0
 159 1152 0 0
 160 1153 0 0
 161 1150 0 0
 162 1161 0 0
 163 1156 0 0
 164 1152 0 0
 165 1152 0 0
 166 1149 0 0
 167 1157 0 0
 168 1154 0 0
 169 1153 0 0
 170 1152 0 0
 171 1155 0 0
 172 1158 0 0
 173 1155 0 0
 174 1151 0 0
 175 1155 0 0
 176 1150 0 0
 177 1151 0 0
 178 1155 0 0
 179 1153 0 0
 180 1149 0 0
 181 1153 0 0
 182 1150 0 0
 183 1148 0 0
 184 1151 0 0
 185 1153 0 0
 186 1147 0 0
 187 1153 0 0
 188 1150 0 0
 189 1152 0 0
 190 1147 0 0
 191 1152 0 0
 192 1151 0 0
 193 1149 0 0
 194 1146 0 0
 195 1154 0 0
 196 1146 0 0
 197 1155 0 0
 198 1154 0 0
 199 1149 0 0
 200 1151 0 0
 201 1152 0 0
 202 1150 0 0
 203 1148 0 0
 204 1149 0 0
 205 1154 0 0
 206 1154 0 0
 207 1155 0 0
 208 1150 0 0
 209 1148 0 0
 210 1148 0 0
 211 1149 0 0
 212 1148 0 0
 213 1152 0 0
 214 1153 0 0
 215 1154 0 0
 216 1153 0 0
 217 1144 0 0
 218 1150 0 0
 219 1148 0 0
 220 1146 0 0
 221 1150 0 0
 222 1147 0 0
 223 1151 0 0
 224 1145 0 0
 225 1148 0 0
 226 1151 0 0
 227 1147 0 0
 228 1147 0 0
 229 1152 0 0
 230 1145 0 0
 231 1150 0 0
 232 1143 0 0
 233 1150 0 0
 234 1148 0 0
 235 1149 0 0
 236 1149 0 0
 237 1150 0 0
 238 1144 0 0
 239 1150 0 0
 240 1149 0 0
 241 1146 0 0
 242 1147 0 0
 243 1152 0 0
 244 1148 0 0
 245 1144 0 0
 246 1145 0 0
 247 1153 0 0
 248 1146 0 0
 249 1150 0 0
 250 1146 0 0
 251 1148 0 0
 252 1155 0 0
 253 1146 0 0
 254 1146 0 0
 255 1197 0 0
[END] of [DATA]
[END] of [Spectrum]


#TBID:2021-12-10 01:00:00;SAM_84CE;CALIBRATED;

[Spectrum]
Version            = 1
IDData             = 96B1_2021-12-10_01-00-00_000_330
IDDevice           = SAM_84CE
IDDataType         = SPECTRUM
IDDataTypeSub1     = CALIBRATED
IDDataTypeSub2     = 
IDDataTypeSub3     = 
DateTime           = 2021-12-10 01:00:00
PositionLatitude   = 0
PositionLongitude  = 0
Comment            = 
CommentSub1        = 
CommentSub2        = 
CommentSub3        = 
IDMethodType       = SAM Control
MethodName         = SAM_84CE
Mission            = No Mission
MissionSub         = 1
RecordType         = 0
[Attributes]
CalFactor = 1
IDBasisSpec = 
IDDataBack = DLAB_2015-08-21_11-56-43_233_004
IDDataCal = DLAB_2015-08-26_10-05-37_585_478
IntegrationTime = 4096
P31 = -1
P31e = 0
PathLength = +INF
PathLengthCustomOn = 0
RAWDynamic = 65535
Salinity = 0
Temperature = -NAN
Unit1 = $01 $01 Wavelength nm
Unit2 = $03 $06 Intensity mW/(m^2 nm)
Unit3 = $f0 $06 Error mW/(m^2 nm)
Unit4 = $f1 $00 Status 
p999 = 1332
[END] of [Attributes]
[DATA]
 0 11 0 0
 303.485180022 0 0 0
 306.85638880275 0 0 0
 310.228324544 0 0 0
 313.60097308125 0 0 0
 316.97432025 0.0127659607535416 0 0
 320.34835188575 0.0144825542544471 0 0
 323.723053824 0.0159944587911279 0 0
 327.09841190025 0.014824904787057 0 0
 330.47441195 0.0117309524897572 0 0
 333.85103980875 0.0109882572925214 0 0
 337.228281312 0.0106995152130241 0 0
 340.60612229525 0.0114186443668973 0 0
 343.984548594 0.00874406263040044 0 0
 347.36354604375 0.00611206656458727 0 0
 350.74310048 0.0072760421057631 0 0
 354.12319773825 0.00692576240561094 0 0
 357.503823654 0.00731734075127265 0 0
 360.88496406275 0.0064450359821511 0 0
 364.2666048 0.00634209580855768 0 0
 367.64873170125 0.00587616349505943 0 0
 371.031330602 0.00525386874759088 0 0
 374.41438733775 0.0064255583711361 0 0
 377.797887744 0.00436717083077605 0 0
 381.18181765625 0.00673383252250468 0 0
 384.56616291 0.0063718249453307 0 0
 387.95090934075 0.00521058745247226 0 0
 391.336042784 0.00506491110000781 0 0
 394.72154907525 0.00720899559116477 0 0
 398.10741405 0.00671660757958106 0 0
 401.49362354375 0.00579140452516397 0 0
 404.880163392 0.00477230633309693 0 0
 408.26701943025 0.0046452702187585 0 0
 411.654177494 0.00509217740250055 0 0
 415.04162341875 0.00490546990489789 0 0
 418.42934304 0.0044987541589383 0 0
 421.81732219325 0.00316254752691779 0 0
 425.205546714 0.00386383530429366 0 0
 428.59400243775 0.00298525941683716 0 0
 431.9826752 0.00363301028783295 0 0
 435.37155083625 0.00243527523994712 0 0
 438.760615182 0.00377371634422436 0 0
 442.14985407275 0.00338365317444506 0 0
 445.539253344 0.00337505626751458 0 0
 448.92879883125 0.00344131743424289 0 0
 452.31847637 0.00355484605289375 0 0
 455.70827179575 0.00285097649980877 0 0
 459.098170944 0.00231264828146652 0 0
 462.48815965025 0.00401392632220575 0 0
 465.87822375 0.00327647294891515 0 0
 469.26834907875 0.00294073198684971 0 0
 472.658521472 0.00411312041143273 0 0
 476.04872676525 0.00367952076668699 0 0
 479.438950794 0.00309942408509718 0 0
 482.82917939375 0.0030272240984254 0 0
 486.2193984 0.00402260460269326 0 0
 489.60959364825 0.00386900350934113 0 0
 492.999750974 0.00353941987283197 0 0
 496.38985621275 0.00344092720502836 0 0
 499.7798952 0.00344520314046701 0 0
 503.16985377125 0.00414467537685765 0 0
 506.559717762 0.00441070406151752 0 0
 509.94947300775 0.00240765270731988 0 0
 513.339105344 0.00313068068983091 0 0
 516.72860060625 0.00333668114871869 0 0
 520.11794463 0.00315698450269903 0 0
 523.50712325075 0.00267896985472076 0 0
 526.896122304 0.00257168152493885 0 0
 530.28492762525 0.00272874880346685 0 0
 533.67352505 0.00372606948442398 0 0
 537.06190041375 0.00381874035689162 0 0
 540.450039552 0.00349154335425802 0 0
 543.83792830025 0.00244723138047595 0 0
 547.225552494 0.00275553670341522 0 0
 550.61289796875 0.00243722414982726 0 0
 553.99995056 0.00201052226655461 0 0
 557.38669610325 0.00201284918610953 0 0
 560.773120434 0.00265907584933041 0 0
 564.15920938775 0.00284632876082858 0 0
 567.5449488 0.00302842538035726 0 0
 570.93032450625 0.00255842671088551 0 0
 574.315322342 0.00286521608856661 0 0
 577.69992814275 0.00307514060554422 0 0
 581.084127744 0.00317204996849669 0 0
 584.46790698125 0.00312099630219862 0 0
 587.85125169 0.00358501760667919 0 0
 591.23414770575 0.00289476764852653 0 0
 594.616580864 0.00386552981909701 0 0
 597.99853700025 0.00317741349113644 0 0
 601.38000195 0.00277261469653377 0 0
 604.76096154875 0.00273307444216742 0 0
 608.141401632 0.0018214889919717 0 0
 611.52130803525 0.00267245769284634 0 0
 614.900666594 0.00148786822817771 0 0
 618.27946314375 0.00267286014414002 0 0
 621.65768352 0.00340903416858644 0 0
 625.03531355825 0.00363292697225616 0 0
 628.412339094 0.00295100091104846 0 0
 631.78874596275 0.0030934062770044 0 0
 635.16452 0.00260556477710992 0 0
 638.53964704125 0.00358045558573248 0 0
 641.914112922 0.0038690196231028 0 0
 645.28790347775 0.00280980768150488 0 0
 648.661004544 0.00217337747723108 0 0
 652.03340195625 0.00333809134527939 0 0
 655.40508155 0.00339016379958506 0 0
 658.77602916075 0.0038063370958633 0 0
 662.146230624 0.00364133209810142 0 0
 665.51567177525 0.00328189743107718 0 0
 668.88433845 0.002205753443832 0 0
 672.25221648375 0.00315290277783863 0 0
 675.619291712 0.00264607195242599 0 0
 678.98554997025 0.00297566109975347 0 0
 682.350977094 0.00365621377710629 0 0
 685.71555891875 0.00348320691597198 0 0
 689.07928128 0.00388627008104228 0 0
 692.44213001325 0.00353055114092831 0 0
 695.804090954 0.0034311585865038 0 0
 699.16514993775 0.00270076999741234 0 0
 702.5252928 0.00275444999724211 0 0
 705.88450537625 0.00278681930376051 0 0
 709.242773502 0.00361653724497462 0 0
 712.60008301275 0.00302161549082637 0 0
 715.956419744 0.00285230389338314 0 0
 719.31176953125 0.00263702251357959 0 0
 722.66611821 0.00359062640396708 0 0
 726.01945161575 0.00231066473129447 0 0
 729.371755584 0.0036201588480813 0 0
 732.72301595025 0.0031456015547687 0 0
 736.07321855 0.00263928072725652 0 0
 739.42234921875 0.00364525363337259 0 0
 742.770393792 0.00203251895489019 0 0
 746.11733810525 0.00352969290453008 0 0
 749.463167994 0.00413943169171951 0 0
 752.80786929375 0.0031268618918727 0 0
 756.15142784 0.00261317604864051 0 0
 759.49382946825 0.00351034661028345 0 0
 762.835060014 0.00257048097251781 0 0
 766.17510531275 0.00399862860358408 0 0
 769.5139512 0.00260968276769369 0 0
 772.85158351125 0.00319656045274371 0 0
 776.187988082 0.00296302900439657 0 0
 779.52315074775 0.00377884430498198 0 0
 782.857057344 0.00312383971068167 0 0
 786.18969370625 0.00321067851648851 0 0
 789.52104567 0.00166376497136072 0 0
 792.85109907075 0.00204955550179726 0 0
 796.179839744 0.00337643296563991 0 0
 799.50725352525 0.00338033786068895 0 0
 802.83332625 0.0032689174432681 0 0
 806.15804375375 0.00442818438185137 0 0
 809.481391872 0.0042420729831405 0 0
 812.80335644025 0.00333261489203472 0 0
 816.123923294 0.00204163725861515 0 0
 819.44307826875 0.00261404161919914 0 0
 822.7608072 0.00377151847648907 0 0
 826.07709592325 0.00308114542208328 0 0
 829.391930274 0.00547274131904418 0 0
 832.70529608775 0.00724196645639564 0 0
 836.0171792 0.00195119315388754 0 0
 839.32756544625 0.00203508772410801 0 0
 842.636440662 -0.000469383198216057 0 0
 845.94379068275 0.00687213993614399 0 0
 849.249601344 0.00479546468051084 0 0
 852.55385848125 0.00213823272645904 0 0
 855.85654793 0.00408152610045684 0 0
 859.15765552575 0.00284764715046784 0 0
 862.457167104 0.00697762544549136 0 0
 865.75506850025 0.00559277335945276 0 0
 869.05134555 0.0019857091433392 0 0
 872.34598408875 0.000534290472560011 0 0
 875.638969952 0.00206057772560652 0 0
 878.93028897525 0.00741899563952216 0 0
 882.219926994 0.00584688637608371 0 0
 885.50786984375 0.00612823298112691 0 0
 888.79410336 0.00525042995648289 0 0
 892.07861337825 0.000878871568436171 0 0
 895.361385734 0.00169289805595601 0 0
 898.64240626275 0.00284013521601007 0 0
 901.9216608 0.00245703920998838 0 0
 905.19913518125 -0.00343938238009469 0 0
 908.474815242 0.00321279908419678 0 0
 911.74868681775 0.00104562099899311 0 0
 915.020735744 0.00891136469002976 0 0
 918.29094785625 0.0112341408178871 0 0
 921.55930899 0.00615017964427618 0 0
 924.82580498075 -0.00750381369810357 0 0
 928.090421664 -0.000826102008636589 0 0
 931.35314487525 0.00373944567040608 0 0
 934.61396045 0.00681132847345268 0 0
 937.87285422375 -0.00302363773158332 0 0
 941.129812032 0.000291731569052474 0 0
 944.38481971025 0.00536126121755806 0 0
 947.637863094 0.000224277848967152 0 0
 950.88892801875 -0.00300685163312906 0 0
 954.13800032 0 0 0
 957.38506583325 0 0 0
 960.630110394 0 0 0
 963.87311983775 0 0 0
 967.11408 0 0 0
 970.35297671625 0 0 0
 973.589795822 0 0 0
 976.82452315275 0 0 0
 980.057144544 0 0 0
 983.28764583125 0 0 0
 986.51601285 0 0 0
 989.74223143575 0 0 0
 992.966287424 0 0 0
 996.18816665025 0 0 0
 999.40785495 0 0 0
 1002.62533815875 0 0 0
 1005.840602112 0 0 0
 1009.05363264525 0 0 0
 1012.264415594 0 0 0
 1015.47293679375 0 0 0
 1018.67918208 0 0 0
 1021.88313728825 0 0 0
 1025.084788254 0 0 0
 1028.28412081275 0 0 0
 1031.4811208 0 0 0
 1034.67577405125 0 0 0
 1037.868066402 0 0 0
 1041.05798368775 0 0 0
 1044.245511744 0 0 0
 1047.43063640625 0 0 0
 1050.61334351 0 0 0
 1053.79361889075 0 0 0
 1056.971448384 0 0 0
 1060.14681782525 0 0 0
 1063.31971305 0 0 0
 1066.49011989375 0 0 0
 1069.658024192 0 0 0
 1072.82341178025 0 0 0
 1075.986268494 0 0 0
 1079.14658016875 0 0 0
 1082.30433264 0 0 0
 1085.45951174325 0 0 0
 1088.612103314 0 0 0
 1091.76209318775 0 0 0
 1094.9094672 0 0 0
 1098.05421118625 0 0 0
 1101.196310982 0 0 0
 1104.33575242275 0 0 0
 1107.472521344 0 0 0
 1110.60660358125 0 0 0
 1113.73798497 0 0 0
 1116.86665134575 0 0 0
 1119.992588544 0 0 0
 1123.11578240025 0 0 0
 1126.23621875 0 0 0
 1129.35388342875 0 0 0
 1132.468762272 0 0 0
 1135.58084111525 0 0 0
 1138.690105794 0 0 0
 1141.79654214375 0 0 0
 1144.900136 0 0 0
[END] of [DATA]
[END] of [Spectrum]


#TBID:2021-12-10 01:00:00;SAM_84DC;RAW;

[Spectrum]
Version            = 1
IDData             = 96B1_2021-12-10_01-00-00_000_332
IDDevice           = SAM_84DC
IDDataType         = SPECTRUM
IDDataTypeSub1     = RAW
IDDataTypeSub2     = 
IDDataTypeSub3     = 
DateTime           = 2021-12-10 01:00:00
PositionLatitude   = 0
PositionLongitude  = 0
Comment            = 
CommentSub1        = 
CommentSub2        = 
CommentSub3        = 
IDMethodType       = SAM Control
MethodName         = SAM_84DC
Mission            = No Mission
MissionSub         = 1
RecordType         = 0
[Attributes]
CalFactor = 1
IDBasisSpec = 
IDDataBack = DLAB_2015-08-21_13-19-54_137_939
IDDataCal = DLAB_2015-08-24_10-46-55_592_608
IntegrationTime = 4096
P31 = -1
P31e = 0
PathLength = +INF
PathLengthCustomOn = 0
RAWDynamic = 65535
Salinity = 0
Temperature = -NAN
Unit1 = $05 $00 Pixel 
Unit2 = $03 $05 Intensity counts
Unit3 = $f0 $05 Error counts
Unit4 = $f1 $00 Status 
p999 = 1332
[END] of [Attributes]
[DATA]
 0 11 0 0
 1 1257 0 0
 2 1252 0 0
 3 1257 0 0
 4 1264 0 0
 5 1259 0 0
 6 1259 0 0
 7 1261 0 0
 8 1267 0 0
 9 1268 0 0
 10 1263 0 0
 11 1267 0 0
 12 1265 0 0
 13 1264 0 0
 14 1267 0 0
 15 1258 0 0
 16 1267 0 0
 17 1269 0 0
 18 1263 0 0
 19 1267 0 0
 20 1266 0 0
 21 1268 0 0
 22 1266 0 0
 23 1269 0 0
 24 1272 0 0
 25 1265 0 0
 26 1261 0 0
 27 1267 0 0
 28 1262 0 0
 29 1269 0 0
 30 1268 0 0
 31 1268 0 0
 32 1270 0 0
 33 1262 0 0
 34 1265 0 0
 35 1270 0 0
 36 1265 0 0
 37 1272 0 0
 38 1262 0 0
 39 1269 0 0
 40 1274 0 0
 41 1272 0 0
 42 1268 0 0
 43 1273 0 0
 44 1269 0 0
 45 1269 0 0
 46 1269 0 0
 47 1269 0 0
 48 1266 0 0
 49 1268 0 0
 50 1268 0 0
 51 1269 0 0
 52 1269 0 0
 53 1270 0 0
 54 1272 0 0
 55 1272 0 0
 56 1271 0 0
 57 1272 0 0
 58 1270 0 0
 59 1273 0 0
 60 1273 0 0
 61 1273 0 0
 62 1268 0 0
 63 1269 0 0
 64 1271 0 0
 65 1271 0 0
 66 1266 0 0
 67 1269 0 0
 68 1267 0 0
 69 1274 0 0
 70 1273 0 0
 71 1278 0 0
 72 1273 0 0
 73 1273 0 0
 74 1274 0 0
 75 1272 0 0
 76 1268 0 0
 77 1273 0 0
 78 1268 0 0
 79 1277 0 0
 80 1273 0 0
 81 1278 0 0
 82 1273 0 0
 83 1273 0 0
 84 1275 0 0
 85 1276 0 0
 86 1272 0 0
 87 1271 0 0
 88 1267 0 0
 89 1280 0 0
 90 1274 0 0
 91 1274 0 0
 92 1269 0 0
 93 1275 0 0
 94 1275 0 0
 95 1272 0 0
 96 1270 0 0
 97 1272 0 0
 98 1274 0 0
 99 1278 0 0
 100 1270 0 0
 101 1274 0 0
 102 1274 0 0
 103 1274 0 0
 104 1273 0 0
 105 1280 0 0
 106 1272 0 0
 107 1278 0 0
 108 1274 0 0
 109 1272 0 0
 110 1274 0 0
 111 1273 0 0
 112 1268 0 0
 113 1269 0 0
 114 1271 0 0
 115 1281 0 0
 116 1271 0 0
 117 1270 0 0
 118 1274 0 0
 119 1274 0 0
 120 1270 0 0
 121 1278 0 0
 122 1274 0 0
 123 1275 0 0
 124 1274 0 0
 125 1274 0 0
 126 1278 0 0
 127 1278 0 0
 128 1276 0 0
 129 1275 0 0
 130 1276 0 0
 131 1278 0 0
 132 1276 0 0
 133 1278 0 0
 134 1274 0 0
 135 1277 0 0
 136 1273 0 0
 137 1273 0 0
 138 1268 0 0
 139 1273 0 0
 140 1275 0 0
 141 1281 0 0
 142 1272 0 0
 143 1272 0 0
 144 1270 0 0
 145 1275 0 0
 146 1279 0 0
 147 1274 0 0
 148 1274 0 0
 149 1278 0 0
 150 1274 0 0
 151 1276 0 0
 152 1275 0 0
 153 1275 0 0
 154 1275 0 0
 155 1278 0 0
 156 1277 0 0
 157 1279 0 0
 158 1280 0 0
 159 1277 0 0
 160 1275 0 0
 161 1276 0 0
 162 1271 0 0
 163 1272 0 0
 164 1273 0 0
 165 1274 0 0
 166 1279 0 0
 167 1276 0 0
 168 1271 0 0
 169 1276 0 0
 170 1276 0 0
 171 1281 0 0
 172 1276 0 0
 173 1277 0 0
 174 1274 0 0
 175 1276 0 0
 176 1279 0 0
 177 1276 0 0
 178 1275 0 0
 179 1274 0 0
 180 1276 0 0
 181 1274 0 0
 182 1280 0 0
 183 1277 0 0
 184 1274 0 0
 185 1276 0 0
 186 1279 0 0
 187 1275 0 0
 188 1274 0 0
 189 1270 0 0
 190 1272 0 0
 191 1280 0 0
 192 1281 0 0
 193 1274 0 0
 194 1269 0 0
 195 1277 0 0
 196 1278 0 0
 197 1281 0 0
 198 1269 0 0
 199 1276 0 0
 200 1278 0 0
 201 1282 0 0
 202 1273 0 0
 203 1278 0 0
 204 1278 0 0
 205 1279 0 0
 206 1277 0 0
 207 1278 0 0
 208 1276 0 0
 209 1277 0 0
 210 1281 0 0
 211 1280 0 0
 212 1272 0 0
 213 1273 0 0
 214 1273 0 0
 215 1278 0 0
 216 1279 0 0
 217 1281 0 0
 218 1276 0 0
 219 1274 0 0
 220 1277 0 0
 221 1282 0 0
 222 1276 0 0
 223 1276 0 0
 224 1273 0 0
 225 1282 0 0
 226 1278 0 0
 227 1279 0 0
 228 1276 0 0
 229 1278 0 0
 230 1280 0 0
 231 1284 0 0
 232 1279 0 0
 233 1276 0 0
 234 1281 0 0
 235 1283 0 0
 236 1276 0 0
 237 1282 0 0
 238 1276 0 0
 239 1276 0 0
 240 1280 0 0
 241 1279 0 0
 242 1280 0 0
 243 1273 0 0
 244 1276 0 0
 245 1283 0 0
 246 1285 0 0
 247 1277 0 0
 248 1284 0 0
 249 1276 0 0
 250 1277 0 0
 251 1281 0 0
 252 1277 0 0
 253 1277 0 0
 254 1279 0 0
 255 1343 0 0
[END] of [DATA]
[END] of [Spectrum]


#TBID:2021-12-10 01:00:00;SAM_84DC;CALIBRATED;

[Spectrum]
Version            = 1
IDData             = 96B1_2021-12-10_01-00-00_000_333
IDDevice           = SAM_84DC
IDDataType         = SPECTRUM
IDDataTypeSub1     = CALIBRATED
IDDataTypeSub2     = 
IDDataTypeSub3     = 
DateTime           = 2021-12-10 01:00:00
PositionLatitude   = 0
PositionLongitude  = 0
Comment            = 
CommentSub1        = 
CommentSub2        = 
CommentSub3        = 
IDMethodType       = SAM Control
MethodName         = SAM_84DC
Mission            = No Mission
MissionSub         = 1
RecordType         = 0
[Attributes]
CalFactor = 1
IDBasisSpec = 
IDDataBack = DLAB_2015-08-21_13-19-54_137_939
IDDataCal = DLAB_2015-08-24_10-46-55_592_608
IntegrationTime = 4096
P31 = -1
P31e = 0
PathLength = +INF
PathLengthCustomOn = 0
RAWDynamic = 65535
Salinity = 0
Temperature = -NAN
Unit1 = $01 $01 Wavelength nm
Unit2 = $03 $03 Intensity mW/(m^2 nm Sr)
Unit3 = $f0 $03 Error mW/(m^2 nm Sr)
Unit4 = $f1 $00 Status 
p999 = 1332
[END] of [Attributes]
[DATA]
 0 11 0 0
 305.71650776488 0 0 0
 309.04007505697 0 0 0
 312.36416914304 0 0 0
 315.68877841375 0 0 0
 319.01389125976 -0.000307395542496201 0 0
 322.33949607173 -3.60059768577654e-005 0 0
 325.66558124032 -0.000377762156150641 0 0
 328.99213515619 -6.19048868191255e-005 0 0
 332.31914621 -0.000156766317842311 0 0
 335.64660279241 -0.000203430965776557 0 0
 338.97449329408 -0.000144618555075298 0 0
 342.30280610567 -2.44815302869627e-005 0 0
 345.63152961784 -5.84881552438066e-005 0 0
 348.96065222125 -0.000202407742805979 0 0
 352.29016230656 -8.74298347382966e-005 0 0
 355.62004826443 -7.82815772777245e-005 0 0
 358.95029848552 -0.000131029029158461 0 0
 362.28090136049 -9.096256536032e-005 0 0
 365.61184528 -6.15878212468923e-005 0 0
 368.94311863471 -3.34140067781613e-005 0 0
 372.27470981528 5.89936820180635e-005 0 0
 375.60660721237 -0.000146516156478535 0 0
 378.93879921664 -7.97771544248959e-005 0 0
 382.27127421875 1.79919052988769e-007 0 0
 385.60402060936 -1.7768408402587e-006 0 0
 388.93702677913 -0.000211110897109071 0 0
 392.27028111872 -9.49771754433585e-005 0 0
 395.60377201879 -5.81039479187213e-005 0 0
 398.93748787 7.7877798755039e-005 0 0
 402.27141706301 8.00305852272809e-005 0 0
 405.60554798848 -8.36127705065362e-005 0 0
 408.93986903707 -1.27610952556449e-005 0 0
 412.27436859944 -5.98861355521548e-005 0 0
 415.60903506625 -9.9580566405843e-005 0 0
 418.94385682816 4.48926849805114e-005 0 0
 422.27882227583 -0.00014390445476097 0 0
 425.61391979992 -3.40137710394699e-005 0 0
 428.94913779109 -0.000105878007118445 0 0
 432.28446464 1.18039875129041e-005 0 0
 435.61988873731 -6.46343937612061e-005 0 0
 438.95539847368 -1.37066156194147e-005 0 0
 442.29098223977 -4.09296675188481e-005 0 0
 445.62662842624 -1.52337827209532e-005 0 0
 448.96232542375 -8.05886773859739e-005 0 0
 452.29806162296 -6.94842617074838e-005 0 0
 455.63382541453 -0.000119464575398192 0 0
 458.96960518912 -0.000142610841249344 0 0
 462.30538933739 -8.08945702796443e-005 0 0
 465.64116625 -6.69268700377503e-005 0 0
 468.97692431761 -4.55867217853409e-005 0 0
 472.31265193088 -5.9436748807084e-005 0 0
 475.64833748047 -7.12839698898035e-005 0 0
 478.98396935704 -2.421698278713e-005 0 0
 482.31953595125 -1.8015144998151e-006 0 0
 485.65502565376 -5.6782990158147e-005 0 0
 488.99042685523 -4.22994375562011e-005 0 0
 492.32572794632 -8.26376364911476e-005 0 0
 495.66091731769 -0.000103394544286253 0 0
 498.99598336 -0.000148881343010131 0 0
 502.33091446391 -5.98156899096098e-005 0 0
 505.66569902008 -9.40538988296373e-005 0 0
 509.00032541917 -6.18095380558597e-005 0 0
 512.33478205184 -9.06711904606177e-005 0 0
 515.66905730875 -7.96149396493165e-005 0 0
 519.00313958056 -3.64498868719978e-005 0 0
 522.33701725793 -3.03616026718425e-006 0 0
 525.67067873152 -9.51743837145132e-005 0 0
 529.00411239199 -0.000130510000010489 0 0
 532.33730663 -6.67053830974456e-006 0 0
 535.67024983621 -6.77526775002685e-005 0 0
 539.00293040128 -4.98997523081891e-005 0 0
 542.33533671587 -2.65095868156119e-005 0 0
 545.66745717064 -7.26950668680557e-005 0 0
 548.99928015625 -7.74288020721297e-005 0 0
 552.33079406336 -1.81750226584367e-005 0 0
 555.66198728263 -0.000120471003605914 0 0
 558.99284820472 -5.98298944847781e-005 0 0
 562.32336522029 -3.94735400241787e-005 0 0
 565.65352672 -5.23007114072798e-005 0 0
 568.98332109451 -2.35569806484528e-005 0 0
 572.31273673448 -5.017081079616e-005 0 0
 575.64176203057 -2.35680908533286e-005 0 0
 578.97038537344 -6.55173448660078e-005 0 0
 582.29859515375 4.8448835941687e-005 0 0
 585.62637976216 -0.000114004171872964 0 0
 588.95372758933 -9.36019285078793e-005 0 0
 592.28062702592 -0.000122724153353039 0 0
 595.60706646259 -0.000115607904043018 0 0
 598.93303429 -3.37461096380384e-005 0 0
 602.25851889881 2.20255026863919e-005 0 0
 605.58350867968 -7.04565019248027e-005 0 0
 608.90799202327 -0.000141786001976696 0 0
 612.23195732024 -4.47613587195758e-005 0 0
 615.55539296125 -0.000103080075593709 0 0
 618.87828733696 -0.000135724261786282 0 0
 622.20062883803 -7.96923416671036e-005 0 0
 625.52240585512 -0.000176779450000721 0 0
 628.84360677889 -2.49740615181385e-005 0 0
 632.16422 -9.98988951369982e-006 0 0
 635.48423390911 -0.000167005943389561 0 0
 638.80363689688 -3.29599011113796e-005 0 0
 642.12241735397 -9.73787242254667e-005 0 0
 645.44056367104 -6.58258807472572e-005 0 0
 648.75806423875 -8.31228207944418e-005 0 0
 652.07490744776 -2.013130495048e-005 0 0
 655.39108168873 -0.000140424711956131 0 0
 658.70657535232 -0.00016350772428666 0 0
 662.02137682919 -0.000112969578463418 0 0
 665.33547451 -0.000166144744855243 0 0
 668.64885678541 -6.38348462707025e-005 0 0
 671.96151204608 -0.000142052070383344 0 0
 675.27342868267 -0.000216133647942609 0 0
 678.58459508584 -7.15226956607459e-005 0 0
 681.89499964625 -0.000180539002206907 0 0
 685.20463075456 -3.58743737907184e-005 0 0
 688.51347680143 -0.000119664717206092 0 0
 691.82152617752 -0.000134520664114916 0 0
 695.12876727349 -8.7699985973841e-006 0 0
 698.43518848 -6.43340344469846e-005 0 0
 701.74077818771 2.39806389749034e-005 0 0
 705.04552478728 -0.000143616338319145 0 0
 708.34941666937 -1.42479704802055e-005 0 0
 711.65244222464 -0.000124365417201352 0 0
 714.95458984375 -0.000145697772056153 0 0
 718.25584791736 -1.63619571306896e-005 0 0
 721.55620483613 -5.9169095712016e-005 0 0
 724.85564899072 -3.4129099448736e-005 0 0
 728.15416877179 -7.73803829429169e-006 0 0
 731.45175257 -1.41516781181245e-005 0 0
 734.74838877601 -0.000145525505990345 0 0
 738.04406578048 4.30484646091073e-005 0 0
 741.33877197407 -7.83220645848723e-005 0 0
 744.63249574744 5.01865455776389e-006 0 0
 747.92522549125 -4.3943870770714e-005 0 0
 751.21694959616 -5.78323157468811e-005 0 0
 754.50765645283 1.51306177241599e-005 0 0
 757.79733445192 -0.000129010750252733 0 0
 761.08597198409 -0.000128229855020423 0 0
 764.37355744 -8.76981428858489e-005 0 0
 767.66007921031 2.82583304560029e-005 0 0
 770.94552568568 1.47845127849831e-005 0 0
 774.22988525677 -3.73994785055625e-005 0 0
 777.51314631424 -0.000159740993677088 0 0
 780.79529724875 -0.000162077398403178 0 0
 784.07632645096 8.68995195108401e-005 0 0
 787.35622231153 0.000146625852349423 0 0
 790.63497322112 -2.77273144030929e-005 0 0
 793.91256757039 -0.000149028316373448 0 0
 797.18899375 1.98656454886714e-005 0 0
 800.46424015061 4.18130468448419e-005 0 0
 803.73829516288 -7.98130026140846e-005 0 0
 807.01114717747 -5.43117089234379e-005 0 0
 810.28278458504 -0.000195554311018362 0 0
 813.55319577625 -0.000123084909898636 0 0
 816.82236914176 4.48898836327028e-005 0 0
 820.09029307223 0.000185441959418474 0 0
 823.35695595832 -7.24223714192453e-005 0 0
 826.62234619069 0.000191624725224291 0 0
 829.88645216 -8.4771836837013e-005 0 0
 833.14926225691 -0.000154272928618265 0 0
 836.41076487208 0.000185577942724433 0 0
 839.67094839617 0.000119920916324198 0 0
 842.92980121984 -4.57769086882759e-005 0 0
 846.18731173375 -9.3161284045044e-005 0 0
 849.44346832856 -0.000169418419849029 0 0
 852.69825939493 -0.000189850089212052 0 0
 855.95167332352 -0.000226227876242748 0 0
 859.20369850499 -0.000440315484281196 0 0
 862.45432333 -0.000136575926760414 0 0
 865.70353618921 -7.56234029781874e-005 0 0
 868.95132547328 -8.22075744382254e-005 0 0
 872.19767957287 0.000563052181142762 0 0
 875.44258687864 -0.000217704948734992 0 0
 878.68603578125 -0.00027050003037442 0 0
 881.92801467136 0.000166424905830802 0 0
 885.16851193963 0.000125140583063141 0 0
 888.40751597672 0.000199399766776363 0 0
 891.64501517329 -0.000185201487154016 0 0
 894.88099792 0.000292906678934736 0 0
 898.11545260751 0.00037176383307497 0 0
 901.34836762648 0.000223693497085038 0 0
 904.57973136757 0.000523653228128956 0 0
 907.80953222144 0.000112575760324107 0 0
 911.03775857875 -5.50905448486732e-005 0 0
 914.26439883016 5.4132909689379e-005 0 0
 917.48944136633 0.000264764261229514 0 0
 920.71287457792 -0.000256738051944396 0 0
 923.93468685559 0.00042091228490811 0 0
 927.15486659 -4.46750670009293e-005 0 0
 930.37340217181 -5.04431994318569e-005 0 0
 933.59028199168 0.000834865704284022 0 0
 936.80549444027 -0.000534823114389525 0 0
 940.01902790824 -0.000681163808054914 0 0
 943.23087078625 -0.00113384081626134 0 0
 946.44101146496 0.00121651886796189 0 0
 949.64943833503 -0.000592416913672285 0 0
 952.85613978712 0.000946624072620724 0 0
 956.06110421189 0 0 0
 959.26432 0 0 0
 962.46577554211 0 0 0
 965.66545922888 0 0 0
 968.86335945097 0 0 0
 972.05946459904 0 0 0
 975.25376306375 0 0 0
 978.44624323576 0 0 0
 981.63689350573 0 0 0
 984.82570226432 0 0 0
 988.01265790219 0 0 0
 991.19774881 0 0 0
 994.38096337841 0 0 0
 997.56228999808 0 0 0
 1000.74171705967 0 0 0
 1003.91923295384 0 0 0
 1007.09482607125 0 0 0
 1010.26848480256 0 0 0
 1013.44019753843 0 0 0
 1016.60995266952 0 0 0
 1019.77773858649 0 0 0
 1022.94354368 0 0 0
 1026.10735634071 0 0 0
 1029.26916495928 0 0 0
 1032.42895792637 0 0 0
 1035.58672363264 0 0 0
 1038.74245046875 0 0 0
 1041.89612682536 0 0 0
 1045.04774109313 0 0 0
 1048.19728166272 0 0 0
 1051.34473692479 0 0 0
 1054.49009527 0 0 0
 1057.63334508901 0 0 0
 1060.77447477248 0 0 0
 1063.91347271107 0 0 0
 1067.05032729544 0 0 0
 1070.18502691625 0 0 0
 1073.31755996416 0 0 0
 1076.44791482983 0 0 0
 1079.57607990392 0 0 0
 1082.70204357709 0 0 0
 1085.82579424 0 0 0
 1088.94732028331 0 0 0
 1092.06661009768 0 0 0
 1095.18365207377 0 0 0
 1098.29843460224 0 0 0
 1101.41094607375 0 0 0
 1104.52117487896 0 0 0
 1107.62910940853 0 0 0
 1110.73473805312 0 0 0
 1113.83804920339 0 0 0
 1116.93903125 0 0 0
 1120.03767258361 0 0 0
 1123.13396159488 0 0 0
 1126.22788667447 0 0 0
 1129.31943621304 0 0 0
 1132.40859860125 0 0 0
 1135.49536222976 0 0 0
[END] of [DATA]
[END] of [Spectrum]


#TBID:2021-12-10 01:00:00;SAM_84C8;RAW;

[Spectrum]
Version            = 1
IDData             = 96B1_2021-12-10_01-00-00_000_335
IDDevice           = SAM_84C8
IDDataType         = SPECTRUM
IDDataTypeSub1     = RAW
IDDataTypeSub2     = 
IDDataTypeSub3     = 
DateTime           = 2021-12-10 01:00:00
PositionLatitude   = 0
PositionLongitude  = 0
Comment            = 
CommentSub1        = 
CommentSub2        = 
CommentSub3        = 
IDMethodType       = SAM Control
MethodName         = SAM_84C8
Mission            = No Mission
MissionSub         = 1
RecordType         = 0
[Attributes]
CalFactor = 1
IDBasisSpec = 
IDDataBack = DLAB_2015-08-21_12-14-03_013_778
IDDataCal = DLAB_2015-08-24_11-04-47_772_747
IntegrationTime = 4096
P31 = -1
P31e = 0
PathLength = +INF
PathLengthCustomOn = 0
RAWDynamic = 65535
Salinity = 0
Temperature = -NAN
Unit1 = $05 $00 Pixel 
Unit2 = $03 $05 Intensity counts
Unit3 = $f0 $05 Error counts
Unit4 = $f1 $00 Status 
p999 = 1332
[END] of [Attributes]
[DATA]
 0 11 0 0
 1 1165 0 0
 2 1153 0 0
 3 1153 0 0
 4 1162 0 0
 5 1160 0 0
 6 1160 0 0
 7 1161 0 0
 8 1162 0 0
 9 1162 0 0
 10 1158 0 0
 11 1162 0 0
 12 1159 0 0
 13 1163 0 0
 14 1161 0 0
 15 1163 0 0
 16 1157 0 0
 17 1164 0 0
 18 1158 0 0
 19 1162 0 0
 20 1164 0 0
 21 1166 0 0
 22 1160 0 0
 23 1164 0 0
 24 1164 0 0
 25 1160 0 0
 26 1167 0 0
 27 1161 0 0
 28 1167 0 0
 29 1166 0 0
 30 1166 0 0
 31 1164 0 0
 32 1161 0 0
 33 1159 0 0
 34 1162 0 0
 35 1166 0 0
 36 1160 0 0
 37 1165 0 0
 38 1167 0 0
 39 1162 0 0
 40 1166 0 0
 41 1164 0 0
 42 1162 0 0
 43 1169 0 0
 44 1161 0 0
 45 1167 0 0
 46 1168 0 0
 47 1161 0 0
 48 1166 0 0
 49 1171 0 0
 50 1168 0 0
 51 1165 0 0
 52 1163 0 0
 53 1170 0 0
 54 1164 0 0
 55 1165 0 0
 56 1170 0 0
 57 1165 0 0
 58 1171 0 0
 59 1163 0 0
 60 1170 0 0
 61 1166 0 0
 62 1169 0 0
 63 1173 0 0
 64 1162 0 0
 65 1167 0 0
 66 1168 0 0
 67 1168 0 0
 68 1169 0 0
 69 1171 0 0
 70 1164 0 0
 71 1167 0 0
 72 1172 0 0
 73 1169 0 0
 74 1168 0 0
 75 1171 0 0
 76 1168 0 0
 77 1172 0 0
 78 1169 0 0
 79 1168 0 0
 80 1162 0 0
 81 1170 0 0
 82 1164 0 0
 83 1167 0 0
 84 1170 0 0
 85 1170 0 0
 86 1168 0 0
 87 1175 0 0
 88 1168 0 0
 89 1166 0 0
 90 1169 0 0
 91 1176 0 0
 92 1170 0 0
 93 1169 0 0
 94 1172 0 0
 95 1164 0 0
 96 1171 0 0
 97 1169 0 0
 98 1168 0 0
 99 1168 0 0
 100 1163 0 0
 101 1177 0 0
 102 1169 0 0
 103 1166 0 0
 104 1174 0 0
 105 1177 0 0
 106 1169 0 0
 107 1175 0 0
 108 1170 0 0
 109 1172 0 0
 110 1172 0 0
 111 1172 0 0
 112 1167 0 0
 113 1174 0 0
 114 1168 0 0
 115 1172 0 0
 116 1174 0 0
 117 1172 0 0
 118 1166 0 0
 119 1169 0 0
 120 1169 0 0
 121 1167 0 0
 122 1168 0 0
 123 1167 0 0
 124 1164 0 0
 125 1171 0 0
 126 1171 0 0
 127 1172 0 0
 128 1172 0 0
 129 1173 0 0
 130 1165 0 0
 131 1170 0 0
 132 1173 0 0
 133 1193 0 0
 134 1168 0 0
 135 1168 0 0
 136 1169 0 0
 137 1172 0 0
 138 1169 0 0
 139 1171 0 0
 140 1170 0 0
 141 1176 0 0
 142 1171 0 0
 143 1172 0 0
 144 1171 0 0
 145 1173 0 0
 146 1168 0 0
 147 1168 0 0
 148 1172 0 0
 149 1170 0 0
 150 1170 0 0
 151 1172 0 0
 152 1174 0 0
 153 1175 0 0
 154 1170 0 0
 155 1170 0 0
 156 1173 0 0
 157 1171 0 0
 158 1170 0 0
 159 1174 0 0
 160 1172 0 0
 161 1170 0 0
 162 1170 0 0
 163 1171 0 0
 164 1170 0 0
 165 1176 0 0
 166 1171 0 0
 167 1176 0 0
 168 1168 0 0
 169 1173 0 0
 170 1176 0 0
 171 1174 0 0
 172 1170 0 0
 173 1168 0 0
 174 1169 0 0
 175 1173 0 0
 176 1174 0 0
 177 1171 0 0
 178 1174 0 0
 179 1177 0 0
 180 1173 0 0
 181 1171 0 0
 182 1170 0 0
 183 1171 0 0
 184 1170 0 0
 185 1174 0 0
 186 1161 0 0
 187 1173 0 0
 188 1167 0 0
 189 1176 0 0
 190 1164 0 0
 191 1175 0 0
 192 1171 0 0
 193 1167 0 0
 194 1172 0 0
 195 1175 0 0
 196 1164 0 0
 197 1172 0 0
 198 1168 0 0
 199 1168 0 0
 200 1171 0 0
 201 1165 0 0
 202 1164 0 0
 203 1170 0 0
 204 1171 0 0
 205 1169 0 0
 206 1168 0 0
 207 1169 0 0
 208 1170 0 0
 209 1168 0 0
 210 1169 0 0
 211 1166 0 0
 212 1170 0 0
 213 1171 0 0
 214 1172 0 0
 215 1172 0 0
 216 1169 0 0
 217 1172 0 0
 218 1173 0 0
 219 1172 0 0
 220 1170 0 0
 221 1174 0 0
 222 1173 0 0
 223 1174 0 0
 224 1172 0 0
 225 1167 0 0
 226 1171 0 0
 227 1171 0 0
 228 1170 0 0
 229 1173 0 0
 230 1171 0 0
 231 1172 0 0
 232 1176 0 0
 233 1175 0 0
 234 1172 0 0
 235 1168 0 0
 236 1170 0 0
 237 1172 0 0
 238 1168 0 0
 239 1173 0 0
 240 1169 0 0
 241 1173 0 0
 242 1174 0 0
 243 1171 0 0
 244 1173 0 0
 245 1168 0 0
 246 1169 0 0
 247 1168 0 0
 248 1171 0 0
 249 1170 0 0
 250 1172 0 0
 251 1170 0 0
 252 1172 0 0
 253 1169 0 0
 254 1174 0 0
 255 1218 0 0
[END] of [DATA]
[END] of [Spectrum]


#TBID:2021-12-10 01:00:00;SAM_84C8;CALIBRATED;

[Spectrum]
Version            = 1
IDData             = 96B1_2021-12-10_01-00-00_000_336
IDDevice           = SAM_84C8
IDDataType         = SPECTRUM
IDDataTypeSub1     = CALIBRATED
IDDataTypeSub2     = 
IDDataTypeSub3     = 
DateTime           = 2021-12-10 01:00:00
PositionLatitude   = 0
PositionLongitude  = 0
Comment            = 
CommentSub1        = 
CommentSub2        = 
CommentSub3        = 
IDMethodType       = SAM Control
MethodName         = SAM_84C8
Mission            = No Mission
MissionSub         = 1
RecordType         = 0
[Attributes]
CalFactor = 1
IDBasisSpec = 
IDDataBack = DLAB_2015-08-21_12-14-03_013_778
IDDataCal = DLAB_2015-08-24_11-04-47_772_747
IntegrationTime = 4096
P31 = -1
P31e = 0
PathLength = +INF
PathLengthCustomOn = 0
RAWDynamic = 65535
Salinity = 0
Temperature = -NAN
Unit1 = $01 $01 Wavelength nm
Unit2 = $03 $03 Intensity mW/(m^2 nm Sr)
Unit3 = $f0 $03 Error mW/(m^2 nm Sr)
Unit4 = $f1 $00 Status 
p999 = 1332
[END] of [Attributes]
[DATA]
 0 11 0 0
 303.516048156 0 0 0
 306.890006053 0 0 0
 310.26457112 0 0 0
 313.639731825 0 0 0
 317.015476636 -0.000189384612549202 0 0
 320.391794021 -0.00027716997873787 0 0
 323.768672448 -5.3461181762253e-005 0 0
 327.146100385 5.80124057188066e-005 0 0
 330.5240663 5.31632940603138e-006 0 0
 333.902558661 8.03173529634873e-005 0 0
 337.281565936 -8.29325924978016e-005 0 0
 340.661076593 -0.00027217559193397 0 0
 344.0410791 7.83018099623881e-005 0 0
 347.421561925 1.63528076171008e-005 0 0
 350.802513536 -8.8469992825578e-006 0 0
 354.183922401 -0.00014128742490022 0 0
 357.565776988 -4.08330120833915e-005 0 0
 360.948065765 -0.000121337390397813 0 0
 364.3307772 -5.56873505528465e-005 0 0
 367.713899761 4.61609930381877e-005 0 0
 371.097421916 3.46437728030099e-005 0 0
 374.481332133 -0.00011135255909574 0 0
 377.86561888 -4.60252249536509e-005 0 0
 381.250270625 -8.22351749665622e-005 0 0
 384.635275836 -9.66094807803642e-005 0 0
 388.020622981 0.000198781433433571 0 0
 391.406300528 -2.63563817196446e-005 0 0
 394.792296945 1.75368241433702e-005 0 0
 398.1786007 4.36758906699014e-005 0 0
 401.565200261 -2.86386059107398e-005 0 0
 404.952084096 -9.58360850205555e-006 0 0
 408.339240673 -6.15880596454947e-005 0 0
 411.72665846 -2.0190391038877e-005 0 0
 415.114325925 1.84999245787196e-005 0 0
 418.502231536 0.000100929839931646 0 0
 421.890363761 -6.5560425887568e-005 0 0
 425.278711068 -0.000143052279155884 0 0
 428.667261925 1.72564135869428e-005 0 0
 432.0560048 4.358243574109e-005 0 0
 435.444928161 5.62793001172053e-005 0 0
 438.834020476 -8.97712007705798e-006 0 0
 442.223270213 5.45407990141697e-006 0 0
 445.61266584 4.25108536135e-005 0 0
 449.002195825 1.19130712178494e-005 0 0
 452.391848636 -2.20313842261069e-005 0 0
 455.781612741 3.60058820877429e-005 0 0
 459.171476608 -2.51346994338253e-005 0 0
 462.561428705 -7.01706177945828e-006 0 0
 465.9514575 9.43975026215676e-006 0 0
 469.341551461 8.6832261668744e-005 0 0
 472.731699056 -3.05075173232106e-005 0 0
 476.121888753 -4.94111718547505e-005 0 0
 479.51210902 7.82336329147128e-005 0 0
 482.902348325 0.000138651083034753 0 0
 486.292595136 1.22726085474377e-006 0 0
 489.682837921 4.62611570536963e-005 0 0
 493.073065148 -7.99568024141937e-005 0 0
 496.463265285 0.000101910210633578 0 0
 499.8534268 6.26405062035857e-005 0 0
 503.243538161 0.000121944792769642 0 0
 506.633587836 1.89316669287473e-005 0 0
 510.023564293 -0.000103850274569079 0 0
 513.413456 5.35901623826681e-005 0 0
 516.803251425 4.49028209065096e-005 0 0
 520.192939036 6.11950429238241e-005 0 0
 523.582507301 -5.98410090392686e-006 0 0
 526.971944688 2.46028679532289e-005 0 0
 530.361239665 -1.70699915391493e-005 0 0
 533.7503807 8.57423095225522e-005 0 0
 537.139356261 -7.66226749649305e-005 0 0
 540.528154816 1.60663537052076e-006 0 0
 543.916764833 -5.41104580545127e-006 0 0
 547.30517478 3.24314868690595e-005 0 0
 550.693373125 3.29909603514013e-005 0 0
 554.081348336 3.87399985384692e-005 0 0
 557.469088881 9.85487515601067e-006 0 0
 560.856583228 5.41453105240357e-005 0 0
 564.243819845 1.93430232179029e-005 0 0
 567.6307872 -2.58505938704924e-006 0 0
 571.017473761 -7.08552312935559e-005 0 0
 574.403867996 5.97324262045202e-005 0 0
 577.789958373 -0.000112011147909798 0 0
 581.17573336 -4.06605893167336e-005 0 0
 584.561181425 -2.21851380900626e-005 0 0
 587.946291036 6.79785496541071e-005 0 0
 591.331050661 2.6296928268814e-005 0 0
 594.715448768 6.74801633396123e-005 0 0
 598.099473825 2.02370873707362e-005 0 0
 601.4831143 1.36668886551487e-005 0 0
 604.866358661 -7.66298552098784e-005 0 0
 608.249195376 8.49621002517879e-005 0 0
 611.631612913 -1.51387511396442e-006 0 0
 615.01359974 7.69385727315134e-005 0 0
 618.395144325 -3.47619865355041e-005 0 0
 621.776235136 -6.17583418447419e-005 0 0
 625.156860641 -4.28695491016017e-005 0 0
 628.537009308 1.31213619671061e-005 0 0
 631.916669605 1.66636714831053e-005 0 0
 635.29583 4.55101855053761e-005 0 0
 638.674478961 -0.000224890376628667 0 0
 642.052604956 -4.0526693545917e-005 0 0
 645.430196453 -6.31640565531501e-005 0 0
 648.80724192 -2.8767221248381e-005 0 0
 652.183729825 0.000119668304789957 0 0
 655.559648636 2.72184026284639e-005 0 0
 658.934986821 5.44027547066769e-005 0 0
 662.309732848 0.000131188059057555 0 0
 665.683875185 0.000132448071186749 0 0
 669.0574023 0.000130805202682397 0 0
 672.430302661 -8.20677679234241e-005 0 0
 675.802564736 -0.000229199748607735 0 0
 679.174176993 -9.56557438541997e-005 0 0
 682.5451279 5.78258101082355e-005 0 0
 685.915405925 -4.44023086391373e-005 0 0
 689.284999536 -9.25824558559092e-005 0 0
 692.653897201 -0.000106754472075688 0 0
 696.022087388 8.79565506545415e-005 0 0
 699.389558565 -2.65018002115224e-005 0 0
 702.7562992 -0.00015273704549522 0 0
 706.122297761 0.000111781416921285 0 0
 709.487542716 -7.57841986469537e-005 0 0
 712.852022533 8.7549527478246e-005 0 0
 716.21572568 5.50657817599698e-006 0 0
 719.578640625 -3.7220155238596e-005 0 0
 722.940755836 1.7173408290717e-005 0 0
 726.302059781 1.86450830824349e-005 0 0
 729.662540928 -0.00017364504715749 0 0
 733.022187745 0.000116645048488668 0 0
 736.3809887 1.73646615618805e-005 0 0
 739.738932261 -1.49202220330815e-005 0 0
 743.096006896 -6.91435028030438e-005 0 0
 746.452201073 3.49215578531011e-005 0 0
 749.80750326 -0.000946456236509554 0 0
 753.161901925 -0.00016584724285151 0 0
 756.515385536 -3.53349396631878e-005 0 0
 759.867942561 -2.29638128475728e-005 0 0
 763.219561468 -2.62633843070981e-005 0 0
 766.570230725 4.57880884968871e-005 0 0
 769.9199388 -0.000149577276712794 0 0
 773.268674161 -2.11000803796657e-005 0 0
 776.616425276 0.000236072672924217 0 0
 779.963180613 -6.58813950413013e-005 0 0
 783.30892864 5.23717064343647e-005 0 0
 786.653657825 -0.000200716058335117 0 0
 789.997356636 -1.97969273827139e-005 0 0
 793.340013541 -0.000181181289384118 0 0
 796.681617008 1.52663342675528e-005 0 0
 800.022155505 -4.88225914527464e-005 0 0
 803.3616175 6.52707908306191e-005 0 0
 806.699991461 8.32776666179486e-006 0 0
 810.037265856 2.75779726375029e-005 0 0
 813.373429153 -5.48482398756748e-005 0 0
 816.70846982 0.000225992750915085 0 0
 820.042376325 0.000131093685149944 0 0
 823.375137136 0.000232326343200446 0 0
 826.706740721 6.34756156997295e-005 0 0
 830.037175548 -0.000126078222628517 0 0
 833.366430085 -9.73878322018875e-005 0 0
 836.6944928 0.000296903407297396 0 0
 840.021352161 -8.93983181501861e-005 0 0
 843.346996636 3.27642134468619e-005 0 0
 846.671414693 -0.000147803907868416 0 0
 849.9945948 4.21770300184136e-005 0 0
 853.316525425 0.000368199353891951 0 0
 856.637195036 0.000106458414376887 0 0
 859.956592101 -6.95343837470774e-005 0 0
 863.274705088 3.32217218823731e-005 0 0
 866.591522465 -0.000389465595437038 0 0
 869.9070327 0.00033573921322469 0 0
 873.221224261 0.000170299896002444 0 0
 876.534085616 0.000435753837987621 0 0
 879.845605233 -0.000199760809078271 0 0
 883.15577158 0.000728755045359231 0 0
 886.464573125 0.000252472536807358 0 0
 889.771998336 -0.000439057566351025 0 0
 893.078035681 0.000607795428552104 0 0
 896.382673628 0.000159817746741132 0 0
 899.685900645 0.000856043008474861 0 0
 902.9877052 0.000608209550628921 0 0
 906.288075761 -0.000208339192673796 0 0
 909.587000796 -0.000196241760324993 0 0
 912.884468773 -0.000300926170480331 0 0
 916.18046816 -5.46460954675185e-005 0 0
 919.474987425 0.000650575305161751 0 0
 922.768015036 0.000287283127772301 0 0
 926.059539461 -0.00109460829358624 0 0
 929.349549168 -0.000660138526845819 0 0
 932.638032625 -0.000356114772409049 0 0
 935.9249783 0.00124267376143156 0 0
 939.210374661 0.000263521619544237 0 0
 942.494210176 0.000979121569760672 0 0
 945.776473313 -0.000818784341574159 0 0
 949.05715254 0.00110188899558374 0 0
 952.336236325 -0.000221788714484685 0 0
 955.613713136 0 0 0
 958.889571441 0 0 0
 962.163799708 0 0 0
 965.436386405 0 0 0
 968.70732 0 0 0
 971.976588961 0 0 0
 975.244181756 0 0 0
 978.510086853 0 0 0
 981.77429272 0 0 0
 985.036787825 0 0 0
 988.297560636 0 0 0
 991.556599621 0 0 0
 994.813893248 0 0 0
 998.069429985 0 0 0
 1001.3231983 0 0 0
 1004.575186661 0 0 0
 1007.825383536 0 0 0
 1011.073777393 0 0 0
 1014.3203567 0 0 0
 1017.565109925 0 0 0
 1020.808025536 0 0 0
 1024.049092001 0 0 0
 1027.288297788 0 0 0
 1030.525631365 0 0 0
 1033.7610812 0 0 0
 1036.994635761 0 0 0
 1040.226283516 0 0 0
 1043.456012933 0 0 0
 1046.68381248 0 0 0
 1049.909670625 0 0 0
 1053.133575836 0 0 0
 1056.355516581 0 0 0
 1059.575481328 0 0 0
 1062.793458545 0 0 0
 1066.0094367 0 0 0
 1069.223404261 0 0 0
 1072.435349696 0 0 0
 1075.645261473 0 0 0
 1078.85312806 0 0 0
 1082.058937925 0 0 0
 1085.262679536 0 0 0
 1088.464341361 0 0 0
 1091.663911868 0 0 0
 1094.861379525 0 0 0
 1098.0567328 0 0 0
 1101.249960161 0 0 0
 1104.441050076 0 0 0
 1107.629991013 0 0 0
 1110.81677144 0 0 0
 1114.001379825 0 0 0
 1117.183804636 0 0 0
 1120.364034341 0 0 0
 1123.542057408 0 0 0
 1126.717862305 0 0 0
 1129.8914375 0 0 0
 1133.062771461 0 0 0
 1136.231852656 0 0 0
 1139.398669553 0 0 0
 1142.56321062 0 0 0
 1145.725464325 0 0 0
 1148.885419136 0 0 0
[END] of [DATA]
[END] of [Spectrum]

