
#TBID:2021-11-21 00:30:00;SAM_84C8;CALIBRATED;

[Spectrum]
Version            = 1
IDData             = 96B1_2021-11-21_00-30-00_000_203
IDDevice           = SAM_84C8
IDDataType         = SPECTRUM
IDDataTypeSub1     = CALIBRATED
IDDataTypeSub2     = 
IDDataTypeSub3     = 
DateTime           = 2021-11-21 00:30:00
PositionLatitude   = 0
PositionLongitude  = 0
Comment            = 
CommentSub1        = 
CommentSub2        = 
CommentSub3        = 
IDMethodType       = SAM Control
MethodName         = SAM_84C8
Mission            = No Mission
MissionSub         = 1
RecordType         = 0
[Attributes]
CalFactor = 1
IDBasisSpec = 
IDDataBack = DLAB_2015-08-21_12-14-03_013_778
IDDataCal = DLAB_2015-08-24_11-04-47_772_747
IntegrationTime = 4096
P31 = -1
P31e = 0
PathLength = +INF
PathLengthCustomOn = 0
RAWDynamic = 65535
Salinity = 0
Temperature = -NAN
Unit1 = $01 $01 Wavelength nm
Unit2 = $03 $03 Intensity mW/(m^2 nm Sr)
Unit3 = $f0 $03 Error mW/(m^2 nm Sr)
Unit4 = $f1 $00 Status 
p999 = 419
[END] of [Attributes]
[DATA]
 0 11 0 0
 303.516048156 0 0 0
 306.890006053 0 0 0
 310.26457112 0 0 0
 313.639731825 0 0 0
 317.015476636 0.00070044334405953 0 0
 320.391794021 0.000601392051903572 0 0
 323.768672448 0.000692297770130268 0 0
 327.146100385 0.000864387274657675 0 0
 330.5240663 0.000746023090819209 0 0
 333.902558661 0.000753700031255846 0 0
 337.281565936 0.000468384796514857 0 0
 340.661076593 0.000413819127383195 0 0
 344.0410791 0.000716151512345062 0 0
 347.421561925 0.000727783575077301 0 0
 350.802513536 0.000597084081193158 0 0
 354.183922401 0.000611993293645379 0 0
 357.565776988 0.000403458127285183 0 0
 360.948065765 0.000413134010531704 0 0
 364.3307772 0.000465792007787281 0 0
 367.713899761 0.000475189068223653 0 0
 371.097421916 0.000395984761305726 0 0
 374.481332133 0.000336079419151854 0 0
 377.86561888 0.000473019677378657 0 0
 381.250270625 0.000510565327855119 0 0
 384.635275836 0.0005085276233595 0 0
 388.020622981 0.000498363797256628 0 0
 391.406300528 0.000457097382755147 0 0
 394.792296945 0.00047524107920993 0 0
 398.1786007 0.000510453496440603 0 0
 401.565200261 0.000461780343912129 0 0
 404.952084096 0.0004614085459116 0 0
 408.339240673 0.000438600387742696 0 0
 411.72665846 0.000537015410701838 0 0
 415.114325925 0.000418661864425556 0 0
 418.502231536 0.000462488574058165 0 0
 421.890363761 0.000372279027771045 0 0
 425.278711068 0.000270368972332413 0 0
 428.667261925 0.00035967787811893 0 0
 432.0560048 0.000347294167739086 0 0
 435.444928161 0.000337918655276065 0 0
 438.834020476 0.000276763168844956 0 0
 442.223270213 0.000310267933394698 0 0
 445.61266584 0.00029200867074104 0 0
 449.002195825 0.000353885035850259 0 0
 452.391848636 0.000304130708863188 0 0
 455.781612741 0.00026484982951017 0 0
 459.171476608 0.00033058165015661 0 0
 462.561428705 0.000308746288930764 0 0
 465.9514575 0.000345141465824159 0 0
 469.341551461 0.000442039509788856 0 0
 472.731699056 0.000303926978660238 0 0
 476.121888753 0.000368613437236834 0 0
 479.51210902 0.000488051717339842 0 0
 482.902348325 0.000459487658204039 0 0
 486.292595136 0.000341138736084198 0 0
 489.682837921 0.000447321128604492 0 0
 493.073065148 0.000354445238975691 0 0
 496.463265285 0.000409907737529629 0 0
 499.8534268 0.000485476016605736 0 0
 503.243538161 0.000499548532230885 0 0
 506.633587836 0.000364010704894884 0 0
 510.023564293 0.000374450266790239 0 0
 513.413456 0.000372787317897274 0 0
 516.803251425 0.000435568799889985 0 0
 520.192939036 0.000479923516086997 0 0
 523.582507301 0.000401197470330607 0 0
 526.971944688 0.000347736452596632 0 0
 530.361239665 0.000370350241981135 0 0
 533.7503807 0.000431060139853871 0 0
 537.139356261 0.000321824048758003 0 0
 540.528154816 0.000419649840259224 0 0
 543.916764833 0.000330887995621056 0 0
 547.30517478 0.000436614686124742 0 0
 550.693373125 0.000369569728919025 0 0
 554.081348336 0.000353896798195942 0 0
 557.469088881 0.000361962089710581 0 0
 560.856583228 0.000421774097816806 0 0
 564.243819845 0.000273749634300228 0 0
 567.6307872 0.000388219310287145 0 0
 571.017473761 0.000376229683739529 0 0
 574.403867996 0.000403073074389024 0 0
 577.789958373 0.000391329892493082 0 0
 581.17573336 0.000421398681883605 0 0
 584.561181425 0.000410476352947157 0 0
 587.946291036 0.000497263289108956 0 0
 591.331050661 0.000480072134322553 0 0
 594.715448768 0.000518156967264023 0 0
 598.099473825 0.000482134152871967 0 0
 601.4831143 0.000457278379286658 0 0
 604.866358661 0.000407970804434228 0 0
 608.249195376 0.000421279672267651 0 0
 611.631612913 0.000400518078708821 0 0
 615.01359974 0.000512561048370195 0 0
 618.395144325 0.000372171806964036 0 0
 621.776235136 0.000478148827735816 0 0
 625.156860641 0.00048812356927674 0 0
 628.537009308 0.000538721653216657 0 0
 631.916669605 0.000522525242984193 0 0
 635.29583 0.000584498574448128 0 0
 638.674478961 0.000458815007967726 0 0
 642.052604956 0.000456671402272604 0 0
 645.430196453 0.000561916913278398 0 0
 648.80724192 0.000551508318764268 0 0
 652.183729825 0.000510589313827082 0 0
 655.559648636 0.000485445078173983 0 0
 658.934986821 0.000642545713222255 0 0
 662.309732848 0.000537257271696688 0 0
 665.683875185 0.000729120323274801 0 0
 669.0574023 0.000540653856492428 0 0
 672.430302661 0.000414474840650544 0 0
 675.802564736 0.00044360250177645 0 0
 679.174176993 0.000542861672985908 0 0
 682.5451279 0.000397011740896257 0 0
 685.915405925 0.000496352728640551 0 0
 689.284999536 0.000452779033617065 0 0
 692.653897201 0.000330233200773709 0 0
 696.022087388 0.000482887621034186 0 0
 699.389558565 0.000531242969787418 0 0
 702.7562992 0.000271502404976239 0 0
 706.122297761 0.000607994057678798 0 0
 709.487542716 0.000400102468077295 0 0
 712.852022533 0.000565732075203239 0 0
 716.21572568 0.000485153276610554 0 0
 719.578640625 0.000537050729493089 0 0
 722.940755836 0.000474881208710019 0 0
 726.302059781 0.000406276000435355 0 0
 729.662540928 0.000427123490827032 0 0
 733.022187745 0.000459515381656469 0 0
 736.3809887 0.000386065336332355 0 0
 739.738932261 0.000573022813226967 0 0
 743.096006896 0.000379518115320678 0 0
 746.452201073 0.000415908644253612 0 0
 749.80750326 -0.000460401783170941 0 0
 753.161901925 0.000377311266142816 0 0
 756.515385536 0.000592297235476077 0 0
 759.867942561 0.000613669104705267 0 0
 763.219561468 0.000619322095056833 0 0
 766.570230725 0.000701063281686071 0 0
 769.9199388 0.000489148863569709 0 0
 773.268674161 0.000573045332841439 0 0
 776.616425276 0.000588219477612266 0 0
 779.963180613 0.000523943003991607 0 0
 783.30892864 0.000450177957793428 0 0
 786.653657825 0.00032918710808994 0 0
 789.997356636 0.000587988711657515 0 0
 793.340013541 0.000478477440555681 0 0
 796.681617008 0.000497994124154778 0 0
 800.022155505 0.0004854560713206 0 0
 803.3616175 0.000653959113627644 0 0
 806.699991461 0.000692135690694671 0 0
 810.037265856 0.000812575707723831 0 0
 813.373429153 0.000520339024151699 0 0
 816.70846982 0.000739884217626769 0 0
 820.042376325 0.000663502898829652 0 0
 823.375137136 0.00109366808767818 0 0
 826.706740721 0.000866329975362719 0 0
 830.037175548 0.000565430676164489 0 0
 833.366430085 0.000621839194952718 0 0
 836.6944928 0.000787807834213012 0 0
 840.021352161 0.00053074822356986 0 0
 843.346996636 0.000907394402560776 0 0
 846.671414693 0.000827656284380574 0 0
 849.9945948 0.0006307621842312 0 0
 853.316525425 0.00104922247541863 0 0
 856.637195036 0.000616144198550033 0 0
 859.956592101 0.000819466527870014 0 0
 863.274705088 0.000591300544209039 0 0
 866.591522465 0.000659002665698705 0 0
 869.9070327 0.00110503426575141 0 0
 873.221224261 0.000802775612426733 0 0
 876.534085616 0.000742493700143825 0 0
 879.845605233 0.00130079871845892 0 0
 883.15577158 0.0018136030449052 0 0
 886.464573125 0.00166882638696353 0 0
 889.771998336 0.000925696372890017 0 0
 893.078035681 0.00181108494377296 0 0
 896.382673628 0.00118885107506022 0 0
 899.685900645 0.00203647332377477 0 0
 902.9877052 0.00125029881779829 0 0
 906.288075761 0.000945628538480884 0 0
 909.587000796 0.00151414910550854 0 0
 912.884468773 0.00148513190619254 0 0
 916.18046816 0.00125945080189373 0 0
 919.474987425 0.00289281234415545 0 0
 922.768015036 0.00188360184387802 0 0
 926.059539461 0.00201114517871822 0 0
 929.349549168 0.00126508754897079 0 0
 932.638032625 0.00166510404210867 0 0
 935.9249783 0.00189056371076605 0 0
 939.210374661 0.00289590755720613 0 0
 942.494210176 0.00108207179271839 0 0
 945.776473313 0.00145447720343737 0 0
 949.05715254 0.00416956404268117 0 0
 952.336236325 0.00274172009912986 0 0
 955.613713136 0 0 0
 958.889571441 0 0 0
 962.163799708 0 0 0
 965.436386405 0 0 0
 968.70732 0 0 0
 971.976588961 0 0 0
 975.244181756 0 0 0
 978.510086853 0 0 0
 981.77429272 0 0 0
 985.036787825 0 0 0
 988.297560636 0 0 0
 991.556599621 0 0 0
 994.813893248 0 0 0
 998.069429985 0 0 0
 1001.3231983 0 0 0
 1004.575186661 0 0 0
 1007.825383536 0 0 0
 1011.073777393 0 0 0
 1014.3203567 0 0 0
 1017.565109925 0 0 0
 1020.808025536 0 0 0
 1024.049092001 0 0 0
 1027.288297788 0 0 0
 1030.525631365 0 0 0
 1033.7610812 0 0 0
 1036.994635761 0 0 0
 1040.226283516 0 0 0
 1043.456012933 0 0 0
 1046.68381248 0 0 0
 1049.909670625 0 0 0
 1053.133575836 0 0 0
 1056.355516581 0 0 0
 1059.575481328 0 0 0
 1062.793458545 0 0 0
 1066.0094367 0 0 0
 1069.223404261 0 0 0
 1072.435349696 0 0 0
 1075.645261473 0 0 0
 1078.85312806 0 0 0
 1082.058937925 0 0 0
 1085.262679536 0 0 0
 1088.464341361 0 0 0
 1091.663911868 0 0 0
 1094.861379525 0 0 0
 1098.0567328 0 0 0
 1101.249960161 0 0 0
 1104.441050076 0 0 0
 1107.629991013 0 0 0
 1110.81677144 0 0 0
 1114.001379825 0 0 0
 1117.183804636 0 0 0
 1120.364034341 0 0 0
 1123.542057408 0 0 0
 1126.717862305 0 0 0
 1129.8914375 0 0 0
 1133.062771461 0 0 0
 1136.231852656 0 0 0
 1139.398669553 0 0 0
 1142.56321062 0 0 0
 1145.725464325 0 0 0
 1148.885419136 0 0 0
[END] of [DATA]
[END] of [Spectrum]


#TBID:2021-11-21 00:30:00;SAM_84DC;RAW;

[Spectrum]
Version            = 1
IDData             = 96B1_2021-11-21_00-30-00_000_205
IDDevice           = SAM_84DC
IDDataType         = SPECTRUM
IDDataTypeSub1     = RAW
IDDataTypeSub2     = 
IDDataTypeSub3     = 
DateTime           = 2021-11-21 00:30:00
PositionLatitude   = 0
PositionLongitude  = 0
Comment            = 
CommentSub1        = 
CommentSub2        = 
CommentSub3        = 
IDMethodType       = SAM Control
MethodName         = SAM_84DC
Mission            = No Mission
MissionSub         = 1
RecordType         = 0
[Attributes]
CalFactor = 1
IDBasisSpec = 
IDDataBack = DLAB_2015-08-21_13-19-54_137_939
IDDataCal = DLAB_2015-08-24_10-46-55_592_608
IntegrationTime = 4096
P31 = -1
P31e = 0
PathLength = +INF
PathLengthCustomOn = 0
RAWDynamic = 65535
Salinity = 0
Temperature = -NAN
Unit1 = $05 $00 Pixel 
Unit2 = $03 $05 Intensity counts
Unit3 = $f0 $05 Error counts
Unit4 = $f1 $00 Status 
p999 = 419
[END] of [Attributes]
[DATA]
 0 11 0 0
 1 1138 0 0
 2 1124 0 0
 3 1133 0 0
 4 1137 0 0
 5 1137 0 0
 6 1125 0 0
 7 1134 0 0
 8 1136 0 0
 9 1134 0 0
 10 1134 0 0
 11 1136 0 0
 12 1129 0 0
 13 1129 0 0
 14 1135 0 0
 15 1130 0 0
 16 1135 0 0
 17 1133 0 0
 18 1124 0 0
 19 1128 0 0
 20 1131 0 0
 21 1126 0 0
 22 1128 0 0
 23 1135 0 0
 24 1129 0 0
 25 1129 0 0
 26 1128 0 0
 27 1125 0 0
 28 1123 0 0
 29 1122 0 0
 30 1124 0 0
 31 1126 0 0
 32 1128 0 0
 33 1128 0 0
 34 1130 0 0
 35 1124 0 0
 36 1126 0 0
 37 1128 0 0
 38 1124 0 0
 39 1118 0 0
 40 1123 0 0
 41 1126 0 0
 42 1125 0 0
 43 1129 0 0
 44 1127 0 0
 45 1125 0 0
 46 1122 0 0
 47 1125 0 0
 48 1116 0 0
 49 1118 0 0
 50 1112 0 0
 51 1117 0 0
 52 1120 0 0
 53 1118 0 0
 54 1115 0 0
 55 1116 0 0
 56 1115 0 0
 57 1116 0 0
 58 1113 0 0
 59 1117 0 0
 60 1111 0 0
 61 1113 0 0
 62 1112 0 0
 63 1115 0 0
 64 1117 0 0
 65 1111 0 0
 66 1107 0 0
 67 1113 0 0
 68 1114 0 0
 69 1110 0 0
 70 1109 0 0
 71 1108 0 0
 72 1111 0 0
 73 1111 0 0
 74 1112 0 0
 75 1107 0 0
 76 1113 0 0
 77 1112 0 0
 78 1099 0 0
 79 1108 0 0
 80 1100 0 0
 81 1113 0 0
 82 1105 0 0
 83 1104 0 0
 84 1099 0 0
 85 1108 0 0
 86 1103 0 0
 87 1104 0 0
 88 1100 0 0
 89 1099 0 0
 90 1100 0 0
 91 1106 0 0
 92 1103 0 0
 93 1104 0 0
 94 1098 0 0
 95 1096 0 0
 96 1100 0 0
 97 1097 0 0
 98 1098 0 0
 99 1092 0 0
 100 1093 0 0
 101 1094 0 0
 102 1097 0 0
 103 1102 0 0
 104 1094 0 0
 105 1093 0 0
 106 1096 0 0
 107 1102 0 0
 108 1096 0 0
 109 1092 0 0
 110 1095 0 0
 111 1097 0 0
 112 1096 0 0
 113 1092 0 0
 114 1091 0 0
 115 1097 0 0
 116 1092 0 0
 117 1097 0 0
 118 1090 0 0
 119 1090 0 0
 120 1089 0 0
 121 1098 0 0
 122 1093 0 0
 123 1095 0 0
 124 1094 0 0
 125 1090 0 0
 126 1089 0 0
 127 1098 0 0
 128 1089 0 0
 129 1090 0 0
 130 1091 0 0
 131 1090 0 0
 132 1093 0 0
 133 1092 0 0
 134 1092 0 0
 135 1090 0 0
 136 1085 0 0
 137 1091 0 0
 138 1086 0 0
 139 1092 0 0
 140 1084 0 0
 141 1092 0 0
 142 1084 0 0
 143 1094 0 0
 144 1087 0 0
 145 1083 0 0
 146 1078 0 0
 147 1087 0 0
 148 1089 0 0
 149 1086 0 0
 150 1085 0 0
 151 1089 0 0
 152 1088 0 0
 153 1093 0 0
 154 1084 0 0
 155 1086 0 0
 156 1086 0 0
 157 1091 0 0
 158 1090 0 0
 159 1093 0 0
 160 1085 0 0
 161 1087 0 0
 162 1086 0 0
 163 1088 0 0
 164 1084 0 0
 165 1090 0 0
 166 1089 0 0
 167 1089 0 0
 168 1087 0 0
 169 1091 0 0
 170 1088 0 0
 171 1086 0 0
 172 1081 0 0
 173 1094 0 0
 174 1092 0 0
 175 1090 0 0
 176 1085 0 0
 177 1085 0 0
 178 1091 0 0
 179 1085 0 0
 180 1086 0 0
 181 1086 0 0
 182 1091 0 0
 183 1094 0 0
 184 1090 0 0
 185 1092 0 0
 186 1090 0 0
 187 1093 0 0
 188 1086 0 0
 189 1091 0 0
 190 1092 0 0
 191 1088 0 0
 192 1093 0 0
 193 1093 0 0
 194 1095 0 0
 195 1092 0 0
 196 1094 0 0
 197 1086 0 0
 198 1088 0 0
 199 1098 0 0
 200 1090 0 0
 201 1097 0 0
 202 1086 0 0
 203 1096 0 0
 204 1093 0 0
 205 1097 0 0
 206 1095 0 0
 207 1095 0 0
 208 1095 0 0
 209 1099 0 0
 210 1097 0 0
 211 1096 0 0
 212 1089 0 0
 213 1094 0 0
 214 1091 0 0
 215 1099 0 0
 216 1097 0 0
 217 1102 0 0
 218 1099 0 0
 219 1099 0 0
 220 1102 0 0
 221 1102 0 0
 222 1101 0 0
 223 1105 0 0
 224 1096 0 0
 225 1104 0 0
 226 1101 0 0
 227 1101 0 0
 228 1109 0 0
 229 1104 0 0
 230 1100 0 0
 231 1106 0 0
 232 1105 0 0
 233 1100 0 0
 234 1101 0 0
 235 1100 0 0
 236 1099 0 0
 237 1108 0 0
 238 1106 0 0
 239 1107 0 0
 240 1109 0 0
 241 1111 0 0
 242 1108 0 0
 243 1103 0 0
 244 1113 0 0
 245 1107 0 0
 246 1112 0 0
 247 1110 0 0
 248 1117 0 0
 249 1115 0 0
 250 1108 0 0
 251 1108 0 0
 252 1109 0 0
 253 1116 0 0
 254 1114 0 0
 255 1179 0 0
[END] of [DATA]
[END] of [Spectrum]


#TBID:2021-11-21 00:30:00;SAM_84DC;CALIBRATED;

[Spectrum]
Version            = 1
IDData             = 96B1_2021-11-21_00-30-00_000_206
IDDevice           = SAM_84DC
IDDataType         = SPECTRUM
IDDataTypeSub1     = CALIBRATED
IDDataTypeSub2     = 
IDDataTypeSub3     = 
DateTime           = 2021-11-21 00:30:00
PositionLatitude   = 0
PositionLongitude  = 0
Comment            = 
CommentSub1        = 
CommentSub2        = 
CommentSub3        = 
IDMethodType       = SAM Control
MethodName         = SAM_84DC
Mission            = No Mission
MissionSub         = 1
RecordType         = 0
[Attributes]
CalFactor = 1
IDBasisSpec = 
IDDataBack = DLAB_2015-08-21_13-19-54_137_939
IDDataCal = DLAB_2015-08-24_10-46-55_592_608
IntegrationTime = 4096
P31 = -1
P31e = 0
PathLength = +INF
PathLengthCustomOn = 0
RAWDynamic = 65535
Salinity = 0
Temperature = -NAN
Unit1 = $01 $01 Wavelength nm
Unit2 = $03 $03 Intensity mW/(m^2 nm Sr)
Unit3 = $f0 $03 Error mW/(m^2 nm Sr)
Unit4 = $f1 $00 Status 
p999 = 419
[END] of [Attributes]
[DATA]
 0 11 0 0
 305.71650776488 0 0 0
 309.04007505697 0 0 0
 312.36416914304 0 0 0
 315.68877841375 0 0 0
 319.01389125976 0.00164233756686153 0 0
 322.33949607173 0.00130926878611756 0 0
 325.66558124032 0.00114795619633152 0 0
 328.99213515619 0.00122282502471633 0 0
 332.31914621 0.000954630027578896 0 0
 335.64660279241 0.000978325395173787 0 0
 338.97449329408 0.0008884462202303 0 0
 342.30280610567 0.000789041294091037 0 0
 345.63152961784 0.000710275845288029 0 0
 348.96065222125 0.000562454468405591 0 0
 352.29016230656 0.000693731562670525 0 0
 355.62004826443 0.000583364775307605 0 0
 358.95029848552 0.000436590105568832 0 0
 362.28090136049 0.000421359772442632 0 0
 365.61184528 0.000458102241052411 0 0
 368.94311863471 0.000573604578490866 0 0
 372.27470981528 0.000558400071917843 0 0
 375.60660721237 0.000446854151249672 0 0
 378.93879921664 0.000605022823973698 0 0
 382.27127421875 0.000514006603324899 0 0
 385.60402060936 0.000652095736839091 0 0
 388.93702677913 0.000494423361782193 0 0
 392.27028111872 0.000420990867378286 0 0
 395.60377201879 0.000497515572066176 0 0
 398.93748787 0.000467514075508491 0 0
 402.27141706301 0.000502284950141961 0 0
 405.60554798848 0.000349040867582752 0 0
 408.93986903707 0.00039410706172516 0 0
 412.27436859944 0.000435861134693068 0 0
 415.60903506625 0.000352517383742983 0 0
 418.94385682816 0.000330965636855678 0 0
 422.27882227583 0.000209220560886132 0 0
 425.61391979992 0.000245536296347137 0 0
 428.94913779109 0.000227526738880494 0 0
 432.28446464 0.000198506431446927 0 0
 435.61988873731 0.000118487498848126 0 0
 438.95539847368 0.000219026504147732 0 0
 442.29098223977 0.000223020619020493 0 0
 445.62662842624 0.00024163431369744 0 0
 448.96232542375 0.000202556183702965 0 0
 452.29806162296 0.000199297251771055 0 0
 455.63382541453 0.000123336072756611 0 0
 458.96960518912 0.000141333216511533 0 0
 462.30538933739 0.000139432346787299 0 0
 465.64116625 0.000158030620824054 0 0
 468.97692431761 0.000109611590420443 0 0
 472.31265193088 0.000146457150131175 0 0
 475.64833748047 0.000173219447658167 0 0
 478.98396935704 0.000184365330627462 0 0
 482.31953595125 0.000145725431747654 0 0
 485.65502565376 0.000104921660156202 0 0
 488.99042685523 0.000120635225057212 0 0
 492.32572794632 8.11790492725159e-005 0 0
 495.66091731769 4.77133724302901e-005 0 0
 498.99598336 1.43514371365363e-005 0 0
 502.33091446391 2.54770978064884e-005 0 0
 505.66569902008 1.49671643538127e-005 0 0
 509.00032541917 9.4033120676562e-005 0 0
 512.33478205184 8.56393933552121e-005 0 0
 515.66905730875 9.22681036818516e-005 0 0
 519.00313958056 6.25882676750309e-005 0 0
 522.33701725793 0.000104331930832421 0 0
 525.67067873152 4.16614018925066e-005 0 0
 529.00411239199 3.45921191320218e-005 0 0
 532.33730663 4.20027861234749e-005 0 0
 535.67024983621 -1.97147725371666e-005 0 0
 539.00293040128 -6.27930966126927e-005 0 0
 542.33533671587 4.11839505420338e-005 0 0
 545.66745717064 -4.83029721364332e-006 0 0
 548.99928015625 -9.14097841492621e-006 0 0
 552.33079406336 2.00069986671104e-005 0 0
 555.66198728263 2.20010031858033e-005 0 0
 558.99284820472 2.15439677189999e-005 0 0
 562.32336522029 -4.24514873809003e-005 0 0
 565.65352672 -5.53333372785415e-005 0 0
 568.98332109451 -7.11905798588025e-005 0 0
 572.31273673448 -7.82077834385587e-006 0 0
 575.64176203057 -1.51686737552119e-005 0 0
 578.97038537344 -6.88211045283598e-005 0 0
 582.29859515375 -4.01152992385195e-005 0 0
 585.62637976216 -0.000105015300339474 0 0
 588.95372758933 -9.71356151168744e-005 0 0
 592.28062702592 -0.000100326263074865 0 0
 595.60706646259 -9.27155892009954e-005 0 0
 598.93303429 -0.00020035612993491 0 0
 602.25851889881 -5.10356483181618e-005 0 0
 605.58350867968 -6.02862018056682e-005 0 0
 608.90799202327 -0.000102807637393674 0 0
 612.23195732024 -7.78971515550555e-005 0 0
 615.55539296125 -0.000225131516735599 0 0
 618.87828733696 -0.000244033864869886 0 0
 622.20062883803 -9.88952221835201e-005 0 0
 625.52240585512 -0.000272466153323919 0 0
 628.84360677889 -0.000138323678472018 0 0
 632.16422 -0.000286408415529998 0 0
 635.48423390911 -0.000303331099698783 0 0
 638.80363689688 -0.000224116243038084 0 0
 642.12241735397 -0.000241375376399217 0 0
 645.44056367104 -0.000124048753618378 0 0
 648.75806423875 -0.000268982945426476 0 0
 652.07490744776 -0.000355526198450027 0 0
 655.39108168873 -0.000275421145109601 0 0
 658.70657535232 -0.000299825890112258 0 0
 662.02137682919 -0.000287894768631024 0 0
 665.33547451 -0.000379718868577331 0 0
 668.64885678541 -0.000259140112609707 0 0
 671.96151204608 -0.000280436635508003 0 0
 675.27342868267 -0.000278454564985539 0 0
 678.58459508584 -0.000229209739417825 0 0
 681.89499964625 -0.000397065793273364 0 0
 685.20463075456 -0.000332754172261247 0 0
 688.51347680143 -0.000321835604113822 0 0
 691.82152617752 -0.000219585330787598 0 0
 695.12876727349 -0.000315800234356272 0 0
 698.43518848 -0.000374660162976975 0 0
 701.74077818771 -0.000227639770023246 0 0
 705.04552478728 -0.000376392414646936 0 0
 708.34941666937 -0.000269162674913199 0 0
 711.65244222464 -0.000359665362558856 0 0
 714.95458984375 -0.000381941830818241 0 0
 718.25584791736 -0.000337391669154575 0 0
 721.55620483613 -0.00048604517053593 0 0
 724.85564899072 -0.000272023375772081 0 0
 728.15416877179 -0.00039449991199475 0 0
 731.45175257 -0.000360101392062233 0 0
 734.74838877601 -0.000493713976665843 0 0
 738.04406578048 -0.000373020284797438 0 0
 741.33877197407 -0.000389937594618121 0 0
 744.63249574744 -0.000376948253950859 0 0
 747.92522549125 -0.000341781056631631 0 0
 751.21694959616 -0.00047367469376164 0 0
 754.50765645283 -0.000430087660820782 0 0
 757.79733445192 -0.000440118508841361 0 0
 761.08597198409 -0.000443482576306461 0 0
 764.37355744 -0.000383144701578205 0 0
 767.66007921031 -0.000515034165185567 0 0
 770.94552568568 -0.000486865211507901 0 0
 774.22988525677 -0.000522319666336636 0 0
 777.51314631424 -0.000397542443845343 0 0
 780.79529724875 -0.00053633847561398 0 0
 784.07632645096 -0.000539731502856254 0 0
 787.35622231153 -0.000748966438458418 0 0
 790.63497322112 -0.000551555884396042 0 0
 793.91256757039 -0.0006322757855907 0 0
 797.18899375 -0.00069719152815613 0 0
 800.46424015061 -0.000606530556729748 0 0
 803.73829516288 -0.000686578725318434 0 0
 807.01114717747 -0.000683878206160085 0 0
 810.28278458504 -0.000670450760361522 0 0
 813.55319577625 -0.000950282236383772 0 0
 816.82236914176 -0.00085161966151005 0 0
 820.09029307223 -0.000705216716111363 0 0
 823.35695595832 -0.000873104392284791 0 0
 826.62234619069 -0.000726710365282717 0 0
 829.88645216 -0.00077140886455906 0 0
 833.14926225691 -0.00114971675715999 0 0
 836.41076487208 -0.000802743182617958 0 0
 839.67094839617 -0.000709029088533238 0 0
 842.92980121984 -0.000859238467717308 0 0
 846.18731173375 -0.00122312936664647 0 0
 849.44346832856 -0.00106099728453597 0 0
 852.69825939493 -0.00148967224034215 0 0
 855.95167332352 -0.00139422921882607 0 0
 859.20369850499 -0.00146060314352222 0 0
 862.45432333 -0.00127166864590455 0 0
 865.70353618921 -0.0014757705467802 0 0
 868.95132547328 -0.00207054836152034 0 0
 872.19767957287 -0.00150323574249042 0 0
 875.44258687864 -0.00138348193771118 0 0
 878.68603578125 -0.00139452955022067 0 0
 881.92801467136 -0.00134787332096733 0 0
 885.16851193963 -0.002166533726266 0 0
 888.40751597672 -0.00189054924810586 0 0
 891.64501517329 -0.00166612964703607 0 0
 894.88099792 -0.00174042893802632 0 0
 898.11545260751 -0.00183851208745557 0 0
 901.34836762648 -0.00185324032422943 0 0
 904.57973136757 -0.00174564974622197 0 0
 907.80953222144 -0.00155085874102235 0 0
 911.03775857875 -0.00190429056597295 0 0
 914.26439883016 -0.00187320639446415 0 0
 917.48944136633 -0.00240174992162547 0 0
 920.71287457792 -0.00207728424000271 0 0
 923.93468685559 -0.00234716644765215 0 0
 927.15486659 -0.00158924670449557 0 0
 930.37340217181 -0.00182846086476149 0 0
 933.59028199168 -0.00302226363514736 0 0
 936.80549444027 -0.00389796697254222 0 0
 940.01902790824 -0.00293300319271832 0 0
 943.23087078625 -0.00215730212544417 0 0
 946.44101146496 -0.00210348368642805 0 0
 949.64943833503 -0.003859909889182 0 0
 952.85613978712 -0.00491689059283881 0 0
 956.06110421189 0 0 0
 959.26432 0 0 0
 962.46577554211 0 0 0
 965.66545922888 0 0 0
 968.86335945097 0 0 0
 972.05946459904 0 0 0
 975.25376306375 0 0 0
 978.44624323576 0 0 0
 981.63689350573 0 0 0
 984.82570226432 0 0 0
 988.01265790219 0 0 0
 991.19774881 0 0 0
 994.38096337841 0 0 0
 997.56228999808 0 0 0
 1000.74171705967 0 0 0
 1003.91923295384 0 0 0
 1007.09482607125 0 0 0
 1010.26848480256 0 0 0
 1013.44019753843 0 0 0
 1016.60995266952 0 0 0
 1019.77773858649 0 0 0
 1022.94354368 0 0 0
 1026.10735634071 0 0 0
 1029.26916495928 0 0 0
 1032.42895792637 0 0 0
 1035.58672363264 0 0 0
 1038.74245046875 0 0 0
 1041.89612682536 0 0 0
 1045.04774109313 0 0 0
 1048.19728166272 0 0 0
 1051.34473692479 0 0 0
 1054.49009527 0 0 0
 1057.63334508901 0 0 0
 1060.77447477248 0 0 0
 1063.91347271107 0 0 0
 1067.05032729544 0 0 0
 1070.18502691625 0 0 0
 1073.31755996416 0 0 0
 1076.44791482983 0 0 0
 1079.57607990392 0 0 0
 1082.70204357709 0 0 0
 1085.82579424 0 0 0
 1088.94732028331 0 0 0
 1092.06661009768 0 0 0
 1095.18365207377 0 0 0
 1098.29843460224 0 0 0
 1101.41094607375 0 0 0
 1104.52117487896 0 0 0
 1107.62910940853 0 0 0
 1110.73473805312 0 0 0
 1113.83804920339 0 0 0
 1116.93903125 0 0 0
 1120.03767258361 0 0 0
 1123.13396159488 0 0 0
 1126.22788667447 0 0 0
 1129.31943621304 0 0 0
 1132.40859860125 0 0 0
 1135.49536222976 0 0 0
[END] of [DATA]
[END] of [Spectrum]


#TBID:2021-11-21 01:00:00;SAM_84CE;RAW;

[Spectrum]
Version            = 1
IDData             = 96B1_2021-11-21_01-00-00_000_209
IDDevice           = SAM_84CE
IDDataType         = SPECTRUM
IDDataTypeSub1     = RAW
IDDataTypeSub2     = 
IDDataTypeSub3     = 
DateTime           = 2021-11-21 01:00:00
PositionLatitude   = 0
PositionLongitude  = 0
Comment            = 
CommentSub1        = 
CommentSub2        = 
CommentSub3        = 
IDMethodType       = SAM Control
MethodName         = SAM_84CE
Mission            = No Mission
MissionSub         = 1
RecordType         = 0
[Attributes]
CalFactor = 1
IDBasisSpec = 
IDDataBack = DLAB_2015-08-21_11-56-43_233_004
IDDataCal = DLAB_2015-08-26_10-05-37_585_478
IntegrationTime = 4096
P31 = -1
P31e = 0
PathLength = +INF
PathLengthCustomOn = 0
RAWDynamic = 65535
Salinity = 0
Temperature = -NAN
Unit1 = $05 $00 Pixel 
Unit2 = $03 $05 Intensity counts
Unit3 = $f0 $05 Error counts
Unit4 = $f1 $00 Status 
p999 = 420
[END] of [Attributes]
[DATA]
 0 11 0 0
 1 1420 0 0
 2 1413 0 0
 3 1422 0 0
 4 1421 0 0
 5 1422 0 0
 6 1423 0 0
 7 1423 0 0
 8 1430 0 0
 9 1431 0 0
 10 1429 0 0
 11 1435 0 0
 12 1440 0 0
 13 1436 0 0
 14 1437 0 0
 15 1435 0 0
 16 1443 0 0
 17 1440 0 0
 18 1443 0 0
 19 1440 0 0
 20 1446 0 0
 21 1449 0 0
 22 1446 0 0
 23 1453 0 0
 24 1452 0 0
 25 1456 0 0
 26 1455 0 0
 27 1461 0 0
 28 1455 0 0
 29 1456 0 0
 30 1462 0 0
 31 1463 0 0
 32 1465 0 0
 33 1463 0 0
 34 1465 0 0
 35 1464 0 0
 36 1471 0 0
 37 1475 0 0
 38 1478 0 0
 39 1483 0 0
 40 1476 0 0
 41 1480 0 0
 42 1482 0 0
 43 1485 0 0
 44 1484 0 0
 45 1486 0 0
 46 1485 0 0
 47 1493 0 0
 48 1489 0 0
 49 1490 0 0
 50 1492 0 0
 51 1487 0 0
 52 1489 0 0
 53 1494 0 0
 54 1495 0 0
 55 1491 0 0
 56 1491 0 0
 57 1489 0 0
 58 1495 0 0
 59 1494 0 0
 60 1498 0 0
 61 1490 0 0
 62 1496 0 0
 63 1496 0 0
 64 1494 0 0
 65 1501 0 0
 66 1500 0 0
 67 1495 0 0
 68 1504 0 0
 69 1499 0 0
 70 1499 0 0
 71 1495 0 0
 72 1501 0 0
 73 1505 0 0
 74 1509 0 0
 75 1505 0 0
 76 1505 0 0
 77 1497 0 0
 78 1500 0 0
 79 1505 0 0
 80 1503 0 0
 81 1505 0 0
 82 1505 0 0
 83 1504 0 0
 84 1504 0 0
 85 1502 0 0
 86 1505 0 0
 87 1505 0 0
 88 1505 0 0
 89 1504 0 0
 90 1507 0 0
 91 1510 0 0
 92 1506 0 0
 93 1506 0 0
 94 1496 0 0
 95 1504 0 0
 96 1501 0 0
 97 1504 0 0
 98 1506 0 0
 99 1504 0 0
 100 1504 0 0
 101 1507 0 0
 102 1499 0 0
 103 1507 0 0
 104 1508 0 0
 105 1507 0 0
 106 1501 0 0
 107 1504 0 0
 108 1508 0 0
 109 1508 0 0
 110 1500 0 0
 111 1510 0 0
 112 1503 0 0
 113 1506 0 0
 114 1505 0 0
 115 1498 0 0
 116 1504 0 0
 117 1503 0 0
 118 1502 0 0
 119 1504 0 0
 120 1503 0 0
 121 1499 0 0
 122 1511 0 0
 123 1501 0 0
 124 1506 0 0
 125 1502 0 0
 126 1506 0 0
 127 1507 0 0
 128 1506 0 0
 129 1504 0 0
 130 1506 0 0
 131 1505 0 0
 132 1507 0 0
 133 1505 0 0
 134 1505 0 0
 135 1503 0 0
 136 1500 0 0
 137 1507 0 0
 138 1496 0 0
 139 1508 0 0
 140 1502 0 0
 141 1505 0 0
 142 1499 0 0
 143 1505 0 0
 144 1500 0 0
 145 1509 0 0
 146 1504 0 0
 147 1498 0 0
 148 1499 0 0
 149 1499 0 0
 150 1494 0 0
 151 1504 0 0
 152 1498 0 0
 153 1495 0 0
 154 1498 0 0
 155 1500 0 0
 156 1495 0 0
 157 1498 0 0
 158 1495 0 0
 159 1498 0 0
 160 1500 0 0
 161 1503 0 0
 162 1499 0 0
 163 1498 0 0
 164 1498 0 0
 165 1496 0 0
 166 1493 0 0
 167 1500 0 0
 168 1496 0 0
 169 1502 0 0
 170 1500 0 0
 171 1500 0 0
 172 1501 0 0
 173 1497 0 0
 174 1498 0 0
 175 1497 0 0
 176 1493 0 0
 177 1494 0 0
 178 1490 0 0
 179 1495 0 0
 180 1497 0 0
 181 1502 0 0
 182 1496 0 0
 183 1490 0 0
 184 1492 0 0
 185 1494 0 0
 186 1493 0 0
 187 1490 0 0
 188 1488 0 0
 189 1494 0 0
 190 1489 0 0
 191 1489 0 0
 192 1490 0 0
 193 1488 0 0
 194 1488 0 0
 195 1489 0 0
 196 1486 0 0
 197 1488 0 0
 198 1484 0 0
 199 1484 0 0
 200 1483 0 0
 201 1485 0 0
 202 1486 0 0
 203 1486 0 0
 204 1483 0 0
 205 1481 0 0
 206 1482 0 0
 207 1478 0 0
 208 1477 0 0
 209 1479 0 0
 210 1476 0 0
 211 1478 0 0
 212 1474 0 0
 213 1478 0 0
 214 1474 0 0
 215 1475 0 0
 216 1474 0 0
 217 1467 0 0
 218 1468 0 0
 219 1474 0 0
 220 1469 0 0
 221 1470 0 0
 222 1468 0 0
 223 1468 0 0
 224 1465 0 0
 225 1464 0 0
 226 1467 0 0
 227 1462 0 0
 228 1460 0 0
 229 1472 0 0
 230 1466 0 0
 231 1463 0 0
 232 1461 0 0
 233 1459 0 0
 234 1459 0 0
 235 1461 0 0
 236 1452 0 0
 237 1459 0 0
 238 1462 0 0
 239 1459 0 0
 240 1456 0 0
 241 1460 0 0
 242 1456 0 0
 243 1466 0 0
 244 1460 0 0
 245 1459 0 0
 246 1454 0 0
 247 1460 0 0
 248 1451 0 0
 249 1452 0 0
 250 1453 0 0
 251 1454 0 0
 252 1454 0 0
 253 1451 0 0
 254 1447 0 0
 255 1500 0 0
[END] of [DATA]
[END] of [Spectrum]


#TBID:2021-11-21 01:00:00;SAM_84CE;CALIBRATED;

[Spectrum]
Version            = 1
IDData             = 96B1_2021-11-21_01-00-00_000_210
IDDevice           = SAM_84CE
IDDataType         = SPECTRUM
IDDataTypeSub1     = CALIBRATED
IDDataTypeSub2     = 
IDDataTypeSub3     = 
DateTime           = 2021-11-21 01:00:00
PositionLatitude   = 0
PositionLongitude  = 0
Comment            = 
CommentSub1        = 
CommentSub2        = 
CommentSub3        = 
IDMethodType       = SAM Control
MethodName         = SAM_84CE
Mission            = No Mission
MissionSub         = 1
RecordType         = 0
[Attributes]
CalFactor = 1
IDBasisSpec = 
IDDataBack = DLAB_2015-08-21_11-56-43_233_004
IDDataCal = DLAB_2015-08-26_10-05-37_585_478
IntegrationTime = 4096
P31 = -1
P31e = 0
PathLength = +INF
PathLengthCustomOn = 0
RAWDynamic = 65535
Salinity = 0
Temperature = -NAN
Unit1 = $01 $01 Wavelength nm
Unit2 = $03 $06 Intensity mW/(m^2 nm)
Unit3 = $f0 $06 Error mW/(m^2 nm)
Unit4 = $f1 $00 Status 
p999 = 420
[END] of [Attributes]
[DATA]
 0 11 0 0
 303.485180022 0 0 0
 306.85638880275 0 0 0
 310.228324544 0 0 0
 313.60097308125 0 0 0
 316.97432025 -0.01150571529626 0 0
 320.34835188575 -0.00743672665413096 0 0
 323.723053824 -0.00590096002225165 0 0
 327.09841190025 -0.00375489414049191 0 0
 330.47441195 -0.00564601842183367 0 0
 333.85103980875 -0.00522758258115627 0 0
 337.228281312 -0.00383200472503856 0 0
 340.60612229525 -0.00207691363858818 0 0
 343.984548594 -0.00297592965098471 0 0
 347.36354604375 -0.00385473327101358 0 0
 350.74310048 -0.00203878602116314 0 0
 354.12319773825 -0.000568904229134853 0 0
 357.503823654 -0.000254643500904499 0 0
 360.88496406275 -0.000548349908402227 0 0
 364.2666048 4.37001664554299e-005 0 0
 367.64873170125 -0.000785635702088772 0 0
 371.031330602 0.000348529380992478 0 0
 374.41438733775 0.000218160314238203 0 0
 377.797887744 -0.00103354865614687 0 0
 381.18181765625 0.000614892246664648 0 0
 384.56616291 0.00139320955852775 0 0
 387.95090934075 0.000218068865693455 0 0
 391.336042784 0.00113730971231895 0 0
 394.72154907525 0.00233023797901368 0 0
 398.10741405 0.00197897689119178 0 0
 401.49362354375 0.00291838484444437 0 0
 404.880163392 0.00148442360100325 0 0
 408.26701943025 0.00238104833614834 0 0
 411.654177494 0.0024747664406654 0 0
 415.04162341875 0.00305039208922325 0 0
 418.42934304 0.00304199002029268 0 0
 421.81732219325 0.00259674702503393 0 0
 425.205546714 0.00421514232709993 0 0
 428.59400243775 0.0030786059452703 0 0
 431.9826752 0.00395219237283985 0 0
 435.37155083625 0.00296643587328805 0 0
 438.760615182 0.00353218013170285 0 0
 442.14985407275 0.00346737497016539 0 0
 445.539253344 0.00389089243752471 0 0
 448.92879883125 0.00451110603999222 0 0
 452.31847637 0.00487197277462272 0 0
 455.70827179575 0.00362815304950277 0 0
 459.098170944 0.00429064545750338 0 0
 462.48815965025 0.00471232802447959 0 0
 465.87822375 0.00498011414344061 0 0
 469.26834907875 0.005050163918576 0 0
 472.658521472 0.00535959048298262 0 0
 476.04872676525 0.00571465692265497 0 0
 479.438950794 0.00554808939776191 0 0
 482.82917939375 0.00537866629097241 0 0
 486.2193984 0.00600716621924787 0 0
 489.60959364825 0.00614984693176162 0 0
 492.999750974 0.00583921460932842 0 0
 496.38985621275 0.00601998038288341 0 0
 499.7798952 0.00628880571496395 0 0
 503.16985377125 0.00737481145180825 0 0
 506.559717762 0.00558814584612884 0 0
 509.94947300775 0.00527935852237159 0 0
 513.339105344 0.00568058850414557 0 0
 516.72860060625 0.00544268678701425 0 0
 520.11794463 0.00654545074361123 0 0
 523.50712325075 0.00514036588920015 0 0
 526.896122304 0.00519603495122721 0 0
 530.28492762525 0.00585370399425685 0 0
 533.67352505 0.00613058890470127 0 0
 537.06190041375 0.00673442104714961 0 0
 540.450039552 0.00541044754855996 0 0
 543.83792830025 0.00553853094172377 0 0
 547.225552494 0.00573670770727138 0 0
 550.61289796875 0.00661337420027766 0 0
 553.99995056 0.00599336086200896 0 0
 557.38669610325 0.00515577223149241 0 0
 560.773120434 0.00540022819531962 0 0
 564.15920938775 0.0061944389286285 0 0
 567.5449488 0.00609296999100945 0 0
 570.93032450625 0.00580107740440806 0 0
 574.315322342 0.00605300936810313 0 0
 577.69992814275 0.00681582230154367 0 0
 581.084127744 0.00711840933828799 0 0
 584.46790698125 0.00715659045113779 0 0
 587.85125169 0.00693464385818616 0 0
 591.23414770575 0.00725309147919237 0 0
 594.616580864 0.0072286875607748 0 0
 597.99853700025 0.00770984648154916 0 0
 601.38000195 0.00766338935329355 0 0
 604.76096154875 0.00711984235972044 0 0
 608.141401632 0.00784656688072268 0 0
 611.52130803525 0.00759323500793949 0 0
 614.900666594 0.00690044380186799 0 0
 618.27946314375 0.00666308252003303 0 0
 621.65768352 0.00853639623984499 0 0
 625.03531355825 0.00827598274383496 0 0
 628.412339094 0.00791809695360782 0 0
 631.78874596275 0.0079144190348202 0 0
 635.16452 0.00811377451245376 0 0
 638.53964704125 0.00854965427585722 0 0
 641.914112922 0.0100840751499398 0 0
 645.28790347775 0.00823309716811275 0 0
 648.661004544 0.00964140806560286 0 0
 652.03340195625 0.0107470396287281 0 0
 655.40508155 0.00971284533085664 0 0
 658.77602916075 0.00920224127866671 0 0
 662.146230624 0.0105114875314741 0 0
 665.51567177525 0.0114193110962739 0 0
 668.88433845 0.00955685252715233 0 0
 672.25221648375 0.00969078729310785 0 0
 675.619291712 0.00979053787319186 0 0
 678.98554997025 0.00968849696568925 0 0
 682.350977094 0.0111607511519598 0 0
 685.71555891875 0.00994872597067929 0 0
 689.07928128 0.00914864917666029 0 0
 692.44213001325 0.0111132956405718 0 0
 695.804090954 0.00945496372043756 0 0
 699.16514993775 0.00986942331011298 0 0
 702.5252928 0.0102084754098247 0 0
 705.88450537625 0.00986216170082216 0 0
 709.242773502 0.00987041905164125 0 0
 712.60008301275 0.0117074988677406 0 0
 715.956419744 0.0104810675628835 0 0
 719.31176953125 0.0113926745080885 0 0
 722.66611821 0.0108204423679768 0 0
 726.01945161575 0.00999360448954845 0 0
 729.371755584 0.0122129680489978 0 0
 732.72301595025 0.0113297447311345 0 0
 736.07321855 0.0113270389969571 0 0
 739.42234921875 0.0126359169764767 0 0
 742.770393792 0.00975225955662495 0 0
 746.11733810525 0.0125081431627599 0 0
 749.463167994 0.0120704991903167 0 0
 752.80786929375 0.0121221831817015 0 0
 756.15142784 0.0114919892653921 0 0
 759.49382946825 0.0112934483753721 0 0
 762.835060014 0.0117083243377035 0 0
 766.17510531275 0.0122687547301778 0 0
 769.5139512 0.0125530484217639 0 0
 772.85158351125 0.0135664901877314 0 0
 776.187988082 0.0132647313531731 0 0
 779.52315074775 0.012667113540489 0 0
 782.857057344 0.0141696059095042 0 0
 786.18969370625 0.012859627267906 0 0
 789.52104567 0.0133630095428653 0 0
 792.85109907075 0.0135189363511679 0 0
 796.179839744 0.0155447057900798 0 0
 799.50725352525 0.0137078677840461 0 0
 802.83332625 0.0156560288565498 0 0
 806.15804375375 0.0148227389492088 0 0
 809.481391872 0.0193575974572395 0 0
 812.80335644025 0.0175079994198273 0 0
 816.123923294 0.014803573158854 0 0
 819.44307826875 0.017471159508162 0 0
 822.7608072 0.0191692891132742 0 0
 826.07709592325 0.0182133514706208 0 0
 829.391930274 0.0189432721966294 0 0
 832.70529608775 0.0212685607079862 0 0
 836.0171792 0.0204929982071867 0 0
 839.32756544625 0.0219053693596106 0 0
 842.636440662 0.0235583991010204 0 0
 845.94379068275 0.0236135320655148 0 0
 849.249601344 0.024698629260217 0 0
 852.55385848125 0.0254741540787706 0 0
 855.85654793 0.0272694940352006 0 0
 859.15765552575 0.0271513201380748 0 0
 862.457167104 0.0317183617389633 0 0
 865.75506850025 0.0306679776549105 0 0
 869.05134555 0.0336047975767091 0 0
 872.34598408875 0.0326786453786656 0 0
 875.638969952 0.0329579884756248 0 0
 878.93028897525 0.0377660603892513 0 0
 882.219926994 0.0364255278476163 0 0
 885.50786984375 0.0424544559421345 0 0
 888.79410336 0.0380537548038443 0 0
 892.07861337825 0.0358043865602521 0 0
 895.361385734 0.0378740507050736 0 0
 898.64240626275 0.031764207104898 0 0
 901.9216608 0.0403308391630408 0 0
 905.19913518125 0.04294544908342 0 0
 908.474815242 0.0527520501295705 0 0
 911.74868681775 0.0489857007943501 0 0
 915.020735744 0.0536867674078244 0 0
 918.29094785625 0.056686261676103 0 0
 921.55930899 0.0538467313724674 0 0
 924.82580498075 0.0501047150010564 0 0
 928.090421664 0.045328544193136 0 0
 931.35314487525 0.0539378181663182 0 0
 934.61396045 0.0667541592554533 0 0
 937.87285422375 0.060044133491531 0 0
 941.129812032 0.056872851664487 0 0
 944.38481971025 0.0690818394848864 0 0
 947.637863094 0.0667878707214978 0 0
 950.88892801875 0.0734437609817726 0 0
 954.13800032 0 0 0
 957.38506583325 0 0 0
 960.630110394 0 0 0
 963.87311983775 0 0 0
 967.11408 0 0 0
 970.35297671625 0 0 0
 973.589795822 0 0 0
 976.82452315275 0 0 0
 980.057144544 0 0 0
 983.28764583125 0 0 0
 986.51601285 0 0 0
 989.74223143575 0 0 0
 992.966287424 0 0 0
 996.18816665025 0 0 0
 999.40785495 0 0 0
 1002.62533815875 0 0 0
 1005.840602112 0 0 0
 1009.05363264525 0 0 0
 1012.264415594 0 0 0
 1015.47293679375 0 0 0
 1018.67918208 0 0 0
 1021.88313728825 0 0 0
 1025.084788254 0 0 0
 1028.28412081275 0 0 0
 1031.4811208 0 0 0
 1034.67577405125 0 0 0
 1037.868066402 0 0 0
 1041.05798368775 0 0 0
 1044.245511744 0 0 0
 1047.43063640625 0 0 0
 1050.61334351 0 0 0
 1053.79361889075 0 0 0
 1056.971448384 0 0 0
 1060.14681782525 0 0 0
 1063.31971305 0 0 0
 1066.49011989375 0 0 0
 1069.658024192 0 0 0
 1072.82341178025 0 0 0
 1075.986268494 0 0 0
 1079.14658016875 0 0 0
 1082.30433264 0 0 0
 1085.45951174325 0 0 0
 1088.612103314 0 0 0
 1091.76209318775 0 0 0
 1094.9094672 0 0 0
 1098.05421118625 0 0 0
 1101.196310982 0 0 0
 1104.33575242275 0 0 0
 1107.472521344 0 0 0
 1110.60660358125 0 0 0
 1113.73798497 0 0 0
 1116.86665134575 0 0 0
 1119.992588544 0 0 0
 1123.11578240025 0 0 0
 1126.23621875 0 0 0
 1129.35388342875 0 0 0
 1132.468762272 0 0 0
 1135.58084111525 0 0 0
 1138.690105794 0 0 0
 1141.79654214375 0 0 0
 1144.900136 0 0 0
[END] of [DATA]
[END] of [Spectrum]


#TBID:2021-11-21 01:00:00;SAM_84DC;RAW;

[Spectrum]
Version            = 1
IDData             = 96B1_2021-11-21_01-00-00_000_212
IDDevice           = SAM_84DC
IDDataType         = SPECTRUM
IDDataTypeSub1     = RAW
IDDataTypeSub2     = 
IDDataTypeSub3     = 
DateTime           = 2021-11-21 01:00:00
PositionLatitude   = 0
PositionLongitude  = 0
Comment            = 
CommentSub1        = 
CommentSub2        = 
CommentSub3        = 
IDMethodType       = SAM Control
MethodName         = SAM_84DC
Mission            = No Mission
MissionSub         = 1
RecordType         = 0
[Attributes]
CalFactor = 1
IDBasisSpec = 
IDDataBack = DLAB_2015-08-21_13-19-54_137_939
IDDataCal = DLAB_2015-08-24_10-46-55_592_608
IntegrationTime = 4096
P31 = -1
P31e = 0
PathLength = +INF
PathLengthCustomOn = 0
RAWDynamic = 65535
Salinity = 0
Temperature = -NAN
Unit1 = $05 $00 Pixel 
Unit2 = $03 $05 Intensity counts
Unit3 = $f0 $05 Error counts
Unit4 = $f1 $00 Status 
p999 = 420
[END] of [Attributes]
[DATA]
 0 11 0 0
 1 1259 0 0
 2 1249 0 0
 3 1257 0 0
 4 1266 0 0
 5 1258 0 0
 6 1252 0 0
 7 1258 0 0
 8 1254 0 0
 9 1261 0 0
 10 1257 0 0
 11 1255 0 0
 12 1252 0 0
 13 1259 0 0
 14 1250 0 0
 15 1251 0 0
 16 1252 0 0
 17 1253 0 0
 18 1252 0 0
 19 1249 0 0
 20 1252 0 0
 21 1246 0 0
 22 1250 0 0
 23 1241 0 0
 24 1248 0 0
 25 1245 0 0
 26 1244 0 0
 27 1247 0 0
 28 1244 0 0
 29 1243 0 0
 30 1240 0 0
 31 1241 0 0
 32 1241 0 0
 33 1237 0 0
 34 1233 0 0
 35 1235 0 0
 36 1245 0 0
 37 1239 0 0
 38 1236 0 0
 39 1234 0 0
 40 1237 0 0
 41 1235 0 0
 42 1233 0 0
 43 1233 0 0
 44 1234 0 0
 45 1230 0 0
 46 1237 0 0
 47 1235 0 0
 48 1230 0 0
 49 1228 0 0
 50 1220 0 0
 51 1225 0 0
 52 1221 0 0
 53 1220 0 0
 54 1218 0 0
 55 1218 0 0
 56 1213 0 0
 57 1216 0 0
 58 1218 0 0
 59 1217 0 0
 60 1214 0 0
 61 1217 0 0
 62 1207 0 0
 63 1206 0 0
 64 1210 0 0
 65 1208 0 0
 66 1204 0 0
 67 1206 0 0
 68 1208 0 0
 69 1207 0 0
 70 1205 0 0
 71 1209 0 0
 72 1197 0 0
 73 1200 0 0
 74 1195 0 0
 75 1196 0 0
 76 1200 0 0
 77 1202 0 0
 78 1192 0 0
 79 1198 0 0
 80 1194 0 0
 81 1200 0 0
 82 1188 0 0
 83 1194 0 0
 84 1192 0 0
 85 1191 0 0
 86 1192 0 0
 87 1186 0 0
 88 1182 0 0
 89 1187 0 0
 90 1180 0 0
 91 1177 0 0
 92 1177 0 0
 93 1183 0 0
 94 1179 0 0
 95 1176 0 0
 96 1174 0 0
 97 1182 0 0
 98 1177 0 0
 99 1172 0 0
 100 1175 0 0
 101 1175 0 0
 102 1174 0 0
 103 1173 0 0
 104 1170 0 0
 105 1171 0 0
 106 1167 0 0
 107 1172 0 0
 108 1165 0 0
 109 1167 0 0
 110 1168 0 0
 111 1166 0 0
 112 1167 0 0
 113 1162 0 0
 114 1160 0 0
 115 1164 0 0
 116 1160 0 0
 117 1162 0 0
 118 1159 0 0
 119 1157 0 0
 120 1154 0 0
 121 1157 0 0
 122 1152 0 0
 123 1155 0 0
 124 1149 0 0
 125 1148 0 0
 126 1155 0 0
 127 1150 0 0
 128 1146 0 0
 129 1146 0 0
 130 1147 0 0
 131 1148 0 0
 132 1141 0 0
 133 1145 0 0
 134 1143 0 0
 135 1144 0 0
 136 1137 0 0
 137 1142 0 0
 138 1135 0 0
 139 1139 0 0
 140 1136 0 0
 141 1135 0 0
 142 1132 0 0
 143 1139 0 0
 144 1133 0 0
 145 1132 0 0
 146 1129 0 0
 147 1131 0 0
 148 1133 0 0
 149 1127 0 0
 150 1125 0 0
 151 1127 0 0
 152 1128 0 0
 153 1130 0 0
 154 1129 0 0
 155 1125 0 0
 156 1127 0 0
 157 1124 0 0
 158 1125 0 0
 159 1130 0 0
 160 1126 0 0
 161 1123 0 0
 162 1117 0 0
 163 1118 0 0
 164 1120 0 0
 165 1114 0 0
 166 1117 0 0
 167 1120 0 0
 168 1114 0 0
 169 1115 0 0
 170 1118 0 0
 171 1116 0 0
 172 1106 0 0
 173 1116 0 0
 174 1112 0 0
 175 1109 0 0
 176 1113 0 0
 177 1114 0 0
 178 1113 0 0
 179 1109 0 0
 180 1109 0 0
 181 1108 0 0
 182 1106 0 0
 183 1110 0 0
 184 1105 0 0
 185 1108 0 0
 186 1110 0 0
 187 1110 0 0
 188 1105 0 0
 189 1107 0 0
 190 1107 0 0
 191 1102 0 0
 192 1106 0 0
 193 1103 0 0
 194 1104 0 0
 195 1101 0 0
 196 1105 0 0
 197 1104 0 0
 198 1098 0 0
 199 1107 0 0
 200 1098 0 0
 201 1104 0 0
 202 1100 0 0
 203 1104 0 0
 204 1101 0 0
 205 1103 0 0
 206 1099 0 0
 207 1098 0 0
 208 1094 0 0
 209 1096 0 0
 210 1090 0 0
 211 1097 0 0
 212 1093 0 0
 213 1097 0 0
 214 1100 0 0
 215 1097 0 0
 216 1095 0 0
 217 1097 0 0
 218 1093 0 0
 219 1094 0 0
 220 1091 0 0
 221 1095 0 0
 222 1093 0 0
 223 1098 0 0
 224 1091 0 0
 225 1095 0 0
 226 1092 0 0
 227 1091 0 0
 228 1094 0 0
 229 1088 0 0
 230 1088 0 0
 231 1093 0 0
 232 1092 0 0
 233 1090 0 0
 234 1088 0 0
 235 1090 0 0
 236 1083 0 0
 237 1087 0 0
 238 1084 0 0
 239 1081 0 0
 240 1084 0 0
 241 1090 0 0
 242 1084 0 0
 243 1089 0 0
 244 1085 0 0
 245 1086 0 0
 246 1083 0 0
 247 1089 0 0
 248 1088 0 0
 249 1081 0 0
 250 1076 0 0
 251 1091 0 0
 252 1086 0 0
 253 1081 0 0
 254 1088 0 0
 255 1143 0 0
[END] of [DATA]
[END] of [Spectrum]


#TBID:2021-11-21 01:00:00;SAM_84DC;CALIBRATED;

[Spectrum]
Version            = 1
IDData             = 96B1_2021-11-21_01-00-00_000_213
IDDevice           = SAM_84DC
IDDataType         = SPECTRUM
IDDataTypeSub1     = CALIBRATED
IDDataTypeSub2     = 
IDDataTypeSub3     = 
DateTime           = 2021-11-21 01:00:00
PositionLatitude   = 0
PositionLongitude  = 0
Comment            = 
CommentSub1        = 
CommentSub2        = 
CommentSub3        = 
IDMethodType       = SAM Control
MethodName         = SAM_84DC
Mission            = No Mission
MissionSub         = 1
RecordType         = 0
[Attributes]
CalFactor = 1
IDBasisSpec = 
IDDataBack = DLAB_2015-08-21_13-19-54_137_939
IDDataCal = DLAB_2015-08-24_10-46-55_592_608
IntegrationTime = 4096
P31 = -1
P31e = 0
PathLength = +INF
PathLengthCustomOn = 0
RAWDynamic = 65535
Salinity = 0
Temperature = -NAN
Unit1 = $01 $01 Wavelength nm
Unit2 = $03 $03 Intensity mW/(m^2 nm Sr)
Unit3 = $f0 $03 Error mW/(m^2 nm Sr)
Unit4 = $f1 $00 Status 
p999 = 420
[END] of [Attributes]
[DATA]
 0 11 0 0
 305.71650776488 0 0 0
 309.04007505697 0 0 0
 312.36416914304 0 0 0
 315.68877841375 0 0 0
 319.01389125976 0.00773032703793571 0 0
 322.33949607173 0.00719403870927682 0 0
 325.66558124032 0.00659259692156744 0 0
 328.99213515619 0.00608928354087125 0 0
 332.31914621 0.00581632220098941 0 0
 335.64660279241 0.00537809523132737 0 0
 338.97449329408 0.0048290025796434 0 0
 342.30280610567 0.00446577772616952 0 0
 345.63152961784 0.0042412709581097 0 0
 348.96065222125 0.00347610507026751 0 0
 352.29016230656 0.00349227157576133 0 0
 355.62004826443 0.0031398621800019 0 0
 358.95029848552 0.00294991897376709 0 0
 362.28090136049 0.00305670757362715 0 0
 365.61184528 0.00300895477114207 0 0
 368.94311863471 0.00319968498197762 0 0
 372.27470981528 0.00326620020675904 0 0
 375.60660721237 0.00328387240375125 0 0
 378.93879921664 0.00318644482254503 0 0
 382.27127421875 0.00338832866005112 0 0
 385.60402060936 0.0034674112835196 0 0
 388.93702677913 0.00327705925688054 0 0
 392.27028111872 0.00325720605494673 0 0
 395.60377201879 0.00322472465520699 0 0
 398.93748787 0.00308435515672219 0 0
 402.27141706301 0.00290866038704898 0 0
 405.60554798848 0.00261395118090671 0 0
 408.93986903707 0.00249358058693587 0 0
 412.27436859944 0.00234746260875864 0 0
 415.60903506625 0.00206706348134198 0 0
 418.94385682816 0.00204180778914578 0 0
 422.27882227583 0.00191874166467303 0 0
 425.61391979992 0.00178211936337553 0 0
 428.94913779109 0.00171307699953399 0 0
 432.28446464 0.00168276159701647 0 0
 435.61988873731 0.00155361204907799 0 0
 438.95539847368 0.00159038791891257 0 0
 442.29098223977 0.00158666875163842 0 0
 445.62662842624 0.00158081180513715 0 0
 448.96232542375 0.00160003206774691 0 0
 452.29806162296 0.00161145720348526 0 0
 455.63382541453 0.00168694740793254 0 0
 458.96960518912 0.00169058304177761 0 0
 462.30538933739 0.00177390502532546 0 0
 465.64116625 0.00177879260246341 0 0
 468.97692431761 0.00173072234498916 0 0
 472.31265193088 0.00178266381544785 0 0
 475.64833748047 0.00173390886783759 0 0
 478.98396935704 0.00176709624039135 0 0
 482.31953595125 0.00175523742350915 0 0
 485.65502565376 0.0017177313602347 0 0
 488.99042685523 0.00169448445519203 0 0
 492.32572794632 0.00168930092524072 0 0
 495.66091731769 0.00172207502780129 0 0
 498.99598336 0.00161674134879466 0 0
 502.33091446391 0.00164815476162847 0 0
 505.66569902008 0.0016259790534341 0 0
 509.00032541917 0.00156262900515066 0 0
 512.33478205184 0.00147350308331681 0 0
 515.66905730875 0.00146862968084691 0 0
 519.00313958056 0.00144659916624944 0 0
 522.33701725793 0.00145042102724691 0 0
 525.67067873152 0.00130963317943879 0 0
 529.00411239199 0.00128306750770084 0 0
 532.33730663 0.00129834718384682 0 0
 535.67024983621 0.00121005559451826 0 0
 539.00293040128 0.00120748160747446 0 0
 542.33533671587 0.00115784759158222 0 0
 545.66745717064 0.00114494472585699 0 0
 548.99928015625 0.00108685037317425 0 0
 552.33079406336 0.00118826287504581 0 0
 555.66198728263 0.0011836958277952 0 0
 558.99284820472 0.00123219970180112 0 0
 562.32336522029 0.0012213893708116 0 0
 565.65352672 0.00119896072307512 0 0
 568.98332109451 0.00125265230728597 0 0
 572.31273673448 0.00126520855537169 0 0
 575.64176203057 0.00123957501890199 0 0
 578.97038537344 0.00129761389182024 0 0
 582.29859515375 0.0013944884782607 0 0
 585.62637976216 0.00123778381643283 0 0
 588.95372758933 0.00135167589457092 0 0
 592.28062702592 0.00128978795935117 0 0
 595.60706646259 0.00132808485454261 0 0
 598.93303429 0.00133155138700284 0 0
 602.25851889881 0.00140095859480391 0 0
 605.58350867968 0.00129001672170412 0 0
 608.90799202327 0.00131314111684676 0 0
 612.23195732024 0.00143341827777046 0 0
 615.55539296125 0.00133614396525394 0 0
 618.87828733696 0.00131694728491518 0 0
 622.20062883803 0.00138724074821737 0 0
 625.52240585512 0.00140247454732461 0 0
 628.84360677889 0.00147972047193832 0 0
 632.16422 0.0013916564626654 0 0
 635.48423390911 0.00145700179116661 0 0
 638.80363689688 0.00157068172598801 0 0
 642.12241735397 0.00153103979196761 0 0
 645.44056367104 0.00157921698495033 0 0
 648.75806423875 0.00155546022393446 0 0
 652.07490744776 0.00153247180386353 0 0
 655.39108168873 0.00150323414972161 0 0
 658.70657535232 0.00147751324904896 0 0
 662.02137682919 0.00148230625761601 0 0
 665.33547451 0.00151193765581831 0 0
 668.64885678541 0.00160101058625151 0 0
 671.96151204608 0.00150482989167271 0 0
 675.27342868267 0.00154469633020253 0 0
 678.58459508584 0.00157837060109956 0 0
 681.89499964625 0.00140554640821586 0 0
 685.20463075456 0.00145284287017604 0 0
 688.51347680143 0.00150535208729009 0 0
 691.82152617752 0.00156787740526952 0 0
 695.12876727349 0.00157104012358016 0 0
 698.43518848 0.00149181044279976 0 0
 701.74077818771 0.00161454041893153 0 0
 705.04552478728 0.00135509465557456 0 0
 708.34941666937 0.00147256222867874 0 0
 711.65244222464 0.00141145934929467 0 0
 714.95458984375 0.0012915505657329 0 0
 718.25584791736 0.00140434044117138 0 0
 721.55620483613 0.00142729526346934 0 0
 724.85564899072 0.0013498765179792 0 0
 728.15416877179 0.00133828732762372 0 0
 731.45175257 0.00135902073593306 0 0
 734.74838877601 0.00123653316771479 0 0
 738.04406578048 0.00141595543311197 0 0
 741.33877197407 0.00120087787387846 0 0
 744.63249574744 0.00134497330787901 0 0
 747.92522549125 0.00136050177134332 0 0
 751.21694959616 0.00132114651225951 0 0
 754.50765645283 0.00134565325418267 0 0
 757.79733445192 0.00133801202769448 0 0
 761.08597198409 0.00131085265093384 0 0
 764.37355744 0.00134675505836708 0 0
 767.66007921031 0.00136007010904868 0 0
 770.94552568568 0.00119263057776855 0 0
 774.22988525677 0.00131115378160103 0 0
 777.51314631424 0.00139380021670355 0 0
 780.79529724875 0.00132186049139374 0 0
 784.07632645096 0.00144933594284359 0 0
 787.35622231153 0.00135667739844952 0 0
 790.63497322112 0.00142275240372328 0 0
 793.91256757039 0.00141286708754716 0 0
 797.18899375 0.00133247388459503 0 0
 800.46424015061 0.00146816897470894 0 0
 803.73829516288 0.00140113798623574 0 0
 807.01114717747 0.00155117853782899 0 0
 810.28278458504 0.00154308331733003 0 0
 813.55319577625 0.00164476573548232 0 0
 816.82236914176 0.00160896739556433 0 0
 820.09029307223 0.00192900071326118 0 0
 823.35695595832 0.00153124911129417 0 0
 826.62234619069 0.00185805524194067 0 0
 829.88645216 0.00201009531319498 0 0
 833.14926225691 0.00193278032025643 0 0
 836.41076487208 0.00216492792251975 0 0
 839.67094839617 0.00213712690084075 0 0
 842.92980121984 0.00206330706072153 0 0
 846.18731173375 0.00216987068412385 0 0
 849.44346832856 0.00179205508246223 0 0
 852.69825939493 0.00174121728413787 0 0
 855.95167332352 0.00217722777399711 0 0
 859.20369850499 0.00200466476095455 0 0
 862.45432333 0.00213748354811196 0 0
 865.70353618921 0.00251081555718633 0 0
 868.95132547328 0.00208268778570403 0 0
 872.19767957287 0.00241965338102458 0 0
 875.44258687864 0.00244498412725341 0 0
 878.68603578125 0.00240553677628881 0 0
 881.92801467136 0.00249873632266779 0 0
 885.16851193963 0.00262835405940727 0 0
 888.40751597672 0.00316493839387855 0 0
 891.64501517329 0.00287897350547466 0 0
 894.88099792 0.00316185967272909 0 0
 898.11545260751 0.00313605147258965 0 0
 901.34836762648 0.00319843732761324 0 0
 904.57973136757 0.00271834898140531 0 0
 907.80953222144 0.0032129069904601 0 0
 911.03775857875 0.00292380258008969 0 0
 914.26439883016 0.00328505443410672 0 0
 917.48944136633 0.00350110887220144 0 0
 920.71287457792 0.00366619620265822 0 0
 923.93468685559 0.00395479954290288 0 0
 927.15486659 0.00455564370196958 0 0
 930.37340217181 0.00446029127172457 0 0
 933.59028199168 0.00342162786270935 0 0
 936.80549444027 0.00271201605702588 0 0
 940.01902790824 0.00346588881437947 0 0
 943.23087078625 0.00441439680720341 0 0
 946.44101146496 0.00480846702407657 0 0
 949.64943833503 0.00381572815510625 0 0
 952.85613978712 0.00465315871315432 0 0
 956.06110421189 0 0 0
 959.26432 0 0 0
 962.46577554211 0 0 0
 965.66545922888 0 0 0
 968.86335945097 0 0 0
 972.05946459904 0 0 0
 975.25376306375 0 0 0
 978.44624323576 0 0 0
 981.63689350573 0 0 0
 984.82570226432 0 0 0
 988.01265790219 0 0 0
 991.19774881 0 0 0
 994.38096337841 0 0 0
 997.56228999808 0 0 0
 1000.74171705967 0 0 0
 1003.91923295384 0 0 0
 1007.09482607125 0 0 0
 1010.26848480256 0 0 0
 1013.44019753843 0 0 0
 1016.60995266952 0 0 0
 1019.77773858649 0 0 0
 1022.94354368 0 0 0
 1026.10735634071 0 0 0
 1029.26916495928 0 0 0
 1032.42895792637 0 0 0
 1035.58672363264 0 0 0
 1038.74245046875 0 0 0
 1041.89612682536 0 0 0
 1045.04774109313 0 0 0
 1048.19728166272 0 0 0
 1051.34473692479 0 0 0
 1054.49009527 0 0 0
 1057.63334508901 0 0 0
 1060.77447477248 0 0 0
 1063.91347271107 0 0 0
 1067.05032729544 0 0 0
 1070.18502691625 0 0 0
 1073.31755996416 0 0 0
 1076.44791482983 0 0 0
 1079.57607990392 0 0 0
 1082.70204357709 0 0 0
 1085.82579424 0 0 0
 1088.94732028331 0 0 0
 1092.06661009768 0 0 0
 1095.18365207377 0 0 0
 1098.29843460224 0 0 0
 1101.41094607375 0 0 0
 1104.52117487896 0 0 0
 1107.62910940853 0 0 0
 1110.73473805312 0 0 0
 1113.83804920339 0 0 0
 1116.93903125 0 0 0
 1120.03767258361 0 0 0
 1123.13396159488 0 0 0
 1126.22788667447 0 0 0
 1129.31943621304 0 0 0
 1132.40859860125 0 0 0
 1135.49536222976 0 0 0
[END] of [DATA]
[END] of [Spectrum]


#TBID:2021-11-21 01:00:00;SAM_84C8;RAW;

[Spectrum]
Version            = 1
IDData             = 96B1_2021-11-21_01-00-00_000_215
IDDevice           = SAM_84C8
IDDataType         = SPECTRUM
IDDataTypeSub1     = RAW
IDDataTypeSub2     = 
IDDataTypeSub3     = 
DateTime           = 2021-11-21 01:00:00
PositionLatitude   = 0
PositionLongitude  = 0
Comment            = 
CommentSub1        = 
CommentSub2        = 
CommentSub3        = 
IDMethodType       = SAM Control
MethodName         = SAM_84C8
Mission            = No Mission
MissionSub         = 1
RecordType         = 0
[Attributes]
CalFactor = 1
IDBasisSpec = 
IDDataBack = DLAB_2015-08-21_12-14-03_013_778
IDDataCal = DLAB_2015-08-24_11-04-47_772_747
IntegrationTime = 4096
P31 = -1
P31e = 0
PathLength = +INF
PathLengthCustomOn = 0
RAWDynamic = 65535
Salinity = 0
Temperature = -NAN
Unit1 = $05 $00 Pixel 
Unit2 = $03 $05 Intensity counts
Unit3 = $f0 $05 Error counts
Unit4 = $f1 $00 Status 
p999 = 420
[END] of [Attributes]
[DATA]
 0 11 0 0
 1 1197 0 0
 2 1185 0 0
 3 1185 0 0
 4 1197 0 0
 5 1188 0 0
 6 1196 0 0
 7 1196 0 0
 8 1200 0 0
 9 1199 0 0
 10 1197 0 0
 11 1197 0 0
 12 1194 0 0
 13 1200 0 0
 14 1194 0 0
 15 1194 0 0
 16 1201 0 0
 17 1198 0 0
 18 1205 0 0
 19 1202 0 0
 20 1202 0 0
 21 1203 0 0
 22 1206 0 0
 23 1206 0 0
 24 1204 0 0
 25 1197 0 0
 26 1204 0 0
 27 1202 0 0
 28 1205 0 0
 29 1207 0 0
 30 1205 0 0
 31 1203 0 0
 32 1206 0 0
 33 1208 0 0
 34 1205 0 0
 35 1202 0 0
 36 1210 0 0
 37 1218 0 0
 38 1208 0 0
 39 1202 0 0
 40 1214 0 0
 41 1208 0 0
 42 1206 0 0
 43 1211 0 0
 44 1203 0 0
 45 1208 0 0
 46 1207 0 0
 47 1215 0 0
 48 1208 0 0
 49 1216 0 0
 50 1212 0 0
 51 1212 0 0
 52 1214 0 0
 53 1211 0 0
 54 1210 0 0
 55 1211 0 0
 56 1216 0 0
 57 1218 0 0
 58 1211 0 0
 59 1215 0 0
 60 1216 0 0
 61 1219 0 0
 62 1224 0 0
 63 1216 0 0
 64 1211 0 0
 65 1216 0 0
 66 1219 0 0
 67 1221 0 0
 68 1220 0 0
 69 1216 0 0
 70 1221 0 0
 71 1221 0 0
 72 1224 0 0
 73 1221 0 0
 74 1222 0 0
 75 1227 0 0
 76 1219 0 0
 77 1225 0 0
 78 1226 0 0
 79 1226 0 0
 80 1226 0 0
 81 1224 0 0
 82 1225 0 0
 83 1228 0 0
 84 1225 0 0
 85 1225 0 0
 86 1222 0 0
 87 1222 0 0
 88 1221 0 0
 89 1227 0 0
 90 1225 0 0
 91 1224 0 0
 92 1227 0 0
 93 1222 0 0
 94 1224 0 0
 95 1222 0 0
 96 1221 0 0
 97 1226 0 0
 98 1224 0 0
 99 1221 0 0
 100 1224 0 0
 101 1225 0 0
 102 1221 0 0
 103 1218 0 0
 104 1224 0 0
 105 1227 0 0
 106 1221 0 0
 107 1218 0 0
 108 1222 0 0
 109 1217 0 0
 110 1228 0 0
 111 1225 0 0
 112 1217 0 0
 113 1219 0 0
 114 1218 0 0
 115 1221 0 0
 116 1225 0 0
 117 1223 0 0
 118 1220 0 0
 119 1224 0 0
 120 1218 0 0
 121 1223 0 0
 122 1216 0 0
 123 1217 0 0
 124 1219 0 0
 125 1218 0 0
 126 1221 0 0
 127 1221 0 0
 128 1219 0 0
 129 1220 0 0
 130 1219 0 0
 131 1228 0 0
 132 1222 0 0
 133 1244 0 0
 134 1222 0 0
 135 1222 0 0
 136 1222 0 0
 137 1222 0 0
 138 1219 0 0
 139 1223 0 0
 140 1224 0 0
 141 1217 0 0
 142 1222 0 0
 143 1220 0 0
 144 1220 0 0
 145 1226 0 0
 146 1219 0 0
 147 1221 0 0
 148 1222 0 0
 149 1219 0 0
 150 1223 0 0
 151 1221 0 0
 152 1224 0 0
 153 1220 0 0
 154 1218 0 0
 155 1214 0 0
 156 1222 0 0
 157 1226 0 0
 158 1221 0 0
 159 1219 0 0
 160 1226 0 0
 161 1218 0 0
 162 1220 0 0
 163 1220 0 0
 164 1218 0 0
 165 1219 0 0
 166 1221 0 0
 167 1223 0 0
 168 1222 0 0
 169 1226 0 0
 170 1222 0 0
 171 1220 0 0
 172 1215 0 0
 173 1213 0 0
 174 1220 0 0
 175 1219 0 0
 176 1216 0 0
 177 1215 0 0
 178 1217 0 0
 179 1219 0 0
 180 1217 0 0
 181 1214 0 0
 182 1218 0 0
 183 1219 0 0
 184 1216 0 0
 185 1215 0 0
 186 1215 0 0
 187 1222 0 0
 188 1218 0 0
 189 1216 0 0
 190 1211 0 0
 191 1218 0 0
 192 1215 0 0
 193 1215 0 0
 194 1221 0 0
 195 1221 0 0
 196 1214 0 0
 197 1220 0 0
 198 1216 0 0
 199 1220 0 0
 200 1216 0 0
 201 1217 0 0
 202 1220 0 0
 203 1216 0 0
 204 1219 0 0
 205 1216 0 0
 206 1214 0 0
 207 1212 0 0
 208 1215 0 0
 209 1217 0 0
 210 1207 0 0
 211 1214 0 0
 212 1214 0 0
 213 1220 0 0
 214 1218 0 0
 215 1220 0 0
 216 1217 0 0
 217 1219 0 0
 218 1216 0 0
 219 1220 0 0
 220 1220 0 0
 221 1213 0 0
 222 1217 0 0
 223 1215 0 0
 224 1214 0 0
 225 1215 0 0
 226 1217 0 0
 227 1212 0 0
 228 1216 0 0
 229 1215 0 0
 230 1212 0 0
 231 1216 0 0
 232 1216 0 0
 233 1209 0 0
 234 1214 0 0
 235 1213 0 0
 236 1220 0 0
 237 1211 0 0
 238 1215 0 0
 239 1210 0 0
 240 1211 0 0
 241 1219 0 0
 242 1212 0 0
 243 1212 0 0
 244 1213 0 0
 245 1218 0 0
 246 1211 0 0
 247 1216 0 0
 248 1217 0 0
 249 1210 0 0
 250 1212 0 0
 251 1212 0 0
 252 1210 0 0
 253 1209 0 0
 254 1213 0 0
 255 1258 0 0
[END] of [DATA]
[END] of [Spectrum]


#TBID:2021-11-21 01:00:00;SAM_84C8;CALIBRATED;

[Spectrum]
Version            = 1
IDData             = 96B1_2021-11-21_01-00-00_000_216
IDDevice           = SAM_84C8
IDDataType         = SPECTRUM
IDDataTypeSub1     = CALIBRATED
IDDataTypeSub2     = 
IDDataTypeSub3     = 
DateTime           = 2021-11-21 01:00:00
PositionLatitude   = 0
PositionLongitude  = 0
Comment            = 
CommentSub1        = 
CommentSub2        = 
CommentSub3        = 
IDMethodType       = SAM Control
MethodName         = SAM_84C8
Mission            = No Mission
MissionSub         = 1
RecordType         = 0
[Attributes]
CalFactor = 1
IDBasisSpec = 
IDDataBack = DLAB_2015-08-21_12-14-03_013_778
IDDataCal = DLAB_2015-08-24_11-04-47_772_747
IntegrationTime = 4096
P31 = -1
P31e = 0
PathLength = +INF
PathLengthCustomOn = 0
RAWDynamic = 65535
Salinity = 0
Temperature = -NAN
Unit1 = $01 $01 Wavelength nm
Unit2 = $03 $03 Intensity mW/(m^2 nm Sr)
Unit3 = $f0 $03 Error mW/(m^2 nm Sr)
Unit4 = $f1 $00 Status 
p999 = 420
[END] of [Attributes]
[DATA]
 0 11 0 0
 303.516048156 0 0 0
 306.890006053 0 0 0
 310.26457112 0 0 0
 313.639731825 0 0 0
 317.015476636 -0.000825700330807854 0 0
 320.391794021 -0.000520079894186528 0 0
 323.768672448 -0.00031904485408864 0 0
 327.146100385 -8.3352077477876e-005 0 0
 330.5240663 -0.000165027086009394 0 0
 333.902558661 -1.64015683088499e-005 0 0
 337.281565936 -0.000301709334169484 0 0
 340.661076593 -0.000474892707571424 0 0
 344.0410791 -5.59029737540549e-005 0 0
 347.421561925 -0.000206922735386972 0 0
 350.802513536 -0.000259095265223256 0 0
 354.183922401 -9.76702314946029e-005 0 0
 357.565776988 -0.000197706179811056 0 0
 360.948065765 -2.65286233713266e-005 0 0
 364.3307772 -9.12658642797521e-005 0 0
 367.713899761 -2.58508115437658e-005 0 0
 371.097421916 -5.69783012047969e-005 0 0
 374.481332133 -3.41361656865775e-005 0 0
 377.86561888 -4.49370805043132e-005 0 0
 381.250270625 -0.000121308654436914 0 0
 384.635275836 -0.000198035473752955 0 0
 388.020622981 9.66249951950625e-005 0 0
 391.406300528 -4.57859656347031e-005 0 0
 394.792296945 -6.27026872386642e-005 0 0
 398.1786007 2.49165069864492e-005 0 0
 401.565200261 -8.52665020776465e-005 0 0
 404.952084096 -6.39683234997069e-005 0 0
 408.339240673 -7.96161791771295e-006 0 0
 411.72665846 9.71647280673791e-005 0 0
 415.114325925 3.50643621758682e-005 0 0
 418.502231536 1.32047048941491e-005 0 0
 421.890363761 4.64090992984991e-005 0 0
 425.278711068 2.04618477034549e-006 0 0
 428.667261925 5.4964845020083e-006 0 0
 432.0560048 2.04235890745786e-005 0 0
 435.444928161 0.000125890841414975 0 0
 438.834020476 1.40564108382261e-005 0 0
 442.223270213 2.82381457180884e-005 0 0
 445.61266584 4.31268976064096e-005 0 0
 449.002195825 1.25359709712803e-005 0 0
 452.391848636 -3.28398746403699e-005 0 0
 455.781612741 1.45109800401705e-006 0 0
 459.171476608 0.000120233375634207 0 0
 462.561428705 -6.32912419620926e-006 0 0
 465.9514575 4.81474952431025e-005 0 0
 469.341551461 0.000113383106477724 0 0
 472.731699056 3.5796489505754e-005 0 0
 476.121888753 7.07616875490049e-005 0 0
 479.51210902 6.55434554370702e-005 0 0
 482.902348325 0.000194020042815743 0 0
 486.292595136 5.74937862328643e-005 0 0
 489.682837921 0.000103332069184709 0 0
 493.073065148 7.75040468327789e-005 0 0
 496.463265285 7.405513714169e-005 0 0
 499.8534268 0.000206770877922588 0 0
 503.243538161 0.000179733205727026 0 0
 506.633587836 0.000174647604695781 0 0
 510.023564293 7.71491251401656e-005 0 0
 513.413456 6.79276232686695e-005 0 0
 516.803251425 0.000138338940173746 0 0
 520.192939036 0.000152098489234464 0 0
 523.582507301 0.00010746990954262 0 0
 526.971944688 0.000159411218779304 0 0
 530.361239665 9.08778683989829e-005 0 0
 533.7503807 0.000121509693078529 0 0
 537.139356261 9.7256652134773e-005 0 0
 540.528154816 0.000139681788278968 0 0
 543.916764833 0.000109221960782493 0 0
 547.30517478 0.000146918433763081 0 0
 550.693373125 0.000170538216056062 0 0
 554.081348336 0.000199820140585623 0 0
 557.469088881 0.000114396725743253 0 0
 560.856583228 0.000183171992483934 0 0
 564.243819845 0.00019749338911793 0 0
 567.6307872 0.00019047897964858 0 0
 571.017473761 0.000199301102447898 0 0
 574.403867996 0.000210247417428839 0 0
 577.789958373 0.00013081019788231 0 0
 581.17573336 0.000207361836382354 0 0
 584.561181425 0.000151619050617198 0 0
 587.946291036 0.000245900796165378 0 0
 591.331050661 0.000194620380770801 0 0
 594.715448768 0.000139811008413903 0 0
 598.099473825 0.000182349108596038 0 0
 601.4831143 0.000300218190513168 0 0
 604.866358661 0.000139602890627794 0 0
 608.249195376 0.000179687204514656 0 0
 611.631612913 0.000235851396097311 0 0
 615.01359974 0.000252067608392319 0 0
 618.395144325 0.000125706459267149 0 0
 621.776235136 0.000197003137440138 0 0
 625.156860641 8.87441298126904e-005 0 0
 628.537009308 0.000264334199583736 0 0
 631.916669605 0.00025768622814935 0 0
 635.29583 0.000240881204448197 0 0
 638.674478961 0.00012253324843291 0 0
 642.052604956 7.30888042407081e-005 0 0
 645.430196453 0.000130237064027212 0 0
 648.80724192 0.000169029149264408 0 0
 652.183729825 0.000281159889719826 0 0
 655.559648636 0.000191274866712665 0 0
 658.934986821 0.000261915182565003 0 0
 662.309732848 0.000153169013587882 0 0
 665.683875185 0.000342969859935168 0 0
 669.0574023 0.000195026501712462 0 0
 672.430302661 0.000214918709545168 0 0
 675.802564736 6.93366907560605e-006 0 0
 679.174176993 7.87040027405598e-005 0 0
 682.5451279 0.000124690420120214 0 0
 685.915405925 0.000133396966656908 0 0
 689.284999536 6.44717599333633e-005 0 0
 692.653897201 9.6177125287425e-005 0 0
 696.022087388 0.000292317707708138 0 0
 699.389558565 0.000247944038994308 0 0
 702.7562992 0.000146651155287944 0 0
 706.122297761 0.000274621224094942 0 0
 709.487542716 0.000250501239513576 0 0
 712.852022533 0.000228801282768288 0 0
 716.21572568 0.000193985633116408 0 0
 719.578640625 0.000268797209641103 0 0
 722.940755836 0.000135838393584613 0 0
 726.302059781 0.000207892500645311 0 0
 729.662540928 -7.41932967593053e-006 0 0
 733.022187745 0.000236189877294303 0 0
 736.3809887 0.000137621870895623 0 0
 739.738932261 0.000274385081031389 0 0
 743.096006896 0.00032023549911214 0 0
 746.452201073 0.000208345787146526 0 0
 749.80750326 -0.000720738641369401 0 0
 753.161901925 0.00013871450508588 0 0
 756.515385536 0.000273499940167247 0 0
 759.867942561 0.000264314986683077 0 0
 763.219561468 0.000186003950177645 0 0
 766.570230725 0.000261241383309661 0 0
 769.9199388 0.000123731071729604 0 0
 773.268674161 0.000312051223674548 0 0
 776.616425276 0.000209466025458903 0 0
 779.963180613 0.000194664342200881 0 0
 783.30892864 0.000230811547578969 0 0
 786.653657825 1.29274405092746e-005 0 0
 789.997356636 0.000324788093041806 0 0
 793.340013541 0.000110212675331841 0 0
 796.681617008 0.000383323154909538 0 0
 800.022155505 0.000228849115006523 0 0
 803.3616175 0.000316999467582213 0 0
 806.699991461 0.000416969739282046 0 0
 810.037265856 0.000297753344875892 0 0
 813.373429153 0.000264700240139536 0 0
 816.70846982 0.000351610665000169 0 0
 820.042376325 0.000389016370888118 0 0
 823.375137136 0.000323123051307794 0 0
 826.706740721 0.000387166103563861 0 0
 830.037175548 0.000496544732223425 0 0
 833.366430085 0.000351784602381261 0 0
 836.6944928 0.000454796644024648 0 0
 840.021352161 0.000560706993701264 0 0
 843.346996636 0.000374465613494957 0 0
 846.671414693 0.000328430866125205 0 0
 849.9945948 0.000479313372620897 0 0
 853.316525425 0.000760958720275068 0 0
 856.637195036 0.000178191969186453 0 0
 859.956592101 0.000503377314850609 0 0
 863.274705088 0.000409408187302575 0 0
 866.591522465 0.000546820876441386 0 0
 869.9070327 0.00123100070710081 0 0
 873.221224261 0.000512305283402253 0 0
 876.534085616 0.000791182567152745 0 0
 879.845605233 7.8120584910112e-005 0 0
 883.15577158 0.00101699968291977 0 0
 886.464573125 0.00113701536276697 0 0
 889.771998336 -2.90697574432079e-005 0 0
 893.078035681 0.000613608421379277 0 0
 896.382673628 0.000382474080938847 0 0
 899.685900645 0.000974710606309263 0 0
 902.9877052 0.000614695300802371 0 0
 906.288075761 4.13497316111531e-005 0 0
 909.587000796 -6.25074950951882e-005 0 0
 912.884468773 0.000500227452389408 0 0
 916.18046816 0.000782994616885568 0 0
 919.474987425 0.00123725381357231 0 0
 922.768015036 0.000143698904630548 0 0
 926.059539461 0.000825472912938181 0 0
 929.349549168 0.000521038824017524 0 0
 932.638032625 0.00123547298974743 0 0
 935.9249783 0.000882734900690234 0 0
 939.210374661 0.00124931223817485 0 0
 942.494210176 0.00119646092933804 0 0
 945.776473313 -0.000373754303661815 0 0
 949.05715254 0.00247792430477562 0 0
 952.336236325 0.00145094737142221 0 0
 955.613713136 0 0 0
 958.889571441 0 0 0
 962.163799708 0 0 0
 965.436386405 0 0 0
 968.70732 0 0 0
 971.976588961 0 0 0
 975.244181756 0 0 0
 978.510086853 0 0 0
 981.77429272 0 0 0
 985.036787825 0 0 0
 988.297560636 0 0 0
 991.556599621 0 0 0
 994.813893248 0 0 0
 998.069429985 0 0 0
 1001.3231983 0 0 0
 1004.575186661 0 0 0
 1007.825383536 0 0 0
 1011.073777393 0 0 0
 1014.3203567 0 0 0
 1017.565109925 0 0 0
 1020.808025536 0 0 0
 1024.049092001 0 0 0
 1027.288297788 0 0 0
 1030.525631365 0 0 0
 1033.7610812 0 0 0
 1036.994635761 0 0 0
 1040.226283516 0 0 0
 1043.456012933 0 0 0
 1046.68381248 0 0 0
 1049.909670625 0 0 0
 1053.133575836 0 0 0
 1056.355516581 0 0 0
 1059.575481328 0 0 0
 1062.793458545 0 0 0
 1066.0094367 0 0 0
 1069.223404261 0 0 0
 1072.435349696 0 0 0
 1075.645261473 0 0 0
 1078.85312806 0 0 0
 1082.058937925 0 0 0
 1085.262679536 0 0 0
 1088.464341361 0 0 0
 1091.663911868 0 0 0
 1094.861379525 0 0 0
 1098.0567328 0 0 0
 1101.249960161 0 0 0
 1104.441050076 0 0 0
 1107.629991013 0 0 0
 1110.81677144 0 0 0
 1114.001379825 0 0 0
 1117.183804636 0 0 0
 1120.364034341 0 0 0
 1123.542057408 0 0 0
 1126.717862305 0 0 0
 1129.8914375 0 0 0
 1133.062771461 0 0 0
 1136.231852656 0 0 0
 1139.398669553 0 0 0
 1142.56321062 0 0 0
 1145.725464325 0 0 0
 1148.885419136 0 0 0
[END] of [DATA]
[END] of [Spectrum]

