
#TBID:2021-05-06 02:30:00;SAM_84C8;RAW;

[Spectrum]
Version            = 1
IDData             = 96B1_2021-05-06_02-30-00_000_435
IDDevice           = SAM_84C8
IDDataType         = SPECTRUM
IDDataTypeSub1     = RAW
IDDataTypeSub2     = 
IDDataTypeSub3     = 
DateTime           = 2021-05-06 02:30:00
PositionLatitude   = 0
PositionLongitude  = 0
Comment            = 
CommentSub1        = 
CommentSub2        = 
CommentSub3        = 
IDMethodType       = SAM Control
MethodName         = SAM_84C8
Mission            = No Mission
MissionSub         = 1
RecordType         = 0
[Attributes]
CalFactor = 1
IDBasisSpec = 
IDDataBack = DLAB_2015-08-21_12-14-03_013_778
IDDataCal = DLAB_2015-08-24_11-04-47_772_747
IntegrationTime = 4096
P31 = -1
P31e = 0
PathLength = +INF
PathLengthCustomOn = 0
RAWDynamic = 65535
Salinity = 0
Temperature = -NAN
Unit1 = $05 $00 Pixel 
Unit2 = $03 $05 Intensity counts
Unit3 = $f0 $05 Error counts
Unit4 = $f1 $00 Status 
p999 = 942
[END] of [Attributes]
[DATA]
 0 11 0 0
 1 1402 0 0
 2 1390 0 0
 3 1396 0 0
 4 1404 0 0
 5 1402 0 0
 6 1406 0 0
 7 1402 0 0
 8 1403 0 0
 9 1401 0 0
 10 1397 0 0
 11 1394 0 0
 12 1404 0 0
 13 1398 0 0
 14 1401 0 0
 15 1401 0 0
 16 1402 0 0
 17 1405 0 0
 18 1406 0 0
 19 1411 0 0
 20 1402 0 0
 21 1408 0 0
 22 1406 0 0
 23 1412 0 0
 24 1413 0 0
 25 1408 0 0
 26 1402 0 0
 27 1406 0 0
 28 1409 0 0
 29 1409 0 0
 30 1414 0 0
 31 1410 0 0
 32 1406 0 0
 33 1405 0 0
 34 1406 0 0
 35 1406 0 0
 36 1408 0 0
 37 1415 0 0
 38 1412 0 0
 39 1404 0 0
 40 1402 0 0
 41 1409 0 0
 42 1408 0 0
 43 1411 0 0
 44 1402 0 0
 45 1412 0 0
 46 1414 0 0
 47 1406 0 0
 48 1415 0 0
 49 1414 0 0
 50 1404 0 0
 51 1413 0 0
 52 1414 0 0
 53 1410 0 0
 54 1401 0 0
 55 1412 0 0
 56 1411 0 0
 57 1419 0 0
 58 1413 0 0
 59 1404 0 0
 60 1407 0 0
 61 1414 0 0
 62 1418 0 0
 63 1414 0 0
 64 1406 0 0
 65 1412 0 0
 66 1408 0 0
 67 1414 0 0
 68 1412 0 0
 69 1407 0 0
 70 1416 0 0
 71 1414 0 0
 72 1416 0 0
 73 1411 0 0
 74 1411 0 0
 75 1416 0 0
 76 1410 0 0
 77 1418 0 0
 78 1413 0 0
 79 1415 0 0
 80 1411 0 0
 81 1410 0 0
 82 1410 0 0
 83 1418 0 0
 84 1422 0 0
 85 1417 0 0
 86 1415 0 0
 87 1416 0 0
 88 1411 0 0
 89 1421 0 0
 90 1424 0 0
 91 1419 0 0
 92 1416 0 0
 93 1411 0 0
 94 1420 0 0
 95 1414 0 0
 96 1418 0 0
 97 1416 0 0
 98 1412 0 0
 99 1414 0 0
 100 1419 0 0
 101 1423 0 0
 102 1419 0 0
 103 1414 0 0
 104 1413 0 0
 105 1424 0 0
 106 1415 0 0
 107 1416 0 0
 108 1415 0 0
 109 1408 0 0
 110 1418 0 0
 111 1426 0 0
 112 1414 0 0
 113 1417 0 0
 114 1418 0 0
 115 1426 0 0
 116 1420 0 0
 117 1411 0 0
 118 1416 0 0
 119 1421 0 0
 120 1416 0 0
 121 1422 0 0
 122 1411 0 0
 123 1416 0 0
 124 1414 0 0
 125 1419 0 0
 126 1415 0 0
 127 1424 0 0
 128 1421 0 0
 129 1419 0 0
 130 1414 0 0
 131 1421 0 0
 132 1417 0 0
 133 1462 0 0
 134 1422 0 0
 135 1416 0 0
 136 1417 0 0
 137 1425 0 0
 138 1418 0 0
 139 1424 0 0
 140 1420 0 0
 141 1417 0 0
 142 1422 0 0
 143 1420 0 0
 144 1421 0 0
 145 1424 0 0
 146 1420 0 0
 147 1417 0 0
 148 1424 0 0
 149 1419 0 0
 150 1417 0 0
 151 1415 0 0
 152 1423 0 0
 153 1416 0 0
 154 1418 0 0
 155 1412 0 0
 156 1421 0 0
 157 1421 0 0
 158 1420 0 0
 159 1414 0 0
 160 1414 0 0
 161 1421 0 0
 162 1418 0 0
 163 1417 0 0
 164 1410 0 0
 165 1421 0 0
 166 1417 0 0
 167 1427 0 0
 168 1419 0 0
 169 1420 0 0
 170 1416 0 0
 171 1416 0 0
 172 1417 0 0
 173 1412 0 0
 174 1411 0 0
 175 1420 0 0
 176 1420 0 0
 177 1414 0 0
 178 1419 0 0
 179 1418 0 0
 180 1418 0 0
 181 1415 0 0
 182 1419 0 0
 183 1420 0 0
 184 1414 0 0
 185 1420 0 0
 186 1416 0 0
 187 1420 0 0
 188 1420 0 0
 189 1418 0 0
 190 1413 0 0
 191 1417 0 0
 192 1424 0 0
 193 1414 0 0
 194 1419 0 0
 195 1421 0 0
 196 1412 0 0
 197 1419 0 0
 198 1417 0 0
 199 1415 0 0
 200 1419 0 0
 201 1420 0 0
 202 1413 0 0
 203 1417 0 0
 204 1418 0 0
 205 1412 0 0
 206 1418 0 0
 207 1417 0 0
 208 1415 0 0
 209 1419 0 0
 210 1414 0 0
 211 1423 0 0
 212 1418 0 0
 213 1424 0 0
 214 1416 0 0
 215 1415 0 0
 216 1413 0 0
 217 1419 0 0
 218 1415 0 0
 219 1415 0 0
 220 1420 0 0
 221 1424 0 0
 222 1420 0 0
 223 1418 0 0
 224 1420 0 0
 225 1418 0 0
 226 1425 0 0
 227 1420 0 0
 228 1414 0 0
 229 1415 0 0
 230 1413 0 0
 231 1418 0 0
 232 1417 0 0
 233 1414 0 0
 234 1416 0 0
 235 1412 0 0
 236 1421 0 0
 237 1414 0 0
 238 1412 0 0
 239 1418 0 0
 240 1417 0 0
 241 1422 0 0
 242 1420 0 0
 243 1416 0 0
 244 1420 0 0
 245 1418 0 0
 246 1414 0 0
 247 1412 0 0
 248 1420 0 0
 249 1418 0 0
 250 1413 0 0
 251 1410 0 0
 252 1406 0 0
 253 1406 0 0
 254 1406 0 0
 255 1457 0 0
[END] of [DATA]
[END] of [Spectrum]


#TBID:2021-05-06 02:30:00;SAM_84C8;CALIBRATED;

[Spectrum]
Version            = 1
IDData             = 96B1_2021-05-06_02-30-00_000_436
IDDevice           = SAM_84C8
IDDataType         = SPECTRUM
IDDataTypeSub1     = CALIBRATED
IDDataTypeSub2     = 
IDDataTypeSub3     = 
DateTime           = 2021-05-06 02:30:00
PositionLatitude   = 0
PositionLongitude  = 0
Comment            = 
CommentSub1        = 
CommentSub2        = 
CommentSub3        = 
IDMethodType       = SAM Control
MethodName         = SAM_84C8
Mission            = No Mission
MissionSub         = 1
RecordType         = 0
[Attributes]
CalFactor = 1
IDBasisSpec = 
IDDataBack = DLAB_2015-08-21_12-14-03_013_778
IDDataCal = DLAB_2015-08-24_11-04-47_772_747
IntegrationTime = 4096
P31 = -1
P31e = 0
PathLength = +INF
PathLengthCustomOn = 0
RAWDynamic = 65535
Salinity = 0
Temperature = -NAN
Unit1 = $01 $01 Wavelength nm
Unit2 = $03 $03 Intensity mW/(m^2 nm Sr)
Unit3 = $f0 $03 Error mW/(m^2 nm Sr)
Unit4 = $f1 $00 Status 
p999 = 942
[END] of [Attributes]
[DATA]
 0 11 0 0
 303.516048156 0 0 0
 306.890006053 0 0 0
 310.26457112 0 0 0
 313.639731825 0 0 0
 317.015476636 -0.000265438284054213 0 0
 320.391794021 -0.000181822161458948 0 0
 323.768672448 -0.000155445311935582 0 0
 327.146100385 -3.75579491183858e-005 0 0
 330.5240663 -0.000155457231210775 0 0
 333.902558661 -7.29730128266364e-005 0 0
 337.281565936 -0.000450477518506232 0 0
 340.661076593 -0.000233253905731573 0 0
 344.0410791 -0.000156933541270932 0 0
 347.421561925 -7.51762969684173e-005 0 0
 350.802513536 -0.000138417167434593 0 0
 354.183922401 -0.000112995191339819 0 0
 357.565776988 -9.34897397122559e-005 0 0
 360.948065765 -4.00727329465388e-005 0 0
 364.3307772 4.18994299552502e-005 0 0
 367.713899761 -5.72925853753249e-005 0 0
 371.097421916 3.75992763184103e-006 0 0
 374.481332133 -6.69266889151247e-005 0 0
 377.86561888 3.88500420944023e-005 0 0
 381.250270625 2.49377972949875e-005 0 0
 384.635275836 -7.71928469201964e-006 0 0
 388.020622981 1.97207102289909e-005 0 0
 391.406300528 1.0736191016235e-006 0 0
 394.792296945 -1.63671947504453e-005 0 0
 398.1786007 3.04339727757006e-005 0 0
 401.565200261 5.47005620330184e-005 0 0
 404.952084096 3.35137128168439e-005 0 0
 408.339240673 -3.81874305279157e-005 0 0
 411.72665846 1.86199633112253e-005 0 0
 415.114325925 2.37307996093999e-005 0 0
 418.502231536 4.68190089739383e-005 0 0
 421.890363761 -5.32854337368266e-006 0 0
 425.278711068 -5.9930546052415e-005 0 0
 428.667261925 3.38586664127381e-005 0 0
 432.0560048 2.37319957412232e-005 0 0
 435.444928161 -3.1852742993728e-005 0 0
 438.834020476 5.96354862474846e-006 0 0
 442.223270213 3.13170735311516e-005 0 0
 445.61266584 2.40295338262769e-005 0 0
 449.002195825 -1.79861169467308e-005 0 0
 452.391848636 -6.7723389353778e-006 0 0
 455.781612741 6.33889185314539e-005 0 0
 459.171476608 -9.0571243110918e-006 0 0
 462.561428705 5.90249462122239e-005 0 0
 465.9514575 9.94424084498544e-007 0 0
 469.341551461 -1.21952135647389e-005 0 0
 472.731699056 2.63244885301877e-005 0 0
 476.121888753 4.79067265581069e-005 0 0
 479.51210902 2.89658850603282e-005 0 0
 482.902348325 4.76336149016254e-005 0 0
 486.292595136 4.74737200696375e-005 0 0
 489.682837921 8.7350778442678e-006 0 0
 493.073065148 6.72176596960419e-005 0 0
 496.463265285 7.8034433354817e-005 0 0
 499.8534268 2.44180871841849e-005 0 0
 503.243538161 2.69501413328548e-005 0 0
 506.633587836 7.99660545962291e-005 0 0
 510.023564293 -2.99100942623223e-005 0 0
 513.413456 1.73692085654104e-005 0 0
 516.803251425 4.93171257537827e-005 0 0
 520.192939036 7.83736469510333e-005 0 0
 523.582507301 -5.19225345816667e-005 0 0
 526.971944688 5.30548816954172e-005 0 0
 530.361239665 -2.50170732523838e-005 0 0
 533.7503807 -4.00130739970907e-006 0 0
 537.139356261 1.96204950164559e-005 0 0
 540.528154816 3.9784097004194e-005 0 0
 543.916764833 -1.61105663678825e-006 0 0
 547.30517478 1.34557498148042e-005 0 0
 550.693373125 2.53846604967678e-005 0 0
 554.081348336 5.40203282188334e-005 0 0
 557.469088881 -9.38595624041187e-006 0 0
 560.856583228 8.13770725457243e-005 0 0
 564.243819845 2.32873117618169e-005 0 0
 567.6307872 3.74974400667161e-005 0 0
 571.017473761 -5.52775512433628e-006 0 0
 574.403867996 1.39536731132555e-005 0 0
 577.789958373 -8.2277921894436e-005 0 0
 581.17573336 5.47882742176104e-005 0 0
 584.561181425 8.87537057656364e-005 0 0
 587.946291036 0.000113405506210178 0 0
 591.331050661 7.28379750435586e-005 0 0
 594.715448768 2.93276296740563e-005 0 0
 598.099473825 1.04614881008714e-005 0 0
 601.4831143 0.000184093902005109 0 0
 604.866358661 9.77238212758336e-005 0 0
 608.249195376 7.45336484063375e-005 0 0
 611.631612913 3.52733624907373e-005 0 0
 615.01359974 5.05372105715962e-005 0 0
 618.395144325 3.43901613794526e-005 0 0
 621.776235136 4.03136603645201e-005 0 0
 625.156860641 1.15912835525896e-005 0 0
 628.537009308 6.87404404062146e-005 0 0
 631.916669605 2.23796214435724e-005 0 0
 635.29583 8.67442699053709e-005 0 0
 638.674478961 -2.72723614064132e-008 0 0
 642.052604956 3.25175514250915e-006 0 0
 645.430196453 5.86465939781286e-005 0 0
 648.80724192 5.64709936687341e-005 0 0
 652.183729825 2.61145590374868e-005 0 0
 655.559648636 9.51038360426178e-005 0 0
 658.934986821 0.000102554809789827 0 0
 662.309732848 7.56572265599e-005 0 0
 665.683875185 0.000160362562512509 0 0
 669.0574023 -3.03318748839353e-005 0 0
 672.430302661 -3.27656649444453e-005 0 0
 675.802564736 -8.49213207958723e-006 0 0
 679.174176993 -2.35068831942972e-005 0 0
 682.5451279 4.32371679238084e-005 0 0
 685.915405925 9.53847078005128e-005 0 0
 689.284999536 0.00013743395467011 0 0
 692.653897201 -5.4465348828748e-005 0 0
 696.022087388 -1.73584014466923e-005 0 0
 699.389558565 0.000117677119924261 0 0
 702.7562992 3.83618060685026e-005 0 0
 706.122297761 0.000188713609286794 0 0
 709.487542716 0.000187307617103039 0 0
 712.852022533 7.19988755197138e-005 0 0
 716.21572568 0.000130292711102063 0 0
 719.578640625 0.000111230821766877 0 0
 722.940755836 0.000118886252828343 0 0
 726.302059781 2.64760107057301e-005 0 0
 729.662540928 2.26845404191538e-005 0 0
 733.022187745 0.000242758274481425 0 0
 736.3809887 7.28679889466865e-005 0 0
 739.738932261 0.000113067377479313 0 0
 743.096006896 0.000108704345822578 0 0
 746.452201073 4.3114828528385e-005 0 0
 749.80750326 -0.000315000878326051 0 0
 753.161901925 9.52056839519671e-005 0 0
 756.515385536 7.56748328104273e-005 0 0
 759.867942561 8.96379276719808e-005 0 0
 763.219561468 0.000219673941164878 0 0
 766.570230725 0.000188433028510863 0 0
 769.9199388 0.000104101190349763 0 0
 773.268674161 0.000153919498708725 0 0
 776.616425276 0.000160948021257439 0 0
 779.963180613 0.000145112698921694 0 0
 783.30892864 0.000180062601932339 0 0
 786.653657825 -8.9415790574741e-006 0 0
 789.997356636 0.000208772030888828 0 0
 793.340013541 8.69726658759665e-005 0 0
 796.681617008 0.000192821383421478 0 0
 800.022155505 0.000238424001436152 0 0
 803.3616175 0.000255553885068045 0 0
 806.699991461 0.000131536401622679 0 0
 810.037265856 2.04959100868592e-006 0 0
 813.373429153 0.000156714891720605 0 0
 816.70846982 0.000116362571349934 0 0
 820.042376325 0.000315662212558914 0 0
 823.375137136 0.00015870739068099 0 0
 826.706740721 0.000262277647616285 0 0
 830.037175548 0.000175960146959237 0 0
 833.366430085 0.000216757306095531 0 0
 836.6944928 0.000107431523224714 0 0
 840.021352161 -0.000179274628544385 0 0
 843.346996636 0.000446567743780332 0 0
 846.671414693 0.000108377556762639 0 0
 849.9945948 0.000186741804737352 0 0
 853.316525425 0.000130381755898522 0 0
 856.637195036 0.000197069220452123 0 0
 859.956592101 9.64124530881228e-005 0 0
 863.274705088 0.00057889879260178 0 0
 866.591522465 0.000180072719253989 0 0
 869.9070327 0.000605667301830564 0 0
 873.221224261 -0.00013891045424941 0 0
 876.534085616 0.000289687236960879 0 0
 879.845605233 0.000103382529818144 0 0
 883.15577158 0.000760199914911304 0 0
 886.464573125 8.96732436859773e-005 0 0
 889.771998336 -0.000102081285056927 0 0
 893.078035681 0.000851941127292582 0 0
 896.382673628 8.76048815959526e-005 0 0
 899.685900645 0.00100593892152883 0 0
 902.9877052 0.000296893542304411 0 0
 906.288075761 -4.63788093538233e-005 0 0
 909.587000796 -0.000154009887094514 0 0
 912.884468773 0.000404677020304026 0 0
 916.18046816 0.000683092513577402 0 0
 919.474987425 0.000698795456537984 0 0
 922.768015036 0.000642020620240258 0 0
 926.059539461 0.000710445006556532 0 0
 929.349549168 -0.00010210198313084 0 0
 932.638032625 0.00128429470024302 0 0
 935.9249783 0.000934154737938996 0 0
 939.210374661 0.00130347655787982 0 0
 942.494210176 0.000635954159901768 0 0
 945.776473313 0.00120189258732499 0 0
 949.05715254 0.00185933962449671 0 0
 952.336236325 0.000568480302479223 0 0
 955.613713136 0 0 0
 958.889571441 0 0 0
 962.163799708 0 0 0
 965.436386405 0 0 0
 968.70732 0 0 0
 971.976588961 0 0 0
 975.244181756 0 0 0
 978.510086853 0 0 0
 981.77429272 0 0 0
 985.036787825 0 0 0
 988.297560636 0 0 0
 991.556599621 0 0 0
 994.813893248 0 0 0
 998.069429985 0 0 0
 1001.3231983 0 0 0
 1004.575186661 0 0 0
 1007.825383536 0 0 0
 1011.073777393 0 0 0
 1014.3203567 0 0 0
 1017.565109925 0 0 0
 1020.808025536 0 0 0
 1024.049092001 0 0 0
 1027.288297788 0 0 0
 1030.525631365 0 0 0
 1033.7610812 0 0 0
 1036.994635761 0 0 0
 1040.226283516 0 0 0
 1043.456012933 0 0 0
 1046.68381248 0 0 0
 1049.909670625 0 0 0
 1053.133575836 0 0 0
 1056.355516581 0 0 0
 1059.575481328 0 0 0
 1062.793458545 0 0 0
 1066.0094367 0 0 0
 1069.223404261 0 0 0
 1072.435349696 0 0 0
 1075.645261473 0 0 0
 1078.85312806 0 0 0
 1082.058937925 0 0 0
 1085.262679536 0 0 0
 1088.464341361 0 0 0
 1091.663911868 0 0 0
 1094.861379525 0 0 0
 1098.0567328 0 0 0
 1101.249960161 0 0 0
 1104.441050076 0 0 0
 1107.629991013 0 0 0
 1110.81677144 0 0 0
 1114.001379825 0 0 0
 1117.183804636 0 0 0
 1120.364034341 0 0 0
 1123.542057408 0 0 0
 1126.717862305 0 0 0
 1129.8914375 0 0 0
 1133.062771461 0 0 0
 1136.231852656 0 0 0
 1139.398669553 0 0 0
 1142.56321062 0 0 0
 1145.725464325 0 0 0
 1148.885419136 0 0 0
[END] of [DATA]
[END] of [Spectrum]


#TBID:2021-05-06 03:00:00;SAM_84CE;RAW;

[Spectrum]
Version            = 1
IDData             = 96B1_2021-05-06_03-00-00_000_439
IDDevice           = SAM_84CE
IDDataType         = SPECTRUM
IDDataTypeSub1     = RAW
IDDataTypeSub2     = 
IDDataTypeSub3     = 
DateTime           = 2021-05-06 03:00:00
PositionLatitude   = 0
PositionLongitude  = 0
Comment            = 
CommentSub1        = 
CommentSub2        = 
CommentSub3        = 
IDMethodType       = SAM Control
MethodName         = SAM_84CE
Mission            = No Mission
MissionSub         = 1
RecordType         = 0
[Attributes]
CalFactor = 1
IDBasisSpec = 
IDDataBack = DLAB_2015-08-21_11-56-43_233_004
IDDataCal = DLAB_2015-08-26_10-05-37_585_478
IntegrationTime = 4096
P31 = -1
P31e = 0
PathLength = +INF
PathLengthCustomOn = 0
RAWDynamic = 65535
Salinity = 0
Temperature = -NAN
Unit1 = $05 $00 Pixel 
Unit2 = $03 $05 Intensity counts
Unit3 = $f0 $05 Error counts
Unit4 = $f1 $00 Status 
p999 = 943
[END] of [Attributes]
[DATA]
 0 11 0 0
 1 1362 0 0
 2 1364 0 0
 3 1365 0 0
 4 1370 0 0
 5 1372 0 0
 6 1371 0 0
 7 1367 0 0
 8 1374 0 0
 9 1378 0 0
 10 1374 0 0
 11 1378 0 0
 12 1377 0 0
 13 1378 0 0
 14 1376 0 0
 15 1376 0 0
 16 1375 0 0
 17 1379 0 0
 18 1380 0 0
 19 1371 0 0
 20 1384 0 0
 21 1379 0 0
 22 1380 0 0
 23 1388 0 0
 24 1384 0 0
 25 1385 0 0
 26 1392 0 0
 27 1389 0 0
 28 1380 0 0
 29 1382 0 0
 30 1386 0 0
 31 1393 0 0
 32 1382 0 0
 33 1384 0 0
 34 1381 0 0
 35 1380 0 0
 36 1385 0 0
 37 1381 0 0
 38 1390 0 0
 39 1388 0 0
 40 1388 0 0
 41 1391 0 0
 42 1387 0 0
 43 1385 0 0
 44 1382 0 0
 45 1383 0 0
 46 1392 0 0
 47 1394 0 0
 48 1389 0 0
 49 1390 0 0
 50 1389 0 0
 51 1386 0 0
 52 1388 0 0
 53 1396 0 0
 54 1394 0 0
 55 1385 0 0
 56 1392 0 0
 57 1388 0 0
 58 1391 0 0
 59 1394 0 0
 60 1387 0 0
 61 1391 0 0
 62 1395 0 0
 63 1396 0 0
 64 1384 0 0
 65 1390 0 0
 66 1399 0 0
 67 1395 0 0
 68 1397 0 0
 69 1385 0 0
 70 1384 0 0
 71 1394 0 0
 72 1393 0 0
 73 1398 0 0
 74 1396 0 0
 75 1392 0 0
 76 1401 0 0
 77 1395 0 0
 78 1398 0 0
 79 1399 0 0
 80 1399 0 0
 81 1400 0 0
 82 1394 0 0
 83 1393 0 0
 84 1396 0 0
 85 1397 0 0
 86 1398 0 0
 87 1398 0 0
 88 1397 0 0
 89 1404 0 0
 90 1400 0 0
 91 1402 0 0
 92 1400 0 0
 93 1404 0 0
 94 1401 0 0
 95 1398 0 0
 96 1397 0 0
 97 1401 0 0
 98 1410 0 0
 99 1403 0 0
 100 1402 0 0
 101 1402 0 0
 102 1403 0 0
 103 1406 0 0
 104 1406 0 0
 105 1410 0 0
 106 1406 0 0
 107 1403 0 0
 108 1408 0 0
 109 1406 0 0
 110 1400 0 0
 111 1414 0 0
 112 1410 0 0
 113 1406 0 0
 114 1408 0 0
 115 1405 0 0
 116 1405 0 0
 117 1408 0 0
 118 1412 0 0
 119 1408 0 0
 120 1406 0 0
 121 1414 0 0
 122 1408 0 0
 123 1403 0 0
 124 1411 0 0
 125 1411 0 0
 126 1414 0 0
 127 1404 0 0
 128 1407 0 0
 129 1414 0 0
 130 1409 0 0
 131 1418 0 0
 132 1411 0 0
 133 1410 0 0
 134 1412 0 0
 135 1412 0 0
 136 1406 0 0
 137 1414 0 0
 138 1410 0 0
 139 1413 0 0
 140 1410 0 0
 141 1405 0 0
 142 1414 0 0
 143 1413 0 0
 144 1409 0 0
 145 1416 0 0
 146 1414 0 0
 147 1413 0 0
 148 1416 0 0
 149 1410 0 0
 150 1415 0 0
 151 1410 0 0
 152 1415 0 0
 153 1416 0 0
 154 1409 0 0
 155 1412 0 0
 156 1416 0 0
 157 1417 0 0
 158 1418 0 0
 159 1416 0 0
 160 1414 0 0
 161 1418 0 0
 162 1422 0 0
 163 1420 0 0
 164 1412 0 0
 165 1415 0 0
 166 1417 0 0
 167 1416 0 0
 168 1417 0 0
 169 1420 0 0
 170 1421 0 0
 171 1422 0 0
 172 1418 0 0
 173 1417 0 0
 174 1413 0 0
 175 1420 0 0
 176 1421 0 0
 177 1419 0 0
 178 1424 0 0
 179 1417 0 0
 180 1416 0 0
 181 1418 0 0
 182 1423 0 0
 183 1418 0 0
 184 1418 0 0
 185 1418 0 0
 186 1422 0 0
 187 1420 0 0
 188 1419 0 0
 189 1421 0 0
 190 1421 0 0
 191 1421 0 0
 192 1422 0 0
 193 1421 0 0
 194 1422 0 0
 195 1414 0 0
 196 1419 0 0
 197 1425 0 0
 198 1427 0 0
 199 1420 0 0
 200 1421 0 0
 201 1428 0 0
 202 1425 0 0
 203 1425 0 0
 204 1423 0 0
 205 1421 0 0
 206 1432 0 0
 207 1429 0 0
 208 1421 0 0
 209 1426 0 0
 210 1424 0 0
 211 1426 0 0
 212 1425 0 0
 213 1431 0 0
 214 1429 0 0
 215 1431 0 0
 216 1432 0 0
 217 1424 0 0
 218 1430 0 0
 219 1432 0 0
 220 1427 0 0
 221 1428 0 0
 222 1426 0 0
 223 1430 0 0
 224 1421 0 0
 225 1425 0 0
 226 1426 0 0
 227 1430 0 0
 228 1422 0 0
 229 1436 0 0
 230 1432 0 0
 231 1427 0 0
 232 1429 0 0
 233 1430 0 0
 234 1430 0 0
 235 1434 0 0
 236 1426 0 0
 237 1435 0 0
 238 1432 0 0
 239 1433 0 0
 240 1430 0 0
 241 1435 0 0
 242 1429 0 0
 243 1436 0 0
 244 1428 0 0
 245 1427 0 0
 246 1428 0 0
 247 1434 0 0
 248 1428 0 0
 249 1426 0 0
 250 1422 0 0
 251 1428 0 0
 252 1424 0 0
 253 1417 0 0
 254 1419 0 0
 255 1473 0 0
[END] of [DATA]
[END] of [Spectrum]


#TBID:2021-05-06 03:00:00;SAM_84CE;CALIBRATED;

[Spectrum]
Version            = 1
IDData             = 96B1_2021-05-06_03-00-00_000_440
IDDevice           = SAM_84CE
IDDataType         = SPECTRUM
IDDataTypeSub1     = CALIBRATED
IDDataTypeSub2     = 
IDDataTypeSub3     = 
DateTime           = 2021-05-06 03:00:00
PositionLatitude   = 0
PositionLongitude  = 0
Comment            = 
CommentSub1        = 
CommentSub2        = 
CommentSub3        = 
IDMethodType       = SAM Control
MethodName         = SAM_84CE
Mission            = No Mission
MissionSub         = 1
RecordType         = 0
[Attributes]
CalFactor = 1
IDBasisSpec = 
IDDataBack = DLAB_2015-08-21_11-56-43_233_004
IDDataCal = DLAB_2015-08-26_10-05-37_585_478
IntegrationTime = 4096
P31 = -1
P31e = 0
PathLength = +INF
PathLengthCustomOn = 0
RAWDynamic = 65535
Salinity = 0
Temperature = -NAN
Unit1 = $01 $01 Wavelength nm
Unit2 = $03 $06 Intensity mW/(m^2 nm)
Unit3 = $f0 $06 Error mW/(m^2 nm)
Unit4 = $f1 $00 Status 
p999 = 943
[END] of [Attributes]
[DATA]
 0 11 0 0
 303.485180022 0 0 0
 306.85638880275 0 0 0
 310.228324544 0 0 0
 313.60097308125 0 0 0
 316.97432025 -0.0217824462194738 0 0
 320.34835188575 -0.0177544792727024 0 0
 323.723053824 -0.0168486694289414 0 0
 327.09841190025 -0.0143659305483245 0 0
 330.47441195 -0.0145110193835029 0 0
 333.85103980875 -0.0145373824145147 0 0
 337.228281312 -0.0131864475352901 0 0
 340.60612229525 -0.0125550372988668 0 0
 343.984548594 -0.0113341346727093 0 0
 347.36354604375 -0.0122686322823706 0 0
 350.74310048 -0.00924362545635462 0 0
 354.12319773825 -0.009103840049776 0 0
 357.503823654 -0.00681409497517415 0 0
 360.88496406275 -0.0071450960021779 0 0
 364.2666048 -0.00752255433866734 0 0
 367.64873170125 -0.00705917052885103 0 0
 371.031330602 -0.00752911307638375 0 0
 374.41438733775 -0.00712369324960999 0 0
 377.797887744 -0.0083961621607683 0 0
 381.18181765625 -0.00750620128119656 0 0
 384.56616291 -0.00746781232257104 0 0
 387.95090934075 -0.00701879293899507 0 0
 391.336042784 -0.00787574087099015 0 0
 394.72154907525 -0.00715872178039942 0 0
 398.10741405 -0.00703990721743917 0 0
 401.49362354375 -0.0061620350223555 0 0
 404.880163392 -0.00611379320060348 0 0
 408.26701943025 -0.00705638068716792 0 0
 411.654177494 -0.00577187083634941 0 0
 415.04162341875 -0.00546610151910123 0 0
 418.42934304 -0.00495437834944678 0 0
 421.81732219325 -0.00519045461931488 0 0
 425.205546714 -0.00414596481568969 0 0
 428.59400243775 -0.00413574718077728 0 0
 431.9826752 -0.00375924680092694 0 0
 435.37155083625 -0.00371630604851304 0 0
 438.760615182 -0.00311006571263838 0 0
 442.14985407275 -0.00375661997484658 0 0
 445.539253344 -0.0038946348726284 0 0
 448.92879883125 -0.0035974053240397 0 0
 452.31847637 -0.00352781650734698 0 0
 455.70827179575 -0.0038378380672298 0 0
 459.098170944 -0.00409291873232177 0 0
 462.48815965025 -0.00400426245197673 0 0
 465.87822375 -0.00393652404403544 0 0
 469.26834907875 -0.00439338565656955 0 0
 472.658521472 -0.00396060618837911 0 0
 476.04872676525 -0.00371576272964742 0 0
 479.438950794 -0.00359456037911059 0 0
 482.82917939375 -0.00429163972587721 0 0
 486.2193984 -0.00448265946825514 0 0
 489.60959364825 -0.00351730399770278 0 0
 492.999750974 -0.0041824074874575 0 0
 496.38985621275 -0.00443357835575991 0 0
 499.7798952 -0.00358016792593721 0 0
 503.16985377125 -0.0039155707167107 0 0
 506.559717762 -0.0039506230418617 0 0
 509.94947300775 -0.00436136814244492 0 0
 513.339105344 -0.00361654729074333 0 0
 516.72860060625 -0.00486418848914753 0 0
 520.11794463 -0.00359284024919811 0 0
 523.50712325075 -0.00352058914121397 0 0
 526.896122304 -0.00311228394468084 0 0
 530.28492762525 -0.00304616838911306 0 0
 533.67352505 -0.00337707717037477 0 0
 537.06190041375 -0.00275061489128306 0 0
 540.450039552 -0.0024810459505068 0 0
 543.83792830025 -0.00306697864769587 0 0
 547.225552494 -0.00275366731171094 0 0
 550.61289796875 -0.00255261702793152 0 0
 553.99995056 -0.00322372180904249 0 0
 557.38669610325 -0.00315659180745458 0 0
 560.773120434 -0.00279864451667505 0 0
 564.15920938775 -0.00213835764570939 0 0
 567.5449488 -0.00284634478612119 0 0
 570.93032450625 -0.00308378549584376 0 0
 574.315322342 -0.00312677708832152 0 0
 577.69992814275 -0.0032853687042599 0 0
 581.084127744 -0.00320283824424308 0 0
 584.46790698125 -0.00301705773552352 0 0
 587.85125169 -0.00308535880795974 0 0
 591.23414770575 -0.00326598163075364 0 0
 594.616580864 -0.00350928693283319 0 0
 597.99853700025 -0.00336772703061208 0 0
 601.38000195 -0.00247754595736809 0 0
 604.76096154875 -0.00415589322619198 0 0
 608.141401632 -0.00370684045382374 0 0
 611.52130803525 -0.00378606253321342 0 0
 614.900666594 -0.0040064683058402 0 0
 618.27946314375 -0.00333730882867812 0 0
 621.65768352 -0.0033206285499404 0 0
 625.03531355825 -0.00359152920964075 0 0
 628.412339094 -0.00420376920079695 0 0
 631.78874596275 -0.00349593162363957 0 0
 635.16452 -0.00455895977375688 0 0
 638.53964704125 -0.00470816782939554 0 0
 641.914112922 -0.00410424240145785 0 0
 645.28790347775 -0.00460271926158082 0 0
 648.661004544 -0.00443871837321843 0 0
 652.03340195625 -0.00378757362144922 0 0
 655.40508155 -0.00403788163575497 0 0
 658.77602916075 -0.00432110364420992 0 0
 662.146230624 -0.00435878311049698 0 0
 665.51567177525 -0.00333259244761627 0 0
 668.88433845 -0.00567042414543978 0 0
 672.25221648375 -0.00514518141461851 0 0
 675.619291712 -0.00420165896204608 0 0
 678.98554997025 -0.00364615326291542 0 0
 682.350977094 -0.00355358345915781 0 0
 685.71555891875 -0.00411264763781001 0 0
 689.07928128 -0.00414339457347834 0 0
 692.44213001325 -0.00354820429831588 0 0
 695.804090954 -0.00459282894711457 0 0
 699.16514993775 -0.00331240959054382 0 0
 702.5252928 -0.00438998330555268 0 0
 705.88450537625 -0.00505601786179601 0 0
 709.242773502 -0.00254075951448484 0 0
 712.60008301275 -0.00469377812330411 0 0
 715.956419744 -0.0048983250104543 0 0
 719.31176953125 -0.00337943109158573 0 0
 722.66611821 -0.00310001684408263 0 0
 726.01945161575 -0.00416951448972485 0 0
 729.371755584 -0.00443098329719007 0 0
 732.72301595025 -0.00449458044371178 0 0
 736.07321855 -0.00258831020866649 0 0
 739.42234921875 -0.00298473274254777 0 0
 742.770393792 -0.00375728649641089 0 0
 746.11733810525 -0.00326202878077846 0 0
 749.463167994 -0.00368727965558032 0 0
 752.80786929375 -0.0033815176295917 0 0
 756.15142784 -0.0037441615113901 0 0
 759.49382946825 -0.00489866893311656 0 0
 762.835060014 -0.00446924729975515 0 0
 766.17510531275 -0.0023931976908681 0 0
 769.5139512 -0.00465552709416279 0 0
 772.85158351125 -0.00314705578178789 0 0
 776.187988082 -0.00589230252750305 0 0
 779.52315074775 -0.00281956573764868 0 0
 782.857057344 -0.00363320720982708 0 0
 786.18969370625 -0.00516867171500571 0 0
 789.52104567 -0.00578715056579864 0 0
 792.85109907075 -0.00533807510412088 0 0
 796.179839744 -0.00237647538975435 0 0
 799.50725352525 -0.00420281348163626 0 0
 802.83332625 -0.00492678467005126 0 0
 806.15804375375 -0.00301866068133009 0 0
 809.481391872 -0.00456191600576293 0 0
 812.80335644025 -0.00317138506777606 0 0
 816.123923294 -0.00509639468558632 0 0
 819.44307826875 -0.00721589438588514 0 0
 822.7608072 -0.00599745987313295 0 0
 826.07709592325 -0.00402567339304461 0 0
 829.391930274 -0.00508252541339208 0 0
 832.70529608775 -0.00186485219948785 0 0
 836.0171792 -0.00606541079562716 0 0
 839.32756544625 -0.00787158564144349 0 0
 842.636440662 -0.0070874572310083 0 0
 845.94379068275 -0.00399727137173116 0 0
 849.249601344 -0.00482876292875506 0 0
 852.55385848125 -0.0104219837661088 0 0
 855.85654793 -0.00715239625302159 0 0
 859.15765552575 -0.00553032707817937 0 0
 862.457167104 -0.00819880065146279 0 0
 865.75506850025 -0.00727476568690067 0 0
 869.05134555 -0.00835295737438404 0 0
 872.34598408875 -0.00862415701465453 0 0
 875.638969952 -0.00914090049192286 0 0
 878.93028897525 -0.010323856913834 0 0
 882.219926994 -0.0107500736331364 0 0
 885.50786984375 -0.0110460558113267 0 0
 888.79410336 -0.00964055303343791 0 0
 892.07861337825 -0.00849411009070946 0 0
 895.361385734 -0.0111381177397376 0 0
 898.64240626275 -0.00940158815605053 0 0
 901.9216608 -0.0158569364252049 0 0
 905.19913518125 -0.0189873705801556 0 0
 908.474815242 -0.0154150391835461 0 0
 911.74868681775 -0.00826039449069399 0 0
 915.020735744 -0.00478637364140101 0 0
 918.29094785625 -0.00725485749731952 0 0
 921.55930899 -0.0161621055709457 0 0
 924.82580498075 -0.0156367824556322 0 0
 928.090421664 -0.0222104940712342 0 0
 931.35314487525 -0.0153659050556503 0 0
 934.61396045 -0.0133010686968241 0 0
 937.87285422375 -0.0148488448359175 0 0
 941.129812032 -0.0219911805920842 0 0
 944.38481971025 -0.0139619466324624 0 0
 947.637863094 -0.0177983556002743 0 0
 950.88892801875 -0.0128146604883305 0 0
 954.13800032 0 0 0
 957.38506583325 0 0 0
 960.630110394 0 0 0
 963.87311983775 0 0 0
 967.11408 0 0 0
 970.35297671625 0 0 0
 973.589795822 0 0 0
 976.82452315275 0 0 0
 980.057144544 0 0 0
 983.28764583125 0 0 0
 986.51601285 0 0 0
 989.74223143575 0 0 0
 992.966287424 0 0 0
 996.18816665025 0 0 0
 999.40785495 0 0 0
 1002.62533815875 0 0 0
 1005.840602112 0 0 0
 1009.05363264525 0 0 0
 1012.264415594 0 0 0
 1015.47293679375 0 0 0
 1018.67918208 0 0 0
 1021.88313728825 0 0 0
 1025.084788254 0 0 0
 1028.28412081275 0 0 0
 1031.4811208 0 0 0
 1034.67577405125 0 0 0
 1037.868066402 0 0 0
 1041.05798368775 0 0 0
 1044.245511744 0 0 0
 1047.43063640625 0 0 0
 1050.61334351 0 0 0
 1053.79361889075 0 0 0
 1056.971448384 0 0 0
 1060.14681782525 0 0 0
 1063.31971305 0 0 0
 1066.49011989375 0 0 0
 1069.658024192 0 0 0
 1072.82341178025 0 0 0
 1075.986268494 0 0 0
 1079.14658016875 0 0 0
 1082.30433264 0 0 0
 1085.45951174325 0 0 0
 1088.612103314 0 0 0
 1091.76209318775 0 0 0
 1094.9094672 0 0 0
 1098.05421118625 0 0 0
 1101.196310982 0 0 0
 1104.33575242275 0 0 0
 1107.472521344 0 0 0
 1110.60660358125 0 0 0
 1113.73798497 0 0 0
 1116.86665134575 0 0 0
 1119.992588544 0 0 0
 1123.11578240025 0 0 0
 1126.23621875 0 0 0
 1129.35388342875 0 0 0
 1132.468762272 0 0 0
 1135.58084111525 0 0 0
 1138.690105794 0 0 0
 1141.79654214375 0 0 0
 1144.900136 0 0 0
[END] of [DATA]
[END] of [Spectrum]


#TBID:2021-05-06 03:00:00;SAM_84C8;RAW;

[Spectrum]
Version            = 1
IDData             = 96B1_2021-05-06_03-00-00_000_442
IDDevice           = SAM_84C8
IDDataType         = SPECTRUM
IDDataTypeSub1     = RAW
IDDataTypeSub2     = 
IDDataTypeSub3     = 
DateTime           = 2021-05-06 03:00:00
PositionLatitude   = 0
PositionLongitude  = 0
Comment            = 
CommentSub1        = 
CommentSub2        = 
CommentSub3        = 
IDMethodType       = SAM Control
MethodName         = SAM_84C8
Mission            = No Mission
MissionSub         = 1
RecordType         = 0
[Attributes]
CalFactor = 1
IDBasisSpec = 
IDDataBack = DLAB_2015-08-21_12-14-03_013_778
IDDataCal = DLAB_2015-08-24_11-04-47_772_747
IntegrationTime = 4096
P31 = -1
P31e = 0
PathLength = +INF
PathLengthCustomOn = 0
RAWDynamic = 65535
Salinity = 0
Temperature = -NAN
Unit1 = $05 $00 Pixel 
Unit2 = $03 $05 Intensity counts
Unit3 = $f0 $05 Error counts
Unit4 = $f1 $00 Status 
p999 = 943
[END] of [Attributes]
[DATA]
 0 11 0 0
 1 1392 0 0
 2 1382 0 0
 3 1385 0 0
 4 1394 0 0
 5 1388 0 0
 6 1390 0 0
 7 1390 0 0
 8 1389 0 0
 9 1390 0 0
 10 1384 0 0
 11 1392 0 0
 12 1398 0 0
 13 1395 0 0
 14 1390 0 0
 15 1393 0 0
 16 1396 0 0
 17 1398 0 0
 18 1398 0 0
 19 1400 0 0
 20 1390 0 0
 21 1398 0 0
 22 1400 0 0
 23 1400 0 0
 24 1401 0 0
 25 1395 0 0
 26 1389 0 0
 27 1400 0 0
 28 1399 0 0
 29 1399 0 0
 30 1397 0 0
 31 1398 0 0
 32 1398 0 0
 33 1400 0 0
 34 1396 0 0
 35 1395 0 0
 36 1402 0 0
 37 1407 0 0
 38 1400 0 0
 39 1393 0 0
 40 1396 0 0
 41 1400 0 0
 42 1399 0 0
 43 1400 0 0
 44 1396 0 0
 45 1404 0 0
 46 1402 0 0
 47 1400 0 0
 48 1402 0 0
 49 1408 0 0
 50 1398 0 0
 51 1405 0 0
 52 1406 0 0
 53 1398 0 0
 54 1393 0 0
 55 1401 0 0
 56 1402 0 0
 57 1408 0 0
 58 1400 0 0
 59 1396 0 0
 60 1396 0 0
 61 1402 0 0
 62 1407 0 0
 63 1405 0 0
 64 1395 0 0
 65 1404 0 0
 66 1402 0 0
 67 1403 0 0
 68 1404 0 0
 69 1396 0 0
 70 1408 0 0
 71 1405 0 0
 72 1407 0 0
 73 1402 0 0
 74 1403 0 0
 75 1408 0 0
 76 1401 0 0
 77 1404 0 0
 78 1404 0 0
 79 1408 0 0
 80 1401 0 0
 81 1400 0 0
 82 1406 0 0
 83 1407 0 0
 84 1408 0 0
 85 1404 0 0
 86 1406 0 0
 87 1409 0 0
 88 1409 0 0
 89 1405 0 0
 90 1413 0 0
 91 1407 0 0
 92 1408 0 0
 93 1402 0 0
 94 1409 0 0
 95 1405 0 0
 96 1416 0 0
 97 1407 0 0
 98 1405 0 0
 99 1405 0 0
 100 1411 0 0
 101 1412 0 0
 102 1407 0 0
 103 1410 0 0
 104 1405 0 0
 105 1413 0 0
 106 1405 0 0
 107 1409 0 0
 108 1403 0 0
 109 1405 0 0
 110 1414 0 0
 111 1418 0 0
 112 1410 0 0
 113 1407 0 0
 114 1408 0 0
 115 1413 0 0
 116 1413 0 0
 117 1401 0 0
 118 1407 0 0
 119 1412 0 0
 120 1402 0 0
 121 1409 0 0
 122 1409 0 0
 123 1404 0 0
 124 1406 0 0
 125 1409 0 0
 126 1410 0 0
 127 1414 0 0
 128 1410 0 0
 129 1408 0 0
 130 1408 0 0
 131 1411 0 0
 132 1411 0 0
 133 1450 0 0
 134 1411 0 0
 135 1412 0 0
 136 1410 0 0
 137 1413 0 0
 138 1410 0 0
 139 1413 0 0
 140 1407 0 0
 141 1408 0 0
 142 1412 0 0
 143 1412 0 0
 144 1415 0 0
 145 1414 0 0
 146 1414 0 0
 147 1411 0 0
 148 1412 0 0
 149 1405 0 0
 150 1412 0 0
 151 1412 0 0
 152 1415 0 0
 153 1414 0 0
 154 1411 0 0
 155 1413 0 0
 156 1411 0 0
 157 1416 0 0
 158 1415 0 0
 159 1412 0 0
 160 1411 0 0
 161 1411 0 0
 162 1417 0 0
 163 1410 0 0
 164 1404 0 0
 165 1411 0 0
 166 1413 0 0
 167 1414 0 0
 168 1415 0 0
 169 1411 0 0
 170 1410 0 0
 171 1410 0 0
 172 1410 0 0
 173 1408 0 0
 174 1409 0 0
 175 1418 0 0
 176 1416 0 0
 177 1410 0 0
 178 1409 0 0
 179 1412 0 0
 180 1415 0 0
 181 1411 0 0
 182 1412 0 0
 183 1414 0 0
 184 1410 0 0
 185 1409 0 0
 186 1409 0 0
 187 1419 0 0
 188 1411 0 0
 189 1412 0 0
 190 1406 0 0
 191 1415 0 0
 192 1413 0 0
 193 1408 0 0
 194 1414 0 0
 195 1419 0 0
 196 1407 0 0
 197 1411 0 0
 198 1413 0 0
 199 1411 0 0
 200 1409 0 0
 201 1412 0 0
 202 1413 0 0
 203 1409 0 0
 204 1417 0 0
 205 1408 0 0
 206 1409 0 0
 207 1416 0 0
 208 1411 0 0
 209 1405 0 0
 210 1410 0 0
 211 1414 0 0
 212 1407 0 0
 213 1416 0 0
 214 1413 0 0
 215 1415 0 0
 216 1416 0 0
 217 1416 0 0
 218 1407 0 0
 219 1411 0 0
 220 1411 0 0
 221 1420 0 0
 222 1412 0 0
 223 1412 0 0
 224 1412 0 0
 225 1416 0 0
 226 1416 0 0
 227 1415 0 0
 228 1406 0 0
 229 1413 0 0
 230 1414 0 0
 231 1410 0 0
 232 1412 0 0
 233 1414 0 0
 234 1414 0 0
 235 1411 0 0
 236 1414 0 0
 237 1409 0 0
 238 1406 0 0
 239 1414 0 0
 240 1413 0 0
 241 1410 0 0
 242 1414 0 0
 243 1413 0 0
 244 1416 0 0
 245 1408 0 0
 246 1411 0 0
 247 1409 0 0
 248 1409 0 0
 249 1414 0 0
 250 1411 0 0
 251 1408 0 0
 252 1402 0 0
 253 1405 0 0
 254 1407 0 0
 255 1457 0 0
[END] of [DATA]
[END] of [Spectrum]


#TBID:2021-05-06 03:00:00;SAM_84C8;CALIBRATED;

[Spectrum]
Version            = 1
IDData             = 96B1_2021-05-06_03-00-00_000_443
IDDevice           = SAM_84C8
IDDataType         = SPECTRUM
IDDataTypeSub1     = CALIBRATED
IDDataTypeSub2     = 
IDDataTypeSub3     = 
DateTime           = 2021-05-06 03:00:00
PositionLatitude   = 0
PositionLongitude  = 0
Comment            = 
CommentSub1        = 
CommentSub2        = 
CommentSub3        = 
IDMethodType       = SAM Control
MethodName         = SAM_84C8
Mission            = No Mission
MissionSub         = 1
RecordType         = 0
[Attributes]
CalFactor = 1
IDBasisSpec = 
IDDataBack = DLAB_2015-08-21_12-14-03_013_778
IDDataCal = DLAB_2015-08-24_11-04-47_772_747
IntegrationTime = 4096
P31 = -1
P31e = 0
PathLength = +INF
PathLengthCustomOn = 0
RAWDynamic = 65535
Salinity = 0
Temperature = -NAN
Unit1 = $01 $01 Wavelength nm
Unit2 = $03 $03 Intensity mW/(m^2 nm Sr)
Unit3 = $f0 $03 Error mW/(m^2 nm Sr)
Unit4 = $f1 $00 Status 
p999 = 943
[END] of [Attributes]
[DATA]
 0 11 0 0
 303.516048156 0 0 0
 306.890006053 0 0 0
 310.26457112 0 0 0
 313.639731825 0 0 0
 317.015476636 -0.000693873966865825 0 0
 320.391794021 -0.000647210317225086 0 0
 323.768672448 -0.000438026339290868 0 0
 327.146100385 -0.000374045240107691 0 0
 330.5240663 -0.000375563891579033 0 0
 333.902558661 -0.000348530694187467 0 0
 337.281565936 -0.00036821746363768 0 0
 340.661076593 -0.000273797328859067 0 0
 344.0410791 -0.000113203892644226 0 0
 347.421561925 -0.000234658827685617 0 0
 350.802513536 -0.000215905209172579 0 0
 354.183922401 -0.000142466267965235 0 0
 357.565776988 -0.000140661391546451 0 0
 360.948065765 -0.000103625862491765 0 0
 364.3307772 -7.50014008617383e-005 0 0
 367.713899761 -0.000192187937620401 0 0
 371.097421916 -9.60978384216166e-005 0 0
 374.481332133 -9.33706592607284e-005 0 0
 377.86561888 -0.000105873169667018 0 0
 381.250270625 -0.000123541424692365 0 0
 384.635275836 -0.000179801587375861 0 0
 388.020622981 -0.000153600887231858 0 0
 391.406300528 -2.74992984205287e-005 0 0
 394.792296945 -0.000125990189173795 0 0
 398.1786007 -7.6604863535785e-005 0 0
 401.565200261 -0.000183563982216436 0 0
 404.952084096 -0.000102961138026329 0 0
 408.339240673 -9.76640295350895e-005 0 0
 411.72665846 1.21515709195408e-005 0 0
 415.114325925 -6.08350133865554e-005 0 0
 418.502231536 -4.74650146644969e-005 0 0
 421.890363761 -2.46336339230052e-005 0 0
 425.278711068 -0.000104407964642867 0 0
 428.667261925 -5.81454846635335e-005 0 0
 432.0560048 -5.23613575916083e-005 0 0
 435.444928161 -4.78186928326664e-005 0 0
 438.834020476 -4.32161525186923e-005 0 0
 442.223270213 -1.73299859152513e-005 0 0
 445.61266584 -4.68155253580867e-005 0 0
 449.002195825 -3.35586107824514e-005 0 0
 452.391848636 -4.55557457159769e-005 0 0
 455.781612741 -2.33240302069589e-005 0 0
 459.171476608 -2.58045983972713e-005 0 0
 462.561428705 -4.48536288580238e-005 0 0
 465.9514575 -1.66000054522949e-005 0 0
 469.341551461 -3.0134973570806e-005 0 0
 472.731699056 -1.81210545090077e-005 0 0
 476.121888753 2.9340613824683e-006 0 0
 479.51210902 -7.03160916765433e-005 0 0
 482.902348325 1.36640193394993e-006 0 0
 486.292595136 -4.11653267589054e-005 0 0
 489.682837921 -5.30265941879217e-005 0 0
 493.073065148 -2.37773034366302e-005 0 0
 496.463265285 -4.21403122816267e-005 0 0
 499.8534268 -2.41562369863078e-005 0 0
 503.243538161 -6.40863996274034e-005 0 0
 506.633587836 -2.41054012983203e-005 0 0
 510.023564293 -0.000118484268588122 0 0
 513.413456 -4.22444445921644e-005 0 0
 516.803251425 -3.52903838189102e-005 0 0
 520.192939036 3.47113617152145e-005 0 0
 523.582507301 -6.93234564292972e-005 0 0
 526.971944688 -2.48494416462843e-005 0 0
 530.361239665 -6.54147386280039e-005 0 0
 533.7503807 -7.87876548349293e-005 0 0
 537.139356261 -1.9518394109308e-005 0 0
 540.528154816 -1.04828941468074e-005 0 0
 543.916764833 -5.16442473574933e-005 0 0
 547.30517478 -3.65136910947409e-005 0 0
 550.693373125 -1.32806970976303e-005 0 0
 554.081348336 1.51828236145785e-005 0 0
 557.469088881 -6.0053478917664e-005 0 0
 560.856583228 -2.81983508272535e-005 0 0
 564.243819845 -2.86458207330252e-005 0 0
 567.6307872 8.77164879151817e-006 0 0
 571.017473761 -7.15357258369841e-005 0 0
 574.403867996 -5.33272215814861e-005 0 0
 577.789958373 -7.44906484142236e-005 0 0
 581.17573336 -2.83679326494308e-005 0 0
 584.561181425 -3.62373916451162e-005 0 0
 587.946291036 -9.19001122595363e-007 0 0
 591.331050661 1.15589301234803e-005 0 0
 594.715448768 -4.85068173467416e-006 0 0
 598.099473825 4.87492519078504e-005 0 0
 601.4831143 1.28314621191209e-005 0 0
 604.866358661 -5.63790468562563e-007 0 0
 608.249195376 -4.10483595474347e-005 0 0
 611.631612913 -1.81557206970411e-005 0 0
 615.01359974 -1.89863764495275e-005 0 0
 618.395144325 -6.75649284951603e-005 0 0
 621.776235136 -3.04204464296169e-005 0 0
 625.156860641 5.42522691317027e-005 0 0
 628.537009308 -4.49134620527574e-006 0 0
 631.916669605 -1.85846866064226e-005 0 0
 635.29583 9.18492067681366e-006 0 0
 638.674478961 -6.18139811916001e-005 0 0
 642.052604956 -0.00011661780674246 0 0
 645.430196453 -8.34658316416942e-005 0 0
 648.80724192 6.84917675672997e-005 0 0
 652.183729825 -4.18232801399063e-005 0 0
 655.559648636 -3.50099113345053e-005 0 0
 658.934986821 -8.65350790220349e-006 0 0
 662.309732848 2.59108557807458e-005 0 0
 665.683875185 5.66975641560647e-006 0 0
 669.0574023 3.53026460464088e-006 0 0
 672.430302661 -1.98532094023343e-005 0 0
 675.802564736 -8.08747375001093e-005 0 0
 679.174176993 -1.02795920733174e-005 0 0
 682.5451279 -7.4687689733676e-005 0 0
 685.915405925 -2.35568763630476e-005 0 0
 689.284999536 -4.92997979612268e-005 0 0
 692.653897201 -0.000107999451200613 0 0
 696.022087388 -0.000138972096135028 0 0
 699.389558565 1.77636577249033e-005 0 0
 702.7562992 -6.2283589088391e-005 0 0
 706.122297761 -2.7978732542714e-005 0 0
 709.487542716 -7.43191318249353e-006 0 0
 712.852022533 0.000132905595690646 0 0
 716.21572568 -4.25880772225874e-005 0 0
 719.578640625 3.17965270534223e-005 0 0
 722.940755836 -7.60279742998346e-006 0 0
 726.302059781 1.73399284785553e-005 0 0
 729.662540928 -0.000104275259547075 0 0
 733.022187745 9.16851391776045e-005 0 0
 736.3809887 -7.91054074640825e-005 0 0
 739.738932261 7.97372734396263e-005 0 0
 743.096006896 -2.19868762735216e-005 0 0
 746.452201073 8.97620071471774e-006 0 0
 749.80750326 -0.00049917535779624 0 0
 753.161901925 -6.61980073512571e-005 0 0
 756.515385536 9.13300571336269e-005 0 0
 759.867942561 2.75626091804325e-005 0 0
 763.219561468 2.49735584995652e-005 0 0
 766.570230725 9.77940562103165e-005 0 0
 769.9199388 -6.95477603180578e-005 0 0
 773.268674161 -7.79046806101041e-005 0 0
 776.616425276 3.730536538919e-005 0 0
 779.963180613 -9.93599133899068e-006 0 0
 783.30892864 8.02017734018736e-005 0 0
 786.653657825 -5.09973859166074e-005 0 0
 789.997356636 4.08084782195905e-005 0 0
 793.340013541 4.22803399992843e-005 0 0
 796.681617008 0.000146583089370976 0 0
 800.022155505 -1.6267977592002e-005 0 0
 803.3616175 -7.94236454124158e-005 0 0
 806.699991461 0.00011716206087724 0 0
 810.037265856 6.37431799450064e-005 0 0
 813.373429153 2.22841518521368e-005 0 0
 816.70846982 0.000223708788840815 0 0
 820.042376325 0.00021391289616679 0 0
 823.375137136 0.000406557864163182 0 0
 826.706740721 1.50494797200619e-005 0 0
 830.037175548 0.000157413931282793 0 0
 833.366430085 0.000197467692340423 0 0
 836.6944928 0.000242358470973444 0 0
 840.021352161 -9.23941951633212e-005 0 0
 843.346996636 0.00014248484648983 0 0
 846.671414693 0.000321862110621839 0 0
 849.9945948 3.87350115727307e-005 0 0
 853.316525425 4.02993324161536e-005 0 0
 856.637195036 -0.000169149454101912 0 0
 859.956592101 0.000139874719878286 0 0
 863.274705088 -4.53227049635932e-005 0 0
 866.591522465 0.000227534245478234 0 0
 869.9070327 0.000250261985166175 0 0
 873.221224261 -0.000256035586920578 0 0
 876.534085616 0.000167965069438576 0 0
 879.845605233 -0.000113870196390949 0 0
 883.15577158 0.0008178488424234 0 0
 886.464573125 0.000344725469576158 0 0
 889.771998336 0.000161883468623428 0 0
 893.078035681 0.000915884048391266 0 0
 896.382673628 0.000153800007979043 0 0
 899.685900645 0.000400109606269092 0 0
 902.9877052 0.000134749787968709 0 0
 906.288075761 0.00014932332049111 0 0
 909.587000796 -7.65847861720193e-005 0 0
 912.884468773 8.8625591098533e-005 0 0
 916.18046816 0.000490973084138616 0 0
 919.474987425 0.000787199067394354 0 0
 922.768015036 -0.000329284418660041 0 0
 926.059539461 0.000329968085447999 0 0
 929.349549168 0.000502437605893676 0 0
 932.638032625 0.000512911674412585 0 0
 935.9249783 0.000677055551695152 0 0
 939.210374661 0.000837663408417007 0 0
 942.494210176 0.00117358310201409 0 0
 945.776473313 -0.00018130888186192 0 0
 949.05715254 0.00154373519578297 0 0
 952.336236325 0.000476282250500087 0 0
 955.613713136 0 0 0
 958.889571441 0 0 0
 962.163799708 0 0 0
 965.436386405 0 0 0
 968.70732 0 0 0
 971.976588961 0 0 0
 975.244181756 0 0 0
 978.510086853 0 0 0
 981.77429272 0 0 0
 985.036787825 0 0 0
 988.297560636 0 0 0
 991.556599621 0 0 0
 994.813893248 0 0 0
 998.069429985 0 0 0
 1001.3231983 0 0 0
 1004.575186661 0 0 0
 1007.825383536 0 0 0
 1011.073777393 0 0 0
 1014.3203567 0 0 0
 1017.565109925 0 0 0
 1020.808025536 0 0 0
 1024.049092001 0 0 0
 1027.288297788 0 0 0
 1030.525631365 0 0 0
 1033.7610812 0 0 0
 1036.994635761 0 0 0
 1040.226283516 0 0 0
 1043.456012933 0 0 0
 1046.68381248 0 0 0
 1049.909670625 0 0 0
 1053.133575836 0 0 0
 1056.355516581 0 0 0
 1059.575481328 0 0 0
 1062.793458545 0 0 0
 1066.0094367 0 0 0
 1069.223404261 0 0 0
 1072.435349696 0 0 0
 1075.645261473 0 0 0
 1078.85312806 0 0 0
 1082.058937925 0 0 0
 1085.262679536 0 0 0
 1088.464341361 0 0 0
 1091.663911868 0 0 0
 1094.861379525 0 0 0
 1098.0567328 0 0 0
 1101.249960161 0 0 0
 1104.441050076 0 0 0
 1107.629991013 0 0 0
 1110.81677144 0 0 0
 1114.001379825 0 0 0
 1117.183804636 0 0 0
 1120.364034341 0 0 0
 1123.542057408 0 0 0
 1126.717862305 0 0 0
 1129.8914375 0 0 0
 1133.062771461 0 0 0
 1136.231852656 0 0 0
 1139.398669553 0 0 0
 1142.56321062 0 0 0
 1145.725464325 0 0 0
 1148.885419136 0 0 0
[END] of [DATA]
[END] of [Spectrum]


#TBID:2021-05-06 03:00:00;SAM_84DC;RAW;

[Spectrum]
Version            = 1
IDData             = 96B1_2021-05-06_03-00-00_000_445
IDDevice           = SAM_84DC
IDDataType         = SPECTRUM
IDDataTypeSub1     = RAW
IDDataTypeSub2     = 
IDDataTypeSub3     = 
DateTime           = 2021-05-06 03:00:00
PositionLatitude   = 0
PositionLongitude  = 0
Comment            = 
CommentSub1        = 
CommentSub2        = 
CommentSub3        = 
IDMethodType       = SAM Control
MethodName         = SAM_84DC
Mission            = No Mission
MissionSub         = 1
RecordType         = 0
[Attributes]
CalFactor = 1
IDBasisSpec = 
IDDataBack = DLAB_2015-08-21_13-19-54_137_939
IDDataCal = DLAB_2015-08-24_10-46-55_592_608
IntegrationTime = 4096
P31 = -1
P31e = 0
PathLength = +INF
PathLengthCustomOn = 0
RAWDynamic = 65535
Salinity = 0
Temperature = -NAN
Unit1 = $05 $00 Pixel 
Unit2 = $03 $05 Intensity counts
Unit3 = $f0 $05 Error counts
Unit4 = $f1 $00 Status 
p999 = 943
[END] of [Attributes]
[DATA]
 0 11 0 0
 1 1494 0 0
 2 1482 0 0
 3 1498 0 0
 4 1505 0 0
 5 1500 0 0
 6 1495 0 0
 7 1506 0 0
 8 1507 0 0
 9 1502 0 0
 10 1504 0 0
 11 1506 0 0
 12 1497 0 0
 13 1504 0 0
 14 1510 0 0
 15 1495 0 0
 16 1510 0 0
 17 1514 0 0
 18 1505 0 0
 19 1511 0 0
 20 1505 0 0
 21 1502 0 0
 22 1511 0 0
 23 1513 0 0
 24 1516 0 0
 25 1512 0 0
 26 1509 0 0
 27 1518 0 0
 28 1508 0 0
 29 1508 0 0
 30 1504 0 0
 31 1519 0 0
 32 1514 0 0
 33 1505 0 0
 34 1507 0 0
 35 1507 0 0
 36 1518 0 0
 37 1516 0 0
 38 1514 0 0
 39 1507 0 0
 40 1516 0 0
 41 1516 0 0
 42 1512 0 0
 43 1517 0 0
 44 1518 0 0
 45 1512 0 0
 46 1515 0 0
 47 1520 0 0
 48 1514 0 0
 49 1510 0 0
 50 1515 0 0
 51 1506 0 0
 52 1512 0 0
 53 1508 0 0
 54 1515 0 0
 55 1514 0 0
 56 1514 0 0
 57 1517 0 0
 58 1510 0 0
 59 1515 0 0
 60 1516 0 0
 61 1512 0 0
 62 1510 0 0
 63 1511 0 0
 64 1514 0 0
 65 1511 0 0
 66 1506 0 0
 67 1515 0 0
 68 1513 0 0
 69 1511 0 0
 70 1515 0 0
 71 1517 0 0
 72 1513 0 0
 73 1508 0 0
 74 1513 0 0
 75 1512 0 0
 76 1516 0 0
 77 1517 0 0
 78 1511 0 0
 79 1518 0 0
 80 1511 0 0
 81 1517 0 0
 82 1514 0 0
 83 1514 0 0
 84 1511 0 0
 85 1517 0 0
 86 1513 0 0
 87 1517 0 0
 88 1508 0 0
 89 1514 0 0
 90 1512 0 0
 91 1512 0 0
 92 1514 0 0
 93 1508 0 0
 94 1512 0 0
 95 1512 0 0
 96 1507 0 0
 97 1516 0 0
 98 1508 0 0
 99 1510 0 0
 100 1513 0 0
 101 1511 0 0
 102 1513 0 0
 103 1513 0 0
 104 1512 0 0
 105 1517 0 0
 106 1509 0 0
 107 1518 0 0
 108 1512 0 0
 109 1514 0 0
 110 1513 0 0
 111 1519 0 0
 112 1516 0 0
 113 1512 0 0
 114 1508 0 0
 115 1519 0 0
 116 1509 0 0
 117 1512 0 0
 118 1511 0 0
 119 1512 0 0
 120 1506 0 0
 121 1512 0 0
 122 1508 0 0
 123 1518 0 0
 124 1513 0 0
 125 1509 0 0
 126 1514 0 0
 127 1516 0 0
 128 1514 0 0
 129 1510 0 0
 130 1510 0 0
 131 1511 0 0
 132 1513 0 0
 133 1510 0 0
 134 1519 0 0
 135 1517 0 0
 136 1509 0 0
 137 1508 0 0
 138 1509 0 0
 139 1509 0 0
 140 1508 0 0
 141 1513 0 0
 142 1510 0 0
 143 1512 0 0
 144 1509 0 0
 145 1505 0 0
 146 1504 0 0
 147 1506 0 0
 148 1512 0 0
 149 1510 0 0
 150 1508 0 0
 151 1510 0 0
 152 1504 0 0
 153 1514 0 0
 154 1513 0 0
 155 1511 0 0
 156 1502 0 0
 157 1506 0 0
 158 1510 0 0
 159 1513 0 0
 160 1512 0 0
 161 1507 0 0
 162 1507 0 0
 163 1504 0 0
 164 1505 0 0
 165 1509 0 0
 166 1511 0 0
 167 1514 0 0
 168 1508 0 0
 169 1512 0 0
 170 1510 0 0
 171 1515 0 0
 172 1502 0 0
 173 1510 0 0
 174 1511 0 0
 175 1509 0 0
 176 1510 0 0
 177 1507 0 0
 178 1508 0 0
 179 1504 0 0
 180 1506 0 0
 181 1506 0 0
 182 1509 0 0
 183 1513 0 0
 184 1507 0 0
 185 1514 0 0
 186 1511 0 0
 187 1505 0 0
 188 1499 0 0
 189 1506 0 0
 190 1506 0 0
 191 1505 0 0
 192 1512 0 0
 193 1511 0 0
 194 1510 0 0
 195 1508 0 0
 196 1507 0 0
 197 1507 0 0
 198 1506 0 0
 199 1510 0 0
 200 1505 0 0
 201 1509 0 0
 202 1502 0 0
 203 1514 0 0
 204 1510 0 0
 205 1514 0 0
 206 1514 0 0
 207 1506 0 0
 208 1504 0 0
 209 1512 0 0
 210 1502 0 0
 211 1509 0 0
 212 1507 0 0
 213 1502 0 0
 214 1504 0 0
 215 1512 0 0
 216 1504 0 0
 217 1510 0 0
 218 1508 0 0
 219 1505 0 0
 220 1510 0 0
 221 1512 0 0
 222 1505 0 0
 223 1512 0 0
 224 1504 0 0
 225 1515 0 0
 226 1512 0 0
 227 1502 0 0
 228 1511 0 0
 229 1512 0 0
 230 1510 0 0
 231 1511 0 0
 232 1514 0 0
 233 1504 0 0
 234 1513 0 0
 235 1514 0 0
 236 1502 0 0
 237 1512 0 0
 238 1506 0 0
 239 1513 0 0
 240 1513 0 0
 241 1514 0 0
 242 1511 0 0
 243 1507 0 0
 244 1508 0 0
 245 1511 0 0
 246 1509 0 0
 247 1509 0 0
 248 1518 0 0
 249 1505 0 0
 250 1502 0 0
 251 1509 0 0
 252 1501 0 0
 253 1505 0 0
 254 1496 0 0
 255 1560 0 0
[END] of [DATA]
[END] of [Spectrum]


#TBID:2021-05-06 03:00:00;SAM_84DC;CALIBRATED;

[Spectrum]
Version            = 1
IDData             = 96B1_2021-05-06_03-00-00_000_446
IDDevice           = SAM_84DC
IDDataType         = SPECTRUM
IDDataTypeSub1     = CALIBRATED
IDDataTypeSub2     = 
IDDataTypeSub3     = 
DateTime           = 2021-05-06 03:00:00
PositionLatitude   = 0
PositionLongitude  = 0
Comment            = 
CommentSub1        = 
CommentSub2        = 
CommentSub3        = 
IDMethodType       = SAM Control
MethodName         = SAM_84DC
Mission            = No Mission
MissionSub         = 1
RecordType         = 0
[Attributes]
CalFactor = 1
IDBasisSpec = 
IDDataBack = DLAB_2015-08-21_13-19-54_137_939
IDDataCal = DLAB_2015-08-24_10-46-55_592_608
IntegrationTime = 4096
P31 = -1
P31e = 0
PathLength = +INF
PathLengthCustomOn = 0
RAWDynamic = 65535
Salinity = 0
Temperature = -NAN
Unit1 = $01 $01 Wavelength nm
Unit2 = $03 $03 Intensity mW/(m^2 nm Sr)
Unit3 = $f0 $03 Error mW/(m^2 nm Sr)
Unit4 = $f1 $00 Status 
p999 = 943
[END] of [Attributes]
[DATA]
 0 11 0 0
 305.71650776488 0 0 0
 309.04007505697 0 0 0
 312.36416914304 0 0 0
 315.68877841375 0 0 0
 319.01389125976 0.000172503094408722 0 0
 322.33949607173 0.000215829458771206 0 0
 325.66558124032 0.000189049322334739 0 0
 328.99213515619 0.000295700346288681 0 0
 332.31914621 -1.27293514757306e-005 0 0
 335.64660279241 0.00013869989676431 0 0
 338.97449329408 0.000115549451665875 0 0
 342.30280610567 3.76721659728105e-005 0 0
 345.63152961784 0.000180879877870718 0 0
 348.96065222125 7.87745829495591e-005 0 0
 352.29016230656 5.6440272560731e-005 0 0
 355.62004826443 0.000164956037969226 0 0
 358.95029848552 0.000137843192554466 0 0
 362.28090136049 0.000124500100070827 0 0
 365.61184528 0.000191943218491645 0 0
 368.94311863471 0.00013759122894013 0 0
 372.27470981528 0.000143093302770412 0 0
 375.60660721237 0.000152851503297539 0 0
 378.93879921664 0.000206195316554355 0 0
 382.27127421875 0.000289831678437368 0 0
 385.60402060936 0.000347917322095215 0 0
 388.93702677913 0.000154274652207865 0 0
 392.27028111872 0.000320157195808149 0 0
 395.60377201879 0.000250342776259809 0 0
 398.93748787 0.000248281387821125 0 0
 402.27141706301 0.000191050272182376 0 0
 405.60554798848 0.000264489013153658 0 0
 408.93986903707 0.000208013517991734 0 0
 412.27436859944 0.000132860403119187 0 0
 415.60903506625 6.80010460875428e-005 0 0
 418.94385682816 0.000139317742445419 0 0
 422.27882227583 0.000135295323965616 0 0
 425.61391979992 0.000129947055000763 0 0
 428.94913779109 0.000138297258938643 0 0
 432.28446464 0.000101350927706966 0 0
 435.61988873731 6.45268157594816e-005 0 0
 438.95539847368 0.000134810118510719 0 0
 442.29098223977 0.00010786304260376 0 0
 445.62662842624 0.000135423685066013 0 0
 448.96232542375 0.000126030545570818 0 0
 452.29806162296 7.72885647538297e-005 0 0
 455.63382541453 6.49645614355055e-005 0 0
 458.96960518912 0.000104324777522473 0 0
 462.30538933739 0.000136817190501638 0 0
 465.64116625 8.32673004189444e-005 0 0
 468.97692431761 0.000167895672733533 0 0
 472.31265193088 3.29076909160556e-005 0 0
 475.64833748047 9.60803412768339e-005 0 0
 478.98396935704 8.18065851611511e-005 0 0
 482.31953595125 0.000168099186628787 0 0
 485.65502565376 0.000102097124779533 0 0
 488.99042685523 0.000130596296134015 0 0
 492.32572794632 0.000116946884592094 0 0
 495.66091731769 3.19580446209827e-005 0 0
 498.99598336 1.15002095357217e-005 0 0
 502.33091446391 0.000111474784594622 0 0
 505.66569902008 2.46887878224011e-005 0 0
 509.00032541917 9.13109781659525e-005 0 0
 512.33478205184 5.90264750433891e-005 0 0
 515.66905730875 7.79985680090758e-005 0 0
 519.00313958056 8.27743883470373e-005 0 0
 522.33701725793 0.000112921378120389 0 0
 525.67067873152 8.229386224743e-005 0 0
 529.00411239199 4.27597151320051e-005 0 0
 532.33730663 7.0634153437134e-005 0 0
 535.67024983621 5.94064826961787e-005 0 0
 539.00293040128 4.59594596948567e-005 0 0
 542.33533671587 7.92265996355873e-005 0 0
 545.66745717064 -1.7169346241718e-005 0 0
 548.99928015625 1.9077130534332e-005 0 0
 552.33079406336 8.95324703345258e-005 0 0
 555.66198728263 7.16066411780617e-005 0 0
 558.99284820472 9.29656309482158e-005 0 0
 562.32336522029 0.000105254701512474 0 0
 565.65352672 7.32499996629364e-005 0 0
 568.98332109451 7.10915996006827e-005 0 0
 572.31273673448 5.79165854627068e-005 0 0
 575.64176203057 0.000110176473708999 0 0
 578.97038537344 7.12583051553461e-005 0 0
 582.29859515375 0.000127548101713321 0 0
 585.62637976216 2.91263210064719e-005 0 0
 588.95372758933 5.26926971044975e-005 0 0
 592.28062702592 9.18620857636613e-005 0 0
 595.60706646259 3.72536821601666e-005 0 0
 598.93303429 2.73191014209957e-005 0 0
 602.25851889881 0.000139692409041093 0 0
 605.58350867968 4.92401071696334e-005 0 0
 608.90799202327 8.01520330980678e-005 0 0
 612.23195732024 6.15461563737982e-006 0 0
 615.55539296125 7.50344490397622e-006 0 0
 618.87828733696 2.05392113648711e-005 0 0
 622.20062883803 3.30202178857725e-005 0 0
 625.52240585512 4.42314311263091e-005 0 0
 628.84360677889 4.51123428579241e-005 0 0
 632.16422 3.00063602314236e-005 0 0
 635.48423390911 5.53230028060168e-005 0 0
 638.80363689688 9.41637745541621e-005 0 0
 642.12241735397 6.78791786048099e-005 0 0
 645.44056367104 0.000102921767743617 0 0
 648.75806423875 8.86722133248971e-005 0 0
 652.07490744776 0.000117492739494623 0 0
 655.39108168873 -1.30625030942623e-006 0 0
 658.70657535232 3.31650493090485e-005 0 0
 662.02137682919 4.72912245045088e-005 0 0
 665.33547451 7.05753430140668e-005 0 0
 668.64885678541 0.000116690562075079 0 0
 671.96151204608 0.000171690035280959 0 0
 675.27342868267 0.000135609832994602 0 0
 678.58459508584 0.000185644764963214 0 0
 681.89499964625 -3.65433529755195e-005 0 0
 685.20463075456 0.000129298750449248 0 0
 688.51347680143 4.75360703446246e-005 0 0
 691.82152617752 0.000114044920318242 0 0
 695.12876727349 0.000141953935320615 0 0
 698.43518848 0.000108320138880609 0 0
 701.74077818771 0.000157191443738629 0 0
 705.04552478728 -5.07352438238204e-005 0 0
 708.34941666937 7.91823058051899e-005 0 0
 711.65244222464 0.000157299049408862 0 0
 714.95458984375 5.33058439454076e-005 0 0
 718.25584791736 9.9208739197909e-005 0 0
 721.55620483613 7.766515293017e-005 0 0
 724.85564899072 0.000145170527533883 0 0
 728.15416877179 0.000172123866496499 0 0
 731.45175257 0.000102739180859577 0 0
 734.74838877601 -4.92686250186206e-005 0 0
 738.04406578048 0.000118588324011448 0 0
 741.33877197407 8.53670270668338e-005 0 0
 744.63249574744 6.02871782969536e-005 0 0
 747.92522549125 0.000303740542849351 0 0
 751.21694959616 0.000181055858857341 0 0
 754.50765645283 0.000165247443631244 0 0
 757.79733445192 -1.41846067485557e-007 0 0
 761.08597198409 0.000144813296888405 0 0
 764.37355744 6.87147411277509e-005 0 0
 767.66007921031 0.000113613510569267 0 0
 770.94552568568 7.66317390676674e-005 0 0
 774.22988525677 0.000176412592785948 0 0
 777.51314631424 0.00010938759363908 0 0
 780.79529724875 8.69445634763824e-005 0 0
 784.07632645096 0.000100359374406553 0 0
 787.35622231153 2.17670303951456e-005 0 0
 790.63497322112 4.39209702463984e-005 0 0
 793.91256757039 0.000103315925231465 0 0
 797.18899375 9.68765591259411e-005 0 0
 800.46424015061 0.000185692038323038 0 0
 803.73829516288 6.95730871702685e-005 0 0
 807.01114717747 -7.15338927384221e-005 0 0
 810.28278458504 0.000144225156921722 0 0
 813.55319577625 0.000192529032625618 0 0
 816.82236914176 0.000179687261541995 0 0
 820.09029307223 5.53334914934629e-006 0 0
 823.35695595832 -0.000176257215623711 0 0
 826.62234619069 0.000213204400980331 0 0
 829.88645216 0.00020736100768473 0 0
 833.14926225691 0.00019660152791733 0 0
 836.41076487208 0.000258686628708665 0 0
 839.67094839617 0.000450935082086382 0 0
 842.92980121984 8.73349827892017e-005 0 0
 846.18731173375 4.61498494263647e-005 0 0
 849.44346832856 0.000151549971438268 0 0
 852.69825939493 -3.71294709330594e-005 0 0
 855.95167332352 0.000316946000399344 0 0
 859.20369850499 6.05530029825772e-005 0 0
 862.45432333 0.000316686353580418 0 0
 865.70353618921 0.000251212097448219 0 0
 868.95132547328 0.000258290530749198 0 0
 872.19767957287 0.000287838356219085 0 0
 875.44258687864 6.80691769673415e-005 0 0
 878.68603578125 0.000364412041505258 0 0
 881.92801467136 0.000473179852095375 0 0
 885.16851193963 0.000261130047572782 0 0
 888.40751597672 0.000340119525883145 0 0
 891.64501517329 0.00015406569129169 0 0
 894.88099792 0.000343043721544735 0 0
 898.11545260751 0.000423702431729735 0 0
 901.34836762648 0.000493036499849161 0 0
 904.57973136757 0.000467697812323043 0 0
 907.80953222144 0.00086985917144292 0 0
 911.03775857875 0.000368544369081614 0 0
 914.26439883016 0.00112643441345479 0 0
 917.48944136633 0.000593512585143142 0 0
 920.71287457792 -0.00018818191933969 0 0
 923.93468685559 -0.000225238658427312 0 0
 927.15486659 0.00093216213076595 0 0
 930.37340217181 0.000659012125157796 0 0
 933.59028199168 8.92154023891743e-005 0 0
 936.80549444027 -0.00027313756923067 0 0
 940.01902790824 0.00069439418710146 0 0
 943.23087078625 0.00109622751006333 0 0
 946.44101146496 0.00152245766990225 0 0
 949.64943833503 -0.000699353047416239 0 0
 952.85613978712 0.000165648546354444 0 0
 956.06110421189 0 0 0
 959.26432 0 0 0
 962.46577554211 0 0 0
 965.66545922888 0 0 0
 968.86335945097 0 0 0
 972.05946459904 0 0 0
 975.25376306375 0 0 0
 978.44624323576 0 0 0
 981.63689350573 0 0 0
 984.82570226432 0 0 0
 988.01265790219 0 0 0
 991.19774881 0 0 0
 994.38096337841 0 0 0
 997.56228999808 0 0 0
 1000.74171705967 0 0 0
 1003.91923295384 0 0 0
 1007.09482607125 0 0 0
 1010.26848480256 0 0 0
 1013.44019753843 0 0 0
 1016.60995266952 0 0 0
 1019.77773858649 0 0 0
 1022.94354368 0 0 0
 1026.10735634071 0 0 0
 1029.26916495928 0 0 0
 1032.42895792637 0 0 0
 1035.58672363264 0 0 0
 1038.74245046875 0 0 0
 1041.89612682536 0 0 0
 1045.04774109313 0 0 0
 1048.19728166272 0 0 0
 1051.34473692479 0 0 0
 1054.49009527 0 0 0
 1057.63334508901 0 0 0
 1060.77447477248 0 0 0
 1063.91347271107 0 0 0
 1067.05032729544 0 0 0
 1070.18502691625 0 0 0
 1073.31755996416 0 0 0
 1076.44791482983 0 0 0
 1079.57607990392 0 0 0
 1082.70204357709 0 0 0
 1085.82579424 0 0 0
 1088.94732028331 0 0 0
 1092.06661009768 0 0 0
 1095.18365207377 0 0 0
 1098.29843460224 0 0 0
 1101.41094607375 0 0 0
 1104.52117487896 0 0 0
 1107.62910940853 0 0 0
 1110.73473805312 0 0 0
 1113.83804920339 0 0 0
 1116.93903125 0 0 0
 1120.03767258361 0 0 0
 1123.13396159488 0 0 0
 1126.22788667447 0 0 0
 1129.31943621304 0 0 0
 1132.40859860125 0 0 0
 1135.49536222976 0 0 0
[END] of [DATA]
[END] of [Spectrum]

