
#TBID:2021-08-08 02:30:00;SAM_84C8;CALIBRATED;

[Spectrum]
Version            = 1
IDData             = 96B1_2021-08-08_02-30-00_000_776
IDDevice           = SAM_84C8
IDDataType         = SPECTRUM
IDDataTypeSub1     = CALIBRATED
IDDataTypeSub2     = 
IDDataTypeSub3     = 
DateTime           = 2021-08-08 02:30:00
PositionLatitude   = 0
PositionLongitude  = 0
Comment            = 
CommentSub1        = 
CommentSub2        = 
CommentSub3        = 
IDMethodType       = SAM Control
MethodName         = SAM_84C8
Mission            = No Mission
MissionSub         = 1
RecordType         = 0
[Attributes]
CalFactor = 1
IDBasisSpec = 
IDDataBack = DLAB_2015-08-21_12-14-03_013_778
IDDataCal = DLAB_2015-08-24_11-04-47_772_747
IntegrationTime = 4096
P31 = -1
P31e = 0
PathLength = +INF
PathLengthCustomOn = 0
RAWDynamic = 65535
Salinity = 0
Temperature = -NAN
Unit1 = $01 $01 Wavelength nm
Unit2 = $03 $03 Intensity mW/(m^2 nm Sr)
Unit3 = $f0 $03 Error mW/(m^2 nm Sr)
Unit4 = $f1 $00 Status 
p999 = 1376
[END] of [Attributes]
[DATA]
 0 11 0 0
 303.516048156 0 0 0
 306.890006053 0 0 0
 310.26457112 0 0 0
 313.639731825 0 0 0
 317.015476636 -0.00107667744677443 0 0
 320.391794021 -0.00111259847299123 0 0
 323.768672448 -0.000797095464276158 0 0
 327.146100385 -0.000961404712544645 0 0
 330.5240663 -0.000664573506497355 0 0
 333.902558661 -0.000591240440021842 0 0
 337.281565936 -0.000695507469178529 0 0
 340.661076593 -0.000547870869200915 0 0
 344.0410791 -0.000449469811394431 0 0
 347.421561925 -0.000593841222953049 0 0
 350.802513536 -0.000407719869868248 0 0
 354.183922401 -0.000320471570782742 0 0
 357.565776988 -0.000227325589102299 0 0
 360.948065765 -0.000223439139503257 0 0
 364.3307772 -8.21171036071225e-005 0 0
 367.713899761 -0.000108005123813327 0 0
 371.097421916 -2.91828405507463e-005 0 0
 374.481332133 -5.57667771333137e-006 0 0
 377.86561888 -3.51437804603119e-005 0 0
 381.250270625 -3.08814590912387e-005 0 0
 384.635275836 -3.16081309775001e-006 0 0
 388.020622981 4.49728635014279e-005 0 0
 391.406300528 6.73627877530087e-005 0 0
 394.792296945 -1.18466588979404e-005 0 0
 398.1786007 5.47108222484042e-005 0 0
 401.565200261 -1.79540972000027e-005 0 0
 404.952084096 7.45587807395984e-005 0 0
 408.339240673 0.000123666920868652 0 0
 411.72665846 5.68317852785533e-006 0 0
 415.114325925 -4.1672005542171e-006 0 0
 418.502231536 0.000109128450682813 0 0
 421.890363761 3.94592667007402e-005 0 0
 425.278711068 8.60842685746127e-006 0 0
 428.667261925 -5.05361187850466e-005 0 0
 432.0560048 3.82889850744579e-005 0 0
 435.444928161 2.81792284006748e-005 0 0
 438.834020476 3.08646631277537e-005 0 0
 442.223270213 1.16119355275434e-005 0 0
 445.61266584 -2.89502495637706e-005 0 0
 449.002195825 5.17786554372917e-005 0 0
 452.391848636 -4.22916472025899e-006 0 0
 455.781612741 4.25256526695779e-005 0 0
 459.171476608 4.18551969108887e-005 0 0
 462.561428705 3.70109435483308e-005 0 0
 465.9514575 -8.85845645610499e-006 0 0
 469.341551461 3.59177524059661e-006 0 0
 472.731699056 1.612387209496e-005 0 0
 476.121888753 3.75851312718952e-005 0 0
 479.51210902 -3.52314833559968e-005 0 0
 482.902348325 6.43201507260297e-005 0 0
 486.292595136 8.93500405722514e-006 0 0
 489.682837921 -3.03545879988923e-005 0 0
 493.073065148 2.76546322470548e-005 0 0
 496.463265285 0.000124194269427093 0 0
 499.8534268 5.62701030336846e-005 0 0
 503.243538161 5.86150251451151e-005 0 0
 506.633587836 9.7180881887057e-005 0 0
 510.023564293 -1.29654696086909e-005 0 0
 513.413456 -3.39438093423774e-005 0 0
 516.803251425 2.57741665683352e-005 0 0
 520.192939036 5.54688415814213e-005 0 0
 523.582507301 3.85622590260072e-005 0 0
 526.971944688 -1.73977237614276e-005 0 0
 530.361239665 1.33938216949264e-005 0 0
 533.7503807 3.37170243502252e-005 0 0
 537.139356261 9.14820619358899e-005 0 0
 540.528154816 5.37824996032071e-005 0 0
 543.916764833 1.23222369816359e-005 0 0
 547.30517478 4.60040585614842e-006 0 0
 550.693373125 6.21484431275063e-005 0 0
 554.081348336 5.65670498322273e-005 0 0
 557.469088881 2.78129844593424e-005 0 0
 560.856583228 3.72875530820415e-005 0 0
 564.243819845 3.77497030894944e-005 0 0
 567.6307872 0.000100293355877612 0 0
 571.017473761 0.000119683240866664 0 0
 574.403867996 6.66686009153205e-005 0 0
 577.789958373 9.75349196263056e-006 0 0
 581.17573336 0.000109743680494959 0 0
 584.561181425 0.000105024736197805 0 0
 587.946291036 0.000116433969980583 0 0
 591.331050661 0.000103865339560054 0 0
 594.715448768 8.97358079778574e-005 0 0
 598.099473825 0.000101700414619633 0 0
 601.4831143 5.20965093124914e-005 0 0
 604.866358661 5.49900770391404e-005 0 0
 608.249195376 -2.03589819408858e-007 0 0
 611.631612913 5.45428679027228e-005 0 0
 615.01359974 0.000117420661376727 0 0
 618.395144325 8.58109893162136e-005 0 0
 621.776235136 7.61283979818044e-005 0 0
 625.156860641 6.42367551183055e-005 0 0
 628.537009308 0.000139191273095749 0 0
 631.916669605 0.000129077354038905 0 0
 635.29583 0.00017903007784821 0 0
 638.674478961 2.22564586921059e-005 0 0
 642.052604956 6.37077080931889e-005 0 0
 645.430196453 5.2208700609029e-006 0 0
 648.80724192 2.15014696001714e-005 0 0
 652.183729825 0.000110758424242106 0 0
 655.559648636 0.000140360791652052 0 0
 658.934986821 0.00012777731483338 0 0
 662.309732848 3.86366715614612e-005 0 0
 665.683875185 0.000165014977733469 0 0
 669.0574023 0.000184517561871179 0 0
 672.430302661 0.000119836082371431 0 0
 675.802564736 0.000103048276273346 0 0
 679.174176993 0.000111170990037514 0 0
 682.5451279 0.000266929681418415 0 0
 685.915405925 0.000210647686268292 0 0
 689.284999536 0.000120120891512238 0 0
 692.653897201 0.000219430058655202 0 0
 696.022087388 0.000145629024424271 0 0
 699.389558565 0.000282091677973835 0 0
 702.7562992 0.000135185224194121 0 0
 706.122297761 0.00017076276440151 0 0
 709.487542716 0.000192466280156961 0 0
 712.852022533 0.000263790249674994 0 0
 716.21572568 0.000229081733001863 0 0
 719.578640625 0.000139879255925827 0 0
 722.940755836 0.000194518880817857 0 0
 726.302059781 0.000219638892080248 0 0
 729.662540928 0.000169277299143045 0 0
 733.022187745 0.000271659222104765 0 0
 736.3809887 0.000220876861972826 0 0
 739.738932261 0.000310381593394249 0 0
 743.096006896 0.000211101592000965 0 0
 746.452201073 0.000220635693159446 0 0
 749.80750326 -6.02031022169251e-005 0 0
 753.161901925 0.000227135657712862 0 0
 756.515385536 0.000235073480464843 0 0
 759.867942561 0.000225337461118617 0 0
 763.219561468 0.000225529591771354 0 0
 766.570230725 0.000354852125193829 0 0
 769.9199388 0.000110141153851253 0 0
 773.268674161 0.000242964547718606 0 0
 776.616425276 0.000308067130771556 0 0
 779.963180613 0.00032413799076908 0 0
 783.30892864 0.000216077982713818 0 0
 786.653657825 0.000270308978487157 0 0
 789.997356636 0.000309203845886929 0 0
 793.340013541 9.41234380162359e-005 0 0
 796.681617008 0.000366677369051358 0 0
 800.022155505 0.000349492684019858 0 0
 803.3616175 0.000263482347327939 0 0
 806.699991461 0.000176712901108334 0 0
 810.037265856 0.000240314486211039 0 0
 813.373429153 0.000324202370900988 0 0
 816.70846982 0.0002077210543209 0 0
 820.042376325 0.000623276424907187 0 0
 823.375137136 0.000521894223110346 0 0
 826.706740721 0.00036422740757349 0 0
 830.037175548 0.000472699597782287 0 0
 833.366430085 0.000426187398293806 0 0
 836.6944928 0.000273937118318897 0 0
 840.021352161 0.000425892528109951 0 0
 843.346996636 0.000628390507108671 0 0
 846.671414693 0.000180633867299602 0 0
 849.9945948 0.000696160534699288 0 0
 853.316525425 0.00085824773763602 0 0
 856.637195036 0.000484003439690333 0 0
 859.956592101 0.000610057424244659 0 0
 863.274705088 0.000521023951767906 0 0
 866.591522465 0.000818645981180279 0 0
 869.9070327 0.00135246834697345 0 0
 873.221224261 0.00139777128639624 0 0
 876.534085616 0.000747362586844718 0 0
 879.845605233 0.000578307094089171 0 0
 883.15577158 0.00134717081321636 0 0
 886.464573125 0.000697457271339194 0 0
 889.771998336 0.00103240552863314 0 0
 893.078035681 0.00139836245304504 0 0
 896.382673628 0.00065327232523334 0 0
 899.685900645 0.00125576544328543 0 0
 902.9877052 0.00149027157421511 0 0
 906.288075761 0.00119531746276581 0 0
 909.587000796 0.00114110089197284 0 0
 912.884468773 0.000963279546341628 0 0
 916.18046816 0.000990483600679445 0 0
 919.474987425 0.00130958404063662 0 0
 922.768015036 0.00204407832856589 0 0
 926.059539461 0.00106437702619237 0 0
 929.349549168 0.00127438815803271 0 0
 932.638032625 0.00202638469977609 0 0
 935.9249783 0.00153062485002469 0 0
 939.210374661 0.0025167573192713 0 0
 942.494210176 0.00191711249004181 0 0
 945.776473313 0.00125000394277497 0 0
 949.05715254 0.00281877708778644 0 0
 952.336236325 0.00322905265959092 0 0
 955.613713136 0 0 0
 958.889571441 0 0 0
 962.163799708 0 0 0
 965.436386405 0 0 0
 968.70732 0 0 0
 971.976588961 0 0 0
 975.244181756 0 0 0
 978.510086853 0 0 0
 981.77429272 0 0 0
 985.036787825 0 0 0
 988.297560636 0 0 0
 991.556599621 0 0 0
 994.813893248 0 0 0
 998.069429985 0 0 0
 1001.3231983 0 0 0
 1004.575186661 0 0 0
 1007.825383536 0 0 0
 1011.073777393 0 0 0
 1014.3203567 0 0 0
 1017.565109925 0 0 0
 1020.808025536 0 0 0
 1024.049092001 0 0 0
 1027.288297788 0 0 0
 1030.525631365 0 0 0
 1033.7610812 0 0 0
 1036.994635761 0 0 0
 1040.226283516 0 0 0
 1043.456012933 0 0 0
 1046.68381248 0 0 0
 1049.909670625 0 0 0
 1053.133575836 0 0 0
 1056.355516581 0 0 0
 1059.575481328 0 0 0
 1062.793458545 0 0 0
 1066.0094367 0 0 0
 1069.223404261 0 0 0
 1072.435349696 0 0 0
 1075.645261473 0 0 0
 1078.85312806 0 0 0
 1082.058937925 0 0 0
 1085.262679536 0 0 0
 1088.464341361 0 0 0
 1091.663911868 0 0 0
 1094.861379525 0 0 0
 1098.0567328 0 0 0
 1101.249960161 0 0 0
 1104.441050076 0 0 0
 1107.629991013 0 0 0
 1110.81677144 0 0 0
 1114.001379825 0 0 0
 1117.183804636 0 0 0
 1120.364034341 0 0 0
 1123.542057408 0 0 0
 1126.717862305 0 0 0
 1129.8914375 0 0 0
 1133.062771461 0 0 0
 1136.231852656 0 0 0
 1139.398669553 0 0 0
 1142.56321062 0 0 0
 1145.725464325 0 0 0
 1148.885419136 0 0 0
[END] of [DATA]
[END] of [Spectrum]


#TBID:2021-08-08 03:00:00;SAM_84DC;RAW;

[Spectrum]
Version            = 1
IDData             = 96B1_2021-08-08_03-00-00_000_779
IDDevice           = SAM_84DC
IDDataType         = SPECTRUM
IDDataTypeSub1     = RAW
IDDataTypeSub2     = 
IDDataTypeSub3     = 
DateTime           = 2021-08-08 03:00:00
PositionLatitude   = 0
PositionLongitude  = 0
Comment            = 
CommentSub1        = 
CommentSub2        = 
CommentSub3        = 
IDMethodType       = SAM Control
MethodName         = SAM_84DC
Mission            = No Mission
MissionSub         = 1
RecordType         = 0
[Attributes]
CalFactor = 1
IDBasisSpec = 
IDDataBack = DLAB_2015-08-21_13-19-54_137_939
IDDataCal = DLAB_2015-08-24_10-46-55_592_608
IntegrationTime = 4096
P31 = -1
P31e = 0
PathLength = +INF
PathLengthCustomOn = 0
RAWDynamic = 65535
Salinity = 0
Temperature = -NAN
Unit1 = $05 $00 Pixel 
Unit2 = $03 $05 Intensity counts
Unit3 = $f0 $05 Error counts
Unit4 = $f1 $00 Status 
p999 = 1377
[END] of [Attributes]
[DATA]
 0 11 0 0
 1 1645 0 0
 2 1631 0 0
 3 1652 0 0
 4 1659 0 0
 5 1650 0 0
 6 1648 0 0
 7 1657 0 0
 8 1661 0 0
 9 1664 0 0
 10 1656 0 0
 11 1661 0 0
 12 1656 0 0
 13 1658 0 0
 14 1669 0 0
 15 1653 0 0
 16 1661 0 0
 17 1666 0 0
 18 1663 0 0
 19 1666 0 0
 20 1664 0 0
 21 1659 0 0
 22 1670 0 0
 23 1674 0 0
 24 1675 0 0
 25 1673 0 0
 26 1678 0 0
 27 1678 0 0
 28 1668 0 0
 29 1676 0 0
 30 1669 0 0
 31 1676 0 0
 32 1675 0 0
 33 1670 0 0
 34 1674 0 0
 35 1673 0 0
 36 1681 0 0
 37 1678 0 0
 38 1674 0 0
 39 1672 0 0
 40 1679 0 0
 41 1675 0 0
 42 1678 0 0
 43 1676 0 0
 44 1678 0 0
 45 1686 0 0
 46 1680 0 0
 47 1678 0 0
 48 1670 0 0
 49 1674 0 0
 50 1676 0 0
 51 1674 0 0
 52 1674 0 0
 53 1672 0 0
 54 1673 0 0
 55 1683 0 0
 56 1678 0 0
 57 1679 0 0
 58 1679 0 0
 59 1690 0 0
 60 1682 0 0
 61 1684 0 0
 62 1675 0 0
 63 1678 0 0
 64 1675 0 0
 65 1675 0 0
 66 1673 0 0
 67 1677 0 0
 68 1682 0 0
 69 1675 0 0
 70 1681 0 0
 71 1681 0 0
 72 1674 0 0
 73 1682 0 0
 74 1680 0 0
 75 1678 0 0
 76 1679 0 0
 77 1684 0 0
 78 1673 0 0
 79 1684 0 0
 80 1679 0 0
 81 1681 0 0
 82 1673 0 0
 83 1683 0 0
 84 1667 0 0
 85 1687 0 0
 86 1682 0 0
 87 1674 0 0
 88 1670 0 0
 89 1677 0 0
 90 1669 0 0
 91 1672 0 0
 92 1667 0 0
 93 1670 0 0
 94 1674 0 0
 95 1669 0 0
 96 1666 0 0
 97 1670 0 0
 98 1671 0 0
 99 1672 0 0
 100 1674 0 0
 101 1669 0 0
 102 1672 0 0
 103 1673 0 0
 104 1678 0 0
 105 1674 0 0
 106 1675 0 0
 107 1687 0 0
 108 1675 0 0
 109 1679 0 0
 110 1676 0 0
 111 1681 0 0
 112 1683 0 0
 113 1678 0 0
 114 1677 0 0
 115 1686 0 0
 116 1677 0 0
 117 1679 0 0
 118 1678 0 0
 119 1682 0 0
 120 1673 0 0
 121 1684 0 0
 122 1674 0 0
 123 1685 0 0
 124 1684 0 0
 125 1673 0 0
 126 1681 0 0
 127 1682 0 0
 128 1678 0 0
 129 1677 0 0
 130 1684 0 0
 131 1682 0 0
 132 1687 0 0
 133 1681 0 0
 134 1680 0 0
 135 1685 0 0
 136 1677 0 0
 137 1680 0 0
 138 1676 0 0
 139 1684 0 0
 140 1680 0 0
 141 1687 0 0
 142 1678 0 0
 143 1681 0 0
 144 1683 0 0
 145 1678 0 0
 146 1679 0 0
 147 1683 0 0
 148 1682 0 0
 149 1685 0 0
 150 1682 0 0
 151 1683 0 0
 152 1684 0 0
 153 1686 0 0
 154 1682 0 0
 155 1679 0 0
 156 1678 0 0
 157 1686 0 0
 158 1681 0 0
 159 1686 0 0
 160 1681 0 0
 161 1680 0 0
 162 1676 0 0
 163 1676 0 0
 164 1686 0 0
 165 1682 0 0
 166 1687 0 0
 167 1688 0 0
 168 1683 0 0
 169 1683 0 0
 170 1682 0 0
 171 1686 0 0
 172 1679 0 0
 173 1688 0 0
 174 1678 0 0
 175 1680 0 0
 176 1681 0 0
 177 1682 0 0
 178 1682 0 0
 179 1681 0 0
 180 1683 0 0
 181 1683 0 0
 182 1681 0 0
 183 1682 0 0
 184 1684 0 0
 185 1684 0 0
 186 1683 0 0
 187 1682 0 0
 188 1683 0 0
 189 1681 0 0
 190 1686 0 0
 191 1684 0 0
 192 1692 0 0
 193 1684 0 0
 194 1686 0 0
 195 1684 0 0
 196 1688 0 0
 197 1682 0 0
 198 1675 0 0
 199 1693 0 0
 200 1685 0 0
 201 1695 0 0
 202 1683 0 0
 203 1691 0 0
 204 1689 0 0
 205 1692 0 0
 206 1695 0 0
 207 1692 0 0
 208 1683 0 0
 209 1689 0 0
 210 1684 0 0
 211 1691 0 0
 212 1684 0 0
 213 1681 0 0
 214 1686 0 0
 215 1693 0 0
 216 1695 0 0
 217 1697 0 0
 218 1693 0 0
 219 1684 0 0
 220 1695 0 0
 221 1696 0 0
 222 1689 0 0
 223 1698 0 0
 224 1689 0 0
 225 1701 0 0
 226 1692 0 0
 227 1688 0 0
 228 1702 0 0
 229 1692 0 0
 230 1702 0 0
 231 1700 0 0
 232 1698 0 0
 233 1692 0 0
 234 1698 0 0
 235 1701 0 0
 236 1694 0 0
 237 1702 0 0
 238 1695 0 0
 239 1703 0 0
 240 1702 0 0
 241 1704 0 0
 242 1699 0 0
 243 1699 0 0
 244 1700 0 0
 245 1704 0 0
 246 1704 0 0
 247 1705 0 0
 248 1706 0 0
 249 1694 0 0
 250 1697 0 0
 251 1698 0 0
 252 1691 0 0
 253 1681 0 0
 254 1675 0 0
 255 1733 0 0
[END] of [DATA]
[END] of [Spectrum]


#TBID:2021-08-08 03:00:00;SAM_84DC;CALIBRATED;

[Spectrum]
Version            = 1
IDData             = 96B1_2021-08-08_03-00-00_000_780
IDDevice           = SAM_84DC
IDDataType         = SPECTRUM
IDDataTypeSub1     = CALIBRATED
IDDataTypeSub2     = 
IDDataTypeSub3     = 
DateTime           = 2021-08-08 03:00:00
PositionLatitude   = 0
PositionLongitude  = 0
Comment            = 
CommentSub1        = 
CommentSub2        = 
CommentSub3        = 
IDMethodType       = SAM Control
MethodName         = SAM_84DC
Mission            = No Mission
MissionSub         = 1
RecordType         = 0
[Attributes]
CalFactor = 1
IDBasisSpec = 
IDDataBack = DLAB_2015-08-21_13-19-54_137_939
IDDataCal = DLAB_2015-08-24_10-46-55_592_608
IntegrationTime = 4096
P31 = -1
P31e = 0
PathLength = +INF
PathLengthCustomOn = 0
RAWDynamic = 65535
Salinity = 0
Temperature = -NAN
Unit1 = $01 $01 Wavelength nm
Unit2 = $03 $03 Intensity mW/(m^2 nm Sr)
Unit3 = $f0 $03 Error mW/(m^2 nm Sr)
Unit4 = $f1 $00 Status 
p999 = 1377
[END] of [Attributes]
[DATA]
 0 11 0 0
 305.71650776488 0 0 0
 309.04007505697 0 0 0
 312.36416914304 0 0 0
 315.68877841375 0 0 0
 319.01389125976 -0.00147352604666617 0 0
 322.33949607173 -0.00119617093244769 0 0
 325.66558124032 -0.00121680567089783 0 0
 328.99213515619 -0.000911453826847731 0 0
 332.31914621 -0.000891177022896648 0 0
 335.64660279241 -0.000975291414117554 0 0
 338.97449329408 -0.000827749754062361 0 0
 342.30280610567 -0.000719221735146275 0 0
 345.63152961784 -0.00062714554608202 0 0
 348.96065222125 -0.000555332061141123 0 0
 352.29016230656 -0.000546748473596692 0 0
 355.62004826443 -0.0005277206276723 0 0
 358.95029848552 -0.000511690418321928 0 0
 362.28090136049 -0.000417508204969306 0 0
 365.61184528 -0.000410314423799137 0 0
 368.94311863471 -0.000410425549852996 0 0
 372.27470981528 -0.000463254580184825 0 0
 375.60660721237 -0.000435153792606726 0 0
 378.93879921664 -0.000354792825749774 0 0
 382.27127421875 -0.000318326038584245 0 0
 385.60402060936 -0.000220474460199909 0 0
 388.93702677913 -0.000249514783673919 0 0
 392.27028111872 -0.000248373080066013 0 0
 395.60377201879 -0.000300084037930839 0 0
 398.93748787 -0.000136372327848524 0 0
 402.27141706301 -0.000226459661665848 0 0
 405.60554798848 -0.000260811869682401 0 0
 408.93986903707 -0.000225076911060599 0 0
 412.27436859944 -0.000216145675133452 0 0
 415.60903506625 -0.000232901049233918 0 0
 418.94385682816 -0.000155847992741184 0 0
 422.27882227583 -0.000178886932946573 0 0
 425.61391979992 -0.000180384929918302 0 0
 428.94913779109 -0.00018124074355582 0 0
 432.28446464 -0.000156169684615828 0 0
 435.61988873731 -0.000208720898604287 0 0
 438.95539847368 -0.000177018120199296 0 0
 442.29098223977 -0.000132713676445057 0 0
 445.62662842624 -0.000180899274118884 0 0
 448.96232542375 -0.000185958594506392 0 0
 452.29806162296 -9.06243807451241e-005 0 0
 455.63382541453 -0.000208263789429235 0 0
 458.96960518912 -0.000256826540887991 0 0
 462.30538933739 -0.000256763830490353 0 0
 465.64116625 -0.000222461277666241 0 0
 468.97692431761 -0.00017909793359556 0 0
 472.31265193088 -0.000231129003403443 0 0
 475.64833748047 -0.000244158217226539 0 0
 478.98396935704 -0.000235571154187301 0 0
 482.31953595125 -0.000227636602831253 0 0
 485.65502565376 -0.000157760129874098 0 0
 488.99042685523 -0.000195273029092815 0 0
 492.32572794632 -0.000236439328365333 0 0
 495.66091731769 -0.000231585620552898 0 0
 498.99598336 -0.000173829584517267 0 0
 502.33091446391 -0.000185992623803676 0 0
 505.66569902008 -0.000193353338544503 0 0
 509.00032541917 -0.00020812469800115 0 0
 512.33478205184 -0.00020976399990603 0 0
 515.66905730875 -0.000254092444011902 0 0
 519.00313958056 -0.00020613946377105 0 0
 522.33701725793 -0.000134945529332416 0 0
 525.67067873152 -0.000212889011507455 0 0
 529.00411239199 -0.000171931379724691 0 0
 532.33730663 -0.000191629171155982 0 0
 535.67024983621 -0.000179087586650049 0 0
 539.00293040128 -0.000210786266020906 0 0
 542.33533671587 -0.000207212170009992 0 0
 545.66745717064 -0.000173090056687396 0 0
 548.99928015625 -0.000208925189775674 0 0
 552.33079406336 -0.000150957275924896 0 0
 555.66198728263 -0.000202954797011648 0 0
 558.99284820472 -0.000143545450564927 0 0
 562.32336522029 -0.000188966497331588 0 0
 565.65352672 -0.000182703623871517 0 0
 568.98332109451 -0.000167695014622629 0 0
 572.31273673448 -0.00023158065130081 0 0
 575.64176203057 -0.000243891262427021 0 0
 578.97038537344 -0.00017189840599373 0 0
 582.29859515375 -0.000279441282855262 0 0
 585.62637976216 -0.00021288175874137 0 0
 588.95372758933 -0.000207386637317509 0 0
 592.28062702592 -0.000330085266573557 0 0
 595.60706646259 -0.000327546431774006 0 0
 598.93303429 -0.000331533249987652 0 0
 602.25851889881 -0.000309441403450058 0 0
 605.58350867968 -0.000365395205379724 0 0
 608.90799202327 -0.00044168076621751 0 0
 612.23195732024 -0.000393091278526689 0 0
 615.55539296125 -0.000397150326398667 0 0
 618.87828733696 -0.000462306652763564 0 0
 622.20062883803 -0.000424509283114054 0 0
 625.52240585512 -0.000496017389406435 0 0
 628.84360677889 -0.000366753440882892 0 0
 632.16422 -0.000409063581415046 0 0
 635.48423390911 -0.000413123171894133 0 0
 638.80363689688 -0.000438814006384336 0 0
 642.12241735397 -0.00046171924683959 0 0
 645.44056367104 -0.000420097259742722 0 0
 648.75806423875 -0.00033528980070061 0 0
 652.07490744776 -0.000477858682401233 0 0
 655.39108168873 -0.000436180256345796 0 0
 658.70657535232 -0.000349774531025457 0 0
 662.02137682919 -0.0004512979402846 0 0
 665.33547451 -0.000392343939930365 0 0
 668.64885678541 -0.00038582460969447 0 0
 671.96151204608 -0.000350157103433407 0 0
 675.27342868267 -0.000291130005740037 0 0
 678.58459508584 -0.000260958808630663 0 0
 681.89499964625 -0.000429064826435898 0 0
 685.20463075456 -0.00030684466257655 0 0
 688.51347680143 -0.000374290753149345 0 0
 691.82152617752 -0.000332268395730633 0 0
 695.12876727349 -0.000309101392848809 0 0
 698.43518848 -0.000286640388339382 0 0
 701.74077818771 -0.000302784326556633 0 0
 705.04552478728 -0.000410792820015579 0 0
 708.34941666937 -0.000407577899039714 0 0
 711.65244222464 -0.000310982615243514 0 0
 714.95458984375 -0.000333063749695055 0 0
 718.25584791736 -0.000435451653918239 0 0
 721.55620483613 -0.000394822338107811 0 0
 724.85564899072 -0.000349368312901843 0 0
 728.15416877179 -0.000366286279870709 0 0
 731.45175257 -0.000374269981029231 0 0
 734.74838877601 -0.000379631747366026 0 0
 738.04406578048 -0.00027949474458502 0 0
 741.33877197407 -0.000251711250556685 0 0
 744.63249574744 -0.000347471707956629 0 0
 747.92522549125 -0.000334303972467763 0 0
 751.21694959616 -0.000306832159117425 0 0
 754.50765645283 -0.00033000977688273 0 0
 757.79733445192 -0.000408877562372215 0 0
 761.08597198409 -0.000388082516498878 0 0
 764.37355744 -0.000278869445569143 0 0
 767.66007921031 -0.000311807545868277 0 0
 770.94552568568 -0.000305446681078699 0 0
 774.22988525677 -0.000363008711256692 0 0
 777.51314631424 -0.000414629973198755 0 0
 780.79529724875 -0.000317898158175774 0 0
 784.07632645096 -0.000342320297719132 0 0
 787.35622231153 -0.000379014373408713 0 0
 790.63497322112 -0.000312728268897743 0 0
 793.91256757039 -0.000473942143799388 0 0
 797.18899375 -0.000348075386333847 0 0
 800.46424015061 -0.000308114870700903 0 0
 803.73829516288 -0.000476331635992314 0 0
 807.01114717747 -0.000396841809243688 0 0
 810.28278458504 -0.000479697374851306 0 0
 813.55319577625 -0.000566594698413118 0 0
 816.82236914176 -0.000646214133267327 0 0
 820.09029307223 -0.000531971387704071 0 0
 823.35695595832 -0.000568522182618367 0 0
 826.62234619069 -0.000582845860242464 0 0
 829.88645216 -0.0005317101203361 0 0
 833.14926225691 -0.00075985624989823 0 0
 836.41076487208 -0.000542801188007367 0 0
 839.67094839617 -0.000590203490567336 0 0
 842.92980121984 -0.000841490215520321 0 0
 846.18731173375 -0.000424412201410407 0 0
 849.44346832856 -0.000808113097461139 0 0
 852.69825939493 -0.000858427018122322 0 0
 855.95167332352 -0.000669997383303296 0 0
 859.20369850499 -0.000904082602118039 0 0
 862.45432333 -0.00096949379234401 0 0
 865.70353618921 -0.00101577984247639 0 0
 868.95132547328 -0.00113733133248816 0 0
 872.19767957287 -0.000690699687953923 0 0
 875.44258687864 -0.000866366853106976 0 0
 878.68603578125 -0.0015356211217495 0 0
 881.92801467136 -0.00114337002345763 0 0
 885.16851193963 -0.00141103670121245 0 0
 888.40751597672 -0.00101495963588589 0 0
 891.64501517329 -0.00134301804851637 0 0
 894.88099792 -0.000904811561193031 0 0
 898.11545260751 -0.000868991579233318 0 0
 901.34836762648 -0.000847693113910057 0 0
 904.57973136757 -0.00148452447246106 0 0
 907.80953222144 -0.00151202369429833 0 0
 911.03775857875 -0.00113771310267055 0 0
 914.26439883016 -0.00132654288274063 0 0
 917.48944136633 -0.00170042016394309 0 0
 920.71287457792 -0.00189446788639018 0 0
 923.93468685559 -0.00100700152814174 0 0
 927.15486659 -0.00123858719760493 0 0
 930.37340217181 -0.000829968185709414 0 0
 933.59028199168 -0.00164142974274952 0 0
 936.80549444027 -0.00192078729800869 0 0
 940.01902790824 -0.00232164408375997 0 0
 943.23087078625 -0.00151090550911822 0 0
 946.44101146496 -0.00121966048082258 0 0
 949.64943833503 -0.00250538552842529 0 0
 952.85613978712 -0.00305742505410962 0 0
 956.06110421189 0 0 0
 959.26432 0 0 0
 962.46577554211 0 0 0
 965.66545922888 0 0 0
 968.86335945097 0 0 0
 972.05946459904 0 0 0
 975.25376306375 0 0 0
 978.44624323576 0 0 0
 981.63689350573 0 0 0
 984.82570226432 0 0 0
 988.01265790219 0 0 0
 991.19774881 0 0 0
 994.38096337841 0 0 0
 997.56228999808 0 0 0
 1000.74171705967 0 0 0
 1003.91923295384 0 0 0
 1007.09482607125 0 0 0
 1010.26848480256 0 0 0
 1013.44019753843 0 0 0
 1016.60995266952 0 0 0
 1019.77773858649 0 0 0
 1022.94354368 0 0 0
 1026.10735634071 0 0 0
 1029.26916495928 0 0 0
 1032.42895792637 0 0 0
 1035.58672363264 0 0 0
 1038.74245046875 0 0 0
 1041.89612682536 0 0 0
 1045.04774109313 0 0 0
 1048.19728166272 0 0 0
 1051.34473692479 0 0 0
 1054.49009527 0 0 0
 1057.63334508901 0 0 0
 1060.77447477248 0 0 0
 1063.91347271107 0 0 0
 1067.05032729544 0 0 0
 1070.18502691625 0 0 0
 1073.31755996416 0 0 0
 1076.44791482983 0 0 0
 1079.57607990392 0 0 0
 1082.70204357709 0 0 0
 1085.82579424 0 0 0
 1088.94732028331 0 0 0
 1092.06661009768 0 0 0
 1095.18365207377 0 0 0
 1098.29843460224 0 0 0
 1101.41094607375 0 0 0
 1104.52117487896 0 0 0
 1107.62910940853 0 0 0
 1110.73473805312 0 0 0
 1113.83804920339 0 0 0
 1116.93903125 0 0 0
 1120.03767258361 0 0 0
 1123.13396159488 0 0 0
 1126.22788667447 0 0 0
 1129.31943621304 0 0 0
 1132.40859860125 0 0 0
 1135.49536222976 0 0 0
[END] of [DATA]
[END] of [Spectrum]


#TBID:2021-08-08 03:00:00;SAM_84CE;RAW;

[Spectrum]
Version            = 1
IDData             = 96B1_2021-08-08_03-00-00_000_782
IDDevice           = SAM_84CE
IDDataType         = SPECTRUM
IDDataTypeSub1     = RAW
IDDataTypeSub2     = 
IDDataTypeSub3     = 
DateTime           = 2021-08-08 03:00:00
PositionLatitude   = 0
PositionLongitude  = 0
Comment            = 
CommentSub1        = 
CommentSub2        = 
CommentSub3        = 
IDMethodType       = SAM Control
MethodName         = SAM_84CE
Mission            = No Mission
MissionSub         = 1
RecordType         = 0
[Attributes]
CalFactor = 1
IDBasisSpec = 
IDDataBack = DLAB_2015-08-21_11-56-43_233_004
IDDataCal = DLAB_2015-08-26_10-05-37_585_478
IntegrationTime = 4096
P31 = -1
P31e = 0
PathLength = +INF
PathLengthCustomOn = 0
RAWDynamic = 65535
Salinity = 0
Temperature = -NAN
Unit1 = $05 $00 Pixel 
Unit2 = $03 $05 Intensity counts
Unit3 = $f0 $05 Error counts
Unit4 = $f1 $00 Status 
p999 = 1377
[END] of [Attributes]
[DATA]
 0 11 0 0
 1 1576 0 0
 2 1582 0 0
 3 1585 0 0
 4 1594 0 0
 5 1596 0 0
 6 1597 0 0
 7 1589 0 0
 8 1600 0 0
 9 1604 0 0
 10 1603 0 0
 11 1605 0 0
 12 1601 0 0
 13 1604 0 0
 14 1607 0 0
 15 1604 0 0
 16 1601 0 0
 17 1600 0 0
 18 1604 0 0
 19 1603 0 0
 20 1606 0 0
 21 1607 0 0
 22 1606 0 0
 23 1624 0 0
 24 1612 0 0
 25 1614 0 0
 26 1622 0 0
 27 1614 0 0
 28 1616 0 0
 29 1610 0 0
 30 1609 0 0
 31 1615 0 0
 32 1613 0 0
 33 1610 0 0
 34 1609 0 0
 35 1609 0 0
 36 1615 0 0
 37 1608 0 0
 38 1611 0 0
 39 1618 0 0
 40 1610 0 0
 41 1610 0 0
 42 1609 0 0
 43 1613 0 0
 44 1610 0 0
 45 1608 0 0
 46 1613 0 0
 47 1614 0 0
 48 1609 0 0
 49 1615 0 0
 50 1612 0 0
 51 1606 0 0
 52 1607 0 0
 53 1604 0 0
 54 1613 0 0
 55 1606 0 0
 56 1606 0 0
 57 1603 0 0
 58 1609 0 0
 59 1600 0 0
 60 1605 0 0
 61 1605 0 0
 62 1607 0 0
 63 1611 0 0
 64 1612 0 0
 65 1604 0 0
 66 1612 0 0
 67 1602 0 0
 68 1610 0 0
 69 1606 0 0
 70 1593 0 0
 71 1602 0 0
 72 1609 0 0
 73 1607 0 0
 74 1604 0 0
 75 1599 0 0
 76 1611 0 0
 77 1606 0 0
 78 1601 0 0
 79 1605 0 0
 80 1612 0 0
 81 1610 0 0
 82 1604 0 0
 83 1600 0 0
 84 1603 0 0
 85 1601 0 0
 86 1604 0 0
 87 1606 0 0
 88 1603 0 0
 89 1595 0 0
 90 1610 0 0
 91 1609 0 0
 92 1605 0 0
 93 1604 0 0
 94 1600 0 0
 95 1597 0 0
 96 1598 0 0
 97 1608 0 0
 98 1604 0 0
 99 1607 0 0
 100 1606 0 0
 101 1604 0 0
 102 1609 0 0
 103 1607 0 0
 104 1602 0 0
 105 1606 0 0
 106 1606 0 0
 107 1604 0 0
 108 1602 0 0
 109 1612 0 0
 110 1600 0 0
 111 1612 0 0
 112 1609 0 0
 113 1605 0 0
 114 1609 0 0
 115 1601 0 0
 116 1601 0 0
 117 1606 0 0
 118 1608 0 0
 119 1608 0 0
 120 1605 0 0
 121 1600 0 0
 122 1608 0 0
 123 1603 0 0
 124 1598 0 0
 125 1604 0 0
 126 1605 0 0
 127 1600 0 0
 128 1604 0 0
 129 1599 0 0
 130 1598 0 0
 131 1609 0 0
 132 1602 0 0
 133 1609 0 0
 134 1602 0 0
 135 1601 0 0
 136 1604 0 0
 137 1608 0 0
 138 1597 0 0
 139 1606 0 0
 140 1594 0 0
 141 1599 0 0
 142 1600 0 0
 143 1599 0 0
 144 1602 0 0
 145 1605 0 0
 146 1604 0 0
 147 1599 0 0
 148 1603 0 0
 149 1603 0 0
 150 1597 0 0
 151 1592 0 0
 152 1599 0 0
 153 1598 0 0
 154 1600 0 0
 155 1600 0 0
 156 1596 0 0
 157 1598 0 0
 158 1602 0 0
 159 1601 0 0
 160 1603 0 0
 161 1607 0 0
 162 1599 0 0
 163 1597 0 0
 164 1601 0 0
 165 1593 0 0
 166 1596 0 0
 167 1602 0 0
 168 1599 0 0
 169 1597 0 0
 170 1595 0 0
 171 1604 0 0
 172 1602 0 0
 173 1600 0 0
 174 1595 0 0
 175 1600 0 0
 176 1600 0 0
 177 1598 0 0
 178 1600 0 0
 179 1597 0 0
 180 1600 0 0
 181 1603 0 0
 182 1595 0 0
 183 1587 0 0
 184 1590 0 0
 185 1593 0 0
 186 1596 0 0
 187 1601 0 0
 188 1599 0 0
 189 1594 0 0
 190 1596 0 0
 191 1598 0 0
 192 1598 0 0
 193 1593 0 0
 194 1595 0 0
 195 1592 0 0
 196 1589 0 0
 197 1589 0 0
 198 1600 0 0
 199 1594 0 0
 200 1597 0 0
 201 1602 0 0
 202 1592 0 0
 203 1592 0 0
 204 1592 0 0
 205 1592 0 0
 206 1600 0 0
 207 1600 0 0
 208 1590 0 0
 209 1595 0 0
 210 1588 0 0
 211 1586 0 0
 212 1589 0 0
 213 1597 0 0
 214 1592 0 0
 215 1599 0 0
 216 1595 0 0
 217 1590 0 0
 218 1592 0 0
 219 1591 0 0
 220 1585 0 0
 221 1591 0 0
 222 1595 0 0
 223 1592 0 0
 224 1584 0 0
 225 1589 0 0
 226 1589 0 0
 227 1602 0 0
 228 1581 0 0
 229 1599 0 0
 230 1594 0 0
 231 1592 0 0
 232 1588 0 0
 233 1593 0 0
 234 1589 0 0
 235 1595 0 0
 236 1586 0 0
 237 1592 0 0
 238 1588 0 0
 239 1590 0 0
 240 1587 0 0
 241 1593 0 0
 242 1584 0 0
 243 1596 0 0
 244 1592 0 0
 245 1582 0 0
 246 1576 0 0
 247 1587 0 0
 248 1574 0 0
 249 1584 0 0
 250 1568 0 0
 251 1570 0 0
 252 1568 0 0
 253 1566 0 0
 254 1556 0 0
 255 1615 0 0
[END] of [DATA]
[END] of [Spectrum]


#TBID:2021-08-08 03:00:00;SAM_84CE;CALIBRATED;

[Spectrum]
Version            = 1
IDData             = 96B1_2021-08-08_03-00-00_000_783
IDDevice           = SAM_84CE
IDDataType         = SPECTRUM
IDDataTypeSub1     = CALIBRATED
IDDataTypeSub2     = 
IDDataTypeSub3     = 
DateTime           = 2021-08-08 03:00:00
PositionLatitude   = 0
PositionLongitude  = 0
Comment            = 
CommentSub1        = 
CommentSub2        = 
CommentSub3        = 
IDMethodType       = SAM Control
MethodName         = SAM_84CE
Mission            = No Mission
MissionSub         = 1
RecordType         = 0
[Attributes]
CalFactor = 1
IDBasisSpec = 
IDDataBack = DLAB_2015-08-21_11-56-43_233_004
IDDataCal = DLAB_2015-08-26_10-05-37_585_478
IntegrationTime = 4096
P31 = -1
P31e = 0
PathLength = +INF
PathLengthCustomOn = 0
RAWDynamic = 65535
Salinity = 0
Temperature = -NAN
Unit1 = $01 $01 Wavelength nm
Unit2 = $03 $06 Intensity mW/(m^2 nm)
Unit3 = $f0 $06 Error mW/(m^2 nm)
Unit4 = $f1 $00 Status 
p999 = 1377
[END] of [Attributes]
[DATA]
 0 11 0 0
 303.485180022 0 0 0
 306.85638880275 0 0 0
 310.228324544 0 0 0
 313.60097308125 0 0 0
 316.97432025 0.0115265560190836 0 0
 320.34835188575 0.0137693455480942 0 0
 323.723053824 0.0102826104050289 0 0
 327.09841190025 0.0134408565599484 0 0
 330.47441195 0.0114955984819253 0 0
 333.85103980875 0.0117895105568678 0 0
 337.228281312 0.0108066271535995 0 0
 340.60612229525 0.00883227207100578 0 0
 343.984548594 0.00911416764981259 0 0
 347.36354604375 0.0077214365097126 0 0
 350.74310048 0.00827957331280763 0 0
 354.12319773825 0.00657112518314663 0 0
 357.503823654 0.00678906278019052 0 0
 360.88496406275 0.00631978130948447 0 0
 364.2666048 0.00713961993207062 0 0
 367.64873170125 0.00575355369388492 0 0
 371.031330602 0.00662570094333449 0 0
 374.41438733775 0.00706770299771174 0 0
 377.797887744 0.0082027838541417 0 0
 381.18181765625 0.0078136455123588 0 0
 384.56616291 0.00829019050721806 0 0
 387.95090934075 0.00898932858466721 0 0
 391.336042784 0.0069719545483654 0 0
 394.72154907525 0.00969313364138848 0 0
 398.10741405 0.00775975562106126 0 0
 401.49362354375 0.00717548699908727 0 0
 404.880163392 0.00645634383002295 0 0
 408.26701943025 0.00641478816063029 0 0
 411.654177494 0.00611404332595672 0 0
 415.04162341875 0.00601851659430267 0 0
 418.42934304 0.00597135269039526 0 0
 421.81732219325 0.00521729671796967 0 0
 425.205546714 0.0052971679573433 0 0
 428.59400243775 0.00410541775803493 0 0
 431.9826752 0.00516508429586609 0 0
 435.37155083625 0.00402875713996993 0 0
 438.760615182 0.0041360206630066 0 0
 442.14985407275 0.00374246087038936 0 0
 445.539253344 0.00427477051753227 0 0
 448.92879883125 0.00468129968181598 0 0
 452.31847637 0.00459860685124502 0 0
 455.70827179575 0.00403585222311274 0 0
 459.098170944 0.00388456656705873 0 0
 462.48815965025 0.00417509594580741 0 0
 465.87822375 0.00504880935289728 0 0
 469.26834907875 0.00449137400288692 0 0
 472.658521472 0.00466553328405143 0 0
 476.04872676525 0.00488340412655538 0 0
 479.438950794 0.00366450069571211 0 0
 482.82917939375 0.00452626849617412 0 0
 486.2193984 0.00473883736656259 0 0
 489.60959364825 0.00486592844894214 0 0
 492.999750974 0.00440755430978758 0 0
 496.38985621275 0.00458547743188711 0 0
 499.7798952 0.00376453818893993 0 0
 503.16985377125 0.00500503872392393 0 0
 506.559717762 0.00432127810319261 0 0
 509.94947300775 0.00350651972838558 0 0
 513.339105344 0.00446293589618633 0 0
 516.72860060625 0.00463375746899344 0 0
 520.11794463 0.00392955480562701 0 0
 523.50712325075 0.0036661607776403 0 0
 526.896122304 0.00318616427841125 0 0
 530.28492762525 0.00377873374757228 0 0
 533.67352505 0.00420451977723426 0 0
 537.06190041375 0.0034194977727484 0 0
 540.450039552 0.00352752280790118 0 0
 543.83792830025 0.00377207404958216 0 0
 547.225552494 0.0033279215361556 0 0
 550.61289796875 0.00344237201297291 0 0
 553.99995056 0.00269638873163284 0 0
 557.38669610325 0.00314138912132422 0 0
 560.773120434 0.0036916175401963 0 0
 564.15920938775 0.00355842681890543 0 0
 567.5449488 0.00329546038792446 0 0
 570.93032450625 0.00399816361880952 0 0
 574.315322342 0.00373822171698739 0 0
 577.69992814275 0.00372334537597011 0 0
 581.084127744 0.00358600374854472 0 0
 584.46790698125 0.003925293038176 0 0
 587.85125169 0.00362833173924177 0 0
 591.23414770575 0.00386985026826871 0 0
 594.616580864 0.00404650691730388 0 0
 597.99853700025 0.00405317172996194 0 0
 601.38000195 0.00296012043417312 0 0
 604.76096154875 0.00406335785398854 0 0
 608.141401632 0.00417703806018018 0 0
 611.52130803525 0.00388646525413576 0 0
 614.900666594 0.00300862209027195 0 0
 618.27946314375 0.00361660568532633 0 0
 621.65768352 0.00376322694324574 0 0
 625.03531355825 0.00399674850659628 0 0
 628.412339094 0.00461865409501242 0 0
 631.78874596275 0.00348429920331378 0 0
 635.16452 0.00439669591482661 0 0
 638.53964704125 0.00453454173423642 0 0
 641.914112922 0.00503434253438473 0 0
 645.28790347775 0.00551098275398525 0 0
 648.661004544 0.00493376700703037 0 0
 652.03340195625 0.00477629895324295 0 0
 655.40508155 0.00465027865022309 0 0
 658.77602916075 0.00528405359405843 0 0
 662.146230624 0.00553966452048069 0 0
 665.51567177525 0.00519123471564848 0 0
 668.88433845 0.00535622447954069 0 0
 672.25221648375 0.00466164535828537 0 0
 675.619291712 0.00517973239078064 0 0
 678.98554997025 0.00591110458011183 0 0
 682.350977094 0.00596879024911552 0 0
 685.71555891875 0.00578909133408436 0 0
 689.07928128 0.00477089415315048 0 0
 692.44213001325 0.00545487300790731 0 0
 695.804090954 0.0049661822885873 0 0
 699.16514993775 0.00595496130383566 0 0
 702.5252928 0.00582655631744385 0 0
 705.88450537625 0.00501735097469859 0 0
 709.242773502 0.00477555781146109 0 0
 712.60008301275 0.00571472458255114 0 0
 715.956419744 0.005557712095666 0 0
 719.31176953125 0.00425119299301418 0 0
 722.66611821 0.00586985652143454 0 0
 726.01945161575 0.00437253993798243 0 0
 729.371755584 0.00524516001501679 0 0
 732.72301595025 0.00544507380673854 0 0
 736.07321855 0.00473031710162571 0 0
 739.42234921875 0.00530275022735267 0 0
 742.770393792 0.00507978498189073 0 0
 746.11733810525 0.00569069525894642 0 0
 749.463167994 0.00727011623063942 0 0
 752.80786929375 0.0055873468329141 0 0
 756.15142784 0.00510782749624745 0 0
 759.49382946825 0.0062861381488815 0 0
 762.835060014 0.00588329427711682 0 0
 766.17510531275 0.00635351197522433 0 0
 769.5139512 0.00577218588403119 0 0
 772.85158351125 0.00510833520835596 0 0
 776.187988082 0.00517686188737146 0 0
 779.52315074775 0.00630974130763482 0 0
 782.857057344 0.00571558373498638 0 0
 786.18969370625 0.00644815474229307 0 0
 789.52104567 0.0049970692906162 0 0
 792.85109907075 0.00609757227216334 0 0
 796.179839744 0.00818795631742416 0 0
 799.50725352525 0.00706358279838973 0 0
 802.83332625 0.00877014214946874 0 0
 806.15804375375 0.00733710823465661 0 0
 809.481391872 0.0061717144053659 0 0
 812.80335644025 0.00871092255110897 0 0
 816.123923294 0.00645423882412148 0 0
 819.44307826875 0.00840427789616655 0 0
 822.7608072 0.00893512131843211 0 0
 826.07709592325 0.00801240745706993 0 0
 829.391930274 0.00788537371502959 0 0
 832.70529608775 0.0130514887023902 0 0
 836.0171792 0.00996779710340217 0 0
 839.32756544625 0.0109169328104645 0 0
 842.636440662 0.0125878980016172 0 0
 845.94379068275 0.00987059822797158 0 0
 849.249601344 0.00970578488931992 0 0
 852.55385848125 0.0122275869581938 0 0
 855.85654793 0.00948245030885988 0 0
 859.15765552575 0.0125842117945712 0 0
 862.457167104 0.0157514967827929 0 0
 865.75506850025 0.0147485222962811 0 0
 869.05134555 0.0107735756834039 0 0
 872.34598408875 0.00888463965207905 0 0
 875.638969952 0.0157823885420799 0 0
 878.93028897525 0.0173084544397534 0 0
 882.219926994 0.0170121140186499 0 0
 885.50786984375 0.0167450660528254 0 0
 888.79410336 0.0172279597527234 0 0
 892.07861337825 0.0182858375068492 0 0
 895.361385734 0.016604619115816 0 0
 898.64240626275 0.0161620106503111 0 0
 901.9216608 0.0151646957731836 0 0
 905.19913518125 0.0179391013949889 0 0
 908.474815242 0.0242703553868624 0 0
 911.74868681775 0.0166966470498302 0 0
 915.020735744 0.0173067526996162 0 0
 918.29094785625 0.0200164150176102 0 0
 921.55930899 0.0168212725732952 0 0
 924.82580498075 0.0174034031218274 0 0
 928.090421664 0.0237659488633504 0 0
 931.35314487525 0.031273627599134 0 0
 934.61396045 0.0233744790842686 0 0
 937.87285422375 0.0274729490111726 0 0
 941.129812032 0.02650692234686 0 0
 944.38481971025 0.0350361875586604 0 0
 947.637863094 0.0247350593399351 0 0
 950.88892801875 0.0339610432826293 0 0
 954.13800032 0 0 0
 957.38506583325 0 0 0
 960.630110394 0 0 0
 963.87311983775 0 0 0
 967.11408 0 0 0
 970.35297671625 0 0 0
 973.589795822 0 0 0
 976.82452315275 0 0 0
 980.057144544 0 0 0
 983.28764583125 0 0 0
 986.51601285 0 0 0
 989.74223143575 0 0 0
 992.966287424 0 0 0
 996.18816665025 0 0 0
 999.40785495 0 0 0
 1002.62533815875 0 0 0
 1005.840602112 0 0 0
 1009.05363264525 0 0 0
 1012.264415594 0 0 0
 1015.47293679375 0 0 0
 1018.67918208 0 0 0
 1021.88313728825 0 0 0
 1025.084788254 0 0 0
 1028.28412081275 0 0 0
 1031.4811208 0 0 0
 1034.67577405125 0 0 0
 1037.868066402 0 0 0
 1041.05798368775 0 0 0
 1044.245511744 0 0 0
 1047.43063640625 0 0 0
 1050.61334351 0 0 0
 1053.79361889075 0 0 0
 1056.971448384 0 0 0
 1060.14681782525 0 0 0
 1063.31971305 0 0 0
 1066.49011989375 0 0 0
 1069.658024192 0 0 0
 1072.82341178025 0 0 0
 1075.986268494 0 0 0
 1079.14658016875 0 0 0
 1082.30433264 0 0 0
 1085.45951174325 0 0 0
 1088.612103314 0 0 0
 1091.76209318775 0 0 0
 1094.9094672 0 0 0
 1098.05421118625 0 0 0
 1101.196310982 0 0 0
 1104.33575242275 0 0 0
 1107.472521344 0 0 0
 1110.60660358125 0 0 0
 1113.73798497 0 0 0
 1116.86665134575 0 0 0
 1119.992588544 0 0 0
 1123.11578240025 0 0 0
 1126.23621875 0 0 0
 1129.35388342875 0 0 0
 1132.468762272 0 0 0
 1135.58084111525 0 0 0
 1138.690105794 0 0 0
 1141.79654214375 0 0 0
 1144.900136 0 0 0
[END] of [DATA]
[END] of [Spectrum]


#TBID:2021-08-08 03:00:00;SAM_84C8;RAW;

[Spectrum]
Version            = 1
IDData             = 96B1_2021-08-08_03-00-00_000_785
IDDevice           = SAM_84C8
IDDataType         = SPECTRUM
IDDataTypeSub1     = RAW
IDDataTypeSub2     = 
IDDataTypeSub3     = 
DateTime           = 2021-08-08 03:00:00
PositionLatitude   = 0
PositionLongitude  = 0
Comment            = 
CommentSub1        = 
CommentSub2        = 
CommentSub3        = 
IDMethodType       = SAM Control
MethodName         = SAM_84C8
Mission            = No Mission
MissionSub         = 1
RecordType         = 0
[Attributes]
CalFactor = 1
IDBasisSpec = 
IDDataBack = DLAB_2015-08-21_12-14-03_013_778
IDDataCal = DLAB_2015-08-24_11-04-47_772_747
IntegrationTime = 4096
P31 = -1
P31e = 0
PathLength = +INF
PathLengthCustomOn = 0
RAWDynamic = 65535
Salinity = 0
Temperature = -NAN
Unit1 = $05 $00 Pixel 
Unit2 = $03 $05 Intensity counts
Unit3 = $f0 $05 Error counts
Unit4 = $f1 $00 Status 
p999 = 1377
[END] of [Attributes]
[DATA]
 0 11 0 0
 1 1580 0 0
 2 1570 0 0
 3 1569 0 0
 4 1575 0 0
 5 1574 0 0
 6 1573 0 0
 7 1573 0 0
 8 1574 0 0
 9 1574 0 0
 10 1574 0 0
 11 1576 0 0
 12 1580 0 0
 13 1576 0 0
 14 1579 0 0
 15 1584 0 0
 16 1580 0 0
 17 1590 0 0
 18 1586 0 0
 19 1594 0 0
 20 1587 0 0
 21 1592 0 0
 22 1597 0 0
 23 1597 0 0
 24 1602 0 0
 25 1601 0 0
 26 1591 0 0
 27 1601 0 0
 28 1600 0 0
 29 1596 0 0
 30 1596 0 0
 31 1598 0 0
 32 1601 0 0
 33 1597 0 0
 34 1601 0 0
 35 1597 0 0
 36 1597 0 0
 37 1610 0 0
 38 1606 0 0
 39 1595 0 0
 40 1597 0 0
 41 1600 0 0
 42 1595 0 0
 43 1597 0 0
 44 1599 0 0
 45 1606 0 0
 46 1601 0 0
 47 1595 0 0
 48 1603 0 0
 49 1607 0 0
 50 1594 0 0
 51 1599 0 0
 52 1603 0 0
 53 1604 0 0
 54 1593 0 0
 55 1596 0 0
 56 1605 0 0
 57 1609 0 0
 58 1601 0 0
 59 1594 0 0
 60 1596 0 0
 61 1599 0 0
 62 1606 0 0
 63 1605 0 0
 64 1596 0 0
 65 1601 0 0
 66 1601 0 0
 67 1606 0 0
 68 1610 0 0
 69 1597 0 0
 70 1604 0 0
 71 1605 0 0
 72 1607 0 0
 73 1603 0 0
 74 1601 0 0
 75 1605 0 0
 76 1603 0 0
 77 1613 0 0
 78 1608 0 0
 79 1606 0 0
 80 1608 0 0
 81 1610 0 0
 82 1604 0 0
 83 1612 0 0
 84 1609 0 0
 85 1609 0 0
 86 1602 0 0
 87 1605 0 0
 88 1606 0 0
 89 1604 0 0
 90 1612 0 0
 91 1612 0 0
 92 1606 0 0
 93 1601 0 0
 94 1609 0 0
 95 1606 0 0
 96 1613 0 0
 97 1604 0 0
 98 1605 0 0
 99 1603 0 0
 100 1613 0 0
 101 1615 0 0
 102 1611 0 0
 103 1606 0 0
 104 1604 0 0
 105 1615 0 0
 106 1607 0 0
 107 1607 0 0
 108 1603 0 0
 109 1605 0 0
 110 1618 0 0
 111 1617 0 0
 112 1615 0 0
 113 1612 0 0
 114 1610 0 0
 115 1613 0 0
 116 1617 0 0
 117 1611 0 0
 118 1608 0 0
 119 1616 0 0
 120 1604 0 0
 121 1607 0 0
 122 1610 0 0
 123 1611 0 0
 124 1607 0 0
 125 1615 0 0
 126 1608 0 0
 127 1616 0 0
 128 1609 0 0
 129 1614 0 0
 130 1612 0 0
 131 1609 0 0
 132 1610 0 0
 133 1660 0 0
 134 1621 0 0
 135 1613 0 0
 136 1604 0 0
 137 1618 0 0
 138 1610 0 0
 139 1619 0 0
 140 1618 0 0
 141 1617 0 0
 142 1614 0 0
 143 1615 0 0
 144 1618 0 0
 145 1618 0 0
 146 1621 0 0
 147 1608 0 0
 148 1612 0 0
 149 1612 0 0
 150 1608 0 0
 151 1612 0 0
 152 1613 0 0
 153 1612 0 0
 154 1614 0 0
 155 1605 0 0
 156 1610 0 0
 157 1610 0 0
 158 1613 0 0
 159 1608 0 0
 160 1615 0 0
 161 1608 0 0
 162 1614 0 0
 163 1614 0 0
 164 1604 0 0
 165 1618 0 0
 166 1618 0 0
 167 1618 0 0
 168 1614 0 0
 169 1610 0 0
 170 1617 0 0
 171 1610 0 0
 172 1615 0 0
 173 1604 0 0
 174 1607 0 0
 175 1616 0 0
 176 1607 0 0
 177 1613 0 0
 178 1613 0 0
 179 1614 0 0
 180 1617 0 0
 181 1616 0 0
 182 1615 0 0
 183 1610 0 0
 184 1602 0 0
 185 1616 0 0
 186 1610 0 0
 187 1614 0 0
 188 1609 0 0
 189 1607 0 0
 190 1604 0 0
 191 1615 0 0
 192 1617 0 0
 193 1600 0 0
 194 1616 0 0
 195 1612 0 0
 196 1610 0 0
 197 1610 0 0
 198 1607 0 0
 199 1606 0 0
 200 1610 0 0
 201 1612 0 0
 202 1610 0 0
 203 1613 0 0
 204 1613 0 0
 205 1610 0 0
 206 1612 0 0
 207 1610 0 0
 208 1612 0 0
 209 1607 0 0
 210 1598 0 0
 211 1609 0 0
 212 1610 0 0
 213 1619 0 0
 214 1611 0 0
 215 1612 0 0
 216 1611 0 0
 217 1612 0 0
 218 1614 0 0
 219 1614 0 0
 220 1614 0 0
 221 1618 0 0
 222 1618 0 0
 223 1608 0 0
 224 1617 0 0
 225 1618 0 0
 226 1612 0 0
 227 1614 0 0
 228 1608 0 0
 229 1607 0 0
 230 1605 0 0
 231 1614 0 0
 232 1612 0 0
 233 1614 0 0
 234 1613 0 0
 235 1610 0 0
 236 1609 0 0
 237 1610 0 0
 238 1610 0 0
 239 1614 0 0
 240 1614 0 0
 241 1615 0 0
 242 1616 0 0
 243 1612 0 0
 244 1612 0 0
 245 1610 0 0
 246 1606 0 0
 247 1604 0 0
 248 1611 0 0
 249 1607 0 0
 250 1602 0 0
 251 1595 0 0
 252 1591 0 0
 253 1586 0 0
 254 1579 0 0
 255 1626 0 0
[END] of [DATA]
[END] of [Spectrum]


#TBID:2021-08-08 03:00:00;SAM_84C8;CALIBRATED;

[Spectrum]
Version            = 1
IDData             = 96B1_2021-08-08_03-00-00_000_786
IDDevice           = SAM_84C8
IDDataType         = SPECTRUM
IDDataTypeSub1     = CALIBRATED
IDDataTypeSub2     = 
IDDataTypeSub3     = 
DateTime           = 2021-08-08 03:00:00
PositionLatitude   = 0
PositionLongitude  = 0
Comment            = 
CommentSub1        = 
CommentSub2        = 
CommentSub3        = 
IDMethodType       = SAM Control
MethodName         = SAM_84C8
Mission            = No Mission
MissionSub         = 1
RecordType         = 0
[Attributes]
CalFactor = 1
IDBasisSpec = 
IDDataBack = DLAB_2015-08-21_12-14-03_013_778
IDDataCal = DLAB_2015-08-24_11-04-47_772_747
IntegrationTime = 4096
P31 = -1
P31e = 0
PathLength = +INF
PathLengthCustomOn = 0
RAWDynamic = 65535
Salinity = 0
Temperature = -NAN
Unit1 = $01 $01 Wavelength nm
Unit2 = $03 $03 Intensity mW/(m^2 nm Sr)
Unit3 = $f0 $03 Error mW/(m^2 nm Sr)
Unit4 = $f1 $00 Status 
p999 = 1377
[END] of [Attributes]
[DATA]
 0 11 0 0
 303.516048156 0 0 0
 306.890006053 0 0 0
 310.26457112 0 0 0
 313.639731825 0 0 0
 317.015476636 -0.00111723940491043 0 0
 320.391794021 -0.00114892145100223 0 0
 323.768672448 -0.000907578271963931 0 0
 327.146100385 -0.000742389316042726 0 0
 330.5240663 -0.000764099996402996 0 0
 333.902558661 -0.000521894798354873 0 0
 337.281565936 -0.0007235108921125 0 0
 340.661076593 -0.000661392453957887 0 0
 344.0410791 -0.000500739054611946 0 0
 347.421561925 -0.00039136774917295 0 0
 350.802513536 -0.000313717983169706 0 0
 354.183922401 -0.000381771410163601 0 0
 357.565776988 -0.000205385285923601 0 0
 360.948065765 -0.000240108812826591 0 0
 364.3307772 -9.83815670251351e-005 0 0
 367.713899761 -0.000160746163788841 0 0
 371.097421916 -0.000119775453052848 0 0
 374.481332133 -6.0580136032181e-005 0 0
 377.86561888 -7.21406917376637e-005 0 0
 381.250270625 -8.5537565367466e-006 0 0
 384.635275836 4.01446670478554e-005 0 0
 388.020622981 -1.47140442334299e-005 0 0
 391.406300528 9.02211217707326e-005 0 0
 394.792296945 -9.58639097168239e-006 0 0
 398.1786007 -4.23965756424235e-005 0 0
 401.565200261 -0.000111977773854492 0 0
 404.952084096 -1.57403686904669e-005 0 0
 408.339240673 3.78646141042057e-005 0 0
 411.72665846 4.07973086541385e-005 0 0
 415.114325925 9.17321750082076e-005 0 0
 418.502231536 5.17381754246386e-005 0 0
 421.890363761 -2.8494652032869e-005 0 0
 425.278711068 -3.05778129741205e-006 0 0
 428.667261925 7.53642984772206e-005 0 0
 432.0560048 2.77020837411965e-005 0 0
 435.444928161 1.79610205037566e-005 0 0
 438.834020476 9.69871580019911e-006 0 0
 442.223270213 -9.32477360128605e-006 0 0
 445.61266584 -2.77181615779538e-005 0 0
 449.002195825 5.30244549441512e-005 0 0
 452.391848636 3.13752742914397e-005 0 0
 455.781612741 2.03584326913392e-005 0 0
 459.171476608 -2.91540932145066e-005 0 0
 462.561428705 2.60039422163833e-005 0 0
 465.9514575 3.05530657063093e-005 0 0
 469.341551461 -2.08062983676512e-005 0 0
 472.731699056 -3.48792100811625e-005 0 0
 476.121888753 2.57890223733665e-005 0 0
 479.51210902 7.37547467461339e-005 0 0
 482.902348325 6.58371085282508e-005 0 0
 486.292595136 -4.50191983601458e-005 0 0
 489.682837921 5.56426768560559e-005 0 0
 493.073065148 5.77225331082844e-005 0 0
 496.463265285 3.98331897087949e-005 0 0
 499.8534268 1.48624824293335e-005 0 0
 503.243538161 3.20147847365667e-006 0 0
 506.633587836 1.51855338755387e-007 0 0
 510.023564293 -6.68801844156999e-005 0 0
 513.413456 2.18968277925674e-005 0 0
 516.803251425 4.04885160592404e-005 0 0
 520.192939036 5.6900391917024e-005 0 0
 523.582507301 -2.26889858776496e-005 0 0
 526.971944688 6.93131752623803e-005 0 0
 530.361239665 6.24008255932178e-005 0 0
 533.7503807 -1.18051001755586e-005 0 0
 537.139356261 -1.11773193775876e-005 0 0
 540.528154816 4.36018431675607e-005 0 0
 543.916764833 2.18893253187234e-006 0 0
 547.30517478 2.86363394582095e-005 0 0
 550.693373125 1.77783606421318e-005 0 0
 554.081348336 3.49199161183801e-005 0 0
 557.469088881 1.7551207714582e-005 0 0
 560.856583228 0.000131950344871713 0 0
 564.243819845 7.45630628326722e-005 0 0
 567.6307872 4.1505690012092e-005 0 0
 571.017473761 7.2048622826609e-005 0 0
 574.403867996 0.000130481408254661 0 0
 577.789958373 -3.98018847296367e-005 0 0
 581.17573336 9.81741212786744e-005 0 0
 584.561181425 3.99406144691293e-005 0 0
 587.946291036 0.000131576288832605 0 0
 591.331050661 2.16428235913416e-005 0 0
 594.715448768 5.48229613308172e-006 0 0
 598.099473825 7.4002883355008e-005 0 0
 601.4831143 6.8805040033078e-005 0 0
 604.866358661 5.66994268086072e-005 0 0
 608.249195376 0.000111033229865422 0 0
 611.631612913 2.47627231751084e-005 0 0
 615.01359974 3.99766657076275e-005 0 0
 618.395144325 7.79318141216193e-006 0 0
 621.776235136 6.18025029348898e-005 0 0
 625.156860641 8.2390366003034e-005 0 0
 628.537009308 2.42451776549294e-005 0 0
 631.916669605 6.23912711668213e-005 0 0
 635.29583 5.72913524768046e-005 0 0
 638.674478961 6.07465396027163e-005 0 0
 642.052604956 2.82680115358929e-005 0 0
 645.430196453 8.42909414583963e-005 0 0
 648.80724192 8.26981367201523e-005 0 0
 652.183729825 3.27969694483769e-005 0 0
 655.559648636 0.000101892379384032 0 0
 658.934986821 0.000130070269837338 0 0
 662.309732848 8.25985806221064e-005 0 0
 665.683875185 0.000104533579860995 0 0
 669.0574023 0.000102781363105645 0 0
 672.430302661 0.000164442746971454 0 0
 675.802564736 -1.3725315464222e-006 0 0
 679.174176993 0.000200154584851388 0 0
 682.5451279 0.000138063342122608 0 0
 685.915405925 0.000124813553366753 0 0
 689.284999536 5.58152283544259e-005 0 0
 692.653897201 8.74622714129343e-005 0 0
 696.022087388 0.000193271502755782 0 0
 699.389558565 0.00014803057679495 0 0
 702.7562992 0.000137733208881635 0 0
 706.122297761 0.000127167855394389 0 0
 709.487542716 5.57617092280438e-005 0 0
 712.852022533 0.000266382025001416 0 0
 716.21572568 0.000231681444104488 0 0
 719.578640625 0.000165923286979417 0 0
 722.940755836 0.000244071292259261 0 0
 726.302059781 8.12925040687678e-005 0 0
 729.662540928 5.40972744314151e-005 0 0
 733.022187745 0.000179701661485048 0 0
 736.3809887 0.000175945596947032 0 0
 739.738932261 0.000289050326808849 0 0
 743.096006896 4.40324008678071e-005 0 0
 746.452201073 0.000100467723255342 0 0
 749.80750326 -0.000132211169378197 0 0
 753.161901925 0.000305732237825734 0 0
 756.515385536 0.000237919884887242 0 0
 759.867942561 -5.64046815225426e-006 0 0
 763.219561468 0.00028115827253287 0 0
 766.570230725 0.000224094263514354 0 0
 769.9199388 0.000221880478628804 0 0
 773.268674161 0.000356573748179486 0 0
 776.616425276 0.000423884302091178 0 0
 779.963180613 0.000183475261460418 0 0
 783.30892864 0.000307753497430307 0 0
 786.653657825 0.000182832900220162 0 0
 789.997356636 0.000312667011921344 0 0
 793.340013541 0.000419483570398463 0 0
 796.681617008 0.000203918573993597 0 0
 800.022155505 0.000146505091711705 0 0
 803.3616175 0.000338802738796915 0 0
 806.699991461 0.000143857265118765 0 0
 810.037265856 0.000244569216482507 0 0
 813.373429153 0.000130269500271069 0 0
 816.70846982 0.000335622930480248 0 0
 820.042376325 0.000542823477062251 0 0
 823.375137136 0.000261773924208238 0 0
 826.706740721 0.00018581532764838 0 0
 830.037175548 9.64763654887756e-005 0 0
 833.366430085 0.000332494988626154 0 0
 836.6944928 0.000279678690563521 0 0
 840.021352161 0.000377958495899704 0 0
 843.346996636 0.000239665978613599 0 0
 846.671414693 0.000423677820923923 0 0
 849.9945948 0.000579131907545866 0 0
 853.316525425 0.000346579572256192 0 0
 856.637195036 0.000627470549309433 0 0
 859.956592101 0.000831319873358238 0 0
 863.274705088 0.000603702295816294 0 0
 866.591522465 0.000516618087025949 0 0
 869.9070327 0.000551681684109389 0 0
 873.221224261 0.000732500532824032 0 0
 876.534085616 0.000581820439014389 0 0
 879.845605233 0.000770297875390218 0 0
 883.15577158 0.000885979393119526 0 0
 886.464573125 0.000610630981674443 0 0
 889.771998336 0.000437080765013597 0 0
 893.078035681 0.000468283600700425 0 0
 896.382673628 0.000990265695910925 0 0
 899.685900645 0.00138067870416372 0 0
 902.9877052 0.000919525558953467 0 0
 906.288075761 0.000965873586395873 0 0
 909.587000796 0.00115517818304965 0 0
 912.884468773 0.00111028021108836 0 0
 916.18046816 0.000590875187446784 0 0
 919.474987425 0.000313034245528313 0 0
 922.768015036 0.00145284917445267 0 0
 926.059539461 0.00124134303601028 0 0
 929.349549168 0.000455934560584102 0 0
 932.638032625 0.000991364437269436 0 0
 935.9249783 0.000625635714446392 0 0
 939.210374661 0.00136847374152578 0 0
 942.494210176 0.00214589076328109 0 0
 945.776473313 0.00170706181954975 0 0
 949.05715254 0.000798908744018596 0 0
 952.336236325 0.00206999143471056 0 0
 955.613713136 0 0 0
 958.889571441 0 0 0
 962.163799708 0 0 0
 965.436386405 0 0 0
 968.70732 0 0 0
 971.976588961 0 0 0
 975.244181756 0 0 0
 978.510086853 0 0 0
 981.77429272 0 0 0
 985.036787825 0 0 0
 988.297560636 0 0 0
 991.556599621 0 0 0
 994.813893248 0 0 0
 998.069429985 0 0 0
 1001.3231983 0 0 0
 1004.575186661 0 0 0
 1007.825383536 0 0 0
 1011.073777393 0 0 0
 1014.3203567 0 0 0
 1017.565109925 0 0 0
 1020.808025536 0 0 0
 1024.049092001 0 0 0
 1027.288297788 0 0 0
 1030.525631365 0 0 0
 1033.7610812 0 0 0
 1036.994635761 0 0 0
 1040.226283516 0 0 0
 1043.456012933 0 0 0
 1046.68381248 0 0 0
 1049.909670625 0 0 0
 1053.133575836 0 0 0
 1056.355516581 0 0 0
 1059.575481328 0 0 0
 1062.793458545 0 0 0
 1066.0094367 0 0 0
 1069.223404261 0 0 0
 1072.435349696 0 0 0
 1075.645261473 0 0 0
 1078.85312806 0 0 0
 1082.058937925 0 0 0
 1085.262679536 0 0 0
 1088.464341361 0 0 0
 1091.663911868 0 0 0
 1094.861379525 0 0 0
 1098.0567328 0 0 0
 1101.249960161 0 0 0
 1104.441050076 0 0 0
 1107.629991013 0 0 0
 1110.81677144 0 0 0
 1114.001379825 0 0 0
 1117.183804636 0 0 0
 1120.364034341 0 0 0
 1123.542057408 0 0 0
 1126.717862305 0 0 0
 1129.8914375 0 0 0
 1133.062771461 0 0 0
 1136.231852656 0 0 0
 1139.398669553 0 0 0
 1142.56321062 0 0 0
 1145.725464325 0 0 0
 1148.885419136 0 0 0
[END] of [DATA]
[END] of [Spectrum]

