
#TBID:2021-09-22 02:30:00;SAM_84C8;RAW;

[Spectrum]
Version            = 1
IDData             = 96B1_2021-09-22_02-30-00_000_145
IDDevice           = SAM_84C8
IDDataType         = SPECTRUM
IDDataTypeSub1     = RAW
IDDataTypeSub2     = 
IDDataTypeSub3     = 
DateTime           = 2021-09-22 02:30:00
PositionLatitude   = 0
PositionLongitude  = 0
Comment            = 
CommentSub1        = 
CommentSub2        = 
CommentSub3        = 
IDMethodType       = SAM Control
MethodName         = SAM_84C8
Mission            = No Mission
MissionSub         = 1
RecordType         = 0
[Attributes]
CalFactor = 1
IDBasisSpec = 
IDDataBack = DLAB_2015-08-21_12-14-03_013_778
IDDataCal = DLAB_2015-08-24_11-04-47_772_747
IntegrationTime = 4096
P31 = -1
P31e = 0
PathLength = +INF
PathLengthCustomOn = 0
RAWDynamic = 65535
Salinity = 0
Temperature = -NAN
Unit1 = $05 $00 Pixel 
Unit2 = $03 $05 Intensity counts
Unit3 = $f0 $05 Error counts
Unit4 = $f1 $00 Status 
p999 = 313
[END] of [Attributes]
[DATA]
 0 11 0 0
 1 1393 0 0
 2 1387 0 0
 3 1384 0 0
 4 1384 0 0
 5 1392 0 0
 6 1382 0 0
 7 1385 0 0
 8 1390 0 0
 9 1388 0 0
 10 1386 0 0
 11 1394 0 0
 12 1393 0 0
 13 1396 0 0
 14 1397 0 0
 15 1397 0 0
 16 1397 0 0
 17 1405 0 0
 18 1400 0 0
 19 1404 0 0
 20 1403 0 0
 21 1412 0 0
 22 1412 0 0
 23 1416 0 0
 24 1417 0 0
 25 1416 0 0
 26 1409 0 0
 27 1419 0 0
 28 1414 0 0
 29 1417 0 0
 30 1419 0 0
 31 1419 0 0
 32 1417 0 0
 33 1413 0 0
 34 1414 0 0
 35 1415 0 0
 36 1417 0 0
 37 1428 0 0
 38 1422 0 0
 39 1415 0 0
 40 1420 0 0
 41 1422 0 0
 42 1421 0 0
 43 1423 0 0
 44 1420 0 0
 45 1429 0 0
 46 1420 0 0
 47 1418 0 0
 48 1424 0 0
 49 1425 0 0
 50 1419 0 0
 51 1424 0 0
 52 1427 0 0
 53 1420 0 0
 54 1419 0 0
 55 1426 0 0
 56 1425 0 0
 57 1429 0 0
 58 1423 0 0
 59 1414 0 0
 60 1425 0 0
 61 1422 0 0
 62 1433 0 0
 63 1423 0 0
 64 1420 0 0
 65 1423 0 0
 66 1432 0 0
 67 1428 0 0
 68 1429 0 0
 69 1429 0 0
 70 1436 0 0
 71 1428 0 0
 72 1430 0 0
 73 1430 0 0
 74 1432 0 0
 75 1432 0 0
 76 1427 0 0
 77 1432 0 0
 78 1428 0 0
 79 1441 0 0
 80 1433 0 0
 81 1433 0 0
 82 1434 0 0
 83 1436 0 0
 84 1435 0 0
 85 1431 0 0
 86 1426 0 0
 87 1437 0 0
 88 1430 0 0
 89 1432 0 0
 90 1434 0 0
 91 1434 0 0
 92 1431 0 0
 93 1433 0 0
 94 1434 0 0
 95 1432 0 0
 96 1438 0 0
 97 1434 0 0
 98 1436 0 0
 99 1429 0 0
 100 1435 0 0
 101 1442 0 0
 102 1432 0 0
 103 1436 0 0
 104 1431 0 0
 105 1439 0 0
 106 1433 0 0
 107 1433 0 0
 108 1433 0 0
 109 1433 0 0
 110 1439 0 0
 111 1440 0 0
 112 1435 0 0
 113 1440 0 0
 114 1434 0 0
 115 1438 0 0
 116 1439 0 0
 117 1434 0 0
 118 1433 0 0
 119 1435 0 0
 120 1434 0 0
 121 1432 0 0
 122 1430 0 0
 123 1428 0 0
 124 1433 0 0
 125 1437 0 0
 126 1428 0 0
 127 1443 0 0
 128 1433 0 0
 129 1437 0 0
 130 1431 0 0
 131 1437 0 0
 132 1435 0 0
 133 1477 0 0
 134 1432 0 0
 135 1438 0 0
 136 1435 0 0
 137 1437 0 0
 138 1435 0 0
 139 1445 0 0
 140 1435 0 0
 141 1433 0 0
 142 1443 0 0
 143 1438 0 0
 144 1443 0 0
 145 1440 0 0
 146 1437 0 0
 147 1438 0 0
 148 1436 0 0
 149 1436 0 0
 150 1437 0 0
 151 1439 0 0
 152 1444 0 0
 153 1433 0 0
 154 1431 0 0
 155 1433 0 0
 156 1436 0 0
 157 1437 0 0
 158 1438 0 0
 159 1435 0 0
 160 1437 0 0
 161 1437 0 0
 162 1443 0 0
 163 1437 0 0
 164 1429 0 0
 165 1442 0 0
 166 1440 0 0
 167 1436 0 0
 168 1441 0 0
 169 1435 0 0
 170 1440 0 0
 171 1439 0 0
 172 1433 0 0
 173 1435 0 0
 174 1434 0 0
 175 1441 0 0
 176 1435 0 0
 177 1439 0 0
 178 1437 0 0
 179 1432 0 0
 180 1439 0 0
 181 1441 0 0
 182 1438 0 0
 183 1436 0 0
 184 1434 0 0
 185 1440 0 0
 186 1436 0 0
 187 1439 0 0
 188 1431 0 0
 189 1438 0 0
 190 1432 0 0
 191 1431 0 0
 192 1436 0 0
 193 1429 0 0
 194 1438 0 0
 195 1437 0 0
 196 1434 0 0
 197 1434 0 0
 198 1431 0 0
 199 1430 0 0
 200 1430 0 0
 201 1435 0 0
 202 1433 0 0
 203 1436 0 0
 204 1440 0 0
 205 1437 0 0
 206 1431 0 0
 207 1440 0 0
 208 1434 0 0
 209 1428 0 0
 210 1428 0 0
 211 1435 0 0
 212 1435 0 0
 213 1439 0 0
 214 1436 0 0
 215 1438 0 0
 216 1439 0 0
 217 1436 0 0
 218 1436 0 0
 219 1436 0 0
 220 1433 0 0
 221 1439 0 0
 222 1438 0 0
 223 1434 0 0
 224 1440 0 0
 225 1439 0 0
 226 1438 0 0
 227 1438 0 0
 228 1430 0 0
 229 1436 0 0
 230 1437 0 0
 231 1442 0 0
 232 1440 0 0
 233 1435 0 0
 234 1437 0 0
 235 1434 0 0
 236 1443 0 0
 237 1436 0 0
 238 1435 0 0
 239 1441 0 0
 240 1436 0 0
 241 1440 0 0
 242 1438 0 0
 243 1436 0 0
 244 1439 0 0
 245 1437 0 0
 246 1434 0 0
 247 1432 0 0
 248 1429 0 0
 249 1430 0 0
 250 1428 0 0
 251 1421 0 0
 252 1413 0 0
 253 1408 0 0
 254 1404 0 0
 255 1441 0 0
[END] of [DATA]
[END] of [Spectrum]


#TBID:2021-09-22 02:30:00;SAM_84C8;CALIBRATED;

[Spectrum]
Version            = 1
IDData             = 96B1_2021-09-22_02-30-00_000_146
IDDevice           = SAM_84C8
IDDataType         = SPECTRUM
IDDataTypeSub1     = CALIBRATED
IDDataTypeSub2     = 
IDDataTypeSub3     = 
DateTime           = 2021-09-22 02:30:00
PositionLatitude   = 0
PositionLongitude  = 0
Comment            = 
CommentSub1        = 
CommentSub2        = 
CommentSub3        = 
IDMethodType       = SAM Control
MethodName         = SAM_84C8
Mission            = No Mission
MissionSub         = 1
RecordType         = 0
[Attributes]
CalFactor = 1
IDBasisSpec = 
IDDataBack = DLAB_2015-08-21_12-14-03_013_778
IDDataCal = DLAB_2015-08-24_11-04-47_772_747
IntegrationTime = 4096
P31 = -1
P31e = 0
PathLength = +INF
PathLengthCustomOn = 0
RAWDynamic = 65535
Salinity = 0
Temperature = -NAN
Unit1 = $01 $01 Wavelength nm
Unit2 = $03 $03 Intensity mW/(m^2 nm Sr)
Unit3 = $f0 $03 Error mW/(m^2 nm Sr)
Unit4 = $f1 $00 Status 
p999 = 313
[END] of [Attributes]
[DATA]
 0 11 0 0
 303.516048156 0 0 0
 306.890006053 0 0 0
 310.26457112 0 0 0
 313.639731825 0 0 0
 317.015476636 -0.00141891896854701 0 0
 320.391794021 -0.00178684375232069 0 0
 323.768672448 -0.00138987822090866 0 0
 327.146100385 -0.00105100192020451 0 0
 330.5240663 -0.00112966844971027 0 0
 333.902558661 -0.000936143763049627 0 0
 337.281565936 -0.000931786350183947 0 0
 340.661076593 -0.00100033547130372 0 0
 344.0410791 -0.00062589632481942 0 0
 347.421561925 -0.000556397498349877 0 0
 350.802513536 -0.000579209798304766 0 0
 354.183922401 -0.000543272910070872 0 0
 357.565776988 -0.000395168908419311 0 0
 360.948065765 -0.000439103038123935 0 0
 364.3307772 -0.000365728684458766 0 0
 367.713899761 -0.000317955032946635 0 0
 371.097421916 -0.000205220758026424 0 0
 374.481332133 -0.000243572410823749 0 0
 377.86561888 -0.000182043281120395 0 0
 381.250270625 -0.000201688383633075 0 0
 384.635275836 -0.000157009229404491 0 0
 388.020622981 -0.000151305236934362 0 0
 391.406300528 -4.57859656347043e-005 0 0
 394.792296945 -0.000225441977928997 0 0
 398.1786007 -0.000114123630902696 0 0
 401.565200261 -0.000142962849115632 0 0
 404.952084096 -8.24386040649492e-005 0 0
 408.339240673 -0.000113264448946806 0 0
 411.72665846 -0.000102431380018847 0 0
 415.114325925 -9.04766385603943e-005 0 0
 418.502231536 -4.58252925142627e-005 0 0
 421.890363761 -9.25875526566161e-005 0 0
 425.278711068 -8.98252044492763e-005 0 0
 428.667261925 -3.18585843560271e-005 0 0
 432.0560048 -2.72174669251073e-005 0 0
 435.444928161 -5.59481309410848e-007 0 0
 438.834020476 -1.95600937408347e-005 0 0
 442.223270213 6.06986546403113e-006 0 0
 445.61266584 -1.23170617552662e-005 0 0
 449.002195825 1.25359709712797e-005 0 0
 452.391848636 1.2937261231811e-005 0 0
 455.781612741 -4.54912501851991e-005 0 0
 459.171476608 -4.85811631544738e-005 0 0
 462.561428705 -1.871200069465e-005 0 0
 465.9514575 -5.31964188888227e-005 0 0
 469.341551461 -1.57831655659526e-005 0 0
 472.731699056 -2.977890186355e-005 0 0
 476.121888753 1.76791975056287e-005 0 0
 479.51210902 -4.19498126088655e-005 0 0
 482.902348325 8.47990810559863e-005 0 0
 486.292595136 2.97459107039286e-005 0 0
 489.682837921 -9.24616844358505e-006 0 0
 493.073065148 -7.9520924570347e-006 0 0
 496.463265285 2.42780530539895e-006 0 0
 499.8534268 -5.12304504583845e-005 0 0
 503.243538161 6.57396240028768e-005 0 0
 506.633587836 -2.25404169991536e-005 0 0
 510.023564293 -3.37611453199663e-005 0 0
 513.413456 -6.79009535460564e-005 0 0
 516.803251425 3.23956238392438e-005 0 0
 520.192939036 2.32589590304103e-005 0 0
 523.582507301 5.73552546214464e-005 0 0
 526.971944688 3.74740170270766e-005 0 0
 530.361239665 -4.48711215985651e-006 0 0
 533.7503807 7.46869364234343e-005 0 0
 537.139356261 7.415829133924e-005 0 0
 540.528154816 2.51494033779529e-005 0 0
 543.916764833 -1.61776817833228e-005 0 0
 547.30517478 5.5834895902645e-005 0 0
 550.693373125 9.06720675823888e-005 0 0
 554.081348336 6.22971734623625e-005 0 0
 557.469088881 1.04962362025597e-005 0 0
 560.856583228 6.64644409624193e-005 0 0
 564.243819845 2.00004046418898e-005 0 0
 567.6307872 0.000166429479976324 0 0
 571.017473761 7.68120846306145e-005 0 0
 574.403867996 0.000110366501593347 0 0
 577.789958373 2.88677086867898e-005 0 0
 581.17573336 9.02200493174793e-005 0 0
 584.561181425 5.84304217784121e-005 0 0
 587.946291036 9.59918395303511e-005 0 0
 591.331050661 1.31102983493056e-005 0 0
 594.715448768 0.000111196608164733 0 0
 598.099473825 6.50419173576297e-005 0 0
 601.4831143 0.000119766058730859 0 0
 604.866358661 1.65297072261154e-005 0 0
 608.249195376 7.01884601373982e-005 0 0
 611.631612913 3.08939294425583e-005 0 0
 615.01359974 0.000157022704616606 0 0
 618.395144325 1.39991434045297e-005 0 0
 621.776235136 8.41867139456923e-005 0 0
 625.156860641 8.87441298126895e-005 0 0
 628.537009308 0.00011416268779815 0 0
 631.916669605 0.000171946978742386 0 0
 635.29583 8.18354503339426e-005 0 0
 638.674478961 1.31403868974863e-005 0 0
 642.052604956 7.30888042407113e-005 0 0
 645.430196453 1.48375003660025e-005 0 0
 648.80724192 0.000188699506552971 0 0
 652.183729825 8.06875773930956e-005 0 0
 655.559648636 8.94467165914378e-005 0 0
 658.934986821 0.00015873220738683 0 0
 662.309732848 0.000111520889214637 0 0
 665.683875185 0.000217354648969262 0 0
 669.0574023 0.000174008622029895 0 0
 672.430302661 8.81418733135168e-005 0 0
 675.802564736 -3.57839341233908e-005 0 0
 679.174176993 0.000100348660938528 0 0
 682.5451279 0.000212222273226798 0 0
 685.915405925 0.000111325332482226 0 0
 689.284999536 6.4471759933362e-005 0 0
 692.653897201 2.89482525413632e-005 0 0
 696.022087388 0.00015691276929226 0 0
 699.389558565 0.000156883668382235 0 0
 702.7562992 9.05998216206487e-006 0 0
 706.122297761 0.000251541566385289 0 0
 709.487542716 6.47893695724063e-005 0 0
 712.852022533 0.000158823348954873 0 0
 716.21572568 5.36012335745867e-005 0 0
 719.578640625 0.000198478325796406 0 0
 722.940755836 0.000182782783371207 0 0
 726.302059781 -2.70353280534275e-005 0 0
 729.662540928 0.000110378422870057 0 0
 733.022187745 0.000165251187673378 0 0
 736.3809887 0.000137621870895621 0 0
 739.738932261 0.000154396706488522 0 0
 743.096006896 0.000126219664247828 0 0
 746.452201073 0.000110026539043168 0 0
 749.80750326 -0.000321924730937713 0 0
 753.161901925 -3.81278001680871e-005 0 0
 756.515385536 0.000247882300365643 0 0
 759.867942561 0.000160374918511184 0 0
 763.219561468 0.000133303094719363 0 0
 766.570230725 0.00023449545705704 0 0
 769.9199388 0.000259630250513119 0 0
 773.268674161 0.000146243201380286 0 0
 776.616425276 0.000181294281083858 0 0
 779.963180613 0.000309752029817062 0 0
 783.30892864 0.000260278677309268 0 0
 786.653657825 0.000194608526140726 0 0
 789.997356636 0.000231282610112539 0 0
 793.340013541 0.000142391149963048 0 0
 796.681617008 0.000383323154909537 0 0
 800.022155505 0.00012544034156652 0 0
 803.3616175 0.000316999467582211 0 0
 806.699991461 0.000306081967817254 0 0
 810.037265856 0.000336045917319125 0 0
 813.373429153 0.000383704501662447 0 0
 816.70846982 0.00018716539565243 0 0
 820.042376325 0.000218645422510611 0 0
 823.375137136 0.000411465794331148 0 0
 826.706740721 0.000249533927621633 0 0
 830.037175548 0.000210403118929768 0 0
 833.366430085 0.000351784602381258 0 0
 836.6944928 0.000403122493823002 0 0
 840.021352161 0.000237152276282111 0 0
 843.346996636 0.000487321121767716 0 0
 846.671414693 0.000683143663306662 0 0
 849.9945948 0.000479313372620893 0 0
 853.316525425 0.000371802650831254 0 0
 856.637195036 0.000585940596524972 0 0
 859.956592101 0.000645617460709338 0 0
 863.274705088 0.000111766148728356 0 0
 866.591522465 0.000702149507720767 0 0
 869.9070327 0.000583173294446739 0 0
 873.221224261 0.000596635378925484 0 0
 876.534085616 0.000966462488384848 0 0
 879.845605233 0.000169063586579027 0 0
 883.15577158 0.00148867272620061 0 0
 886.464573125 0.000843976635148446 0 0
 889.771998336 0.00047639466449793 0 0
 893.078035681 0.000822876163156809 0 0
 896.382673628 0.00114070916496342 0 0
 899.685900645 0.00131197641068065 0 0
 902.9877052 0.000147721288315569 0 0
 906.288075761 0.000648701169060967 0 0
 909.587000796 0.00120444870181855 0 0
 912.884468773 0.000897129247205589 0 0
 916.18046816 0.00078299461688556 0 0
 919.474987425 0.00138191426770093 0 0
 922.768015036 0.00135994173594916 0 0
 926.059539461 0.00146255054828267 0 0
 929.349549168 0.000521038824017514 0 0
 932.638032625 0.00053244035861083 0 0
 935.9249783 0.00180829197116801 0 0
 939.210374661 0.0020292784419265 0 0
 942.494210176 0.000372859145676573 0 0
 945.776473313 0.00049225009443779 0 0
 949.05715254 0.00179621873875396 0 0
 952.336236325 0.0014509473714222 0 0
 955.613713136 0 0 0
 958.889571441 0 0 0
 962.163799708 0 0 0
 965.436386405 0 0 0
 968.70732 0 0 0
 971.976588961 0 0 0
 975.244181756 0 0 0
 978.510086853 0 0 0
 981.77429272 0 0 0
 985.036787825 0 0 0
 988.297560636 0 0 0
 991.556599621 0 0 0
 994.813893248 0 0 0
 998.069429985 0 0 0
 1001.3231983 0 0 0
 1004.575186661 0 0 0
 1007.825383536 0 0 0
 1011.073777393 0 0 0
 1014.3203567 0 0 0
 1017.565109925 0 0 0
 1020.808025536 0 0 0
 1024.049092001 0 0 0
 1027.288297788 0 0 0
 1030.525631365 0 0 0
 1033.7610812 0 0 0
 1036.994635761 0 0 0
 1040.226283516 0 0 0
 1043.456012933 0 0 0
 1046.68381248 0 0 0
 1049.909670625 0 0 0
 1053.133575836 0 0 0
 1056.355516581 0 0 0
 1059.575481328 0 0 0
 1062.793458545 0 0 0
 1066.0094367 0 0 0
 1069.223404261 0 0 0
 1072.435349696 0 0 0
 1075.645261473 0 0 0
 1078.85312806 0 0 0
 1082.058937925 0 0 0
 1085.262679536 0 0 0
 1088.464341361 0 0 0
 1091.663911868 0 0 0
 1094.861379525 0 0 0
 1098.0567328 0 0 0
 1101.249960161 0 0 0
 1104.441050076 0 0 0
 1107.629991013 0 0 0
 1110.81677144 0 0 0
 1114.001379825 0 0 0
 1117.183804636 0 0 0
 1120.364034341 0 0 0
 1123.542057408 0 0 0
 1126.717862305 0 0 0
 1129.8914375 0 0 0
 1133.062771461 0 0 0
 1136.231852656 0 0 0
 1139.398669553 0 0 0
 1142.56321062 0 0 0
 1145.725464325 0 0 0
 1148.885419136 0 0 0
[END] of [DATA]
[END] of [Spectrum]


#TBID:2021-09-22 03:00:00;SAM_84CE;RAW;

[Spectrum]
Version            = 1
IDData             = 96B1_2021-09-22_03-00-00_000_149
IDDevice           = SAM_84CE
IDDataType         = SPECTRUM
IDDataTypeSub1     = RAW
IDDataTypeSub2     = 
IDDataTypeSub3     = 
DateTime           = 2021-09-22 03:00:00
PositionLatitude   = 0
PositionLongitude  = 0
Comment            = 
CommentSub1        = 
CommentSub2        = 
CommentSub3        = 
IDMethodType       = SAM Control
MethodName         = SAM_84CE
Mission            = No Mission
MissionSub         = 1
RecordType         = 0
[Attributes]
CalFactor = 1
IDBasisSpec = 
IDDataBack = DLAB_2015-08-21_11-56-43_233_004
IDDataCal = DLAB_2015-08-26_10-05-37_585_478
IntegrationTime = 4096
P31 = -1
P31e = 0
PathLength = +INF
PathLengthCustomOn = 0
RAWDynamic = 65535
Salinity = 0
Temperature = -NAN
Unit1 = $05 $00 Pixel 
Unit2 = $03 $05 Intensity counts
Unit3 = $f0 $05 Error counts
Unit4 = $f1 $00 Status 
p999 = 314
[END] of [Attributes]
[DATA]
 0 11 0 0
 1 1380 0 0
 2 1380 0 0
 3 1383 0 0
 4 1394 0 0
 5 1398 0 0
 6 1394 0 0
 7 1394 0 0
 8 1396 0 0
 9 1399 0 0
 10 1392 0 0
 11 1398 0 0
 12 1404 0 0
 13 1404 0 0
 14 1407 0 0
 15 1400 0 0
 16 1403 0 0
 17 1401 0 0
 18 1406 0 0
 19 1400 0 0
 20 1412 0 0
 21 1406 0 0
 22 1409 0 0
 23 1415 0 0
 24 1408 0 0
 25 1416 0 0
 26 1416 0 0
 27 1425 0 0
 28 1410 0 0
 29 1414 0 0
 30 1418 0 0
 31 1422 0 0
 32 1415 0 0
 33 1418 0 0
 34 1418 0 0
 35 1416 0 0
 36 1426 0 0
 37 1413 0 0
 38 1423 0 0
 39 1425 0 0
 40 1426 0 0
 41 1420 0 0
 42 1430 0 0
 43 1426 0 0
 44 1420 0 0
 45 1424 0 0
 46 1432 0 0
 47 1430 0 0
 48 1430 0 0
 49 1427 0 0
 50 1425 0 0
 51 1423 0 0
 52 1420 0 0
 53 1430 0 0
 54 1421 0 0
 55 1425 0 0
 56 1428 0 0
 57 1424 0 0
 58 1429 0 0
 59 1422 0 0
 60 1418 0 0
 61 1424 0 0
 62 1433 0 0
 63 1428 0 0
 64 1430 0 0
 65 1426 0 0
 66 1436 0 0
 67 1426 0 0
 68 1430 0 0
 69 1426 0 0
 70 1425 0 0
 71 1429 0 0
 72 1428 0 0
 73 1431 0 0
 74 1427 0 0
 75 1428 0 0
 76 1435 0 0
 77 1428 0 0
 78 1428 0 0
 79 1433 0 0
 80 1436 0 0
 81 1433 0 0
 82 1427 0 0
 83 1426 0 0
 84 1430 0 0
 85 1429 0 0
 86 1428 0 0
 87 1429 0 0
 88 1426 0 0
 89 1424 0 0
 90 1423 0 0
 91 1429 0 0
 92 1426 0 0
 93 1432 0 0
 94 1423 0 0
 95 1416 0 0
 96 1421 0 0
 97 1427 0 0
 98 1427 0 0
 99 1431 0 0
 100 1422 0 0
 101 1424 0 0
 102 1421 0 0
 103 1428 0 0
 104 1428 0 0
 105 1428 0 0
 106 1426 0 0
 107 1425 0 0
 108 1423 0 0
 109 1424 0 0
 110 1422 0 0
 111 1432 0 0
 112 1425 0 0
 113 1422 0 0
 114 1430 0 0
 115 1426 0 0
 116 1423 0 0
 117 1422 0 0
 118 1422 0 0
 119 1424 0 0
 120 1428 0 0
 121 1423 0 0
 122 1424 0 0
 123 1421 0 0
 124 1418 0 0
 125 1421 0 0
 126 1423 0 0
 127 1418 0 0
 128 1422 0 0
 129 1426 0 0
 130 1424 0 0
 131 1429 0 0
 132 1420 0 0
 133 1425 0 0
 134 1426 0 0
 135 1420 0 0
 136 1419 0 0
 137 1419 0 0
 138 1416 0 0
 139 1424 0 0
 140 1418 0 0
 141 1420 0 0
 142 1420 0 0
 143 1421 0 0
 144 1416 0 0
 145 1424 0 0
 146 1420 0 0
 147 1416 0 0
 148 1421 0 0
 149 1416 0 0
 150 1413 0 0
 151 1418 0 0
 152 1420 0 0
 153 1412 0 0
 154 1412 0 0
 155 1420 0 0
 156 1416 0 0
 157 1414 0 0
 158 1407 0 0
 159 1415 0 0
 160 1419 0 0
 161 1422 0 0
 162 1418 0 0
 163 1413 0 0
 164 1417 0 0
 165 1414 0 0
 166 1417 0 0
 167 1415 0 0
 168 1417 0 0
 169 1415 0 0
 170 1416 0 0
 171 1413 0 0
 172 1416 0 0
 173 1414 0 0
 174 1417 0 0
 175 1412 0 0
 176 1410 0 0
 177 1416 0 0
 178 1412 0 0
 179 1417 0 0
 180 1412 0 0
 181 1410 0 0
 182 1413 0 0
 183 1406 0 0
 184 1408 0 0
 185 1410 0 0
 186 1414 0 0
 187 1415 0 0
 188 1410 0 0
 189 1404 0 0
 190 1405 0 0
 191 1416 0 0
 192 1410 0 0
 193 1408 0 0
 194 1408 0 0
 195 1407 0 0
 196 1414 0 0
 197 1410 0 0
 198 1412 0 0
 199 1406 0 0
 200 1410 0 0
 201 1413 0 0
 202 1408 0 0
 203 1408 0 0
 204 1410 0 0
 205 1409 0 0
 206 1414 0 0
 207 1415 0 0
 208 1410 0 0
 209 1412 0 0
 210 1408 0 0
 211 1404 0 0
 212 1410 0 0
 213 1410 0 0
 214 1409 0 0
 215 1418 0 0
 216 1411 0 0
 217 1411 0 0
 218 1412 0 0
 219 1409 0 0
 220 1408 0 0
 221 1403 0 0
 222 1416 0 0
 223 1409 0 0
 224 1411 0 0
 225 1405 0 0
 226 1407 0 0
 227 1409 0 0
 228 1407 0 0
 229 1413 0 0
 230 1411 0 0
 231 1407 0 0
 232 1417 0 0
 233 1408 0 0
 234 1405 0 0
 235 1413 0 0
 236 1406 0 0
 237 1417 0 0
 238 1412 0 0
 239 1404 0 0
 240 1411 0 0
 241 1404 0 0
 242 1404 0 0
 243 1414 0 0
 244 1408 0 0
 245 1410 0 0
 246 1402 0 0
 247 1408 0 0
 248 1401 0 0
 249 1398 0 0
 250 1399 0 0
 251 1395 0 0
 252 1391 0 0
 253 1392 0 0
 254 1387 0 0
 255 1439 0 0
[END] of [DATA]
[END] of [Spectrum]


#TBID:2021-09-22 03:00:00;SAM_84CE;CALIBRATED;

[Spectrum]
Version            = 1
IDData             = 96B1_2021-09-22_03-00-00_000_150
IDDevice           = SAM_84CE
IDDataType         = SPECTRUM
IDDataTypeSub1     = CALIBRATED
IDDataTypeSub2     = 
IDDataTypeSub3     = 
DateTime           = 2021-09-22 03:00:00
PositionLatitude   = 0
PositionLongitude  = 0
Comment            = 
CommentSub1        = 
CommentSub2        = 
CommentSub3        = 
IDMethodType       = SAM Control
MethodName         = SAM_84CE
Mission            = No Mission
MissionSub         = 1
RecordType         = 0
[Attributes]
CalFactor = 1
IDBasisSpec = 
IDDataBack = DLAB_2015-08-21_11-56-43_233_004
IDDataCal = DLAB_2015-08-26_10-05-37_585_478
IntegrationTime = 4096
P31 = -1
P31e = 0
PathLength = +INF
PathLengthCustomOn = 0
RAWDynamic = 65535
Salinity = 0
Temperature = -NAN
Unit1 = $01 $01 Wavelength nm
Unit2 = $03 $06 Intensity mW/(m^2 nm)
Unit3 = $f0 $06 Error mW/(m^2 nm)
Unit4 = $f1 $00 Status 
p999 = 314
[END] of [Attributes]
[DATA]
 0 11 0 0
 303.485180022 0 0 0
 306.85638880275 0 0 0
 310.228324544 0 0 0
 313.60097308125 0 0 0
 316.97432025 0.002024453054906 0 0
 320.34835188575 0.00288102596444051 0 0
 323.723053824 0.00348897255186569 0 0
 327.09841190025 0.00345893298261967 0 0
 330.47441195 0.00180685849284415 0 0
 333.85103980875 0.00030488043456909 0 0
 337.228281312 0.00134507240277249 0 0
 340.60612229525 0.0030295137148388 0 0
 343.984548594 0.00288406648970788 0 0
 347.36354604375 0.00201805530067191 0 0
 350.74310048 0.00215545979289482 0 0
 354.12319773825 0.00222090858758439 0 0
 357.503823654 0.00254082742940511 0 0
 360.88496406275 0.00247863801437458 0 0
 364.2666048 0.00245672187349462 0 0
 367.64873170125 0.00272917859824708 0 0
 371.031330602 0.00223999498421473 0 0
 374.41438733775 0.00332185934268714 0 0
 377.797887744 0.00196440175292054 0 0
 381.18181765625 0.00245957277099877 0 0
 384.56616291 0.00408805641927429 0 0
 387.95090934075 0.00312655446441321 0 0
 391.336042784 0.00463355603430786 0 0
 394.72154907525 0.00396395039042207 0 0
 398.10741405 0.00415220197760887 0 0
 401.49362354375 0.0046380024635612 0 0
 404.880163392 0.00366966273391916 0 0
 408.26701943025 0.00291380642617425 0 0
 411.654177494 0.00378347192158296 0 0
 415.04162341875 0.00397793099706056 0 0
 418.42934304 0.00377037208961548 0 0
 421.81732219325 0.00368367956812659 0 0
 425.205546714 0.00309095985411981 0 0
 428.59400243775 0.00285190723336122 0 0
 431.9826752 0.0033904319032277 0 0
 435.37155083625 0.00331230791360308 0 0
 438.760615182 0.0027834178728862 0 0
 442.14985407275 0.00358697753548016 0 0
 445.539253344 0.00325509436751221 0 0
 448.92879883125 0.00331975054722591 0 0
 452.31847637 0.00387791487143104 0 0
 455.70827179575 0.00364089364867808 0 0
 459.098170944 0.00312480606235582 0 0
 462.48815965025 0.00400049552023894 0 0
 465.87822375 0.00375733941511184 0 0
 469.26834907875 0.0033039454320476 0 0
 472.658521472 0.00397147608512023 0 0
 476.04872676525 0.00366518882192664 0 0
 479.438950794 0.0041281532992936 0 0
 482.82917939375 0.00261572171472966 0 0
 486.2193984 0.00427627037323031 0 0
 489.60959364825 0.00480550875563298 0 0
 492.999750974 0.00420955873644682 0 0
 496.38985621275 0.0042497426986752 0 0
 499.7798952 0.00370371246542127 0 0
 503.16985377125 0.00372204075022859 0 0
 506.559717762 0.00385924398518055 0 0
 509.94947300775 0.00397536965737361 0 0
 513.339105344 0.00376099498100981 0 0
 516.72860060625 0.00407587518070322 0 0
 520.11794463 0.0038753393457724 0 0
 523.50712325075 0.00385043641658528 0 0
 526.896122304 0.00336538841484069 0 0
 530.28492762525 0.00350373769078276 0 0
 533.67352505 0.00393462474026435 0 0
 537.06190041375 0.00445994814354586 0 0
 540.450039552 0.00401924200769105 0 0
 543.83792830025 0.00340207294379573 0 0
 547.225552494 0.00349486711237153 0 0
 550.61289796875 0.00350220224292205 0 0
 553.99995056 0.00340632068671382 0 0
 557.38669610325 0.00331127685350707 0 0
 560.773120434 0.0036424488882503 0 0
 564.15920938775 0.00407063770278526 0 0
 567.5449488 0.00393125802498922 0 0
 570.93032450625 0.00417975205764678 0 0
 574.315322342 0.00380435850701926 0 0
 577.69992814275 0.0037908667062228 0 0
 581.084127744 0.00402755444726262 0 0
 584.46790698125 0.00450382226931762 0 0
 587.85125169 0.00435023394861827 0 0
 591.23414770575 0.00407668597548674 0 0
 594.616580864 0.00412191404155674 0 0
 597.99853700025 0.00412999262810452 0 0
 601.38000195 0.00388202364423326 0 0
 604.76096154875 0.00271723773488383 0 0
 608.141401632 0.00382450690711496 0 0
 611.52130803525 0.00367603727684558 0 0
 614.900666594 0.00382623169354841 0 0
 618.27946314375 0.00369939038192161 0 0
 621.65768352 0.00324037094255818 0 0
 625.03531355825 0.00408337268143916 0 0
 628.412339094 0.00406276970035776 0 0
 631.78874596275 0.00357736894767315 0 0
 635.16452 0.00466632855921405 0 0
 638.53964704125 0.00338168763812748 0 0
 641.914112922 0.00458456877915309 0 0
 645.28790347775 0.00354268463915458 0 0
 648.661004544 0.00465558821720562 0 0
 652.03340195625 0.00547361173286163 0 0
 655.40508155 0.0045618495378976 0 0
 658.77602916075 0.00479148142799337 0 0
 662.146230624 0.00524587497892197 0 0
 665.51567177525 0.00489574204065529 0 0
 668.88433845 0.00321025145521736 0 0
 672.25221648375 0.00457020641401586 0 0
 675.619291712 0.00467756545705268 0 0
 678.98554997025 0.00459129278274139 0 0
 682.350977094 0.00485784664981695 0 0
 685.71555891875 0.00549520410432492 0 0
 689.07928128 0.00529259552900915 0 0
 692.44213001325 0.00536323863328925 0 0
 695.804090954 0.0036172220655442 0 0
 699.16514993775 0.00416279797566048 0 0
 702.5252928 0.00444529921223685 0 0
 705.88450537625 0.00513727203227589 0 0
 709.242773502 0.00489628912047009 0 0
 712.60008301275 0.00430751442651476 0 0
 715.956419744 0.00458279022096946 0 0
 719.31176953125 0.00371313616653597 0 0
 722.66611821 0.00466897183588715 0 0
 726.01945161575 0.00339069460146434 0 0
 729.371755584 0.00426031082293465 0 0
 732.72301595025 0.00445605348331064 0 0
 736.07321855 0.00575094199863923 0 0
 739.42234921875 0.00610638493958542 0 0
 742.770393792 0.00452111954360728 0 0
 746.11733810525 0.00466164651874814 0 0
 749.463167994 0.00575695203682811 0 0
 752.80786929375 0.00595774241543645 0 0
 756.15142784 0.00427627701371178 0 0
 759.49382946825 0.00446282409901806 0 0
 762.835060014 0.00303979619066931 0 0
 766.17510531275 0.00548444787378565 0 0
 769.5139512 0.00463254512138703 0 0
 772.85158351125 0.00551386318681915 0 0
 776.187988082 0.00479313085432246 0 0
 779.52315074775 0.00564688733074953 0 0
 782.857057344 0.00559216735287661 0 0
 786.18969370625 0.00403591755443866 0 0
 789.52104567 0.00398400621319539 0 0
 792.85109907075 0.00414103083315304 0 0
 796.179839744 0.00647951686642828 0 0
 799.50725352525 0.0056191730188992 0 0
 802.83332625 0.00558916187717583 0 0
 806.15804375375 0.00508754045515386 0 0
 809.481391872 0.00745814202018281 0 0
 812.80335644025 0.00816892255445805 0 0
 816.123923294 0.00316641804982261 0 0
 819.44307826875 0.00418503595791119 0 0
 822.7608072 0.00791170453894787 0 0
 826.07709592325 0.006948801920112 0 0
 829.391930274 0.00497010956988051 0 0
 832.70529608775 0.00483441669679423 0 0
 836.0171792 0.00582315832678232 0 0
 839.32756544625 0.00761470835528061 0 0
 842.636440662 0.00859320466650833 0 0
 845.94379068275 0.00793409391449955 0 0
 849.249601344 0.00590847059450751 0 0
 852.55385848125 0.00824675331574056 0 0
 855.85654793 0.00854629011273664 0 0
 859.15765552575 0.0116030076056305 0 0
 862.457167104 0.00903276647945383 0 0
 865.75506850025 0.0114491533100366 0 0
 869.05134555 0.00732735351082942 0 0
 872.34598408875 0.00771738654096343 0 0
 875.638969952 0.00448756467273779 0 0
 878.93028897525 0.00993983807879671 0 0
 882.219926994 0.00936745365076666 0 0
 885.50786984375 0.0163287196578568 0 0
 888.79410336 0.00708482641176289 0 0
 892.07861337825 0.00578852862798849 0 0
 895.361385734 0.0119808296398903 0 0
 898.64240626275 0.00488042244468671 0 0
 901.9216608 0.0124238286713179 0 0
 905.19913518125 0.00575984397160785 0 0
 908.474815242 0.00550753278384613 0 0
 911.74868681775 0.0110566376621411 0 0
 915.020735744 0.0127408399224726 0 0
 918.29094785625 0.0138534155792079 0 0
 921.55930899 0.00889879448962944 0 0
 924.82580498075 0.0106259291572202 0 0
 928.090421664 0.0102225005570386 0 0
 931.35314487525 0.0119809695130184 0 0
 934.61396045 0.00129027826984719 0 0
 937.87285422375 0.00237031638618287 0 0
 941.129812032 0.017768525420924 0 0
 944.38481971025 0.0134125978217329 0 0
 947.637863094 0.00863484012527951 0 0
 950.88892801875 0.0125850496238573 0 0
 954.13800032 0 0 0
 957.38506583325 0 0 0
 960.630110394 0 0 0
 963.87311983775 0 0 0
 967.11408 0 0 0
 970.35297671625 0 0 0
 973.589795822 0 0 0
 976.82452315275 0 0 0
 980.057144544 0 0 0
 983.28764583125 0 0 0
 986.51601285 0 0 0
 989.74223143575 0 0 0
 992.966287424 0 0 0
 996.18816665025 0 0 0
 999.40785495 0 0 0
 1002.62533815875 0 0 0
 1005.840602112 0 0 0
 1009.05363264525 0 0 0
 1012.264415594 0 0 0
 1015.47293679375 0 0 0
 1018.67918208 0 0 0
 1021.88313728825 0 0 0
 1025.084788254 0 0 0
 1028.28412081275 0 0 0
 1031.4811208 0 0 0
 1034.67577405125 0 0 0
 1037.868066402 0 0 0
 1041.05798368775 0 0 0
 1044.245511744 0 0 0
 1047.43063640625 0 0 0
 1050.61334351 0 0 0
 1053.79361889075 0 0 0
 1056.971448384 0 0 0
 1060.14681782525 0 0 0
 1063.31971305 0 0 0
 1066.49011989375 0 0 0
 1069.658024192 0 0 0
 1072.82341178025 0 0 0
 1075.986268494 0 0 0
 1079.14658016875 0 0 0
 1082.30433264 0 0 0
 1085.45951174325 0 0 0
 1088.612103314 0 0 0
 1091.76209318775 0 0 0
 1094.9094672 0 0 0
 1098.05421118625 0 0 0
 1101.196310982 0 0 0
 1104.33575242275 0 0 0
 1107.472521344 0 0 0
 1110.60660358125 0 0 0
 1113.73798497 0 0 0
 1116.86665134575 0 0 0
 1119.992588544 0 0 0
 1123.11578240025 0 0 0
 1126.23621875 0 0 0
 1129.35388342875 0 0 0
 1132.468762272 0 0 0
 1135.58084111525 0 0 0
 1138.690105794 0 0 0
 1141.79654214375 0 0 0
 1144.900136 0 0 0
[END] of [DATA]
[END] of [Spectrum]


#TBID:2021-09-22 03:00:00;SAM_84DC;RAW;

[Spectrum]
Version            = 1
IDData             = 96B1_2021-09-22_03-00-00_000_152
IDDevice           = SAM_84DC
IDDataType         = SPECTRUM
IDDataTypeSub1     = RAW
IDDataTypeSub2     = 
IDDataTypeSub3     = 
DateTime           = 2021-09-22 03:00:00
PositionLatitude   = 0
PositionLongitude  = 0
Comment            = 
CommentSub1        = 
CommentSub2        = 
CommentSub3        = 
IDMethodType       = SAM Control
MethodName         = SAM_84DC
Mission            = No Mission
MissionSub         = 1
RecordType         = 0
[Attributes]
CalFactor = 1
IDBasisSpec = 
IDDataBack = DLAB_2015-08-21_13-19-54_137_939
IDDataCal = DLAB_2015-08-24_10-46-55_592_608
IntegrationTime = 4096
P31 = -1
P31e = 0
PathLength = +INF
PathLengthCustomOn = 0
RAWDynamic = 65535
Salinity = 0
Temperature = -NAN
Unit1 = $05 $00 Pixel 
Unit2 = $03 $05 Intensity counts
Unit3 = $f0 $05 Error counts
Unit4 = $f1 $00 Status 
p999 = 314
[END] of [Attributes]
[DATA]
 0 11 0 0
 1 1445 0 0
 2 1435 0 0
 3 1449 0 0
 4 1456 0 0
 5 1455 0 0
 6 1452 0 0
 7 1458 0 0
 8 1456 0 0
 9 1459 0 0
 10 1458 0 0
 11 1463 0 0
 12 1459 0 0
 13 1466 0 0
 14 1467 0 0
 15 1458 0 0
 16 1466 0 0
 17 1471 0 0
 18 1465 0 0
 19 1465 0 0
 20 1464 0 0
 21 1468 0 0
 22 1472 0 0
 23 1472 0 0
 24 1473 0 0
 25 1467 0 0
 26 1475 0 0
 27 1480 0 0
 28 1467 0 0
 29 1476 0 0
 30 1470 0 0
 31 1480 0 0
 32 1480 0 0
 33 1474 0 0
 34 1483 0 0
 35 1477 0 0
 36 1479 0 0
 37 1476 0 0
 38 1478 0 0
 39 1475 0 0
 40 1485 0 0
 41 1480 0 0
 42 1482 0 0
 43 1487 0 0
 44 1482 0 0
 45 1480 0 0
 46 1481 0 0
 47 1480 0 0
 48 1473 0 0
 49 1477 0 0
 50 1476 0 0
 51 1476 0 0
 52 1478 0 0
 53 1478 0 0
 54 1478 0 0
 55 1479 0 0
 56 1478 0 0
 57 1479 0 0
 58 1479 0 0
 59 1483 0 0
 60 1480 0 0
 61 1480 0 0
 62 1476 0 0
 63 1480 0 0
 64 1482 0 0
 65 1477 0 0
 66 1466 0 0
 67 1478 0 0
 68 1477 0 0
 69 1476 0 0
 70 1478 0 0
 71 1479 0 0
 72 1481 0 0
 73 1479 0 0
 74 1482 0 0
 75 1472 0 0
 76 1476 0 0
 77 1482 0 0
 78 1475 0 0
 79 1480 0 0
 80 1477 0 0
 81 1483 0 0
 82 1479 0 0
 83 1480 0 0
 84 1479 0 0
 85 1480 0 0
 86 1478 0 0
 87 1478 0 0
 88 1472 0 0
 89 1471 0 0
 90 1465 0 0
 91 1469 0 0
 92 1474 0 0
 93 1469 0 0
 94 1471 0 0
 95 1466 0 0
 96 1466 0 0
 97 1471 0 0
 98 1471 0 0
 99 1474 0 0
 100 1471 0 0
 101 1463 0 0
 102 1470 0 0
 103 1471 0 0
 104 1474 0 0
 105 1472 0 0
 106 1467 0 0
 107 1479 0 0
 108 1475 0 0
 109 1471 0 0
 110 1476 0 0
 111 1474 0 0
 112 1477 0 0
 113 1473 0 0
 114 1470 0 0
 115 1473 0 0
 116 1475 0 0
 117 1474 0 0
 118 1475 0 0
 119 1474 0 0
 120 1471 0 0
 121 1480 0 0
 122 1470 0 0
 123 1481 0 0
 124 1479 0 0
 125 1468 0 0
 126 1478 0 0
 127 1478 0 0
 128 1472 0 0
 129 1477 0 0
 130 1479 0 0
 131 1475 0 0
 132 1472 0 0
 133 1485 0 0
 134 1475 0 0
 135 1478 0 0
 136 1477 0 0
 137 1476 0 0
 138 1475 0 0
 139 1472 0 0
 140 1472 0 0
 141 1483 0 0
 142 1471 0 0
 143 1476 0 0
 144 1476 0 0
 145 1474 0 0
 146 1467 0 0
 147 1471 0 0
 148 1484 0 0
 149 1480 0 0
 150 1471 0 0
 151 1479 0 0
 152 1474 0 0
 153 1482 0 0
 154 1474 0 0
 155 1476 0 0
 156 1476 0 0
 157 1485 0 0
 158 1475 0 0
 159 1474 0 0
 160 1476 0 0
 161 1476 0 0
 162 1476 0 0
 163 1476 0 0
 164 1472 0 0
 165 1475 0 0
 166 1480 0 0
 167 1481 0 0
 168 1474 0 0
 169 1476 0 0
 170 1476 0 0
 171 1475 0 0
 172 1471 0 0
 173 1482 0 0
 174 1476 0 0
 175 1475 0 0
 176 1474 0 0
 177 1476 0 0
 178 1480 0 0
 179 1477 0 0
 180 1468 0 0
 181 1471 0 0
 182 1480 0 0
 183 1480 0 0
 184 1469 0 0
 185 1476 0 0
 186 1480 0 0
 187 1479 0 0
 188 1473 0 0
 189 1473 0 0
 190 1476 0 0
 191 1473 0 0
 192 1484 0 0
 193 1482 0 0
 194 1475 0 0
 195 1472 0 0
 196 1481 0 0
 197 1474 0 0
 198 1472 0 0
 199 1484 0 0
 200 1476 0 0
 201 1481 0 0
 202 1481 0 0
 203 1480 0 0
 204 1481 0 0
 205 1481 0 0
 206 1485 0 0
 207 1481 0 0
 208 1479 0 0
 209 1480 0 0
 210 1473 0 0
 211 1480 0 0
 212 1476 0 0
 213 1475 0 0
 214 1478 0 0
 215 1481 0 0
 216 1488 0 0
 217 1484 0 0
 218 1485 0 0
 219 1481 0 0
 220 1483 0 0
 221 1487 0 0
 222 1485 0 0
 223 1489 0 0
 224 1481 0 0
 225 1490 0 0
 226 1486 0 0
 227 1485 0 0
 228 1484 0 0
 229 1486 0 0
 230 1486 0 0
 231 1487 0 0
 232 1493 0 0
 233 1492 0 0
 234 1491 0 0
 235 1487 0 0
 236 1485 0 0
 237 1489 0 0
 238 1488 0 0
 239 1492 0 0
 240 1492 0 0
 241 1496 0 0
 242 1492 0 0
 243 1491 0 0
 244 1489 0 0
 245 1493 0 0
 246 1488 0 0
 247 1496 0 0
 248 1498 0 0
 249 1493 0 0
 250 1485 0 0
 251 1479 0 0
 252 1478 0 0
 253 1479 0 0
 254 1463 0 0
 255 1522 0 0
[END] of [DATA]
[END] of [Spectrum]


#TBID:2021-09-22 03:00:00;SAM_84DC;CALIBRATED;

[Spectrum]
Version            = 1
IDData             = 96B1_2021-09-22_03-00-00_000_153
IDDevice           = SAM_84DC
IDDataType         = SPECTRUM
IDDataTypeSub1     = CALIBRATED
IDDataTypeSub2     = 
IDDataTypeSub3     = 
DateTime           = 2021-09-22 03:00:00
PositionLatitude   = 0
PositionLongitude  = 0
Comment            = 
CommentSub1        = 
CommentSub2        = 
CommentSub3        = 
IDMethodType       = SAM Control
MethodName         = SAM_84DC
Mission            = No Mission
MissionSub         = 1
RecordType         = 0
[Attributes]
CalFactor = 1
IDBasisSpec = 
IDDataBack = DLAB_2015-08-21_13-19-54_137_939
IDDataCal = DLAB_2015-08-24_10-46-55_592_608
IntegrationTime = 4096
P31 = -1
P31e = 0
PathLength = +INF
PathLengthCustomOn = 0
RAWDynamic = 65535
Salinity = 0
Temperature = -NAN
Unit1 = $01 $01 Wavelength nm
Unit2 = $03 $03 Intensity mW/(m^2 nm Sr)
Unit3 = $f0 $03 Error mW/(m^2 nm Sr)
Unit4 = $f1 $00 Status 
p999 = 314
[END] of [Attributes]
[DATA]
 0 11 0 0
 305.71650776488 0 0 0
 309.04007505697 0 0 0
 312.36416914304 0 0 0
 315.68877841375 0 0 0
 319.01389125976 -0.000852208004682965 0 0
 322.33949607173 -0.000658061027257559 0 0
 325.66558124032 -0.000818615528305942 0 0
 328.99213515619 -0.000744949802966844 0 0
 332.31914621 -0.000734692417461339 0 0
 335.64660279241 -0.000621590908882065 0 0
 338.97449329408 -0.000502159383052937 0 0
 342.30280610567 -0.000398784901095857 0 0
 345.63152961784 -0.000219333341516532 0 0
 348.96065222125 -0.000391019755555581 0 0
 352.29016230656 -0.000261139667995649 0 0
 355.62004826443 -0.000259458566412287 0 0
 358.95029848552 -0.000253418893522412 0 0
 362.28090136049 -0.000212579269848125 0 0
 365.61184528 -0.000254893096756354 0 0
 368.94311863471 -0.000232420099807053 0 0
 372.27470981528 -0.000110243826409514 0 0
 375.60660721237 -0.000205531286541921 0 0
 378.93879921664 -0.000199206270657613 0 0
 382.27127421875 -0.000160737725049447 0 0
 385.60402060936 -0.000142764646214246 0 0
 388.93702677913 -0.000113455299844187 0 0
 392.27028111872 -1.88155724488984e-005 0 0
 395.60377201879 -0.000133917452514794 0 0
 398.93748787 4.10068467348894e-005 0 0
 402.27141706301 -4.04779638607302e-005 0 0
 405.60554798848 -3.59399164135401e-005 0 0
 408.93986903707 1.6188603964812e-006 0 0
 412.27436859944 -1.7846767035362e-005 0 0
 415.60903506625 2.03333874227557e-005 0 0
 418.94385682816 1.9013224786424e-005 0 0
 422.27882227583 -8.51602932794912e-005 0 0
 425.61391979992 -9.11801893140355e-005 0 0
 428.94913779109 -3.05152706810736e-005 0 0
 432.28446464 -2.03860890274462e-005 0 0
 435.61988873731 -4.45426500579894e-005 0 0
 438.95539847368 -2.45181786403837e-005 0 0
 442.29098223977 9.80807654594795e-006 0 0
 445.62662842624 3.61398365627237e-005 0 0
 448.96232542375 -3.87939057907268e-005 0 0
 452.29806162296 -4.83441426698475e-005 0 0
 455.63382541453 -8.65529785894868e-005 0 0
 458.96960518912 -0.000120278162549052 0 0
 462.30538933739 -0.000105084765922011 0 0
 465.64116625 -6.75943996842261e-005 0 0
 468.97692431761 -5.84634376452111e-005 0 0
 472.31265193088 -8.47459656200942e-005 0 0
 475.64833748047 -7.1972711911067e-005 0 0
 478.98396935704 -3.73833082186176e-005 0 0
 482.31953595125 -4.02564057017638e-005 0 0
 485.65502565376 -8.2909942392345e-005 0 0
 488.99042685523 -6.86251254020382e-005 0 0
 492.32572794632 -0.000109105834627637 0 0
 495.66091731769 -0.000104110695550314 0 0
 498.99598336 -0.000136763625706668 0 0
 502.33091446391 -8.58969555748648e-005 0 0
 505.66569902008 -0.000119746760853764 0 0
 509.00032541917 -7.47397149812588e-005 0 0
 512.33478205184 -6.73848869377738e-005 0 0
 515.66905730875 -5.69134056244467e-005 0 0
 519.00313958056 -7.11447817770095e-005 0 0
 522.33701725793 -0.000103041867977104 0 0
 525.67067873152 -9.57719198962047e-005 0 0
 529.00411239199 -0.000120592204867654 0 0
 532.33730663 -7.93942112864391e-005 0 0
 535.67024983621 -0.000109008760586228 0 0
 539.00293040128 -0.000131183879445276 0 0
 542.33533671587 -3.71391505329296e-005 0 0
 545.66745717064 -0.000103542689438245 0 0
 548.99928015625 -8.8151683472849e-005 0 0
 552.33079406336 -0.000111065611853427 0 0
 555.66198728263 -0.00013143038874374 0 0
 558.99284820472 -6.04153179538714e-005 0 0
 562.32336522029 -6.15103504639173e-005 0 0
 565.65352672 -0.000118411955400777 0 0
 568.98332109451 -7.98512342606852e-005 0 0
 572.31273673448 -9.63133834680754e-005 0 0
 575.64176203057 -5.91040862684413e-005 0 0
 578.97038537344 -8.99651663674109e-005 0 0
 582.29859515375 -1.30728152140303e-005 0 0
 585.62637976216 -0.000176926272607404 0 0
 588.95372758933 -0.000132472481206822 0 0
 592.28062702592 -0.000149457119168926 0 0
 595.60706646259 -0.000169515613187138 0 0
 598.93303429 -0.000278760845368732 0 0
 602.25851889881 -0.000227920540223923 0 0
 605.58350867968 -0.000268386188858741 0 0
 608.90799202327 -0.00019985581043712 0 0
 612.23195732024 -0.000263780867461403 0 0
 615.55539296125 -0.00029557731497857 0 0
 618.87828733696 -0.000359784585722594 0 0
 622.20062883803 -0.000275895686073964 0 0
 625.52240585512 -0.00033004753231487 0 0
 628.84360677889 -0.000212736404105864 0 0
 632.16422 -0.000218859193738235 0 0
 635.48423390911 -0.00029967136395894 0 0
 638.80363689688 -0.000372898026409608 0 0
 642.12241735397 -0.000324487538056551 0 0
 645.44056367104 -0.000279967633510533 0 0
 648.75806423875 -0.000228796972533065 0 0
 652.07490744776 -0.000333098576392308 0 0
 655.39108168873 -0.000401143014153291 0 0
 658.70657535232 -0.000314394243711942 0 0
 662.02137682919 -0.000264850731602958 0 0
 665.33547451 -0.000356572904430112 0 0
 668.64885678541 -0.000197909272352075 0 0
 671.96151204608 -0.000295225825673999 0 0
 675.27342868267 -0.000217189934672152 0 0
 678.58459508584 -0.000167828205606347 0 0
 681.89499964625 -0.000373599835620843 0 0
 685.20463075456 -0.000367300185174183 0 0
 688.51347680143 -0.000219110937252599 0 0
 691.82152617752 -0.000235051633818996 0 0
 695.12876727349 -0.000170658668361164 0 0
 698.43518848 -0.000248272794266581 0 0
 701.74077818771 -0.000141109674621169 0 0
 705.04552478728 -0.000289244721046386 0 0
 708.34941666937 -0.00028531111772796 0 0
 711.65244222464 -0.000188116633923831 0 0
 714.95458984375 -0.000230652532103606 0 0
 718.25584791736 -0.000332722146070593 0 0
 721.55620483613 -0.000249801425016945 0 0
 724.85564899072 -0.000225147656299503 0 0
 728.15416877179 -0.000283996519508907 0 0
 731.45175257 -0.000164102578018816 0 0
 734.74838877601 -0.000275056370507854 0 0
 738.04406578048 -0.000217144384443403 0 0
 741.33877197407 -0.000363262335237845 0 0
 744.63249574744 -4.04243538500173e-005 0 0
 747.92522549125 -0.000224640071397633 0 0
 751.21694959616 -0.000241106312136367 0 0
 754.50765645283 -0.000101626913536908 0 0
 757.79733445192 -0.000270896715466796 0 0
 761.08597198409 -0.000177034669612825 0 0
 764.37355744 -0.000329670211317147 0 0
 767.66007921031 -0.000265742845489687 0 0
 770.94552568568 -0.000159762103612818 0 0
 774.22988525677 -0.000290340556307941 0 0
 777.51314631424 -0.000289321424607098 0 0
 780.79529724875 -0.000242172181463859 0 0
 784.07632645096 -0.000183793117836285 0 0
 787.35622231153 -0.000437590117041581 0 0
 790.63497322112 -0.000373231264823977 0 0
 793.91256757039 -0.000120990067306239 0 0
 797.18899375 -0.000197476266332072 0 0
 800.46424015061 -0.000343640547609096 0 0
 803.73829516288 -0.00028083872837328 0 0
 807.01114717747 -0.00040066896120257 0 0
 810.28278458504 -0.000269073845017098 0 0
 813.55319577625 -0.000496458266741058 0 0
 816.82236914176 -0.000380898659287129 0 0
 820.09029307223 -0.000216576046244624 0 0
 823.35695595832 -0.000199331625446931 0 0
 826.62234619069 -0.000415003937695487 0 0
 829.88645216 -0.000626590873257687 0 0
 833.14926225691 -0.000531138085637985 0 0
 836.41076487208 -0.00025578190229149 0 0
 839.67094839617 -8.66092896641795e-005 0 0
 842.92980121984 -0.000314958733676071 0 0
 846.18731173375 -0.000653501620896718 0 0
 849.44346832856 -0.00063952363941124 0 0
 852.69825939493 -0.000681949859222147 0 0
 855.95167332352 -0.000485389268366108 0 0
 859.20369850499 -0.000844720411034918 0 0
 862.45432333 -0.000768043889970299 0 0
 865.70353618921 -0.000733329410009113 0 0
 868.95132547328 -0.00122140493870727 0 0
 872.19767957287 -0.000542171591963369 0 0
 875.44258687864 -0.000548840046771041 0 0
 878.68603578125 -0.000867787683179757 0 0
 881.92801467136 -0.000714886923913459 0 0
 885.16851193963 -0.00114913106586054 0 0
 888.40751597672 -0.000650130630794226 0 0
 891.64501517329 -0.000578320598686355 0 0
 894.88099792 -0.000314308614897482 0 0
 898.11545260751 -0.00139991947659312 0 0
 901.34836762648 -0.00107513831624419 0 0
 904.57973136757 -0.000489761524800373 0 0
 907.80953222144 -0.000592927588496 0 0
 911.03775857875 -0.00175635456428302 0 0
 914.26439883016 -0.00108825365968163 0 0
 917.48944136633 -0.000794535893603304 0 0
 920.71287457792 -0.000949916726058665 0 0
 923.93468685559 -0.00102295587242161 0 0
 927.15486659 -0.000954719977741034 0 0
 930.37340217181 -0.000847485601131365 0 0
 933.59028199168 -0.00182554092840256 0 0
 936.80549444027 -0.00159125735225307 0 0
 940.01902790824 -0.000874760859225095 0 0
 943.23087078625 -0.00172637104789353 0 0
 946.44101146496 -0.00165024101688678 0 0
 949.64943833503 -0.00188753231123798 0 0
 952.85613978712 -0.0026359461986643 0 0
 956.06110421189 0 0 0
 959.26432 0 0 0
 962.46577554211 0 0 0
 965.66545922888 0 0 0
 968.86335945097 0 0 0
 972.05946459904 0 0 0
 975.25376306375 0 0 0
 978.44624323576 0 0 0
 981.63689350573 0 0 0
 984.82570226432 0 0 0
 988.01265790219 0 0 0
 991.19774881 0 0 0
 994.38096337841 0 0 0
 997.56228999808 0 0 0
 1000.74171705967 0 0 0
 1003.91923295384 0 0 0
 1007.09482607125 0 0 0
 1010.26848480256 0 0 0
 1013.44019753843 0 0 0
 1016.60995266952 0 0 0
 1019.77773858649 0 0 0
 1022.94354368 0 0 0
 1026.10735634071 0 0 0
 1029.26916495928 0 0 0
 1032.42895792637 0 0 0
 1035.58672363264 0 0 0
 1038.74245046875 0 0 0
 1041.89612682536 0 0 0
 1045.04774109313 0 0 0
 1048.19728166272 0 0 0
 1051.34473692479 0 0 0
 1054.49009527 0 0 0
 1057.63334508901 0 0 0
 1060.77447477248 0 0 0
 1063.91347271107 0 0 0
 1067.05032729544 0 0 0
 1070.18502691625 0 0 0
 1073.31755996416 0 0 0
 1076.44791482983 0 0 0
 1079.57607990392 0 0 0
 1082.70204357709 0 0 0
 1085.82579424 0 0 0
 1088.94732028331 0 0 0
 1092.06661009768 0 0 0
 1095.18365207377 0 0 0
 1098.29843460224 0 0 0
 1101.41094607375 0 0 0
 1104.52117487896 0 0 0
 1107.62910940853 0 0 0
 1110.73473805312 0 0 0
 1113.83804920339 0 0 0
 1116.93903125 0 0 0
 1120.03767258361 0 0 0
 1123.13396159488 0 0 0
 1126.22788667447 0 0 0
 1129.31943621304 0 0 0
 1132.40859860125 0 0 0
 1135.49536222976 0 0 0
[END] of [DATA]
[END] of [Spectrum]


#TBID:2021-09-22 03:00:00;SAM_84C8;RAW;

[Spectrum]
Version            = 1
IDData             = 96B1_2021-09-22_03-00-00_000_155
IDDevice           = SAM_84C8
IDDataType         = SPECTRUM
IDDataTypeSub1     = RAW
IDDataTypeSub2     = 
IDDataTypeSub3     = 
DateTime           = 2021-09-22 03:00:00
PositionLatitude   = 0
PositionLongitude  = 0
Comment            = 
CommentSub1        = 
CommentSub2        = 
CommentSub3        = 
IDMethodType       = SAM Control
MethodName         = SAM_84C8
Mission            = No Mission
MissionSub         = 1
RecordType         = 0
[Attributes]
CalFactor = 1
IDBasisSpec = 
IDDataBack = DLAB_2015-08-21_12-14-03_013_778
IDDataCal = DLAB_2015-08-24_11-04-47_772_747
IntegrationTime = 4096
P31 = -1
P31e = 0
PathLength = +INF
PathLengthCustomOn = 0
RAWDynamic = 65535
Salinity = 0
Temperature = -NAN
Unit1 = $05 $00 Pixel 
Unit2 = $03 $05 Intensity counts
Unit3 = $f0 $05 Error counts
Unit4 = $f1 $00 Status 
p999 = 314
[END] of [Attributes]
[DATA]
 0 11 0 0
 1 1381 0 0
 2 1372 0 0
 3 1371 0 0
 4 1377 0 0
 5 1367 0 0
 6 1373 0 0
 7 1378 0 0
 8 1368 0 0
 9 1372 0 0
 10 1371 0 0
 11 1377 0 0
 12 1381 0 0
 13 1377 0 0
 14 1378 0 0
 15 1379 0 0
 16 1382 0 0
 17 1387 0 0
 18 1391 0 0
 19 1393 0 0
 20 1395 0 0
 21 1395 0 0
 22 1401 0 0
 23 1400 0 0
 24 1398 0 0
 25 1404 0 0
 26 1394 0 0
 27 1404 0 0
 28 1407 0 0
 29 1396 0 0
 30 1399 0 0
 31 1403 0 0
 32 1400 0 0
 33 1399 0 0
 34 1397 0 0
 35 1393 0 0
 36 1400 0 0
 37 1406 0 0
 38 1408 0 0
 39 1400 0 0
 40 1401 0 0
 41 1403 0 0
 42 1403 0 0
 43 1403 0 0
 44 1399 0 0
 45 1408 0 0
 46 1408 0 0
 47 1404 0 0
 48 1404 0 0
 49 1404 0 0
 50 1403 0 0
 51 1414 0 0
 52 1407 0 0
 53 1404 0 0
 54 1401 0 0
 55 1409 0 0
 56 1408 0 0
 57 1412 0 0
 58 1407 0 0
 59 1397 0 0
 60 1409 0 0
 61 1408 0 0
 62 1412 0 0
 63 1408 0 0
 64 1404 0 0
 65 1409 0 0
 66 1410 0 0
 67 1409 0 0
 68 1414 0 0
 69 1407 0 0
 70 1422 0 0
 71 1419 0 0
 72 1420 0 0
 73 1410 0 0
 74 1413 0 0
 75 1417 0 0
 76 1420 0 0
 77 1420 0 0
 78 1413 0 0
 79 1421 0 0
 80 1418 0 0
 81 1413 0 0
 82 1415 0 0
 83 1414 0 0
 84 1424 0 0
 85 1410 0 0
 86 1416 0 0
 87 1418 0 0
 88 1414 0 0
 89 1414 0 0
 90 1417 0 0
 91 1417 0 0
 92 1416 0 0
 93 1414 0 0
 94 1417 0 0
 95 1413 0 0
 96 1419 0 0
 97 1415 0 0
 98 1410 0 0
 99 1412 0 0
 100 1417 0 0
 101 1420 0 0
 102 1416 0 0
 103 1413 0 0
 104 1417 0 0
 105 1420 0 0
 106 1411 0 0
 107 1412 0 0
 108 1414 0 0
 109 1416 0 0
 110 1418 0 0
 111 1421 0 0
 112 1416 0 0
 113 1413 0 0
 114 1412 0 0
 115 1421 0 0
 116 1425 0 0
 117 1413 0 0
 118 1417 0 0
 119 1420 0 0
 120 1417 0 0
 121 1416 0 0
 122 1412 0 0
 123 1416 0 0
 124 1408 0 0
 125 1418 0 0
 126 1419 0 0
 127 1421 0 0
 128 1413 0 0
 129 1419 0 0
 130 1414 0 0
 131 1415 0 0
 132 1422 0 0
 133 1457 0 0
 134 1420 0 0
 135 1422 0 0
 136 1419 0 0
 137 1415 0 0
 138 1418 0 0
 139 1425 0 0
 140 1416 0 0
 141 1415 0 0
 142 1418 0 0
 143 1418 0 0
 144 1424 0 0
 145 1418 0 0
 146 1414 0 0
 147 1419 0 0
 148 1420 0 0
 149 1416 0 0
 150 1415 0 0
 151 1417 0 0
 152 1422 0 0
 153 1419 0 0
 154 1412 0 0
 155 1416 0 0
 156 1418 0 0
 157 1419 0 0
 158 1416 0 0
 159 1416 0 0
 160 1414 0 0
 161 1414 0 0
 162 1419 0 0
 163 1415 0 0
 164 1407 0 0
 165 1420 0 0
 166 1413 0 0
 167 1420 0 0
 168 1416 0 0
 169 1413 0 0
 170 1420 0 0
 171 1416 0 0
 172 1420 0 0
 173 1410 0 0
 174 1411 0 0
 175 1424 0 0
 176 1413 0 0
 177 1412 0 0
 178 1416 0 0
 179 1413 0 0
 180 1416 0 0
 181 1416 0 0
 182 1414 0 0
 183 1418 0 0
 184 1407 0 0
 185 1418 0 0
 186 1414 0 0
 187 1421 0 0
 188 1414 0 0
 189 1417 0 0
 190 1413 0 0
 191 1412 0 0
 192 1413 0 0
 193 1406 0 0
 194 1414 0 0
 195 1419 0 0
 196 1409 0 0
 197 1410 0 0
 198 1416 0 0
 199 1413 0 0
 200 1412 0 0
 201 1412 0 0
 202 1415 0 0
 203 1418 0 0
 204 1415 0 0
 205 1414 0 0
 206 1413 0 0
 207 1411 0 0
 208 1414 0 0
 209 1407 0 0
 210 1409 0 0
 211 1414 0 0
 212 1417 0 0
 213 1415 0 0
 214 1409 0 0
 215 1412 0 0
 216 1413 0 0
 217 1417 0 0
 218 1412 0 0
 219 1416 0 0
 220 1411 0 0
 221 1416 0 0
 222 1416 0 0
 223 1414 0 0
 224 1415 0 0
 225 1420 0 0
 226 1418 0 0
 227 1423 0 0
 228 1416 0 0
 229 1412 0 0
 230 1412 0 0
 231 1423 0 0
 232 1416 0 0
 233 1410 0 0
 234 1417 0 0
 235 1414 0 0
 236 1416 0 0
 237 1413 0 0
 238 1414 0 0
 239 1413 0 0
 240 1415 0 0
 241 1422 0 0
 242 1418 0 0
 243 1414 0 0
 244 1416 0 0
 245 1415 0 0
 246 1410 0 0
 247 1410 0 0
 248 1414 0 0
 249 1405 0 0
 250 1403 0 0
 251 1404 0 0
 252 1395 0 0
 253 1387 0 0
 254 1383 0 0
 255 1423 0 0
[END] of [DATA]
[END] of [Spectrum]


#TBID:2021-09-22 03:00:00;SAM_84C8;CALIBRATED;

[Spectrum]
Version            = 1
IDData             = 96B1_2021-09-22_03-00-00_000_156
IDDevice           = SAM_84C8
IDDataType         = SPECTRUM
IDDataTypeSub1     = CALIBRATED
IDDataTypeSub2     = 
IDDataTypeSub3     = 
DateTime           = 2021-09-22 03:00:00
PositionLatitude   = 0
PositionLongitude  = 0
Comment            = 
CommentSub1        = 
CommentSub2        = 
CommentSub3        = 
IDMethodType       = SAM Control
MethodName         = SAM_84C8
Mission            = No Mission
MissionSub         = 1
RecordType         = 0
[Attributes]
CalFactor = 1
IDBasisSpec = 
IDDataBack = DLAB_2015-08-21_12-14-03_013_778
IDDataCal = DLAB_2015-08-24_11-04-47_772_747
IntegrationTime = 4096
P31 = -1
P31e = 0
PathLength = +INF
PathLengthCustomOn = 0
RAWDynamic = 65535
Salinity = 0
Temperature = -NAN
Unit1 = $01 $01 Wavelength nm
Unit2 = $03 $03 Intensity mW/(m^2 nm Sr)
Unit3 = $f0 $03 Error mW/(m^2 nm Sr)
Unit4 = $f1 $00 Status 
p999 = 314
[END] of [Attributes]
[DATA]
 0 11 0 0
 303.516048156 0 0 0
 306.890006053 0 0 0
 310.26457112 0 0 0
 313.639731825 0 0 0
 317.015476636 -0.00158116680109106 0 0
 320.391794021 -0.00127832206016649 0 0
 323.768672448 -0.000837464182469764 0 0
 327.146100385 -0.0010709124107956 0 0
 330.5240663 -0.000942099295657332 0 0
 333.902558661 -0.000724457067434695 0 0
 337.281565936 -0.000791769235514067 0 0
 340.661076593 -0.000724640194036775 0 0
 344.0410791 -0.000559547892420278 0 0
 347.421561925 -0.000495378095292862 0 0
 350.802513536 -0.000500451460800586 0 0
 354.183922401 -0.000406527114528949 0 0
 357.565776988 -0.000327153968565357 0 0
 360.948065765 -0.000205727611597208 0 0
 364.3307772 -0.000174621239297083 0 0
 367.713899761 -7.25063469067253e-005 0 0
 371.097421916 -0.000122863837569965 0 0
 374.481332133 -4.47137538248199e-005 0 0
 377.86561888 -7.54051250856659e-005 0 0
 381.250270625 -0.0001525674380132 0 0
 384.635275836 3.67258133521497e-005 0 0
 388.020622981 -1.81575196796722e-005 0 0
 391.406300528 8.67923716680742e-005 0 0
 394.792296945 6.8392852484101e-005 0 0
 398.1786007 -0.000105295685639894 0 0
 401.565200261 -0.000115183126467714 0 0
 404.952084096 1.81218123458085e-005 0 0
 408.339240673 -3.52623518882197e-005 0 0
 411.72665846 2.13921314790886e-005 0 0
 415.114325925 -2.07316381513604e-005 0 0
 418.502231536 -5.40239032654311e-005 0 0
 421.890363761 -3.08112628987878e-005 0 0
 425.278711068 -9.71165845460718e-005 0 0
 428.667261925 6.08373272546514e-005 0 0
 432.0560048 4.95375677410521e-005 0 0
 435.444928161 2.7540590407119e-005 0 0
 438.834020476 7.83113221247339e-006 0 0
 442.223270213 4.42485703460174e-005 0 0
 445.61266584 3.70008206032868e-006 0 0
 449.002195825 1.75191689987098e-005 0 0
 452.391848636 1.80236096620532e-005 0 0
 455.781612741 6.53448497060039e-005 0 0
 459.171476608 4.11852979474433e-005 0 0
 462.561428705 -8.25623530236862e-007 0 0
 465.9514575 -4.75662014370493e-005 0 0
 469.341551461 5.45406936578264e-005 0 0
 472.731699056 0.000120315882826188 0 0
 476.121888753 3.68478744657362e-005 0 0
 479.51210902 3.12053281446178e-005 0 0
 482.902348325 0.00013182477292477 0 0
 486.292595136 9.14078563237836e-005 0 0
 489.682837921 5.32972969054662e-005 0 0
 493.073065148 5.53487514613449e-005 0 0
 496.463265285 8.04220110826925e-005 0 0
 499.8534268 1.24735812406206e-005 0 0
 503.243538161 0.000143318589342922 0 0
 506.633587836 8.23135310449776e-005 0 0
 510.023564293 -2.7599463627737e-005 0 0
 513.413456 1.96330181789884e-005 0 0
 516.803251425 0.000104495936344668 0 0
 520.192939036 0.000119172831515649 0 0
 523.582507301 5.03948858823943e-005 0 0
 526.971944688 6.72808885665097e-005 0 0
 530.361239665 7.23346777347633e-005 0 0
 533.7503807 6.81837757768933e-005 0 0
 537.139356261 0.000160135523189277 0 0
 540.528154816 0.000167678593476992 0 0
 543.916764833 0.000114288613007374 0 0
 547.30517478 7.22805346830011e-005 0 0
 550.693373125 0.000118561833716052 0 0
 554.081348336 0.00013615210025078 0 0
 557.469088881 0.000177250108304905 0 0
 560.856583228 0.000176688239621627 0 0
 564.243819845 9.62566498241879e-005 0 0
 567.6307872 0.000183798563072952 0 0
 571.017473761 0.000155749451668419 0 0
 574.403867996 0.000128400555841422 0 0
 577.789958373 6.00168026076427e-005 0 0
 581.17573336 8.29890748073016e-005 0 0
 584.561181425 0.000197473772744218 0 0
 587.946291036 0.00010204876707116 0 0
 591.331050661 0.000172901225609254 0 0
 594.715448768 0.000146169764024828 0 0
 598.099473825 0.000144875978061545 0 0
 601.4831143 0.00017156250396467 0 0
 604.866358661 8.49036980048247e-005 0 0
 608.249195376 0.000139711472440418 0 0
 611.631612913 0.000132496776160298 0 0
 615.01359974 0.000195744702451155 0 0
 618.395144325 8.49244233173027e-005 0 0
 621.776235136 0.000123582925324704 0 0
 625.156860641 0.000128682073759094 0 0
 628.537009308 0.000154950011986827 0 0
 631.916669605 9.38289959493743e-005 0 0
 635.29583 0.000160376563476784 0 0
 638.674478961 7.5939992593747e-005 0 0
 642.052604956 6.26653640767964e-005 0 0
 645.430196453 0.000119551919243765 0 0
 648.80724192 0.000158101172992982 0 0
 652.183729825 0.00022992807656966 0 0
 655.559648636 0.000139229367761814 0 0
 658.934986821 0.000147267432367033 0 0
 662.309732848 0.000120776027964247 0 0
 665.683875185 0.000268531216399815 0 0
 669.0574023 0.000267421420619075 0 0
 672.430302661 9.75327500714165e-005 0 0
 675.802564736 1.64264697864923e-005 0 0
 679.174176993 0.000153257825422454 0 0
 682.5451279 9.06502550232075e-005 0 0
 685.915405925 9.90633134962917e-005 0 0
 689.284999536 0.000163403549406916 0 0
 692.653897201 0.000195775455281587 0 0
 696.022087388 0.000166942764730472 0 0
 699.389558565 0.000280826950604221 0 0
 702.7562992 0.000156843094038007 0 0
 706.122297761 0.000354117822872629 0 0
 709.487542716 0.000191176614393479 0 0
 712.852022533 0.000239168384073977 0 0
 716.21572568 0.000274576677297822 0 0
 719.578640625 0.000115137426424914 0 0
 722.940755836 0.000240159259777044 0 0
 726.302059781 0.000265319303216112 0 0
 729.662540928 9.72897836982756e-005 0 0
 733.022187745 0.000199406853046415 0 0
 736.3809887 0.000219555354177947 0 0
 739.738932261 0.000261053039415513 0 0
 743.096006896 0.00011274634238225 0 0
 746.452201073 0.000317589396150254 0 0
 749.80750326 -0.000285920697357075 0 0
 753.161901925 0.00020046896088885 0 0
 756.515385536 0.000387356117063256 0 0
 759.867942561 0.000301848900189591 0 0
 763.219561468 0.000118663968203174 0 0
 766.570230725 0.000353366240402015 0 0
 769.9199388 0.000298890013272793 0 0
 773.268674161 0.00021379461787054 0 0
 776.616425276 0.000278330289486785 0 0
 779.963180613 0.000207451863047121 0 0
 783.30892864 0.000302842309141923 0 0
 786.653657825 0.000268626746212789 0 0
 789.997356636 0.000213966779940452 0 0
 793.340013541 9.23357449811663e-005 0 0
 796.681617008 0.000464702552438416 0 0
 800.022155505 0.000313108115587262 0 0
 803.3616175 0.000368534472271512 0 0
 806.699991461 0.000285547195323773 0 0
 810.037265856 0.000314772265961771 0 0
 813.373429153 0.000361666675454492 0 0
 816.70846982 0.000493216313605161 0 0
 820.042376325 0.000322761002074641 0 0
 823.375137136 0.000607783001049717 0 0
 826.706740721 0.000407556055555298 0 0
 830.037175548 0.000374669600635383 0 0
 833.366430085 0.000324228011302537 0 0
 836.6944928 0.000529437083204795 0 0
 840.021352161 0.000153267719914182 0 0
 843.346996636 0.000399544615333344 0 0
 846.671414693 0.000532062286729364 0 0
 849.9945948 0.000444893188164004 0 0
 853.316525425 0.000335769681438307 0 0
 856.637195036 0.000548186093993612 0 0
 859.956592101 0.000250505944435079 0 0
 863.274705088 0.000516890034565481 0 0
 866.591522465 0.00042600971877965 0 0
 869.9070327 0.000538185279679094 0 0
 873.221224261 0.000718445516903491 0 0
 876.534085616 0.000830133660759874 0 0
 879.845605233 0.000937026711783236 0 0
 883.15577158 0.00115326078431201 0 0
 886.464573125 0.00069203062823514 0 0
 889.771998336 0.000925696372890012 0 0
 893.078035681 0.000764746234885269 0 0
 896.382673628 0.000538935288753435 0 0
 899.685900645 0.00136194171503197 0 0
 902.9877052 0.000433094295946386 0 0
 906.288075761 0.000459747388521021 0 0
 909.587000796 0.000753975387360307 0 0
 912.884468773 0.000559027718288092 0 0
 916.18046816 0.00125945080189372 0 0
 919.474987425 0.000578245078097455 0 0
 922.768015036 0.0012754804282187 0 0
 926.059539461 0.00137406754337371 0 0
 929.349549168 0.00109767658585629 0 0
 932.638032625 0.00131358772654037 0 0
 935.9249783 0.00189056371076603 0 0
 939.210374661 0.00250592445533029 0 0
 942.494210176 0.000876171346803014 0 0
 945.776473313 0.000155470606287935 0 0
 949.05715254 0.00144274177859459 0 0
 952.336236325 0.000845074458416563 0 0
 955.613713136 0 0 0
 958.889571441 0 0 0
 962.163799708 0 0 0
 965.436386405 0 0 0
 968.70732 0 0 0
 971.976588961 0 0 0
 975.244181756 0 0 0
 978.510086853 0 0 0
 981.77429272 0 0 0
 985.036787825 0 0 0
 988.297560636 0 0 0
 991.556599621 0 0 0
 994.813893248 0 0 0
 998.069429985 0 0 0
 1001.3231983 0 0 0
 1004.575186661 0 0 0
 1007.825383536 0 0 0
 1011.073777393 0 0 0
 1014.3203567 0 0 0
 1017.565109925 0 0 0
 1020.808025536 0 0 0
 1024.049092001 0 0 0
 1027.288297788 0 0 0
 1030.525631365 0 0 0
 1033.7610812 0 0 0
 1036.994635761 0 0 0
 1040.226283516 0 0 0
 1043.456012933 0 0 0
 1046.68381248 0 0 0
 1049.909670625 0 0 0
 1053.133575836 0 0 0
 1056.355516581 0 0 0
 1059.575481328 0 0 0
 1062.793458545 0 0 0
 1066.0094367 0 0 0
 1069.223404261 0 0 0
 1072.435349696 0 0 0
 1075.645261473 0 0 0
 1078.85312806 0 0 0
 1082.058937925 0 0 0
 1085.262679536 0 0 0
 1088.464341361 0 0 0
 1091.663911868 0 0 0
 1094.861379525 0 0 0
 1098.0567328 0 0 0
 1101.249960161 0 0 0
 1104.441050076 0 0 0
 1107.629991013 0 0 0
 1110.81677144 0 0 0
 1114.001379825 0 0 0
 1117.183804636 0 0 0
 1120.364034341 0 0 0
 1123.542057408 0 0 0
 1126.717862305 0 0 0
 1129.8914375 0 0 0
 1133.062771461 0 0 0
 1136.231852656 0 0 0
 1139.398669553 0 0 0
 1142.56321062 0 0 0
 1145.725464325 0 0 0
 1148.885419136 0 0 0
[END] of [DATA]
[END] of [Spectrum]

