
#TBID:2021-07-14 02:30:00;SAM_84C8;CALIBRATED;

[Spectrum]
Version            = 1
IDData             = 96B1_2021-07-14_02-30-00_000_776
IDDevice           = SAM_84C8
IDDataType         = SPECTRUM
IDDataTypeSub1     = CALIBRATED
IDDataTypeSub2     = 
IDDataTypeSub3     = 
DateTime           = 2021-07-14 02:30:00
PositionLatitude   = 0
PositionLongitude  = 0
Comment            = 
CommentSub1        = 
CommentSub2        = 
CommentSub3        = 
IDMethodType       = SAM Control
MethodName         = SAM_84C8
Mission            = No Mission
MissionSub         = 1
RecordType         = 0
[Attributes]
CalFactor = 1
IDBasisSpec = 
IDDataBack = DLAB_2015-08-21_12-14-03_013_778
IDDataCal = DLAB_2015-08-24_11-04-47_772_747
IntegrationTime = 4096
P31 = -1
P31e = 0
PathLength = +INF
PathLengthCustomOn = 0
RAWDynamic = 65535
Salinity = 0
Temperature = -NAN
Unit1 = $01 $01 Wavelength nm
Unit2 = $03 $03 Intensity mW/(m^2 nm Sr)
Unit3 = $f0 $03 Error mW/(m^2 nm Sr)
Unit4 = $f1 $00 Status 
p999 = 176
[END] of [Attributes]
[DATA]
 0 11 0 0
 303.516048156 0 0 0
 306.890006053 0 0 0
 310.26457112 0 0 0
 313.639731825 0 0 0
 317.015476636 -0.00115273111827944 0 0
 320.391794021 -0.00118070405676188 0 0
 323.768672448 -0.000707859350374487 0 0
 327.146100385 -0.000411875172230752 0 0
 330.5240663 -0.000343026385263728 0 0
 333.902558661 -0.000317507643968038 0 0
 337.281565936 -0.000243952274368163 0 0
 340.661076593 -0.000217036536480581 0 0
 344.0410791 -8.75692710354686e-005 0 0
 347.421561925 3.85416814560158e-005 0 0
 350.802513536 -0.000125714209772632 0 0
 354.183922401 0.000110984991013329 0 0
 357.565776988 1.62117761812156e-005 0 0
 360.948065765 8.28661078130736e-005 0 0
 364.3307772 0.000125254804972581 0 0
 367.713899761 -8.36631053630866e-005 0 0
 371.097421916 -6.00666857219173e-005 0 0
 374.481332133 7.69285097649488e-005 0 0
 377.86561888 0.000147664487027801 0 0
 381.250270625 0.000136576310067433 0 0
 384.635275836 8.57293829905922e-005 0 0
 388.020622981 0.000155164077781173 0 0
 391.406300528 0.000115365289190223 0 0
 394.792296945 0.000137331024234869 0 0
 398.1786007 0.000200371919084656 0 0
 401.565200261 -1.15433919735589e-005 0 0
 404.952084096 6.22452603627719e-005 0 0
 408.339240673 0.000147067549986229 0 0
 411.72665846 0.000127658577913883 0 0
 415.114325925 7.95267999366249e-005 0 0
 418.502231536 2.55026210208988e-005 0 0
 421.890363761 5.79921536280896e-005 0 0
 425.278711068 -1.41229258692364e-007 0 0
 428.667261925 7.81313406148543e-005 0 0
 432.0560048 5.41693370743537e-005 0 0
 435.444928161 6.64975080141255e-005 0 0
 438.834020476 0.000101832839461328 0 0
 442.223270213 5.96432094113335e-005 0 0
 445.61266584 -3.634277747866e-005 0 0
 449.002195825 -1.17571194124445e-005 0 0
 452.391848636 -4.61915392697581e-005 0 0
 455.781612741 -5.04833170535598e-007 0 0
 459.171476608 -1.44163160186708e-005 0 0
 462.561428705 -2.07758134443914e-005 0 0
 465.9514575 -8.06437289662203e-005 0 0
 469.341551461 7.89731764205322e-006 0 0
 472.731699056 3.36106431267749e-005 0 0
 476.121888753 2.1968045763093e-006 0 0
 479.51210902 -3.07525971874155e-005 0 0
 482.902348325 2.79131634727785e-005 0 0
 486.292595136 2.74335877431825e-005 0 0
 489.682837921 -1.15915483941761e-005 0 0
 493.073065148 0.000132101024712382 0 0
 496.463265285 0.000157620357617363 0 0
 499.8534268 0.000218715383866152 0 0
 503.243538161 0.000134610746294548 0 0
 506.633587836 0.000144130410862042 0 0
 510.023564293 0.000102566062120613 0 0
 513.413456 0.000106412386699509 0 0
 516.803251425 0.000122888873208295 0 0
 520.192939036 0.000188603022792279 0 0
 523.582507301 8.03244714603188e-005 0 0
 526.971944688 0.000157378932083435 0 0
 530.361239665 0.000100811720540529 0 0
 533.7503807 8.44416773932442e-005 0 0
 537.139356261 8.37826083373798e-005 0 0
 540.528154816 -4.54789006443403e-005 0 0
 543.916764833 2.75221936562809e-005 0 0
 547.30517478 8.39555326700052e-006 0 0
 550.693373125 5.45421432728688e-005 0 0
 554.081348336 8.33076267728618e-005 0 0
 557.469088881 8.93836449279015e-005 0 0
 560.856583228 8.78608254080315e-005 0 0
 564.243819845 0.000183688379214239 0 0
 567.6307872 0.000152400605167505 0 0
 571.017473761 0.000123766208127241 0 0
 574.403867996 0.000170711221577291 0 0
 577.789958373 0.00023062888521959 0 0
 581.17573336 0.000218208298147621 0 0
 584.561181425 0.000176025596265452 0 0
 587.946291036 0.000148232839569831 0 0
 591.331050661 0.000108519444237529 0 0
 594.715448768 0.000151733675184391 0 0
 598.099473825 0.000165241809873771 0 0
 601.4831143 5.71090685286675e-005 0 0
 604.866358661 0.000137038865973593 0 0
 608.249195376 0.000161437413785114 0 0
 611.631612913 0.000154393941401193 0 0
 615.01359974 0.000154382568400616 0 0
 618.395144325 0.000250712265113413 0 0
 621.776235136 0.000194317032118842 0 0
 625.156860641 0.000282080085735061 0 0
 628.537009308 0.000278238969193514 0 0
 631.916669605 0.000151941153880763 0 0
 635.29583 0.000220264162248203 0 0
 638.674478961 0.000174190988602416 0 0
 642.052604956 8.87239644865745e-005 0 0
 645.430196453 0.000203964563032985 0 0
 648.80724192 0.000165750756382981 0 0
 652.183729825 0.000257771453281709 0 0
 655.559648636 0.000248977485114694 0 0
 658.934986821 0.000237839155023431 0 0
 662.309732848 0.00025381864748989 0 0
 665.683875185 0.00033948054851945 0 0
 669.0574023 0.000296612920178196 0 0
 672.430302661 0.000253656076171507 0 0
 675.802564736 0.000174244281605007 0 0
 679.174176993 0.000140030534301475 0 0
 682.5451279 0.000361755855617217 0 0
 685.915405925 0.000195933263485172 0 0
 689.284999536 0.000261098691512055 0 0
 692.653897201 0.000316538430399513 0 0
 696.022087388 0.000108016541530973 0 0
 699.389558565 0.000221384764232455 0 0
 702.7562992 0.000165761040444317 0 0
 706.122297761 0.000155376325928405 0 0
 709.487542716 8.4134356024614e-005 0 0
 712.852022533 0.000154935685965237 0 0
 716.21572568 7.30990668442812e-005 0 0
 719.578640625 0.000124252837293669 0 0
 722.940755836 0.000272759530462183 0 0
 726.302059781 0.000180484253963793 0 0
 729.662540928 0.000106451831118522 0 0
 733.022187745 0.000279541298729313 0 0
 736.3809887 0.000133657347510995 0 0
 739.738932261 0.000318380818363775 0 0
 743.096006896 7.36737089720796e-005 0 0
 746.452201073 0.00015508952775721 0 0
 749.80750326 -5.18944790829302e-005 0 0
 753.161901925 0.000437662211586632 0 0
 756.515385536 0.000346083252938455 0 0
 759.867942561 0.00044187926981006 0 0
 763.219561468 0.000418766061785048 0 0
 766.570230725 0.000497497065207802 0 0
 769.9199388 0.000363819620913807 0 0
 773.268674161 0.000252176104512733 0 0
 776.616425276 0.000373801200979992 0 0
 779.963180613 0.000132325178075454 0 0
 783.30892864 0.00037323600794209 0 0
 786.653657825 0.000189561829317627 0 0
 789.997356636 0.000350761838299937 0 0
 793.340013541 0.000330098918645107 0 0
 796.681617008 0.00037777455962348 0 0
 800.022155505 0.000326512956588748 0 0
 803.3616175 0.000346731201056812 0 0
 806.699991461 0.000632584850463583 0 0
 810.037265856 0.000521126684128099 0 0
 813.373429153 0.000654769764020167 0 0
 816.70846982 0.000714760634809756 0 0
 820.042376325 0.000893030426504904 0 0
 823.375137136 0.000757474871172633 0 0
 826.706740721 0.00079241639939375 0 0
 830.037175548 0.000917808774016863 0 0
 833.366430085 0.000442721352941041 0 0
 836.6944928 0.000549532586060996 0 0
 840.021352161 0.000120313072769646 0 0
 843.346996636 0.000477916496078325 0 0
 846.671414693 0.000555052930991133 0 0
 849.9945948 0.000654856313351026 0 0
 853.316525425 0.000685289484549886 0 0
 856.637195036 0.000438698036652725 0 0
 859.956592101 0.000562644042291752 0 0
 863.274705088 0.000471416945338874 0 0
 866.591522465 0.000223219561276041 0 0
 869.9070327 0.000974569022925247 0 0
 873.221224261 0.000666910458528191 0 0
 876.534085616 0.000776575907050075 0 0
 879.845605233 0.00169993744800585 0 0
 883.15577158 0.00185028872604927 0 0
 886.464573125 0.00160913331281902 0 0
 889.771998336 0.00116719604115078 0 0
 893.078035681 0.0013286065391192 0 0
 896.382673628 0.00220584892585511 0 0
 899.685900645 0.00151808329112985 0 0
 902.9877052 0.00164592957837739 0 0
 906.288075761 0.00135727784608577 0 0
 909.587000796 0.00181681086366016 0 0
 912.884468773 0.0029918887198466 0 0
 916.18046816 0.00255817814489986 0 0
 919.474987425 0.00280440873329908 0 0
 922.768015036 0.00300693723669314 0 0
 926.059539461 0.00302869973517125 0 0
 929.349549168 0.00199983566486215 0 0
 932.638032625 0.00296376154129155 0 0
 935.9249783 0.002517885725201 0 0
 939.210374661 0.00238676295197937 0 0
 942.494210176 0.0026034473097597 0 0
 945.776473313 0.00132217097594995 0 0
 949.05715254 0.00175834620730829 0 0
 952.336236325 0.000937272510395713 0 0
 955.613713136 0 0 0
 958.889571441 0 0 0
 962.163799708 0 0 0
 965.436386405 0 0 0
 968.70732 0 0 0
 971.976588961 0 0 0
 975.244181756 0 0 0
 978.510086853 0 0 0
 981.77429272 0 0 0
 985.036787825 0 0 0
 988.297560636 0 0 0
 991.556599621 0 0 0
 994.813893248 0 0 0
 998.069429985 0 0 0
 1001.3231983 0 0 0
 1004.575186661 0 0 0
 1007.825383536 0 0 0
 1011.073777393 0 0 0
 1014.3203567 0 0 0
 1017.565109925 0 0 0
 1020.808025536 0 0 0
 1024.049092001 0 0 0
 1027.288297788 0 0 0
 1030.525631365 0 0 0
 1033.7610812 0 0 0
 1036.994635761 0 0 0
 1040.226283516 0 0 0
 1043.456012933 0 0 0
 1046.68381248 0 0 0
 1049.909670625 0 0 0
 1053.133575836 0 0 0
 1056.355516581 0 0 0
 1059.575481328 0 0 0
 1062.793458545 0 0 0
 1066.0094367 0 0 0
 1069.223404261 0 0 0
 1072.435349696 0 0 0
 1075.645261473 0 0 0
 1078.85312806 0 0 0
 1082.058937925 0 0 0
 1085.262679536 0 0 0
 1088.464341361 0 0 0
 1091.663911868 0 0 0
 1094.861379525 0 0 0
 1098.0567328 0 0 0
 1101.249960161 0 0 0
 1104.441050076 0 0 0
 1107.629991013 0 0 0
 1110.81677144 0 0 0
 1114.001379825 0 0 0
 1117.183804636 0 0 0
 1120.364034341 0 0 0
 1123.542057408 0 0 0
 1126.717862305 0 0 0
 1129.8914375 0 0 0
 1133.062771461 0 0 0
 1136.231852656 0 0 0
 1139.398669553 0 0 0
 1142.56321062 0 0 0
 1145.725464325 0 0 0
 1148.885419136 0 0 0
[END] of [DATA]
[END] of [Spectrum]


#TBID:2021-07-14 03:00:00;SAM_84CE;RAW;

[Spectrum]
Version            = 1
IDData             = 96B1_2021-07-14_03-00-00_000_779
IDDevice           = SAM_84CE
IDDataType         = SPECTRUM
IDDataTypeSub1     = RAW
IDDataTypeSub2     = 
IDDataTypeSub3     = 
DateTime           = 2021-07-14 03:00:00
PositionLatitude   = 0
PositionLongitude  = 0
Comment            = 
CommentSub1        = 
CommentSub2        = 
CommentSub3        = 
IDMethodType       = SAM Control
MethodName         = SAM_84CE
Mission            = No Mission
MissionSub         = 1
RecordType         = 0
[Attributes]
CalFactor = 1
IDBasisSpec = 
IDDataBack = DLAB_2015-08-21_11-56-43_233_004
IDDataCal = DLAB_2015-08-26_10-05-37_585_478
IntegrationTime = 4096
P31 = -1
P31e = 0
PathLength = +INF
PathLengthCustomOn = 0
RAWDynamic = 65535
Salinity = 0
Temperature = -NAN
Unit1 = $05 $00 Pixel 
Unit2 = $03 $05 Intensity counts
Unit3 = $f0 $05 Error counts
Unit4 = $f1 $00 Status 
p999 = 177
[END] of [Attributes]
[DATA]
 0 11 0 0
 1 1466 0 0
 2 1464 0 0
 3 1465 0 0
 4 1477 0 0
 5 1479 0 0
 6 1478 0 0
 7 1477 0 0
 8 1481 0 0
 9 1481 0 0
 10 1485 0 0
 11 1488 0 0
 12 1486 0 0
 13 1485 0 0
 14 1488 0 0
 15 1484 0 0
 16 1489 0 0
 17 1481 0 0
 18 1487 0 0
 19 1480 0 0
 20 1491 0 0
 21 1492 0 0
 22 1493 0 0
 23 1498 0 0
 24 1499 0 0
 25 1496 0 0
 26 1499 0 0
 27 1497 0 0
 28 1491 0 0
 29 1493 0 0
 30 1492 0 0
 31 1493 0 0
 32 1492 0 0
 33 1494 0 0
 34 1496 0 0
 35 1486 0 0
 36 1495 0 0
 37 1489 0 0
 38 1496 0 0
 39 1492 0 0
 40 1490 0 0
 41 1489 0 0
 42 1489 0 0
 43 1490 0 0
 44 1487 0 0
 45 1485 0 0
 46 1491 0 0
 47 1496 0 0
 48 1493 0 0
 49 1491 0 0
 50 1494 0 0
 51 1486 0 0
 52 1490 0 0
 53 1495 0 0
 54 1490 0 0
 55 1487 0 0
 56 1489 0 0
 57 1489 0 0
 58 1497 0 0
 59 1492 0 0
 60 1488 0 0
 61 1496 0 0
 62 1496 0 0
 63 1494 0 0
 64 1498 0 0
 65 1492 0 0
 66 1497 0 0
 67 1490 0 0
 68 1494 0 0
 69 1485 0 0
 70 1488 0 0
 71 1486 0 0
 72 1491 0 0
 73 1490 0 0
 74 1494 0 0
 75 1493 0 0
 76 1492 0 0
 77 1487 0 0
 78 1485 0 0
 79 1488 0 0
 80 1493 0 0
 81 1490 0 0
 82 1488 0 0
 83 1486 0 0
 84 1482 0 0
 85 1487 0 0
 86 1486 0 0
 87 1486 0 0
 88 1488 0 0
 89 1485 0 0
 90 1493 0 0
 91 1491 0 0
 92 1488 0 0
 93 1488 0 0
 94 1485 0 0
 95 1480 0 0
 96 1484 0 0
 97 1484 0 0
 98 1487 0 0
 99 1494 0 0
 100 1487 0 0
 101 1484 0 0
 102 1483 0 0
 103 1487 0 0
 104 1482 0 0
 105 1489 0 0
 106 1486 0 0
 107 1482 0 0
 108 1477 0 0
 109 1490 0 0
 110 1481 0 0
 111 1491 0 0
 112 1482 0 0
 113 1476 0 0
 114 1482 0 0
 115 1474 0 0
 116 1476 0 0
 117 1482 0 0
 118 1478 0 0
 119 1479 0 0
 120 1476 0 0
 121 1476 0 0
 122 1481 0 0
 123 1476 0 0
 124 1474 0 0
 125 1470 0 0
 126 1478 0 0
 127 1472 0 0
 128 1474 0 0
 129 1468 0 0
 130 1466 0 0
 131 1479 0 0
 132 1472 0 0
 133 1470 0 0
 134 1469 0 0
 135 1471 0 0
 136 1467 0 0
 137 1474 0 0
 138 1465 0 0
 139 1472 0 0
 140 1464 0 0
 141 1465 0 0
 142 1467 0 0
 143 1468 0 0
 144 1467 0 0
 145 1472 0 0
 146 1466 0 0
 147 1460 0 0
 148 1464 0 0
 149 1465 0 0
 150 1463 0 0
 151 1459 0 0
 152 1462 0 0
 153 1461 0 0
 154 1461 0 0
 155 1463 0 0
 156 1458 0 0
 157 1458 0 0
 158 1457 0 0
 159 1466 0 0
 160 1458 0 0
 161 1462 0 0
 162 1460 0 0
 163 1456 0 0
 164 1461 0 0
 165 1455 0 0
 166 1453 0 0
 167 1454 0 0
 168 1456 0 0
 169 1459 0 0
 170 1453 0 0
 171 1452 0 0
 172 1454 0 0
 173 1450 0 0
 174 1451 0 0
 175 1448 0 0
 176 1450 0 0
 177 1454 0 0
 178 1448 0 0
 179 1454 0 0
 180 1457 0 0
 181 1451 0 0
 182 1451 0 0
 183 1443 0 0
 184 1442 0 0
 185 1448 0 0
 186 1444 0 0
 187 1445 0 0
 188 1441 0 0
 189 1448 0 0
 190 1442 0 0
 191 1444 0 0
 192 1445 0 0
 193 1438 0 0
 194 1443 0 0
 195 1441 0 0
 196 1442 0 0
 197 1436 0 0
 198 1441 0 0
 199 1440 0 0
 200 1442 0 0
 201 1442 0 0
 202 1434 0 0
 203 1438 0 0
 204 1439 0 0
 205 1437 0 0
 206 1443 0 0
 207 1437 0 0
 208 1438 0 0
 209 1436 0 0
 210 1437 0 0
 211 1427 0 0
 212 1435 0 0
 213 1434 0 0
 214 1433 0 0
 215 1433 0 0
 216 1436 0 0
 217 1426 0 0
 218 1431 0 0
 219 1437 0 0
 220 1426 0 0
 221 1432 0 0
 222 1428 0 0
 223 1432 0 0
 224 1425 0 0
 225 1426 0 0
 226 1433 0 0
 227 1434 0 0
 228 1418 0 0
 229 1434 0 0
 230 1432 0 0
 231 1428 0 0
 232 1424 0 0
 233 1427 0 0
 234 1425 0 0
 235 1429 0 0
 236 1420 0 0
 237 1423 0 0
 238 1423 0 0
 239 1427 0 0
 240 1427 0 0
 241 1428 0 0
 242 1417 0 0
 243 1427 0 0
 244 1425 0 0
 245 1421 0 0
 246 1412 0 0
 247 1420 0 0
 248 1412 0 0
 249 1418 0 0
 250 1404 0 0
 251 1409 0 0
 252 1401 0 0
 253 1397 0 0
 254 1394 0 0
 255 1443 0 0
[END] of [DATA]
[END] of [Spectrum]


#TBID:2021-07-14 03:00:00;SAM_84CE;CALIBRATED;

[Spectrum]
Version            = 1
IDData             = 96B1_2021-07-14_03-00-00_000_780
IDDevice           = SAM_84CE
IDDataType         = SPECTRUM
IDDataTypeSub1     = CALIBRATED
IDDataTypeSub2     = 
IDDataTypeSub3     = 
DateTime           = 2021-07-14 03:00:00
PositionLatitude   = 0
PositionLongitude  = 0
Comment            = 
CommentSub1        = 
CommentSub2        = 
CommentSub3        = 
IDMethodType       = SAM Control
MethodName         = SAM_84CE
Mission            = No Mission
MissionSub         = 1
RecordType         = 0
[Attributes]
CalFactor = 1
IDBasisSpec = 
IDDataBack = DLAB_2015-08-21_11-56-43_233_004
IDDataCal = DLAB_2015-08-26_10-05-37_585_478
IntegrationTime = 4096
P31 = -1
P31e = 0
PathLength = +INF
PathLengthCustomOn = 0
RAWDynamic = 65535
Salinity = 0
Temperature = -NAN
Unit1 = $01 $01 Wavelength nm
Unit2 = $03 $06 Intensity mW/(m^2 nm)
Unit3 = $f0 $06 Error mW/(m^2 nm)
Unit4 = $f1 $00 Status 
p999 = 177
[END] of [Attributes]
[DATA]
 0 11 0 0
 303.485180022 0 0 0
 306.85638880275 0 0 0
 310.228324544 0 0 0
 313.60097308125 0 0 0
 316.97432025 0.033784199375391 0 0
 320.34835188575 0.033406358596343 0 0
 323.723053824 0.0308798818579313 0 0
 327.09841190025 0.0307624298264894 0 0
 330.47441195 0.0262836753073648 0 0
 333.85103980875 0.027890885678496 0 0
 337.228281312 0.0261950426162653 0 0
 340.60612229525 0.0237204920819713 0 0
 343.984548594 0.0218519487345811 0 0
 347.36354604375 0.0193823099717611 0 0
 350.74310048 0.0186751273550126 0 0
 354.12319773825 0.0178249463760141 0 0
 357.503823654 0.0158798461992287 0 0
 360.88496406275 0.0153172419627038 0 0
 364.2666048 0.0148490197926957 0 0
 367.64873170125 0.0149288538151105 0 0
 371.031330602 0.0159583169416509 0 0
 374.41438733775 0.017063754351406 0 0
 377.797887744 0.0159180974068887 0 0
 381.18181765625 0.0183193260594812 0 0
 384.56616291 0.0179276936871761 0 0
 387.95090934075 0.0176231795351975 0 0
 391.336042784 0.0167569036702955 0 0
 394.72154907525 0.0177274179659859 0 0
 398.10741405 0.017126355743519 0 0
 401.49362354375 0.016213964972738 0 0
 404.880163392 0.0141948970897069 0 0
 408.26701943025 0.0139304826449245 0 0
 411.654177494 0.0140021311561448 0 0
 415.04162341875 0.0138941651390305 0 0
 418.42934304 0.01194091878028 0 0
 421.81732219325 0.0112326494222085 0 0
 425.205546714 0.0111007599741032 0 0
 428.59400243775 0.010092930796104 0 0
 431.9826752 0.00963363348596275 0 0
 435.37155083625 0.00901919657880107 0 0
 438.760615182 0.00890636086030623 0 0
 442.14985407275 0.008574404509106 0 0
 445.539253344 0.00879733414762122 0 0
 448.92879883125 0.00926437132235578 0 0
 452.31847637 0.00928310472003583 0 0
 455.70827179575 0.00895372350478301 0 0
 459.098170944 0.00941247920472471 0 0
 462.48815965025 0.0100846488112015 0 0
 465.87822375 0.0101047767689084 0 0
 469.26834907875 0.0103866076134068 0 0
 472.658521472 0.010387964067076 0 0
 476.04872676525 0.0110604723182611 0 0
 479.438950794 0.0109525400582587 0 0
 482.82917939375 0.0100668541623631 0 0
 486.2193984 0.0109014234390217 0 0
 489.60959364825 0.0113761504030033 0 0
 492.999750974 0.0113830906628696 0 0
 496.38985621275 0.0118495562050174 0 0
 499.7798952 0.0115502307993273 0 0
 503.16985377125 0.0115105931552497 0 0
 506.559717762 0.0118181542760977 0 0
 509.94947300775 0.0106125264646105 0 0
 513.339105344 0.0106371508847797 0 0
 516.72860060625 0.0110215096699165 0 0
 520.11794463 0.0103811945283239 0 0
 523.50712325075 0.00957614376951865 0 0
 526.896122304 0.00927978491701254 0 0
 530.28492762525 0.00927865488336268 0 0
 533.67352505 0.00905036248646658 0 0
 537.06190041375 0.00994045998042088 0 0
 540.450039552 0.00880450934223155 0 0
 543.83792830025 0.00880886329609409 0 0
 547.225552494 0.00846746034680361 0 0
 550.61289796875 0.00935359873194853 0 0
 553.99995056 0.00907374358236034 0 0
 557.38669610325 0.00815307722071854 0 0
 560.773120434 0.00876828085362031 0 0
 564.15920938775 0.00905532410932324 0 0
 567.5449488 0.00877603601942276 0 0
 570.93032450625 0.00935502256450881 0 0
 574.315322342 0.00908207435156313 0 0
 577.69992814275 0.00966522243820751 0 0
 581.084127744 0.00990569812394476 0 0
 584.46790698125 0.00949892831380876 0 0
 587.85125169 0.0102409559771306 0 0
 591.23414770575 0.0101044694429839 0 0
 594.616580864 0.0101394025569354 0 0
 597.99853700025 0.0109516883831664 0 0
 601.38000195 0.0106791066336598 0 0
 604.76096154875 0.0108889786932136 0 0
 608.141401632 0.0109392265417039 0 0
 611.52130803525 0.010862962039679 0 0
 614.900666594 0.0102035865991049 0 0
 618.27946314375 0.0110506714395835 0 0
 621.65768352 0.011032611985063 0 0
 625.03531355825 0.0119315229222049 0 0
 628.412339094 0.0112175398122032 0 0
 631.78874596275 0.0115069111670922 0 0
 635.16452 0.0133908705526083 0 0
 638.53964704125 0.0127436579703225 0 0
 641.914112922 0.0132938242213655 0 0
 645.28790347775 0.0128397523304824 0 0
 648.661004544 0.0135787078600453 0 0
 652.03340195625 0.013579872795929 0 0
 655.40508155 0.0141785155032932 0 0
 658.77602916075 0.0143294697345256 0 0
 662.146230624 0.0142629539852236 0 0
 665.51567177525 0.0133513785866139 0 0
 668.88433845 0.0141684115794216 0 0
 672.25221648375 0.0141027163541113 0 0
 675.619291712 0.0141959114281689 0 0
 678.98554997025 0.0136706877336173 0 0
 682.350977094 0.0132919490771448 0 0
 685.71555891875 0.0134979794377738 0 0
 689.07928128 0.0125056841169684 0 0
 692.44213001325 0.0136790581298771 0 0
 695.804090954 0.0135251023244469 0 0
 699.16514993775 0.0133594255807699 0 0
 702.5252928 0.0135187295067862 0 0
 705.88450537625 0.0127642512941933 0 0
 709.242773502 0.0136613821545242 0 0
 712.60008301275 0.0139881498102823 0 0
 715.956419744 0.013868921077454 0 0
 719.31176953125 0.0132514162722859 0 0
 722.66611821 0.0126830390231115 0 0
 726.01945161575 0.0127427714317991 0 0
 729.371755584 0.0134194083092984 0 0
 732.72301595025 0.0132088833456475 0 0
 736.07321855 0.0123227706037996 0 0
 739.42234921875 0.0127363713155058 0 0
 742.770393792 0.0130534644192089 0 0
 746.11733810525 0.0137687278695028 0 0
 749.463167994 0.013348862043709 0 0
 752.80786929375 0.0131804562746226 0 0
 756.15142784 0.0135306291580602 0 0
 759.49382946825 0.0131167624252356 0 0
 762.835060014 0.0135579784327713 0 0
 766.17510531275 0.014651672427671 0 0
 769.5139512 0.0136926891844081 0 0
 772.85158351125 0.0142037484396022 0 0
 776.187988082 0.0133828024402651 0 0
 779.52315074775 0.0149569727333654 0 0
 782.857057344 0.0151260828708547 0 0
 786.18969370625 0.0149862047887777 0 0
 789.52104567 0.0143760726202861 0 0
 792.85109907075 0.0142610727590683 0 0
 796.179839744 0.0163117602374658 0 0
 799.50725352525 0.015477269763922 0 0
 802.83332625 0.0178265801011733 0 0
 806.15804375375 0.0181195193157214 0 0
 809.481391872 0.0177093620757553 0 0
 812.80335644025 0.0191756917172148 0 0
 816.123923294 0.0173126995392401 0 0
 819.44307826875 0.0188626116367357 0 0
 822.7608072 0.0206113763934565 0 0
 826.07709592325 0.019712068363607 0 0
 829.391930274 0.019144324896295 0 0
 832.70529608775 0.0224199975495348 0 0
 836.0171792 0.0246376369838066 0 0
 839.32756544625 0.0211082806980146 0 0
 842.636440662 0.0232602876581019 0 0
 845.94379068275 0.0244256145195515 0 0
 849.249601344 0.0237820361545728 0 0
 852.55385848125 0.0276018410255992 0 0
 855.85654793 0.0269094324213072 0 0
 859.15765552575 0.0274532291192874 0 0
 862.457167104 0.0277661674428817 0 0
 865.75506850025 0.0309979145535351 0 0
 869.05134555 0.031623219827479 0 0
 872.34598408875 0.0273811120282182 0 0
 875.638969952 0.0266104841523583 0 0
 878.93028897525 0.0320456871616667 0 0
 882.219926994 0.0304908572988651 0 0
 885.50786984375 0.0363133466163483 0 0
 888.79410336 0.0297450179181642 0 0
 892.07861337825 0.0332379749154863 0 0
 895.361385734 0.0383364296526664 0 0
 898.64240626275 0.030083970563635 0 0
 901.9216608 0.039707914821708 0 0
 905.19913518125 0.0434637153567556 0 0
 908.474815242 0.0399285382785884 0 0
 911.74868681775 0.043204691171969 0 0
 915.020735744 0.0449968043803579 0 0
 918.29094785625 0.0434358128835386 0 0
 921.55930899 0.0457625700626048 0 0
 924.82580498075 0.0370580776191881 0 0
 928.090421664 0.0380222102384156 0 0
 931.35314487525 0.0428866839228155 0 0
 934.61396045 0.0568951410347298 0 0
 937.87285422375 0.0478040068396769 0 0
 941.129812032 0.0479159948154032 0 0
 944.38481971025 0.0596502737485675 0 0
 947.637863094 0.0461219176997012 0 0
 950.88892801875 0.0631329875698949 0 0
 954.13800032 0 0 0
 957.38506583325 0 0 0
 960.630110394 0 0 0
 963.87311983775 0 0 0
 967.11408 0 0 0
 970.35297671625 0 0 0
 973.589795822 0 0 0
 976.82452315275 0 0 0
 980.057144544 0 0 0
 983.28764583125 0 0 0
 986.51601285 0 0 0
 989.74223143575 0 0 0
 992.966287424 0 0 0
 996.18816665025 0 0 0
 999.40785495 0 0 0
 1002.62533815875 0 0 0
 1005.840602112 0 0 0
 1009.05363264525 0 0 0
 1012.264415594 0 0 0
 1015.47293679375 0 0 0
 1018.67918208 0 0 0
 1021.88313728825 0 0 0
 1025.084788254 0 0 0
 1028.28412081275 0 0 0
 1031.4811208 0 0 0
 1034.67577405125 0 0 0
 1037.868066402 0 0 0
 1041.05798368775 0 0 0
 1044.245511744 0 0 0
 1047.43063640625 0 0 0
 1050.61334351 0 0 0
 1053.79361889075 0 0 0
 1056.971448384 0 0 0
 1060.14681782525 0 0 0
 1063.31971305 0 0 0
 1066.49011989375 0 0 0
 1069.658024192 0 0 0
 1072.82341178025 0 0 0
 1075.986268494 0 0 0
 1079.14658016875 0 0 0
 1082.30433264 0 0 0
 1085.45951174325 0 0 0
 1088.612103314 0 0 0
 1091.76209318775 0 0 0
 1094.9094672 0 0 0
 1098.05421118625 0 0 0
 1101.196310982 0 0 0
 1104.33575242275 0 0 0
 1107.472521344 0 0 0
 1110.60660358125 0 0 0
 1113.73798497 0 0 0
 1116.86665134575 0 0 0
 1119.992588544 0 0 0
 1123.11578240025 0 0 0
 1126.23621875 0 0 0
 1129.35388342875 0 0 0
 1132.468762272 0 0 0
 1135.58084111525 0 0 0
 1138.690105794 0 0 0
 1141.79654214375 0 0 0
 1144.900136 0 0 0
[END] of [DATA]
[END] of [Spectrum]


#TBID:2021-07-14 03:00:00;SAM_84DC;RAW;

[Spectrum]
Version            = 1
IDData             = 96B1_2021-07-14_03-00-00_000_782
IDDevice           = SAM_84DC
IDDataType         = SPECTRUM
IDDataTypeSub1     = RAW
IDDataTypeSub2     = 
IDDataTypeSub3     = 
DateTime           = 2021-07-14 03:00:00
PositionLatitude   = 0
PositionLongitude  = 0
Comment            = 
CommentSub1        = 
CommentSub2        = 
CommentSub3        = 
IDMethodType       = SAM Control
MethodName         = SAM_84DC
Mission            = No Mission
MissionSub         = 1
RecordType         = 0
[Attributes]
CalFactor = 1
IDBasisSpec = 
IDDataBack = DLAB_2015-08-21_13-19-54_137_939
IDDataCal = DLAB_2015-08-24_10-46-55_592_608
IntegrationTime = 4096
P31 = -1
P31e = 0
PathLength = +INF
PathLengthCustomOn = 0
RAWDynamic = 65535
Salinity = 0
Temperature = -NAN
Unit1 = $05 $00 Pixel 
Unit2 = $03 $05 Intensity counts
Unit3 = $f0 $05 Error counts
Unit4 = $f1 $00 Status 
p999 = 177
[END] of [Attributes]
[DATA]
 0 11 0 0
 1 1436 0 0
 2 1418 0 0
 3 1437 0 0
 4 1448 0 0
 5 1446 0 0
 6 1442 0 0
 7 1448 0 0
 8 1447 0 0
 9 1452 0 0
 10 1455 0 0
 11 1456 0 0
 12 1446 0 0
 13 1447 0 0
 14 1457 0 0
 15 1447 0 0
 16 1450 0 0
 17 1456 0 0
 18 1449 0 0
 19 1454 0 0
 20 1459 0 0
 21 1454 0 0
 22 1458 0 0
 23 1465 0 0
 24 1464 0 0
 25 1461 0 0
 26 1464 0 0
 27 1460 0 0
 28 1456 0 0
 29 1460 0 0
 30 1453 0 0
 31 1463 0 0
 32 1459 0 0
 33 1460 0 0
 34 1466 0 0
 35 1462 0 0
 36 1465 0 0
 37 1467 0 0
 38 1464 0 0
 39 1455 0 0
 40 1472 0 0
 41 1467 0 0
 42 1462 0 0
 43 1466 0 0
 44 1468 0 0
 45 1464 0 0
 46 1468 0 0
 47 1472 0 0
 48 1466 0 0
 49 1466 0 0
 50 1464 0 0
 51 1462 0 0
 52 1466 0 0
 53 1466 0 0
 54 1460 0 0
 55 1469 0 0
 56 1464 0 0
 57 1465 0 0
 58 1464 0 0
 59 1469 0 0
 60 1469 0 0
 61 1471 0 0
 62 1465 0 0
 63 1469 0 0
 64 1462 0 0
 65 1467 0 0
 66 1460 0 0
 67 1466 0 0
 68 1466 0 0
 69 1462 0 0
 70 1466 0 0
 71 1470 0 0
 72 1464 0 0
 73 1469 0 0
 74 1477 0 0
 75 1466 0 0
 76 1469 0 0
 77 1471 0 0
 78 1467 0 0
 79 1472 0 0
 80 1470 0 0
 81 1466 0 0
 82 1465 0 0
 83 1470 0 0
 84 1462 0 0
 85 1472 0 0
 86 1466 0 0
 87 1464 0 0
 88 1470 0 0
 89 1466 0 0
 90 1464 0 0
 91 1472 0 0
 92 1454 0 0
 93 1461 0 0
 94 1465 0 0
 95 1466 0 0
 96 1462 0 0
 97 1465 0 0
 98 1464 0 0
 99 1462 0 0
 100 1466 0 0
 101 1465 0 0
 102 1464 0 0
 103 1472 0 0
 104 1467 0 0
 105 1472 0 0
 106 1469 0 0
 107 1474 0 0
 108 1468 0 0
 109 1469 0 0
 110 1467 0 0
 111 1470 0 0
 112 1468 0 0
 113 1465 0 0
 114 1471 0 0
 115 1475 0 0
 116 1468 0 0
 117 1469 0 0
 118 1464 0 0
 119 1470 0 0
 120 1470 0 0
 121 1474 0 0
 122 1469 0 0
 123 1474 0 0
 124 1476 0 0
 125 1465 0 0
 126 1474 0 0
 127 1475 0 0
 128 1468 0 0
 129 1469 0 0
 130 1474 0 0
 131 1473 0 0
 132 1473 0 0
 133 1466 0 0
 134 1468 0 0
 135 1476 0 0
 136 1471 0 0
 137 1472 0 0
 138 1465 0 0
 139 1472 0 0
 140 1470 0 0
 141 1478 0 0
 142 1469 0 0
 143 1472 0 0
 144 1474 0 0
 145 1468 0 0
 146 1475 0 0
 147 1473 0 0
 148 1468 0 0
 149 1468 0 0
 150 1473 0 0
 151 1470 0 0
 152 1470 0 0
 153 1473 0 0
 154 1470 0 0
 155 1471 0 0
 156 1474 0 0
 157 1476 0 0
 158 1472 0 0
 159 1479 0 0
 160 1470 0 0
 161 1469 0 0
 162 1470 0 0
 163 1468 0 0
 164 1476 0 0
 165 1472 0 0
 166 1481 0 0
 167 1482 0 0
 168 1475 0 0
 169 1476 0 0
 170 1475 0 0
 171 1479 0 0
 172 1468 0 0
 173 1483 0 0
 174 1478 0 0
 175 1477 0 0
 176 1482 0 0
 177 1480 0 0
 178 1478 0 0
 179 1480 0 0
 180 1477 0 0
 181 1479 0 0
 182 1486 0 0
 183 1483 0 0
 184 1482 0 0
 185 1484 0 0
 186 1481 0 0
 187 1487 0 0
 188 1488 0 0
 189 1485 0 0
 190 1480 0 0
 191 1484 0 0
 192 1493 0 0
 193 1488 0 0
 194 1492 0 0
 195 1485 0 0
 196 1492 0 0
 197 1488 0 0
 198 1481 0 0
 199 1490 0 0
 200 1488 0 0
 201 1493 0 0
 202 1483 0 0
 203 1499 0 0
 204 1494 0 0
 205 1494 0 0
 206 1492 0 0
 207 1496 0 0
 208 1492 0 0
 209 1493 0 0
 210 1483 0 0
 211 1491 0 0
 212 1494 0 0
 213 1491 0 0
 214 1490 0 0
 215 1496 0 0
 216 1500 0 0
 217 1503 0 0
 218 1501 0 0
 219 1501 0 0
 220 1500 0 0
 221 1501 0 0
 222 1494 0 0
 223 1509 0 0
 224 1494 0 0
 225 1504 0 0
 226 1501 0 0
 227 1502 0 0
 228 1504 0 0
 229 1506 0 0
 230 1508 0 0
 231 1509 0 0
 232 1508 0 0
 233 1503 0 0
 234 1514 0 0
 235 1512 0 0
 236 1509 0 0
 237 1514 0 0
 238 1510 0 0
 239 1518 0 0
 240 1514 0 0
 241 1513 0 0
 242 1516 0 0
 243 1518 0 0
 244 1517 0 0
 245 1512 0 0
 246 1514 0 0
 247 1522 0 0
 248 1518 0 0
 249 1514 0 0
 250 1512 0 0
 251 1513 0 0
 252 1512 0 0
 253 1507 0 0
 254 1494 0 0
 255 1548 0 0
[END] of [DATA]
[END] of [Spectrum]


#TBID:2021-07-14 03:00:00;SAM_84DC;CALIBRATED;

[Spectrum]
Version            = 1
IDData             = 96B1_2021-07-14_03-00-00_000_783
IDDevice           = SAM_84DC
IDDataType         = SPECTRUM
IDDataTypeSub1     = CALIBRATED
IDDataTypeSub2     = 
IDDataTypeSub3     = 
DateTime           = 2021-07-14 03:00:00
PositionLatitude   = 0
PositionLongitude  = 0
Comment            = 
CommentSub1        = 
CommentSub2        = 
CommentSub3        = 
IDMethodType       = SAM Control
MethodName         = SAM_84DC
Mission            = No Mission
MissionSub         = 1
RecordType         = 0
[Attributes]
CalFactor = 1
IDBasisSpec = 
IDDataBack = DLAB_2015-08-21_13-19-54_137_939
IDDataCal = DLAB_2015-08-24_10-46-55_592_608
IntegrationTime = 4096
P31 = -1
P31e = 0
PathLength = +INF
PathLengthCustomOn = 0
RAWDynamic = 65535
Salinity = 0
Temperature = -NAN
Unit1 = $01 $01 Wavelength nm
Unit2 = $03 $03 Intensity mW/(m^2 nm Sr)
Unit3 = $f0 $03 Error mW/(m^2 nm Sr)
Unit4 = $f1 $00 Status 
p999 = 177
[END] of [Attributes]
[DATA]
 0 11 0 0
 305.71650776488 0 0 0
 309.04007505697 0 0 0
 312.36416914304 0 0 0
 315.68877841375 0 0 0
 319.01389125976 -0.00228726721359192 0 0
 322.33949607173 -0.00202916506568201 0 0
 325.66558124032 -0.00211273349172956 0 0
 328.99213515619 -0.00191615424367443 0 0
 332.31914621 -0.00177140292847024 0 0
 335.64660279241 -0.00146617482558923 0 0
 338.97449329408 -0.00138916492650384 0 0
 342.30280610567 -0.00135318943699602 0 0
 345.63152961784 -0.00123126486775201 0 0
 348.96065222125 -0.00112811087286537 0 0
 352.29016230656 -0.000959176114520584 0 0
 355.62004826443 -0.0010051870576015 0 0
 358.95029848552 -0.000954028589527065 0 0
 362.28090136049 -0.000926000095386813 0 0
 365.61184528 -0.000891149154337742 0 0
 368.94311863471 -0.000779436847981941 0 0
 372.27470981528 -0.000846375074723322 0 0
 375.60660721237 -0.00096628996317718 0 0
 378.93879921664 -0.00083798769050782 0 0
 382.27127421875 -0.000847689598838457 0 0
 385.60402060936 -0.000769993859098511 0 0
 388.93702677913 -0.000832156605557682 0 0
 392.27028111872 -0.000895210356202083 0 0
 395.60377201879 -0.000814161911561723 0 0
 398.93748787 -0.000701394754751862 0 0
 402.27141706301 -0.000764478144602077 0 0
 405.60554798848 -0.000722249117790101 0 0
 408.93986903707 -0.000704690726046286 0 0
 412.27436859944 -0.000580222470401542 0 0
 415.60903506625 -0.000547954480721483 0 0
 418.94385682816 -0.000489483195783858 0 0
 422.27882227583 -0.000553133444856677 0 0
 425.61391979992 -0.000480037474060797 0 0
 428.94913779109 -0.000457972711753853 0 0
 432.28446464 -0.000498555044181358 0 0
 435.61988873731 -0.000441211075741525 0 0
 438.95539847368 -0.000417717654823996 0 0
 442.29098223977 -0.000455953012228655 0 0
 445.62662842624 -0.000445848614020102 0 0
 448.96232542375 -0.000456152962988351 0 0
 452.29806162296 -0.000498326676470995 0 0
 455.63382541453 -0.000515645684152065 0 0
 458.96960518912 -0.000503762159659808 0 0
 462.30538933739 -0.00048624379455711 0 0
 465.64116625 -0.000504826318124828 0 0
 468.97692431761 -0.000514570267839504 0 0
 472.31265193088 -0.000569725282388288 0 0
 475.64833748047 -0.000535496092220315 0 0
 478.98396935704 -0.000503748414291777 0 0
 482.31953595125 -0.000586315860769414 0 0
 485.65502565376 -0.000532717201127023 0 0
 488.99042685523 -0.0005730822249344 0 0
 492.32572794632 -0.000616293739459244 0 0
 495.66091731769 -0.000624752664521536 0 0
 498.99598336 -0.000642143717951157 0 0
 502.33091446391 -0.000547605847757054 0 0
 505.66569902008 -0.000549581398500618 0 0
 509.00032541917 -0.000520490551093647 0 0
 512.33478205184 -0.000503171424293884 0 0
 515.66905730875 -0.00058683207129073 0 0
 519.00313958056 -0.000472974746404129 0 0
 522.33701725793 -0.000449687419241545 0 0
 525.67067873152 -0.000497913770173606 0 0
 529.00411239199 -0.000502719017723999 0 0
 532.33730663 -0.000485386999794121 0 0
 535.67024983621 -0.000489355937529381 0 0
 539.00293040128 -0.00047818301529256 0 0
 542.33533671587 -0.000464000051391476 0 0
 545.66745717064 -0.00046081424538751 0 0
 548.99928015625 -0.000396857795377731 0 0
 552.33079406336 -0.000433048329001703 0 0
 555.66198728263 -0.000467710469551723 0 0
 558.99284820472 -0.000443867690209087 0 0
 562.32336522029 -0.000419459622741812 0 0
 565.65352672 -0.000482933585126382 0 0
 568.98332109451 -0.000440505628281903 0 0
 572.31273673448 -0.000578598081395067 0 0
 575.64176203057 -0.000517195372619603 0 0
 578.97038537344 -0.000510864147350999 0 0
 582.29859515375 -0.000528908197981186 0 0
 585.62637976216 -0.000592488718117266 0 0
 588.95372758933 -0.000608106698777498 0 0
 592.28062702592 -0.000661718545208459 0 0
 595.60706646259 -0.000533577265352211 0 0
 598.93303429 -0.000691139492890853 0 0
 602.25851889881 -0.000593226295246691 0 0
 605.58350867968 -0.000583665492551931 0 0
 608.90799202327 -0.000849760379096915 0 0
 612.23195732024 -0.000749503099025379 0 0
 615.55539296125 -0.000758389826691105 0 0
 618.87828733696 -0.000737628010220358 0 0
 622.20062883803 -0.000717561937951533 0 0
 625.52240585512 -0.000808481048930857 0 0
 628.84360677889 -0.000717185462763206 0 0
 632.16422 -0.000817025328815305 0 0
 635.48423390911 -0.000800140226382731 0 0
 638.80363689688 -0.000769335563114745 0 0
 642.12241735397 -0.000870515111735538 0 0
 645.44056367104 -0.00071318528080582 0 0
 648.75806423875 -0.000814507527454556 0 0
 652.07490744776 -0.000798981452773139 0 0
 655.39108168873 -0.00083498651306635 0 0
 658.70657535232 -0.000883600630785238 0 0
 662.02137682919 -0.000875517712846758 0 0
 665.33547451 -0.000875252919183756 0 0
 668.64885678541 -0.00085139013648096 0 0
 671.96151204608 -0.000854045939803348 0 0
 675.27342868267 -0.00087103142025814 0 0
 678.58459508584 -0.000803867892170135 0 0
 681.89499964625 -0.000841852354232542 0 0
 685.20463075456 -0.000821796167559976 0 0
 688.51347680143 -0.000856222434913175 0 0
 691.82152617752 -0.000839342187974276 0 0
 695.12876727349 -0.000901948866259606 0 0
 698.43518848 -0.000845227419693363 0 0
 701.74077818771 -0.000681922770884161 0 0
 705.04552478728 -0.000937119022155755 0 0
 708.34941666937 -0.000833204713228738 0 0
 711.65244222464 -0.000863879531182082 0 0
 714.95458984375 -0.000825335852435758 0 0
 718.25584791736 -0.000929253720049524 0 0
 721.55620483613 -0.000868479352638455 0 0
 724.85564899072 -0.000823984972561718 0 0
 728.15416877179 -0.00090587199424308 0 0
 731.45175257 -0.000873712742115777 0 0
 734.74838877601 -0.000925087406205799 0 0
 738.04406578048 -0.000808273760401407 0 0
 741.33877197407 -0.000895555011053396 0 0
 744.63249574744 -0.00102174769757474 0 0
 747.92522549125 -0.000951163415987234 0 0
 751.21694959616 -0.000864237899860612 0 0
 754.50765645283 -0.000826550047190777 0 0
 757.79733445192 -0.000959499243890999 0 0
 761.08597198409 -0.00101726891002792 0 0
 764.37355744 -0.000940616262549758 0 0
 767.66007921031 -0.0009336810009792 0 0
 770.94552568568 -0.000911549498649005 0 0
 774.22988525677 -0.00097929056380281 0 0
 777.51314631424 -0.00104259667693648 0 0
 780.79529724875 -0.000960112691444115 0 0
 784.07632645096 -0.00102877289740051 0 0
 787.35622231153 -0.000920069268543915 0 0
 790.63497322112 -0.00104354077232256 0 0
 793.91256757039 -0.00134972509995761 0 0
 797.18899375 -0.00134921726361835 0 0
 800.46424015061 -0.00109145604652664 0 0
 803.73829516288 -0.00142244353795988 0 0
 807.01114717747 -0.00141295065432776 0 0
 810.28278458504 -0.00149903577867156 0 0
 813.55319577625 -0.00158769863010923 0 0
 816.82236914176 -0.00155128224208686 0 0
 820.09029307223 -0.00131157536553692 0 0
 823.35695595832 -0.00162763759350392 0 0
 826.62234619069 -0.00164024997228839 0 0
 829.88645216 -0.00154293919752675 0 0
 833.14926225691 -0.00199961266299067 0 0
 836.41076487208 -0.00183438797372879 0 0
 839.67094839617 -0.0016850965003961 0 0
 842.92980121984 -0.00209274199540861 0 0
 846.18731173375 -0.00184538576281878 0 0
 849.44346832856 -0.0022962392752477 0 0
 852.69825939493 -0.00217182433532166 0 0
 855.95167332352 -0.00204390777716271 0 0
 859.20369850499 -0.00247347052887786 0 0
 862.45432333 -0.00253847860890843 0 0
 865.70353618921 -0.00264995734460842 0 0
 868.95132547328 -0.00283982185842528 0 0
 872.19767957287 -0.00277446150523305 0 0
 875.44258687864 -0.00254018673222065 0 0
 878.68603578125 -0.0028477727369675 0 0
 881.92801467136 -0.00276478902514181 0 0
 885.16851193963 -0.00272560152480565 0 0
 888.40751597672 -0.00265669015879836 0 0
 891.64501517329 -0.00323322089985674 0 0
 894.88099792 -0.00255933396732299 0 0
 898.11545260751 -0.0031023513213882 0 0
 901.34836762648 -0.00294856853547022 0 0
 904.57973136757 -0.00265958820438524 0 0
 907.80953222144 -0.00320134822679415 0 0
 911.03775857875 -0.00325588767232199 0 0
 914.26439883016 -0.00328191621313638 0 0
 917.48944136633 -0.00400165843133849 0 0
 920.71287457792 -0.00333414667108901 0 0
 923.93468685559 -0.00251468706259098 0 0
 927.15486659 -0.00296683762442326 0 0
 930.37340217181 -0.00421958806985998 0 0
 933.59028199168 -0.00420978078260956 0 0
 936.80549444027 -0.00445041423454429 0 0
 940.01902790824 -0.00443083300966641 0 0
 943.23087078625 -0.0033531358656473 0 0
 946.44101146496 -0.00417706889957948 0 0
 949.64943833503 -0.00496491660453624 0 0
 952.85613978712 -0.00517721576826096 0 0
 956.06110421189 0 0 0
 959.26432 0 0 0
 962.46577554211 0 0 0
 965.66545922888 0 0 0
 968.86335945097 0 0 0
 972.05946459904 0 0 0
 975.25376306375 0 0 0
 978.44624323576 0 0 0
 981.63689350573 0 0 0
 984.82570226432 0 0 0
 988.01265790219 0 0 0
 991.19774881 0 0 0
 994.38096337841 0 0 0
 997.56228999808 0 0 0
 1000.74171705967 0 0 0
 1003.91923295384 0 0 0
 1007.09482607125 0 0 0
 1010.26848480256 0 0 0
 1013.44019753843 0 0 0
 1016.60995266952 0 0 0
 1019.77773858649 0 0 0
 1022.94354368 0 0 0
 1026.10735634071 0 0 0
 1029.26916495928 0 0 0
 1032.42895792637 0 0 0
 1035.58672363264 0 0 0
 1038.74245046875 0 0 0
 1041.89612682536 0 0 0
 1045.04774109313 0 0 0
 1048.19728166272 0 0 0
 1051.34473692479 0 0 0
 1054.49009527 0 0 0
 1057.63334508901 0 0 0
 1060.77447477248 0 0 0
 1063.91347271107 0 0 0
 1067.05032729544 0 0 0
 1070.18502691625 0 0 0
 1073.31755996416 0 0 0
 1076.44791482983 0 0 0
 1079.57607990392 0 0 0
 1082.70204357709 0 0 0
 1085.82579424 0 0 0
 1088.94732028331 0 0 0
 1092.06661009768 0 0 0
 1095.18365207377 0 0 0
 1098.29843460224 0 0 0
 1101.41094607375 0 0 0
 1104.52117487896 0 0 0
 1107.62910940853 0 0 0
 1110.73473805312 0 0 0
 1113.83804920339 0 0 0
 1116.93903125 0 0 0
 1120.03767258361 0 0 0
 1123.13396159488 0 0 0
 1126.22788667447 0 0 0
 1129.31943621304 0 0 0
 1132.40859860125 0 0 0
 1135.49536222976 0 0 0
[END] of [DATA]
[END] of [Spectrum]


#TBID:2021-07-14 03:00:00;SAM_84C8;RAW;

[Spectrum]
Version            = 1
IDData             = 96B1_2021-07-14_03-00-00_000_785
IDDevice           = SAM_84C8
IDDataType         = SPECTRUM
IDDataTypeSub1     = RAW
IDDataTypeSub2     = 
IDDataTypeSub3     = 
DateTime           = 2021-07-14 03:00:00
PositionLatitude   = 0
PositionLongitude  = 0
Comment            = 
CommentSub1        = 
CommentSub2        = 
CommentSub3        = 
IDMethodType       = SAM Control
MethodName         = SAM_84C8
Mission            = No Mission
MissionSub         = 1
RecordType         = 0
[Attributes]
CalFactor = 1
IDBasisSpec = 
IDDataBack = DLAB_2015-08-21_12-14-03_013_778
IDDataCal = DLAB_2015-08-24_11-04-47_772_747
IntegrationTime = 4096
P31 = -1
P31e = 0
PathLength = +INF
PathLengthCustomOn = 0
RAWDynamic = 65535
Salinity = 0
Temperature = -NAN
Unit1 = $05 $00 Pixel 
Unit2 = $03 $05 Intensity counts
Unit3 = $f0 $05 Error counts
Unit4 = $f1 $00 Status 
p999 = 177
[END] of [Attributes]
[DATA]
 0 11 0 0
 1 1430 0 0
 2 1421 0 0
 3 1413 0 0
 4 1425 0 0
 5 1418 0 0
 6 1420 0 0
 7 1425 0 0
 8 1429 0 0
 9 1429 0 0
 10 1426 0 0
 11 1430 0 0
 12 1433 0 0
 13 1435 0 0
 14 1422 0 0
 15 1427 0 0
 16 1439 0 0
 17 1445 0 0
 18 1438 0 0
 19 1449 0 0
 20 1442 0 0
 21 1445 0 0
 22 1451 0 0
 23 1450 0 0
 24 1449 0 0
 25 1445 0 0
 26 1441 0 0
 27 1446 0 0
 28 1450 0 0
 29 1449 0 0
 30 1446 0 0
 31 1445 0 0
 32 1448 0 0
 33 1446 0 0
 34 1446 0 0
 35 1448 0 0
 36 1450 0 0
 37 1442 0 0
 38 1444 0 0
 39 1436 0 0
 40 1436 0 0
 41 1442 0 0
 42 1438 0 0
 43 1441 0 0
 44 1451 0 0
 45 1452 0 0
 46 1452 0 0
 47 1451 0 0
 48 1454 0 0
 49 1454 0 0
 50 1450 0 0
 51 1451 0 0
 52 1446 0 0
 53 1449 0 0
 54 1443 0 0
 55 1447 0 0
 56 1452 0 0
 57 1451 0 0
 58 1440 0 0
 59 1437 0 0
 60 1444 0 0
 61 1437 0 0
 62 1453 0 0
 63 1445 0 0
 64 1441 0 0
 65 1451 0 0
 66 1456 0 0
 67 1455 0 0
 68 1456 0 0
 69 1449 0 0
 70 1454 0 0
 71 1454 0 0
 72 1452 0 0
 73 1442 0 0
 74 1443 0 0
 75 1446 0 0
 76 1452 0 0
 77 1456 0 0
 78 1455 0 0
 79 1464 0 0
 80 1465 0 0
 81 1466 0 0
 82 1466 0 0
 83 1457 0 0
 84 1460 0 0
 85 1457 0 0
 86 1443 0 0
 87 1445 0 0
 88 1443 0 0
 89 1449 0 0
 90 1457 0 0
 91 1458 0 0
 92 1454 0 0
 93 1454 0 0
 94 1456 0 0
 95 1455 0 0
 96 1464 0 0
 97 1454 0 0
 98 1456 0 0
 99 1453 0 0
 100 1463 0 0
 101 1464 0 0
 102 1457 0 0
 103 1454 0 0
 104 1457 0 0
 105 1461 0 0
 106 1456 0 0
 107 1458 0 0
 108 1454 0 0
 109 1456 0 0
 110 1464 0 0
 111 1457 0 0
 112 1453 0 0
 113 1452 0 0
 114 1458 0 0
 115 1455 0 0
 116 1457 0 0
 117 1452 0 0
 118 1454 0 0
 119 1455 0 0
 120 1454 0 0
 121 1461 0 0
 122 1456 0 0
 123 1460 0 0
 124 1460 0 0
 125 1465 0 0
 126 1460 0 0
 127 1455 0 0
 128 1454 0 0
 129 1451 0 0
 130 1453 0 0
 131 1455 0 0
 132 1457 0 0
 133 1499 0 0
 134 1465 0 0
 135 1464 0 0
 136 1464 0 0
 137 1465 0 0
 138 1463 0 0
 139 1469 0 0
 140 1464 0 0
 141 1455 0 0
 142 1454 0 0
 143 1458 0 0
 144 1460 0 0
 145 1470 0 0
 146 1466 0 0
 147 1458 0 0
 148 1468 0 0
 149 1463 0 0
 150 1458 0 0
 151 1464 0 0
 152 1456 0 0
 153 1456 0 0
 154 1454 0 0
 155 1461 0 0
 156 1468 0 0
 157 1462 0 0
 158 1464 0 0
 159 1462 0 0
 160 1467 0 0
 161 1460 0 0
 162 1465 0 0
 163 1459 0 0
 164 1458 0 0
 165 1468 0 0
 166 1474 0 0
 167 1470 0 0
 168 1472 0 0
 169 1469 0 0
 170 1470 0 0
 171 1468 0 0
 172 1470 0 0
 173 1461 0 0
 174 1462 0 0
 175 1472 0 0
 176 1456 0 0
 177 1454 0 0
 178 1458 0 0
 179 1456 0 0
 180 1464 0 0
 181 1460 0 0
 182 1462 0 0
 183 1474 0 0
 184 1460 0 0
 185 1467 0 0
 186 1461 0 0
 187 1471 0 0
 188 1463 0 0
 189 1467 0 0
 190 1459 0 0
 191 1459 0 0
 192 1469 0 0
 193 1457 0 0
 194 1462 0 0
 195 1468 0 0
 196 1453 0 0
 197 1453 0 0
 198 1454 0 0
 199 1460 0 0
 200 1451 0 0
 201 1457 0 0
 202 1460 0 0
 203 1466 0 0
 204 1468 0 0
 205 1465 0 0
 206 1465 0 0
 207 1464 0 0
 208 1463 0 0
 209 1461 0 0
 210 1446 0 0
 211 1456 0 0
 212 1452 0 0
 213 1456 0 0
 214 1458 0 0
 215 1459 0 0
 216 1456 0 0
 217 1466 0 0
 218 1463 0 0
 219 1468 0 0
 220 1469 0 0
 221 1466 0 0
 222 1461 0 0
 223 1458 0 0
 224 1450 0 0
 225 1450 0 0
 226 1451 0 0
 227 1449 0 0
 228 1450 0 0
 229 1454 0 0
 230 1450 0 0
 231 1458 0 0
 232 1456 0 0
 233 1450 0 0
 234 1459 0 0
 235 1463 0 0
 236 1467 0 0
 237 1458 0 0
 238 1461 0 0
 239 1460 0 0
 240 1460 0 0
 241 1466 0 0
 242 1464 0 0
 243 1461 0 0
 244 1461 0 0
 245 1461 0 0
 246 1457 0 0
 247 1456 0 0
 248 1459 0 0
 249 1452 0 0
 250 1454 0 0
 251 1445 0 0
 252 1442 0 0
 253 1432 0 0
 254 1426 0 0
 255 1471 0 0
[END] of [DATA]
[END] of [Spectrum]


#TBID:2021-07-14 03:00:00;SAM_84C8;CALIBRATED;

[Spectrum]
Version            = 1
IDData             = 96B1_2021-07-14_03-00-00_000_786
IDDevice           = SAM_84C8
IDDataType         = SPECTRUM
IDDataTypeSub1     = CALIBRATED
IDDataTypeSub2     = 
IDDataTypeSub3     = 
DateTime           = 2021-07-14 03:00:00
PositionLatitude   = 0
PositionLongitude  = 0
Comment            = 
CommentSub1        = 
CommentSub2        = 
CommentSub3        = 
IDMethodType       = SAM Control
MethodName         = SAM_84C8
Mission            = No Mission
MissionSub         = 1
RecordType         = 0
[Attributes]
CalFactor = 1
IDBasisSpec = 
IDDataBack = DLAB_2015-08-21_12-14-03_013_778
IDDataCal = DLAB_2015-08-24_11-04-47_772_747
IntegrationTime = 4096
P31 = -1
P31e = 0
PathLength = +INF
PathLengthCustomOn = 0
RAWDynamic = 65535
Salinity = 0
Temperature = -NAN
Unit1 = $01 $01 Wavelength nm
Unit2 = $03 $03 Intensity mW/(m^2 nm Sr)
Unit3 = $f0 $03 Error mW/(m^2 nm Sr)
Unit4 = $f1 $00 Status 
p999 = 177
[END] of [Attributes]
[DATA]
 0 11 0 0
 303.516048156 0 0 0
 306.890006053 0 0 0
 310.26457112 0 0 0
 313.639731825 0 0 0
 317.015476636 -0.00134286529704199 0 0
 320.391794021 -0.00122837796540134 0 0
 323.768672448 -0.000790721456140324 0 0
 327.146100385 -0.000525364968599927 0 0
 330.5240663 -0.00055547716179309 0 0
 333.902558661 -0.000421526106468485 0 0
 337.281565936 -0.000564241424175516 0 0
 340.661076593 -0.000543005658425616 0 0
 344.0410791 -0.000227805730424568 0 0
 347.421561925 -0.000539755842970695 0 0
 350.802513536 -0.000449639630152731 0 0
 354.183922401 -0.000168400815395603 0 0
 357.565776988 -8.58106335997123e-005 0 0
 360.948065765 -0.000182806810777621 0 0
 364.3307772 1.24200900100973e-005 0 0
 367.713899761 -5.01928299940048e-005 0 0
 371.097421916 -4.46247631363281e-005 0 0
 374.481332133 3.56759160258125e-005 0 0
 377.86561888 7.29385306371749e-006 0 0
 381.250270625 -4.76272360071008e-005 0 0
 384.635275836 -6.12813259247376e-005 0 0
 388.020622981 7.09463359277065e-006 0 0
 391.406300528 9.07403600782606e-006 0 0
 394.792296945 1.18861543277376e-005 0 0
 398.1786007 3.81584248806534e-005 0 0
 401.565200261 -9.16772073040892e-005 0 0
 404.952084096 -5.16548031228794e-005 0 0
 408.339240673 3.73869664107507e-006 0 0
 411.72665846 4.17213647100943e-005 0 0
 415.114325925 2.98334871451907e-005 0 0
 418.502231536 8.20730352039617e-005 0 0
 421.890363761 2.78762123711505e-005 0 0
 425.278711068 -0.000225444874249668 0 0
 428.667261925 -6.09125268011645e-005 0 0
 432.0560048 -6.69183469248471e-005 0 0
 435.444928161 -9.6355180343038e-005 0 0
 438.834020476 -6.81172670216988e-005 0 0
 442.223270213 -7.52138288008452e-005 0 0
 445.61266584 -8.25460769467207e-005 0 0
 449.002195825 8.72839413827355e-005 0 0
 452.391848636 -2.32178405891549e-006 0 0
 455.781612741 4.44815838441312e-005 0 0
 459.171476608 5.59230751432814e-005 0 0
 462.561428705 5.14576327965108e-005 0 0
 465.9514575 5.92086435480067e-006 0 0
 469.341551461 7.03276824631656e-005 0 0
 472.731699056 5.19464020007913e-006 0 0
 476.121888753 -5.30974558855379e-005 0 0
 479.51210902 2.0754593751264e-005 0 0
 482.902348325 8.02482076493306e-005 0 0
 486.292595136 -1.6500548510962e-005 0 0
 489.682837921 2.82799107658467e-005 0 0
 493.073065148 -4.11850355141833e-005 0 0
 496.463265285 -0.000102625614721163 0 0
 499.8534268 -7.03416599680885e-005 0 0
 503.243538161 -1.02560971465544e-005 0 0
 506.633587836 -0.000153999098129112 0 0
 510.023564293 -9.38375418192031e-005 0 0
 513.413456 -9.95942881361581e-005 0 0
 516.803251425 -1.17474246334643e-005 0 0
 520.192939036 7.05001201052303e-005 0 0
 523.582507301 5.3179033378016e-005 0 0
 526.971944688 6.99906041610045e-005 0 0
 530.361239665 2.73012146930904e-005 0 0
 533.7503807 2.39622833804167e-005 0 0
 537.139356261 1.01348215338848e-006 0 0
 540.528154816 4.42381341947892e-005 0 0
 543.916764833 -4.27776059639497e-005 0 0
 547.30517478 -8.45855582988582e-005 0 0
 550.693373125 -6.14539295103207e-005 0 0
 554.081348336 -5.61253815604441e-005 0 0
 557.469088881 1.81925687611301e-005 0 0
 560.856583228 6.25741892450362e-005 0 0
 564.243819845 5.15547129931863e-005 0 0
 567.6307872 0.000150396480194816 0 0
 571.017473761 0.000170720331623865 0 0
 574.403867996 0.000218570827081797 0 0
 577.789958373 0.00012656259416583 0 0
 581.17573336 4.68342022564155e-005 0 0
 584.561181425 6.73055292868686e-005 0 0
 587.946291036 0.000118705317808386 0 0
 591.331050661 -8.92800045551265e-005 0 0
 594.715448768 -0.000122487660536811 0 0
 598.099473825 -0.000101143270230113 0 0
 601.4831143 9.48975597500552e-006 0 0
 604.866358661 -3.98249000749658e-006 0 0
 608.249195376 6.49742342146726e-005 0 0
 611.631612913 9.87265081130256e-006 0 0
 615.01359974 0.000104219980296767 0 0
 618.395144325 -2.32366285496754e-005 0 0
 621.776235136 6.26978713753229e-005 0 0
 625.156860641 0.000115974546139785 0 0
 628.537009308 4.18578858273139e-005 0 0
 631.916669605 9.76396292563518e-005 0 0
 635.29583 7.59448668482305e-005 0 0
 638.674478961 7.99915800580233e-005 0 0
 642.052604956 2.93103555522851e-005 0 0
 645.430196453 2.76596741061378e-005 0 0
 648.80724192 6.41205770587317e-005 0 0
 652.183729825 0.000114099629447552 0 0
 655.559648636 4.19269132015337e-005 0 0
 658.934986821 0.000131216747339319 0 0
 662.309732848 0.000125403597339053 0 0
 665.683875185 0.000147568420654871 0 0
 669.0574023 0.000145984782453142 0 0
 672.430302661 0.000102228188450368 0 0
 675.802564736 -0.00019241514585304 0 0
 679.174176993 -3.67341743152783e-005 0 0
 682.5451279 -5.76676071851713e-005 0 0
 685.915405925 0.000103968121090667 0 0
 689.284999536 -9.87656926980021e-005 0 0
 692.653897201 -0.000112979367700319 0 0
 696.022087388 1.39853342977241e-005 0 0
 699.389558565 8.10000262055105e-005 0 0
 702.7562992 -9.03114206510676e-005 0 0
 706.122297761 0.000151529716310134 0 0
 709.487542716 0.000173121293704756 0 0
 712.852022533 0.000197699978851215 0 0
 716.21572568 0.000232981299655803 0 0
 719.578640625 0.000260984000325025 0 0
 722.940755836 0.000268847497979965 0 0
 726.302059781 0.000153076007282272 0 0
 729.662540928 -0.000180189366743374 0 0
 733.022187745 8.64304214279087e-005 0 0
 736.3809887 -0.000108178578951357 0 0
 739.738932261 9.84021317018522e-005 0 0
 743.096006896 -2.73762050197501e-005 0 0
 746.452201073 5.26736443162118e-005 0 0
 749.80750326 -0.000380085092875671 0 0
 753.161901925 0.000180819815860633 0 0
 756.515385536 0.000290578366701649 0 0
 759.867942561 0.000281638331378392 0 0
 763.219561468 0.000229921329726211 0 0
 766.570230725 0.000332563853316646 0 0
 769.9199388 0.00025057030526088 0 0
 773.268674161 0.000275204996498046 0 0
 776.616425276 0.000115560210875425 0 0
 779.963180613 -7.3873595570197e-005 0 0
 783.30892864 0.0001325877818113 0 0
 786.653657825 -2.74461340754912e-005 0 0
 789.997356636 0.00040790407786782 0 0
 793.340013541 0.000292557364908694 0 0
 796.681617008 0.000239059677471979 0 0
 800.022155505 0.000389707207024303 0 0
 803.3616175 0.000412141014700923 0 0
 806.699991461 0.000182873332856378 0 0
 810.037265856 0.000361574298947951 0 0
 813.373429153 -0.000105535240153941 0 0
 816.70846982 0.000132350305869854 0 0
 820.042376325 0.000161855106384779 0 0
 823.375137136 0.000573427489873971 0 0
 826.706740721 0.00060126059947399 0 0
 830.037175548 0.000242196631517954 0 0
 833.366430085 0.000434454375617422 0 0
 836.6944928 0.000540920227694052 0 0
 840.021352161 0.000542731731622422 0 0
 843.346996636 0.000412084116252544 0 0
 846.671414693 0.000545199797736089 0 0
 849.9945948 0.000334748597901969 0 0
 853.316525425 0.000674479593731999 0 0
 856.637195036 0.00069920410411899 0 0
 859.956592101 0.00133311149902655 0 0
 863.274705088 0.00083106774194938 0 0
 866.591522465 0.00121991161198531 0 0
 869.9070327 0.00136596475140374 0 0
 873.221224261 0.00107450592022383 0 0
 876.534085616 0.00137544897125977 0 0
 879.845605233 0.00132100827438535 0 0
 883.15577158 0.0016458970739609 0 0
 886.464573125 0.00120213508001552 0 0
 889.771998336 0.00115034722708607 0 0
 893.078035681 0.000474096593527586 0 0
 896.382673628 0.000129729052930654 0 0
 899.685900645 0.000937236628045774 0 0
 902.9877052 0.000108806787275009 0 0
 906.288075761 0.00072968136072095 0 0
 909.587000796 0.000528738730131212 0 0
 912.884468773 0.000853029047781575 0 0
 916.18046816 0.00267344980256312 0 0
 919.474987425 0.00162301502458198 0 0
 922.768015036 0.00176535601305538 0 0
 926.059539461 0.00156873015417343 0 0
 929.349549168 0.00180452287456191 0 0
 932.638032625 0.0018799195682893 0 0
 935.9249783 0.00267214523694729 0 0
 939.210374661 0.00254925591109429 0 0
 942.494210176 0.00112782744736625 0 0
 945.776473313 0.00236859295698697 0 0
 949.05715254 0.0026294144305582 0 0
 952.336236325 0.00137192046972583 0 0
 955.613713136 0 0 0
 958.889571441 0 0 0
 962.163799708 0 0 0
 965.436386405 0 0 0
 968.70732 0 0 0
 971.976588961 0 0 0
 975.244181756 0 0 0
 978.510086853 0 0 0
 981.77429272 0 0 0
 985.036787825 0 0 0
 988.297560636 0 0 0
 991.556599621 0 0 0
 994.813893248 0 0 0
 998.069429985 0 0 0
 1001.3231983 0 0 0
 1004.575186661 0 0 0
 1007.825383536 0 0 0
 1011.073777393 0 0 0
 1014.3203567 0 0 0
 1017.565109925 0 0 0
 1020.808025536 0 0 0
 1024.049092001 0 0 0
 1027.288297788 0 0 0
 1030.525631365 0 0 0
 1033.7610812 0 0 0
 1036.994635761 0 0 0
 1040.226283516 0 0 0
 1043.456012933 0 0 0
 1046.68381248 0 0 0
 1049.909670625 0 0 0
 1053.133575836 0 0 0
 1056.355516581 0 0 0
 1059.575481328 0 0 0
 1062.793458545 0 0 0
 1066.0094367 0 0 0
 1069.223404261 0 0 0
 1072.435349696 0 0 0
 1075.645261473 0 0 0
 1078.85312806 0 0 0
 1082.058937925 0 0 0
 1085.262679536 0 0 0
 1088.464341361 0 0 0
 1091.663911868 0 0 0
 1094.861379525 0 0 0
 1098.0567328 0 0 0
 1101.249960161 0 0 0
 1104.441050076 0 0 0
 1107.629991013 0 0 0
 1110.81677144 0 0 0
 1114.001379825 0 0 0
 1117.183804636 0 0 0
 1120.364034341 0 0 0
 1123.542057408 0 0 0
 1126.717862305 0 0 0
 1129.8914375 0 0 0
 1133.062771461 0 0 0
 1136.231852656 0 0 0
 1139.398669553 0 0 0
 1142.56321062 0 0 0
 1145.725464325 0 0 0
 1148.885419136 0 0 0
[END] of [DATA]
[END] of [Spectrum]

