
#TBID:2021-05-20 02:30:00;SAM_84CE;CALIBRATED;

[Spectrum]
Version            = 1
IDData             = 96B1_2021-05-20_02-30-00_000_066
IDDevice           = SAM_84CE
IDDataType         = SPECTRUM
IDDataTypeSub1     = CALIBRATED
IDDataTypeSub2     = 
IDDataTypeSub3     = 
DateTime           = 2021-05-20 02:30:00
PositionLatitude   = 0
PositionLongitude  = 0
Comment            = 
CommentSub1        = 
CommentSub2        = 
CommentSub3        = 
IDMethodType       = SAM Control
MethodName         = SAM_84CE
Mission            = No Mission
MissionSub         = 1
RecordType         = 0
[Attributes]
CalFactor = 1
IDBasisSpec = 
IDDataBack = DLAB_2015-08-21_11-56-43_233_004
IDDataCal = DLAB_2015-08-26_10-05-37_585_478
IntegrationTime = 4096
P31 = -1
P31e = 0
PathLength = +INF
PathLengthCustomOn = 0
RAWDynamic = 65535
Salinity = 0
Temperature = -NAN
Unit1 = $01 $01 Wavelength nm
Unit2 = $03 $06 Intensity mW/(m^2 nm)
Unit3 = $f0 $06 Error mW/(m^2 nm)
Unit4 = $f1 $00 Status 
p999 = 505
[END] of [Attributes]
[DATA]
 0 11 0 0
 303.485180022 0 0 0
 306.85638880275 0 0 0
 310.228324544 0 0 0
 313.60097308125 0 0 0
 316.97432025 0.00798908833948487 0 0
 320.34835188575 0.0075168825557341 0 0
 323.723053824 0.00887628409784541 0 0
 327.09841190025 0.00754816638089508 0 0
 330.47441195 0.00633742314360878 0 0
 333.85103980875 0.00814571594995907 0 0
 337.228281312 0.00771823286700876 0 0
 340.60612229525 0.00745618937511474 0 0
 343.984548594 0.00644632730154992 0 0
 347.36354604375 0.00477092494364946 0 0
 350.74310048 0.00605379255872166 0 0
 354.12319773825 0.00495161520055959 0 0
 357.503823654 0.00448885244777044 0 0
 360.88496406275 0.00413826242720738 0 0
 364.2666048 0.0053707523247919 0 0
 367.64873170125 0.00435375846380929 0 0
 371.031330602 0.00501483738015069 0 0
 374.41438733775 0.00579411615500337 0 0
 377.797887744 0.0053040303336096 0 0
 381.18181765625 0.00607019745582349 0 0
 384.56616291 0.00610919156483419 0 0
 387.95090934075 0.0055655601042845 0 0
 391.336042784 0.00602978427328396 0 0
 394.72154907525 0.00594454694397881 0 0
 398.10741405 0.00587991592131046 0 0
 401.49362354375 0.00611645419707018 0 0
 404.880163392 0.00490261875845428 0 0
 408.26701943025 0.0052826772193252 0 0
 411.654177494 0.00520870597271922 0 0
 415.04162341875 0.0044079717634215 0 0
 418.42934304 0.00445916817690987 0 0
 421.81732219325 0.00419736686588956 0 0
 425.205546714 0.00395517513022328 0 0
 428.59400243775 0.00391205709199483 0 0
 431.9826752 0.00302656432631983 0 0
 435.37155083625 0.00362729852174712 0 0
 438.760615182 0.00341745043075514 0 0
 442.14985407275 0.00324611022433307 0 0
 445.539253344 0.00366896292252035 0 0
 448.92879883125 0.00286387472091227 0 0
 452.31847637 0.00274096114465556 0 0
 455.70827179575 0.00316312117960389 0 0
 459.098170944 0.00381252031230242 0 0
 462.48815965025 0.00410122653498997 0 0
 465.87822375 0.00336577672120881 0 0
 469.26834907875 0.00340871854123931 0 0
 472.658521472 0.0034403098614484 0 0
 476.04872676525 0.00377267840762917 0 0
 479.438950794 0.00397601728874342 0 0
 482.82917939375 0.00365182593082069 0 0
 486.2193984 0.00344812624000638 0 0
 489.60959364825 0.00423907413085967 0 0
 492.999750974 0.00350134380103565 0 0
 496.38985621275 0.00367746758524582 0 0
 499.7798952 0.00368090281910178 0 0
 503.16985377125 0.00397109329806357 0 0
 506.559717762 0.00383688749559933 0 0
 509.94947300775 0.00276661593420133 0 0
 513.339105344 0.00335272322422347 0 0
 516.72860060625 0.00342733702056584 0 0
 520.11794463 0.00336706940963557 0 0
 523.50712325075 0.00323837804437516 0 0
 526.896122304 0.00334618582879468 0 0
 530.28492762525 0.00325999118590114 0 0
 533.67352505 0.00347457638179293 0 0
 537.06190041375 0.00367961036544776 0 0
 540.450039552 0.00281393031064514 0 0
 543.83792830025 0.0028470712851161 0 0
 547.225552494 0.00294036930565429 0 0
 550.61289796875 0.00283808669048653 0 0
 553.99995056 0.0030633874541747 0 0
 557.38669610325 0.00209172563319442 0 0
 560.773120434 0.00284960437562113 0 0
 564.15920938775 0.0034897156027752 0 0
 567.5449488 0.00322552264784733 0 0
 570.93032450625 0.00369335445361839 0 0
 574.315322342 0.00307024013766542 0 0
 577.69992814275 0.00279830315150814 0 0
 581.084127744 0.00351011222220257 0 0
 584.46790698125 0.0028317316866278 0 0
 587.85125169 0.00354892249621035 0 0
 591.23414770575 0.00285783270080901 0 0
 594.616580864 0.00301342931503962 0 0
 597.99853700025 0.00313900304206513 0 0
 601.38000195 0.0034366975173398 0 0
 604.76096154875 0.00312107377061524 0 0
 608.141401632 0.00293516695279135 0 0
 611.52130803525 0.0032147144035556 0 0
 614.900666594 0.00350736394827059 0 0
 618.27946314375 0.00337653006519998 0 0
 621.65768352 0.0045812435894827 0 0
 625.03531355825 0.00421330894370349 0 0
 628.412339094 0.00306755731637926 0 0
 631.78874596275 0.0030468714048247 0 0
 635.16452 0.00446410407592346 0 0
 638.53964704125 0.00478300166874265 0 0
 641.914112922 0.004369904032338 0 0
 645.28790347775 0.00369972970150809 0 0
 648.661004544 0.00404573471643601 0 0
 652.03340195625 0.00465644831924597 0 0
 655.40508155 0.00452868862077555 0 0
 658.77602916075 0.00516091055254215 0 0
 662.146230624 0.00399161962842138 0 0
 665.51567177525 0.00567993413967564 0 0
 668.88433845 0.00461426572113102 0 0
 672.25221648375 0.00515312968373392 0 0
 675.619291712 0.00484875872991448 0 0
 678.98554997025 0.00558115163076921 0 0
 682.350977094 0.00502788903746469 0 0
 685.71555891875 0.00505437325968579 0 0
 689.07928128 0.00485028349295505 0 0
 692.44213001325 0.00471034371413566 0 0
 695.804090954 0.004838263646747 0 0
 699.16514993775 0.00476411593445609 0 0
 702.5252928 0.00548124204114209 0 0
 705.88450537625 0.00402200619680685 0 0
 709.242773502 0.00464275337155117 0 0
 712.60008301275 0.00536292204354204 0 0
 715.956419744 0.0041075158070549 0 0
 719.31176953125 0.00433679294268115 0 0
 722.66611821 0.00419106874674075 0 0
 726.01945161575 0.00467936660564431 0 0
 729.371755584 0.00666088072863482 0 0
 732.72301595025 0.00464149479395337 0 0
 736.07321855 0.00504148322876397 0 0
 739.42234921875 0.00493860324837218 0 0
 742.770393792 0.00471157367029482 0 0
 746.11733810525 0.00554920105716914 0 0
 749.463167994 0.00430901043757765 0 0
 752.80786929375 0.00544183428263744 0 0
 756.15142784 0.00520171222814662 0 0
 759.49382946825 0.00466692641803262 0 0
 762.835060014 0.00274992502651689 0 0
 766.17510531275 0.00594701425035784 0 0
 769.5139512 0.00535906610757267 0 0
 772.85158351125 0.00416693097263778 0 0
 776.187988082 0.00501451414261995 0 0
 779.52315074775 0.00668636288541052 0 0
 782.857057344 0.00665663364857319 0 0
 786.18969370625 0.00655924461278635 0 0
 789.52104567 0.00481733229300926 0 0
 792.85109907075 0.00500123439685584 0 0
 796.179839744 0.00642721769956106 0 0
 799.50725352525 0.00588999985255367 0 0
 802.83332625 0.00654345595886369 0 0
 806.15804375375 0.00747285801445416 0 0
 809.481391872 0.00595060965906921 0 0
 812.80335644025 0.00660546102565739 0 0
 816.123923294 0.0062163044259814 0 0
 819.44307826875 0.00856137733003773 0 0
 822.7608072 0.00784192612216486 0 0
 826.07709592325 0.00687628336077396 0 0
 829.391930274 0.00806129482723683 0 0
 832.70529608775 0.0104084177706539 0 0
 836.0171792 0.00917704365259968 0 0
 839.32756544625 0.010603790836266 0 0
 842.636440662 0.00850377123363276 0 0
 845.94379068275 0.00896481395231529 0 0
 849.249601344 0.0111134100158452 0 0
 852.55385848125 0.0106146629823722 0 0
 855.85654793 0.0116788261536104 0 0
 859.15765552575 0.012169086945404 0 0
 862.457167104 0.00891420065057137 0 0
 865.75506850025 0.0165219331263874 0 0
 869.05134555 0.014176720078821 0 0
 872.34598408875 0.0132393916435486 0 0
 875.638969952 0.014428876590795 0 0
 878.93028897525 0.0124122027788545 0 0
 882.219926994 0.0110271496516887 0 0
 885.50786984375 0.014299030982385 0 0
 888.79410336 0.0127498742883632 0 0
 892.07861337825 0.010642394130046 0 0
 895.361385734 0.00868637963829335 0 0
 898.64240626275 0.0101011574121831 0 0
 901.9216608 0.0133582151833175 0 0
 905.19913518125 0.0148942870391436 0 0
 908.474815242 0.0125942103857048 0 0
 911.74868681775 0.0133831415345628 0 0
 915.020735744 0.0217990217222896 0 0
 918.29094785625 0.0191690025948298 0 0
 921.55930899 0.0246629090438622 0 0
 924.82580498075 0.0210462953778036 0 0
 928.090421664 0.0163705132750353 0 0
 931.35314487525 0.0184430734350668 0 0
 934.61396045 0.0222899870799889 0 0
 937.87285422375 0.0281990582193334 0 0
 941.129812032 0.019406974844537 0 0
 944.38481971025 0.0213489153315627 0 0
 947.637863094 0.0190879675258394 0 0
 950.88892801875 0.0325778907517675 0 0
 954.13800032 0 0 0
 957.38506583325 0 0 0
 960.630110394 0 0 0
 963.87311983775 0 0 0
 967.11408 0 0 0
 970.35297671625 0 0 0
 973.589795822 0 0 0
 976.82452315275 0 0 0
 980.057144544 0 0 0
 983.28764583125 0 0 0
 986.51601285 0 0 0
 989.74223143575 0 0 0
 992.966287424 0 0 0
 996.18816665025 0 0 0
 999.40785495 0 0 0
 1002.62533815875 0 0 0
 1005.840602112 0 0 0
 1009.05363264525 0 0 0
 1012.264415594 0 0 0
 1015.47293679375 0 0 0
 1018.67918208 0 0 0
 1021.88313728825 0 0 0
 1025.084788254 0 0 0
 1028.28412081275 0 0 0
 1031.4811208 0 0 0
 1034.67577405125 0 0 0
 1037.868066402 0 0 0
 1041.05798368775 0 0 0
 1044.245511744 0 0 0
 1047.43063640625 0 0 0
 1050.61334351 0 0 0
 1053.79361889075 0 0 0
 1056.971448384 0 0 0
 1060.14681782525 0 0 0
 1063.31971305 0 0 0
 1066.49011989375 0 0 0
 1069.658024192 0 0 0
 1072.82341178025 0 0 0
 1075.986268494 0 0 0
 1079.14658016875 0 0 0
 1082.30433264 0 0 0
 1085.45951174325 0 0 0
 1088.612103314 0 0 0
 1091.76209318775 0 0 0
 1094.9094672 0 0 0
 1098.05421118625 0 0 0
 1101.196310982 0 0 0
 1104.33575242275 0 0 0
 1107.472521344 0 0 0
 1110.60660358125 0 0 0
 1113.73798497 0 0 0
 1116.86665134575 0 0 0
 1119.992588544 0 0 0
 1123.11578240025 0 0 0
 1126.23621875 0 0 0
 1129.35388342875 0 0 0
 1132.468762272 0 0 0
 1135.58084111525 0 0 0
 1138.690105794 0 0 0
 1141.79654214375 0 0 0
 1144.900136 0 0 0
[END] of [DATA]
[END] of [Spectrum]


#TBID:2021-05-20 03:00:00;SAM_84CE;RAW;

[Spectrum]
Version            = 1
IDData             = 96B1_2021-05-20_03-00-00_000_069
IDDevice           = SAM_84CE
IDDataType         = SPECTRUM
IDDataTypeSub1     = RAW
IDDataTypeSub2     = 
IDDataTypeSub3     = 
DateTime           = 2021-05-20 03:00:00
PositionLatitude   = 0
PositionLongitude  = 0
Comment            = 
CommentSub1        = 
CommentSub2        = 
CommentSub3        = 
IDMethodType       = SAM Control
MethodName         = SAM_84CE
Mission            = No Mission
MissionSub         = 1
RecordType         = 0
[Attributes]
CalFactor = 1
IDBasisSpec = 
IDDataBack = DLAB_2015-08-21_11-56-43_233_004
IDDataCal = DLAB_2015-08-26_10-05-37_585_478
IntegrationTime = 4096
P31 = -1
P31e = 0
PathLength = +INF
PathLengthCustomOn = 0
RAWDynamic = 65535
Salinity = 0
Temperature = -NAN
Unit1 = $05 $00 Pixel 
Unit2 = $03 $05 Intensity counts
Unit3 = $f0 $05 Error counts
Unit4 = $f1 $00 Status 
p999 = 506
[END] of [Attributes]
[DATA]
 0 11 0 0
 1 1491 0 0
 2 1497 0 0
 3 1498 0 0
 4 1505 0 0
 5 1507 0 0
 6 1503 0 0
 7 1502 0 0
 8 1513 0 0
 9 1517 0 0
 10 1513 0 0
 11 1512 0 0
 12 1515 0 0
 13 1518 0 0
 14 1509 0 0
 15 1511 0 0
 16 1515 0 0
 17 1514 0 0
 18 1520 0 0
 19 1509 0 0
 20 1522 0 0
 21 1521 0 0
 22 1520 0 0
 23 1529 0 0
 24 1523 0 0
 25 1518 0 0
 26 1526 0 0
 27 1529 0 0
 28 1516 0 0
 29 1522 0 0
 30 1520 0 0
 31 1529 0 0
 32 1518 0 0
 33 1522 0 0
 34 1518 0 0
 35 1518 0 0
 36 1520 0 0
 37 1515 0 0
 38 1520 0 0
 39 1522 0 0
 40 1519 0 0
 41 1517 0 0
 42 1518 0 0
 43 1524 0 0
 44 1516 0 0
 45 1515 0 0
 46 1518 0 0
 47 1520 0 0
 48 1522 0 0
 49 1518 0 0
 50 1513 0 0
 51 1514 0 0
 52 1513 0 0
 53 1521 0 0
 54 1520 0 0
 55 1516 0 0
 56 1512 0 0
 57 1513 0 0
 58 1518 0 0
 59 1510 0 0
 60 1513 0 0
 61 1516 0 0
 62 1518 0 0
 63 1518 0 0
 64 1516 0 0
 65 1514 0 0
 66 1518 0 0
 67 1516 0 0
 68 1514 0 0
 69 1510 0 0
 70 1510 0 0
 71 1512 0 0
 72 1515 0 0
 73 1515 0 0
 74 1514 0 0
 75 1521 0 0
 76 1522 0 0
 77 1511 0 0
 78 1514 0 0
 79 1514 0 0
 80 1522 0 0
 81 1520 0 0
 82 1509 0 0
 83 1510 0 0
 84 1515 0 0
 85 1509 0 0
 86 1511 0 0
 87 1508 0 0
 88 1512 0 0
 89 1512 0 0
 90 1515 0 0
 91 1522 0 0
 92 1513 0 0
 93 1517 0 0
 94 1512 0 0
 95 1506 0 0
 96 1504 0 0
 97 1514 0 0
 98 1513 0 0
 99 1519 0 0
 100 1514 0 0
 101 1511 0 0
 102 1515 0 0
 103 1517 0 0
 104 1516 0 0
 105 1520 0 0
 106 1517 0 0
 107 1514 0 0
 108 1511 0 0
 109 1519 0 0
 110 1511 0 0
 111 1520 0 0
 112 1520 0 0
 113 1508 0 0
 114 1515 0 0
 115 1513 0 0
 116 1507 0 0
 117 1518 0 0
 118 1514 0 0
 119 1513 0 0
 120 1516 0 0
 121 1513 0 0
 122 1512 0 0
 123 1508 0 0
 124 1515 0 0
 125 1511 0 0
 126 1518 0 0
 127 1513 0 0
 128 1514 0 0
 129 1510 0 0
 130 1510 0 0
 131 1514 0 0
 132 1508 0 0
 133 1512 0 0
 134 1514 0 0
 135 1516 0 0
 136 1514 0 0
 137 1515 0 0
 138 1507 0 0
 139 1519 0 0
 140 1510 0 0
 141 1514 0 0
 142 1510 0 0
 143 1514 0 0
 144 1516 0 0
 145 1517 0 0
 146 1516 0 0
 147 1507 0 0
 148 1510 0 0
 149 1508 0 0
 150 1512 0 0
 151 1510 0 0
 152 1510 0 0
 153 1514 0 0
 154 1509 0 0
 155 1513 0 0
 156 1514 0 0
 157 1509 0 0
 158 1506 0 0
 159 1507 0 0
 160 1515 0 0
 161 1515 0 0
 162 1511 0 0
 163 1511 0 0
 164 1512 0 0
 165 1510 0 0
 166 1508 0 0
 167 1509 0 0
 168 1508 0 0
 169 1514 0 0
 170 1514 0 0
 171 1511 0 0
 172 1510 0 0
 173 1513 0 0
 174 1507 0 0
 175 1513 0 0
 176 1506 0 0
 177 1509 0 0
 178 1509 0 0
 179 1509 0 0
 180 1516 0 0
 181 1509 0 0
 182 1509 0 0
 183 1502 0 0
 184 1507 0 0
 185 1508 0 0
 186 1506 0 0
 187 1514 0 0
 188 1504 0 0
 189 1508 0 0
 190 1506 0 0
 191 1509 0 0
 192 1505 0 0
 193 1507 0 0
 194 1505 0 0
 195 1505 0 0
 196 1501 0 0
 197 1508 0 0
 198 1513 0 0
 199 1504 0 0
 200 1505 0 0
 201 1512 0 0
 202 1502 0 0
 203 1505 0 0
 204 1507 0 0
 205 1511 0 0
 206 1514 0 0
 207 1506 0 0
 208 1506 0 0
 209 1504 0 0
 210 1504 0 0
 211 1501 0 0
 212 1505 0 0
 213 1506 0 0
 214 1510 0 0
 215 1513 0 0
 216 1512 0 0
 217 1508 0 0
 218 1505 0 0
 219 1511 0 0
 220 1504 0 0
 221 1503 0 0
 222 1507 0 0
 223 1502 0 0
 224 1504 0 0
 225 1506 0 0
 226 1505 0 0
 227 1507 0 0
 228 1502 0 0
 229 1516 0 0
 230 1505 0 0
 231 1502 0 0
 232 1500 0 0
 233 1502 0 0
 234 1500 0 0
 235 1508 0 0
 236 1499 0 0
 237 1505 0 0
 238 1504 0 0
 239 1502 0 0
 240 1503 0 0
 241 1505 0 0
 242 1500 0 0
 243 1508 0 0
 244 1508 0 0
 245 1507 0 0
 246 1496 0 0
 247 1504 0 0
 248 1495 0 0
 249 1499 0 0
 250 1497 0 0
 251 1496 0 0
 252 1488 0 0
 253 1478 0 0
 254 1477 0 0
 255 1534 0 0
[END] of [DATA]
[END] of [Spectrum]


#TBID:2021-05-20 03:00:00;SAM_84CE;CALIBRATED;

[Spectrum]
Version            = 1
IDData             = 96B1_2021-05-20_03-00-00_000_070
IDDevice           = SAM_84CE
IDDataType         = SPECTRUM
IDDataTypeSub1     = CALIBRATED
IDDataTypeSub2     = 
IDDataTypeSub3     = 
DateTime           = 2021-05-20 03:00:00
PositionLatitude   = 0
PositionLongitude  = 0
Comment            = 
CommentSub1        = 
CommentSub2        = 
CommentSub3        = 
IDMethodType       = SAM Control
MethodName         = SAM_84CE
Mission            = No Mission
MissionSub         = 1
RecordType         = 0
[Attributes]
CalFactor = 1
IDBasisSpec = 
IDDataBack = DLAB_2015-08-21_11-56-43_233_004
IDDataCal = DLAB_2015-08-26_10-05-37_585_478
IntegrationTime = 4096
P31 = -1
P31e = 0
PathLength = +INF
PathLengthCustomOn = 0
RAWDynamic = 65535
Salinity = 0
Temperature = -NAN
Unit1 = $01 $01 Wavelength nm
Unit2 = $03 $06 Intensity mW/(m^2 nm)
Unit3 = $f0 $06 Error mW/(m^2 nm)
Unit4 = $f1 $00 Status 
p999 = 506
[END] of [Attributes]
[DATA]
 0 11 0 0
 303.485180022 0 0 0
 306.85638880275 0 0 0
 310.228324544 0 0 0
 313.60097308125 0 0 0
 316.97432025 0.00840222325097091 0 0
 320.34835188575 0.00875311098007902 0 0
 323.723053824 0.00844356831101969 0 0
 327.09841190025 0.011658370206854 0 0
 330.47441195 0.00982850759311578 0 0
 333.85103980875 0.00913774380105469 0 0
 337.228281312 0.00736119306509081 0 0
 340.60612229525 0.00772145832853955 0 0
 343.984548594 0.00808095780395366 0 0
 347.36354604375 0.00372624620734007 0 0
 350.74310048 0.00579647686460771 0 0
 354.12319773825 0.00577910205297635 0 0
 357.503823654 0.00605167477888841 0 0
 360.88496406275 0.00599620673842903 0 0
 364.2666048 0.00498221493128562 0 0
 367.64873170125 0.00543681170751746 0 0
 371.031330602 0.00592939217731312 0 0
 374.41438733775 0.00635064149803562 0 0
 377.797887744 0.00567877413474305 0 0
 381.18181765625 0.00645263122306351 0 0
 384.56616291 0.00546973637753843 0 0
 387.95090934075 0.00616099810087282 0 0
 391.336042784 0.00641573354259445 0 0
 394.72154907525 0.00612358392057154 0 0
 398.10741405 0.00664054470155647 0 0
 401.49362354375 0.00590674473132425 0 0
 404.880163392 0.00578473363779651 0 0
 408.26701943025 0.00423618811391717 0 0
 411.654177494 0.0051907785003779 0 0
 415.04162341875 0.00469466560766214 0 0
 418.42934304 0.0047283528547031 0 0
 421.81732219325 0.00351245046887228 0 0
 425.205546714 0.00394112284931104 0 0
 428.59400243775 0.00305860311774892 0 0
 431.9826752 0.00358832479593199 0 0
 435.37155083625 0.00305908016980102 0 0
 438.760615182 0.00297060843759038 0 0
 442.14985407275 0.00280358073266845 0 0
 445.539253344 0.003549001022518 0 0
 448.92879883125 0.00339876902378695 0 0
 452.31847637 0.00339952450552006 0 0
 455.70827179575 0.00257705361753958 0 0
 459.098170944 0.00250258840764225 0 0
 462.48815965025 0.00360428686221821 0 0
 465.87822375 0.00322838630229548 0 0
 469.26834907875 0.00238892694510674 0 0
 472.658521472 0.00342614542881717 0 0
 476.04872676525 0.00337138395433973 0 0
 479.438950794 0.00357032126060963 0 0
 482.82917939375 0.00310805492379421 0 0
 486.2193984 0.00370179201054346 0 0
 489.60959364825 0.00327235903791325 0 0
 492.999750974 0.00334903951385048 0 0
 496.38985621275 0.00338751486110829 0 0
 499.7798952 0.00270769124280337 0 0
 503.16985377125 0.00368430551570816 0 0
 506.559717762 0.00341956635674976 0 0
 509.94947300775 0.00262010033139259 0 0
 513.339105344 0.00308054205303259 0 0
 516.72860060625 0.0029112959038974 0 0
 520.11794463 0.00298756119065342 0 0
 523.50712325075 0.00227751221273349 0 0
 526.896122304 0.00275730652338364 0 0
 530.28492762525 0.00223500588332204 0 0
 533.67352505 0.00268942718333505 0 0
 537.06190041375 0.00334085908193232 0 0
 540.450039552 0.00269399879850128 0 0
 543.83792830025 0.00251287673795419 0 0
 547.225552494 0.00228451168480595 0 0
 550.61289796875 0.00261073181667979 0 0
 553.99995056 0.0031596494141857 0 0
 557.38669610325 0.00240723142153402 0 0
 560.773120434 0.0022841648782422 0 0
 564.15920938775 0.00302747651244463 0 0
 567.5449488 0.00229725809773278 0 0
 570.93032450625 0.00309670672601026 0 0
 574.315322342 0.0028189203355443 0 0
 577.69992814275 0.00217710691318334 0 0
 581.084127744 0.00262701082476678 0 0
 584.46790698125 0.00319860388198592 0 0
 587.85125169 0.0023650028728329 0 0
 591.23414770575 0.00244416128637295 0 0
 594.616580864 0.00191248530094781 0 0
 597.99853700025 0.00284708362912331 0 0
 601.38000195 0.00285855482628515 0 0
 604.76096154875 0.00225005487001809 0 0
 608.141401632 0.00349601196903148 0 0
 611.52130803525 0.0024701230992981 0 0
 614.900666594 0.00231365392748696 0 0
 618.27946314375 0.00276392331039485 0 0
 621.65768352 0.00243922061892406 0 0
 625.03531355825 0.00216897841741135 0 0
 628.412339094 0.00272685397771998 0 0
 631.78874596275 0.00202310421687156 0 0
 635.16452 0.00340483297297275 0 0
 638.53964704125 0.00279532219269279 0 0
 641.914112922 0.00306147128984602 0 0
 645.28790347775 0.00330188221021255 0 0
 648.661004544 0.00344658039989045 0 0
 652.03340195625 0.00404629963707963 0 0
 655.40508155 0.00390968483449724 0 0
 658.77602916075 0.00392948013737957 0 0
 662.146230624 0.0039690204329169 0 0
 665.51567177525 0.00340691356280507 0 0
 668.88433845 0.00315317770457049 0 0
 672.25221648375 0.0032786313262092 0 0
 675.619291712 0.00318247754072631 0 0
 678.98554997025 0.00453440434319959 0 0
 682.350977094 0.00296470806733883 0 0
 685.71555891875 0.00340408343103676 0 0
 689.07928128 0.00360273672459735 0 0
 692.44213001325 0.00303801637735632 0 0
 695.804090954 0.00376839864226458 0 0
 699.16514993775 0.00346715563117146 0 0
 702.5252928 0.00309976427354387 0 0
 705.88450537625 0.00356630617801307 0 0
 709.242773502 0.00374934168488454 0 0
 712.60008301275 0.00271833743995647 0 0
 715.956419744 0.0027669982293472 0 0
 719.31176953125 0.00409222165791836 0 0
 722.66611821 0.00350484892642799 0 0
 726.01945161575 0.00332932926793199 0 0
 729.371755584 0.00419875774842955 0 0
 732.72301595025 0.0037266509947826 0 0
 736.07321855 0.00322427304627648 0 0
 739.42234921875 0.00400940061235307 0 0
 742.770393792 0.00217218531446105 0 0
 746.11733810525 0.00297657920667352 0 0
 749.463167994 0.00381331871891536 0 0
 752.80786929375 0.00422482022577828 0 0
 756.15142784 0.00445063437295316 0 0
 759.49382946825 0.0043947899926799 0 0
 762.835060014 0.00321924024466846 0 0
 766.17510531275 0.00440512632845056 0 0
 769.5139512 0.0045613175737218 0 0
 772.85158351125 0.00465935780362885 0 0
 776.187988082 0.00445367647893301 0 0
 779.52315074775 0.00421572533520183 0 0
 782.857057344 0.00495965839456419 0 0
 786.18969370625 0.00538486598185727 0 0
 789.52104567 0.0033140774039333 0 0
 792.85109907075 0.00436029840821458 0 0
 796.179839744 0.00513717158350301 0 0
 799.50725352525 0.0035789442053689 0 0
 802.83332625 0.00448517460620363 0 0
 806.15804375375 0.00638685977607358 0 0
 809.481391872 0.00627221656277349 0 0
 812.80335644025 0.0061885379513106 0 0
 816.123923294 0.00578369642936319 0 0
 819.44307826875 0.00488076202219803 0 0
 822.7608072 0.00695806617624673 0 0
 826.07709592325 0.00813327172263336 0 0
 829.391930274 0.00484445163258967 0 0
 832.70529608775 0.00658774097824311 0 0
 836.0171792 0.00421438406480496 0 0
 839.32756544625 0.00798478523387887 0 0
 842.636440662 0.00737094775054227 0 0
 845.94379068275 0.00665350235236491 0 0
 849.249601344 0.00751250852938523 0 0
 852.55385848125 0.00807516565873835 0 0
 855.85654793 0.00901437021079832 0 0
 859.15765552575 0.00869713366146023 0 0
 862.457167104 0.00812376179135511 0 0
 865.75506850025 0.0082735106607764 0 0
 869.05134555 0.0102135645803606 0 0
 872.34598408875 0.00991720971191211 0 0
 875.638969952 0.00677453314215013 0 0
 878.93028897525 0.00882485007680997 0 0
 882.219926994 0.0127371394708205 0 0
 885.50786984375 0.0113846062176051 0 0
 888.79410336 0.0126419686145233 0 0
 892.07861337825 0.0065138188754225 0 0
 895.361385734 0.00961113753347861 0 0
 898.64240626275 0.00674068432965683 0 0
 901.9216608 0.00874857505745275 0 0
 905.19913518125 0.0159308195858145 0 0
 908.474815242 0.0100295080155085 0 0
 911.74868681775 0.0119731391876407 0 0
 915.020735744 0.0136982087305832 0 0
 918.29094785625 0.0190149276088699 0 0
 921.55930899 0.0128600335314625 0 0
 924.82580498075 0.00562754210832268 0 0
 928.090421664 0.0161923100078472 0 0
 931.35314487525 0.0098269348723358 0 0
 934.61396045 0.0167689368763838 0 0
 937.87285422375 0.0130544947348357 0 0
 941.129812032 0.0132900969963821 0 0
 944.38481971025 0.0128375023500064 0 0
 947.637863094 0.0166849497326075 0 0
 950.88892801875 0.0164830249381042 0 0
 954.13800032 0 0 0
 957.38506583325 0 0 0
 960.630110394 0 0 0
 963.87311983775 0 0 0
 967.11408 0 0 0
 970.35297671625 0 0 0
 973.589795822 0 0 0
 976.82452315275 0 0 0
 980.057144544 0 0 0
 983.28764583125 0 0 0
 986.51601285 0 0 0
 989.74223143575 0 0 0
 992.966287424 0 0 0
 996.18816665025 0 0 0
 999.40785495 0 0 0
 1002.62533815875 0 0 0
 1005.840602112 0 0 0
 1009.05363264525 0 0 0
 1012.264415594 0 0 0
 1015.47293679375 0 0 0
 1018.67918208 0 0 0
 1021.88313728825 0 0 0
 1025.084788254 0 0 0
 1028.28412081275 0 0 0
 1031.4811208 0 0 0
 1034.67577405125 0 0 0
 1037.868066402 0 0 0
 1041.05798368775 0 0 0
 1044.245511744 0 0 0
 1047.43063640625 0 0 0
 1050.61334351 0 0 0
 1053.79361889075 0 0 0
 1056.971448384 0 0 0
 1060.14681782525 0 0 0
 1063.31971305 0 0 0
 1066.49011989375 0 0 0
 1069.658024192 0 0 0
 1072.82341178025 0 0 0
 1075.986268494 0 0 0
 1079.14658016875 0 0 0
 1082.30433264 0 0 0
 1085.45951174325 0 0 0
 1088.612103314 0 0 0
 1091.76209318775 0 0 0
 1094.9094672 0 0 0
 1098.05421118625 0 0 0
 1101.196310982 0 0 0
 1104.33575242275 0 0 0
 1107.472521344 0 0 0
 1110.60660358125 0 0 0
 1113.73798497 0 0 0
 1116.86665134575 0 0 0
 1119.992588544 0 0 0
 1123.11578240025 0 0 0
 1126.23621875 0 0 0
 1129.35388342875 0 0 0
 1132.468762272 0 0 0
 1135.58084111525 0 0 0
 1138.690105794 0 0 0
 1141.79654214375 0 0 0
 1144.900136 0 0 0
[END] of [DATA]
[END] of [Spectrum]


#TBID:2021-05-20 03:00:00;SAM_84DC;RAW;

[Spectrum]
Version            = 1
IDData             = 96B1_2021-05-20_03-00-00_000_072
IDDevice           = SAM_84DC
IDDataType         = SPECTRUM
IDDataTypeSub1     = RAW
IDDataTypeSub2     = 
IDDataTypeSub3     = 
DateTime           = 2021-05-20 03:00:00
PositionLatitude   = 0
PositionLongitude  = 0
Comment            = 
CommentSub1        = 
CommentSub2        = 
CommentSub3        = 
IDMethodType       = SAM Control
MethodName         = SAM_84DC
Mission            = No Mission
MissionSub         = 1
RecordType         = 0
[Attributes]
CalFactor = 1
IDBasisSpec = 
IDDataBack = DLAB_2015-08-21_13-19-54_137_939
IDDataCal = DLAB_2015-08-24_10-46-55_592_608
IntegrationTime = 4096
P31 = -1
P31e = 0
PathLength = +INF
PathLengthCustomOn = 0
RAWDynamic = 65535
Salinity = 0
Temperature = -NAN
Unit1 = $05 $00 Pixel 
Unit2 = $03 $05 Intensity counts
Unit3 = $f0 $05 Error counts
Unit4 = $f1 $00 Status 
p999 = 506
[END] of [Attributes]
[DATA]
 0 11 0 0
 1 1567 0 0
 2 1555 0 0
 3 1564 0 0
 4 1580 0 0
 5 1570 0 0
 6 1569 0 0
 7 1581 0 0
 8 1579 0 0
 9 1578 0 0
 10 1576 0 0
 11 1580 0 0
 12 1578 0 0
 13 1582 0 0
 14 1585 0 0
 15 1576 0 0
 16 1587 0 0
 17 1595 0 0
 18 1580 0 0
 19 1586 0 0
 20 1579 0 0
 21 1584 0 0
 22 1591 0 0
 23 1596 0 0
 24 1596 0 0
 25 1592 0 0
 26 1597 0 0
 27 1595 0 0
 28 1592 0 0
 29 1592 0 0
 30 1585 0 0
 31 1600 0 0
 32 1595 0 0
 33 1589 0 0
 34 1592 0 0
 35 1592 0 0
 36 1600 0 0
 37 1595 0 0
 38 1594 0 0
 39 1591 0 0
 40 1598 0 0
 41 1597 0 0
 42 1597 0 0
 43 1598 0 0
 44 1598 0 0
 45 1602 0 0
 46 1599 0 0
 47 1600 0 0
 48 1593 0 0
 49 1594 0 0
 50 1593 0 0
 51 1596 0 0
 52 1596 0 0
 53 1595 0 0
 54 1596 0 0
 55 1601 0 0
 56 1598 0 0
 57 1600 0 0
 58 1603 0 0
 59 1611 0 0
 60 1600 0 0
 61 1600 0 0
 62 1591 0 0
 63 1598 0 0
 64 1602 0 0
 65 1596 0 0
 66 1590 0 0
 67 1604 0 0
 68 1600 0 0
 69 1595 0 0
 70 1601 0 0
 71 1603 0 0
 72 1600 0 0
 73 1600 0 0
 74 1607 0 0
 75 1598 0 0
 76 1606 0 0
 77 1605 0 0
 78 1595 0 0
 79 1608 0 0
 80 1596 0 0
 81 1604 0 0
 82 1595 0 0
 83 1603 0 0
 84 1599 0 0
 85 1612 0 0
 86 1599 0 0
 87 1597 0 0
 88 1602 0 0
 89 1604 0 0
 90 1589 0 0
 91 1599 0 0
 92 1589 0 0
 93 1596 0 0
 94 1603 0 0
 95 1597 0 0
 96 1592 0 0
 97 1600 0 0
 98 1595 0 0
 99 1599 0 0
 100 1596 0 0
 101 1595 0 0
 102 1600 0 0
 103 1607 0 0
 104 1605 0 0
 105 1600 0 0
 106 1606 0 0
 107 1611 0 0
 108 1600 0 0
 109 1606 0 0
 110 1604 0 0
 111 1606 0 0
 112 1603 0 0
 113 1601 0 0
 114 1602 0 0
 115 1612 0 0
 116 1603 0 0
 117 1596 0 0
 118 1598 0 0
 119 1608 0 0
 120 1595 0 0
 121 1612 0 0
 122 1598 0 0
 123 1609 0 0
 124 1607 0 0
 125 1605 0 0
 126 1609 0 0
 127 1608 0 0
 128 1604 0 0
 129 1605 0 0
 130 1608 0 0
 131 1603 0 0
 132 1608 0 0
 133 1605 0 0
 134 1610 0 0
 135 1608 0 0
 136 1602 0 0
 137 1604 0 0
 138 1598 0 0
 139 1606 0 0
 140 1604 0 0
 141 1611 0 0
 142 1605 0 0
 143 1614 0 0
 144 1607 0 0
 145 1603 0 0
 146 1607 0 0
 147 1600 0 0
 148 1606 0 0
 149 1605 0 0
 150 1609 0 0
 151 1608 0 0
 152 1603 0 0
 153 1614 0 0
 154 1608 0 0
 155 1612 0 0
 156 1605 0 0
 157 1616 0 0
 158 1606 0 0
 159 1612 0 0
 160 1606 0 0
 161 1606 0 0
 162 1604 0 0
 163 1604 0 0
 164 1605 0 0
 165 1605 0 0
 166 1607 0 0
 167 1611 0 0
 168 1613 0 0
 169 1606 0 0
 170 1608 0 0
 171 1618 0 0
 172 1600 0 0
 173 1615 0 0
 174 1609 0 0
 175 1609 0 0
 176 1611 0 0
 177 1612 0 0
 178 1605 0 0
 179 1608 0 0
 180 1609 0 0
 181 1610 0 0
 182 1612 0 0
 183 1612 0 0
 184 1608 0 0
 185 1613 0 0
 186 1611 0 0
 187 1612 0 0
 188 1610 0 0
 189 1615 0 0
 190 1606 0 0
 191 1611 0 0
 192 1613 0 0
 193 1611 0 0
 194 1617 0 0
 195 1609 0 0
 196 1616 0 0
 197 1616 0 0
 198 1609 0 0
 199 1622 0 0
 200 1607 0 0
 201 1615 0 0
 202 1611 0 0
 203 1618 0 0
 204 1617 0 0
 205 1614 0 0
 206 1618 0 0
 207 1619 0 0
 208 1612 0 0
 209 1617 0 0
 210 1609 0 0
 211 1619 0 0
 212 1613 0 0
 213 1612 0 0
 214 1614 0 0
 215 1624 0 0
 216 1616 0 0
 217 1620 0 0
 218 1614 0 0
 219 1618 0 0
 220 1624 0 0
 221 1626 0 0
 222 1621 0 0
 223 1626 0 0
 224 1620 0 0
 225 1624 0 0
 226 1627 0 0
 227 1620 0 0
 228 1618 0 0
 229 1624 0 0
 230 1618 0 0
 231 1631 0 0
 232 1629 0 0
 233 1621 0 0
 234 1625 0 0
 235 1626 0 0
 236 1623 0 0
 237 1627 0 0
 238 1624 0 0
 239 1632 0 0
 240 1627 0 0
 241 1631 0 0
 242 1633 0 0
 243 1626 0 0
 244 1623 0 0
 245 1631 0 0
 246 1634 0 0
 247 1635 0 0
 248 1635 0 0
 249 1624 0 0
 250 1618 0 0
 251 1622 0 0
 252 1615 0 0
 253 1611 0 0
 254 1602 0 0
 255 1659 0 0
[END] of [DATA]
[END] of [Spectrum]


#TBID:2021-05-20 03:00:00;SAM_84DC;CALIBRATED;

[Spectrum]
Version            = 1
IDData             = 96B1_2021-05-20_03-00-00_000_073
IDDevice           = SAM_84DC
IDDataType         = SPECTRUM
IDDataTypeSub1     = CALIBRATED
IDDataTypeSub2     = 
IDDataTypeSub3     = 
DateTime           = 2021-05-20 03:00:00
PositionLatitude   = 0
PositionLongitude  = 0
Comment            = 
CommentSub1        = 
CommentSub2        = 
CommentSub3        = 
IDMethodType       = SAM Control
MethodName         = SAM_84DC
Mission            = No Mission
MissionSub         = 1
RecordType         = 0
[Attributes]
CalFactor = 1
IDBasisSpec = 
IDDataBack = DLAB_2015-08-21_13-19-54_137_939
IDDataCal = DLAB_2015-08-24_10-46-55_592_608
IntegrationTime = 4096
P31 = -1
P31e = 0
PathLength = +INF
PathLengthCustomOn = 0
RAWDynamic = 65535
Salinity = 0
Temperature = -NAN
Unit1 = $01 $01 Wavelength nm
Unit2 = $03 $03 Intensity mW/(m^2 nm Sr)
Unit3 = $f0 $03 Error mW/(m^2 nm Sr)
Unit4 = $f1 $00 Status 
p999 = 506
[END] of [Attributes]
[DATA]
 0 11 0 0
 305.71650776488 0 0 0
 309.04007505697 0 0 0
 312.36416914304 0 0 0
 315.68877841375 0 0 0
 319.01389125976 -0.00177723001494899 0 0
 322.33949607173 -0.00143939660959363 0 0
 325.66558124032 -0.00133666903014742 0 0
 328.99213515619 -0.00122743305398531 0 0
 332.31914621 -0.00131617498538571 0 0
 335.64660279241 -0.00119180901311684 0 0
 338.97449329408 -0.0010544458535035 0 0
 342.30280610567 -0.000850435093916916 0 0
 345.63152961784 -0.0007018689003347 0 0
 348.96065222125 -0.00079022923039369 0 0
 352.29016230656 -0.000628807719982064 0 0
 355.62004826443 -0.000550743118004314 0 0
 358.95029848552 -0.000481815727020489 0 0
 362.28090136049 -0.000594666396546025 0 0
 365.61184528 -0.000537565635315413 0 0
 368.94311863471 -0.000631432316483067 0 0
 372.27470981528 -0.000505823524022433 0 0
 375.60660721237 -0.000556403059827858 0 0
 378.93879921664 -0.000458882422466358 0 0
 382.27127421875 -0.000443730823298553 0 0
 385.60402060936 -0.000385885349969385 0 0
 388.93702677913 -0.000413005615049963 0 0
 392.27028111872 -0.000446822327305104 0 0
 395.60377201879 -0.000361357966303003 0 0
 398.93748787 -0.000338664307850951 0 0
 402.27141706301 -0.000419083562964002 0 0
 405.60554798848 -0.00031388165065385 0 0
 408.93986903707 -0.000335887157556409 0 0
 412.27436859944 -0.000334331824359911 0 0
 415.60903506625 -0.00035728384606234 0 0
 418.94385682816 -0.000260065278387636 0 0
 422.27882227583 -0.000277233899921185 0 0
 425.61391979992 -0.000296602373663293 0 0
 428.94913779109 -0.000260220891342186 0 0
 432.28446464 -0.000243375528334227 0 0
 435.61988873731 -0.000294254321797986 0 0
 438.95539847368 -0.000231075935304133 0 0
 442.29098223977 -0.000217656641227695 0 0
 445.62662842624 -0.00023573628346663 0 0
 448.96232542375 -0.000263072891393398 0 0
 452.29806162296 -0.000213237071163422 0 0
 455.63382541453 -0.000300788844608429 0 0
 458.96960518912 -0.000317443811645929 0 0
 462.30538933739 -0.000307105588989327 0 0
 465.64116625 -0.00030990766135436 0 0
 468.97692431761 -0.000304476482757437 0 0
 472.31265193088 -0.000296112127653058 0 0
 475.64833748047 -0.000309588709246416 0 0
 478.98396935704 -0.000288929420409638 0 0
 482.31953595125 -0.000281473450513977 0 0
 485.65502565376 -0.000275684481850063 0 0
 488.99042685523 -0.00028848019416861 0 0
 492.32572794632 -0.000317274636187576 0 0
 495.66091731769 -0.000273838545132404 0 0
 498.99598336 -0.000254376764240293 0 0
 502.33091446391 -0.000303710768833332 0 0
 505.66569902008 -0.000334316878839027 0 0
 509.00032541917 -0.000346273430414606 0 0
 512.33478205184 -0.000296921307377251 0 0
 515.66905730875 -0.000257335520301168 0 0
 519.00313958056 -0.00027742170239407 0 0
 522.33701725793 -0.000248448939923426 0 0
 525.67067873152 -0.000215876692415904 0 0
 529.00411239199 -0.0002693591320102 0 0
 532.33730663 -0.000266643353517767 0 0
 535.67024983621 -0.000253122475475535 0 0
 539.00293040128 -0.000264041383800375 0 0
 542.33533671587 -0.000220079536615163 0 0
 545.66745717064 -0.000266754656127783 0 0
 548.99928015625 -0.000211747000670598 0 0
 552.33079406336 -0.00022561167583007 0 0
 555.66198728263 -0.000205838845732127 0 0
 558.99284820472 -0.000209698302572314 0 0
 562.32336522029 -0.00024554749710929 0 0
 565.65352672 -0.000218488609152398 0 0
 568.98332109451 -0.000282139376361779 0 0
 572.31273673448 -0.000280251584119129 0 0
 575.64176203057 -0.00030527161814403 0 0
 578.97038537344 -0.00025845690914734 0 0
 582.29859515375 -0.000221976004303218 0 0
 585.62637976216 -0.000241231276654687 0 0
 588.95372758933 -0.000338133041850308 0 0
 592.28062702592 -0.000385718735974182 0 0
 595.60706646259 -0.000264777181400716 0 0
 598.93303429 -0.000335302707460431 0 0
 602.25851889881 -0.000410188885361598 0 0
 605.58350867968 -0.000369306859271697 0 0
 608.90799202327 -0.000517251064898879 0 0
 612.23195732024 -0.000411679650117322 0 0
 615.55539296125 -0.000371757073543642 0 0
 618.87828733696 -0.000451558371541525 0 0
 622.20062883803 -0.000443712163630469 0 0
 625.52240585512 -0.000454524925133543 0 0
 628.84360677889 -0.000417804031724714 0 0
 632.16422 -0.000413507609164502 0 0
 635.48423390911 -0.000500041895715448 0 0
 638.80363689688 -0.000460472114090315 0 0
 642.12241735397 -0.000449155780542549 0 0
 645.44056367104 -0.000300691028939236 0 0
 648.75806423875 -0.000340313047312285 0 0
 652.07490744776 -0.000501305741825211 0 0
 655.39108168873 -0.000367136279084097 0 0
 658.70657535232 -0.000411169735481258 0 0
 662.02137682919 -0.000494243645655088 0 0
 665.33547451 -0.000397604386327459 0 0
 668.64885678541 -0.000372100455843619 0 0
 671.96151204608 -0.000393468303205245 0 0
 675.27342868267 -0.000429503567309928 0 0
 678.58459508584 -0.000342448086276937 0 0
 681.89499964625 -0.000472796838424688 0 0
 685.20463075456 -0.00033167460935772 0 0
 688.51347680143 -0.000399425512062195 0 0
 691.82152617752 -0.000536644542931228 0 0
 695.12876727349 -0.000455359432428495 0 0
 698.43518848 -0.000312594937270979 0 0
 701.74077818771 -0.000410946945809229 0 0
 705.04552478728 -0.000395885977689167 0 0
 708.34941666937 -0.000475632050901914 0 0
 711.65244222464 -0.00037937028409126 0 0
 714.95458984375 -0.000422673565087568 0 0
 718.25584791736 -0.000336224288383581 0 0
 721.55620483613 -0.000379618532703121 0 0
 724.85564899072 -0.000376321851598574 0 0
 728.15416877179 -0.000393324343989584 0 0
 731.45175257 -0.000358920676314986 0 0
 734.74838877601 -0.000449744784123206 0 0
 738.04406578048 -0.000414986873354296 0 0
 741.33877197407 -0.000388725082828111 0 0
 744.63249574744 -0.000419934883525787 0 0
 747.92522549125 -0.000273241118462803 0 0
 751.21694959616 -0.000404156970993217 0 0
 754.50765645283 -0.000382614818439911 0 0
 757.79733445192 -0.000485678222442208 0 0
 761.08597198409 -0.000513392175587468 0 0
 764.37355744 -0.000405871359939158 0 0
 767.66007921031 -0.00039174334946641 0 0
 770.94552568568 -0.000386535266649327 0 0
 774.22988525677 -0.000369996033847915 0 0
 777.51314631424 -0.000267962012915339 0 0
 780.79529724875 -0.000403818016368135 0 0
 784.07632645096 -0.000403637414466268 0 0
 787.35622231153 -0.000358975303218518 0 0
 790.63497322112 -0.000607282328012316 0 0
 793.91256757039 -0.000571251361150299 0 0
 797.18899375 -0.000572262712700118 0 0
 800.46424015061 -0.000316996289927949 0 0
 803.73829516288 -0.00055194681724118 0 0
 807.01114717747 -0.000681964630180645 0 0
 810.28278458504 -0.000453866187230127 0 0
 813.55319577625 -0.000614039931603035 0 0
 816.82236914176 -0.000425831118590227 0 0
 820.09029307223 -0.000543076857473766 0 0
 823.35695595832 -0.000455457574484612 0 0
 826.62234619069 -0.000681153272019972 0 0
 829.88645216 -0.000589137944472848 0 0
 833.14926225691 -0.000866418121883109 0 0
 836.41076487208 -0.000605078957549485 0 0
 839.67094839617 -0.000553424138815977 0 0
 842.92980121984 -0.000803035669093489 0 0
 846.18731173375 -0.000885686843349065 0 0
 849.44346832856 -0.00105775517957348 0 0
 852.69825939493 -0.00130301370689005 0 0
 855.95167332352 -0.000943359399652578 0 0
 859.20369850499 -0.000722285891925996 0 0
 862.45432333 -0.00126779460932045 0 0
 865.70353618921 -0.00110858498457277 0 0
 868.95132547328 -0.000780018506056905 0 0
 872.19767957287 -0.00118433718345191 0 0
 875.44258687864 -0.000889047339273819 0 0
 878.68603578125 -0.0012205166120018 0 0
 881.92801467136 -0.00099242711339093 0 0
 885.16851193963 -0.00116424100636162 0 0
 888.40751597672 -0.000759579332321724 0 0
 891.64501517329 -0.00175767793328333 0 0
 894.88099792 -0.000932665473754131 0 0
 898.11545260751 -0.00100172355357326 0 0
 901.34836762648 -0.000877620114217171 0 0
 904.57973136757 -0.00106796748812814 0 0
 907.80953222144 -0.00119487081271865 0 0
 911.03775857875 -0.00153445056174811 0 0
 914.26439883016 -0.00110927917936331 0 0
 917.48944136633 -0.00160544842592359 0 0
 920.71287457792 -0.00152121783109788 0 0
 923.93468685559 -0.00104688738884144 0 0
 927.15486659 -0.000228353856324636 0 0
 930.37340217181 -0.00197735889584822 0 0
 933.59028199168 -0.00168745753916277 0 0
 936.80549444027 -0.00301598976478462 0 0
 940.01902790824 -0.00237259067617315 0 0
 943.23087078625 -0.00078909595422084 0 0
 946.44101146496 -0.00168423421710238 0 0
 949.64943833503 -0.00235092222412845 0 0
 952.85613978712 -0.00155745618620135 0 0
 956.06110421189 0 0 0
 959.26432 0 0 0
 962.46577554211 0 0 0
 965.66545922888 0 0 0
 968.86335945097 0 0 0
 972.05946459904 0 0 0
 975.25376306375 0 0 0
 978.44624323576 0 0 0
 981.63689350573 0 0 0
 984.82570226432 0 0 0
 988.01265790219 0 0 0
 991.19774881 0 0 0
 994.38096337841 0 0 0
 997.56228999808 0 0 0
 1000.74171705967 0 0 0
 1003.91923295384 0 0 0
 1007.09482607125 0 0 0
 1010.26848480256 0 0 0
 1013.44019753843 0 0 0
 1016.60995266952 0 0 0
 1019.77773858649 0 0 0
 1022.94354368 0 0 0
 1026.10735634071 0 0 0
 1029.26916495928 0 0 0
 1032.42895792637 0 0 0
 1035.58672363264 0 0 0
 1038.74245046875 0 0 0
 1041.89612682536 0 0 0
 1045.04774109313 0 0 0
 1048.19728166272 0 0 0
 1051.34473692479 0 0 0
 1054.49009527 0 0 0
 1057.63334508901 0 0 0
 1060.77447477248 0 0 0
 1063.91347271107 0 0 0
 1067.05032729544 0 0 0
 1070.18502691625 0 0 0
 1073.31755996416 0 0 0
 1076.44791482983 0 0 0
 1079.57607990392 0 0 0
 1082.70204357709 0 0 0
 1085.82579424 0 0 0
 1088.94732028331 0 0 0
 1092.06661009768 0 0 0
 1095.18365207377 0 0 0
 1098.29843460224 0 0 0
 1101.41094607375 0 0 0
 1104.52117487896 0 0 0
 1107.62910940853 0 0 0
 1110.73473805312 0 0 0
 1113.83804920339 0 0 0
 1116.93903125 0 0 0
 1120.03767258361 0 0 0
 1123.13396159488 0 0 0
 1126.22788667447 0 0 0
 1129.31943621304 0 0 0
 1132.40859860125 0 0 0
 1135.49536222976 0 0 0
[END] of [DATA]
[END] of [Spectrum]


#TBID:2021-05-20 03:00:00;SAM_84C8;RAW;

[Spectrum]
Version            = 1
IDData             = 96B1_2021-05-20_03-00-00_000_075
IDDevice           = SAM_84C8
IDDataType         = SPECTRUM
IDDataTypeSub1     = RAW
IDDataTypeSub2     = 
IDDataTypeSub3     = 
DateTime           = 2021-05-20 03:00:00
PositionLatitude   = 0
PositionLongitude  = 0
Comment            = 
CommentSub1        = 
CommentSub2        = 
CommentSub3        = 
IDMethodType       = SAM Control
MethodName         = SAM_84C8
Mission            = No Mission
MissionSub         = 1
RecordType         = 0
[Attributes]
CalFactor = 1
IDBasisSpec = 
IDDataBack = DLAB_2015-08-21_12-14-03_013_778
IDDataCal = DLAB_2015-08-24_11-04-47_772_747
IntegrationTime = 4096
P31 = -1
P31e = 0
PathLength = +INF
PathLengthCustomOn = 0
RAWDynamic = 65535
Salinity = 0
Temperature = -NAN
Unit1 = $05 $00 Pixel 
Unit2 = $03 $05 Intensity counts
Unit3 = $f0 $05 Error counts
Unit4 = $f1 $00 Status 
p999 = 506
[END] of [Attributes]
[DATA]
 0 11 0 0
 1 1496 0 0
 2 1486 0 0
 3 1482 0 0
 4 1496 0 0
 5 1493 0 0
 6 1499 0 0
 7 1491 0 0
 8 1492 0 0
 9 1495 0 0
 10 1492 0 0
 11 1496 0 0
 12 1503 0 0
 13 1486 0 0
 14 1498 0 0
 15 1498 0 0
 16 1501 0 0
 17 1501 0 0
 18 1499 0 0
 19 1499 0 0
 20 1498 0 0
 21 1502 0 0
 22 1507 0 0
 23 1504 0 0
 24 1511 0 0
 25 1507 0 0
 26 1498 0 0
 27 1502 0 0
 28 1508 0 0
 29 1509 0 0
 30 1512 0 0
 31 1509 0 0
 32 1506 0 0
 33 1502 0 0
 34 1507 0 0
 35 1504 0 0
 36 1505 0 0
 37 1516 0 0
 38 1511 0 0
 39 1500 0 0
 40 1504 0 0
 41 1508 0 0
 42 1502 0 0
 43 1511 0 0
 44 1502 0 0
 45 1507 0 0
 46 1510 0 0
 47 1502 0 0
 48 1508 0 0
 49 1516 0 0
 50 1503 0 0
 51 1504 0 0
 52 1508 0 0
 53 1507 0 0
 54 1499 0 0
 55 1514 0 0
 56 1509 0 0
 57 1514 0 0
 58 1511 0 0
 59 1506 0 0
 60 1502 0 0
 61 1506 0 0
 62 1519 0 0
 63 1514 0 0
 64 1505 0 0
 65 1506 0 0
 66 1506 0 0
 67 1510 0 0
 68 1514 0 0
 69 1508 0 0
 70 1512 0 0
 71 1512 0 0
 72 1512 0 0
 73 1507 0 0
 74 1505 0 0
 75 1509 0 0
 76 1513 0 0
 77 1513 0 0
 78 1516 0 0
 79 1509 0 0
 80 1508 0 0
 81 1513 0 0
 82 1519 0 0
 83 1516 0 0
 84 1517 0 0
 85 1506 0 0
 86 1506 0 0
 87 1519 0 0
 88 1510 0 0
 89 1515 0 0
 90 1517 0 0
 91 1515 0 0
 92 1513 0 0
 93 1509 0 0
 94 1520 0 0
 95 1514 0 0
 96 1514 0 0
 97 1513 0 0
 98 1508 0 0
 99 1510 0 0
 100 1519 0 0
 101 1523 0 0
 102 1514 0 0
 103 1514 0 0
 104 1514 0 0
 105 1522 0 0
 106 1509 0 0
 107 1511 0 0
 108 1510 0 0
 109 1511 0 0
 110 1521 0 0
 111 1523 0 0
 112 1518 0 0
 113 1518 0 0
 114 1517 0 0
 115 1518 0 0
 116 1521 0 0
 117 1508 0 0
 118 1512 0 0
 119 1517 0 0
 120 1511 0 0
 121 1511 0 0
 122 1512 0 0
 123 1509 0 0
 124 1513 0 0
 125 1516 0 0
 126 1514 0 0
 127 1520 0 0
 128 1513 0 0
 129 1516 0 0
 130 1519 0 0
 131 1518 0 0
 132 1516 0 0
 133 1564 0 0
 134 1520 0 0
 135 1515 0 0
 136 1517 0 0
 137 1520 0 0
 138 1510 0 0
 139 1520 0 0
 140 1513 0 0
 141 1518 0 0
 142 1518 0 0
 143 1515 0 0
 144 1520 0 0
 145 1523 0 0
 146 1517 0 0
 147 1518 0 0
 148 1523 0 0
 149 1511 0 0
 150 1512 0 0
 151 1517 0 0
 152 1518 0 0
 153 1516 0 0
 154 1512 0 0
 155 1511 0 0
 156 1515 0 0
 157 1517 0 0
 158 1514 0 0
 159 1518 0 0
 160 1515 0 0
 161 1518 0 0
 162 1518 0 0
 163 1516 0 0
 164 1512 0 0
 165 1518 0 0
 166 1517 0 0
 167 1517 0 0
 168 1521 0 0
 169 1521 0 0
 170 1521 0 0
 171 1509 0 0
 172 1520 0 0
 173 1509 0 0
 174 1513 0 0
 175 1525 0 0
 176 1519 0 0
 177 1518 0 0
 178 1518 0 0
 179 1521 0 0
 180 1517 0 0
 181 1517 0 0
 182 1514 0 0
 183 1519 0 0
 184 1513 0 0
 185 1521 0 0
 186 1522 0 0
 187 1524 0 0
 188 1517 0 0
 189 1519 0 0
 190 1512 0 0
 191 1514 0 0
 192 1522 0 0
 193 1509 0 0
 194 1511 0 0
 195 1520 0 0
 196 1511 0 0
 197 1518 0 0
 198 1523 0 0
 199 1514 0 0
 200 1513 0 0
 201 1512 0 0
 202 1517 0 0
 203 1516 0 0
 204 1518 0 0
 205 1519 0 0
 206 1515 0 0
 207 1513 0 0
 208 1514 0 0
 209 1509 0 0
 210 1505 0 0
 211 1512 0 0
 212 1513 0 0
 213 1512 0 0
 214 1521 0 0
 215 1518 0 0
 216 1512 0 0
 217 1517 0 0
 218 1516 0 0
 219 1514 0 0
 220 1519 0 0
 221 1523 0 0
 222 1522 0 0
 223 1516 0 0
 224 1518 0 0
 225 1514 0 0
 226 1522 0 0
 227 1511 0 0
 228 1520 0 0
 229 1516 0 0
 230 1514 0 0
 231 1516 0 0
 232 1522 0 0
 233 1515 0 0
 234 1522 0 0
 235 1512 0 0
 236 1515 0 0
 237 1516 0 0
 238 1516 0 0
 239 1513 0 0
 240 1514 0 0
 241 1518 0 0
 242 1515 0 0
 243 1513 0 0
 244 1513 0 0
 245 1518 0 0
 246 1513 0 0
 247 1514 0 0
 248 1520 0 0
 249 1515 0 0
 250 1510 0 0
 251 1504 0 0
 252 1496 0 0
 253 1495 0 0
 254 1494 0 0
 255 1540 0 0
[END] of [DATA]
[END] of [Spectrum]


#TBID:2021-05-20 03:00:00;SAM_84C8;CALIBRATED;

[Spectrum]
Version            = 1
IDData             = 96B1_2021-05-20_03-00-00_000_076
IDDevice           = SAM_84C8
IDDataType         = SPECTRUM
IDDataTypeSub1     = CALIBRATED
IDDataTypeSub2     = 
IDDataTypeSub3     = 
DateTime           = 2021-05-20 03:00:00
PositionLatitude   = 0
PositionLongitude  = 0
Comment            = 
CommentSub1        = 
CommentSub2        = 
CommentSub3        = 
IDMethodType       = SAM Control
MethodName         = SAM_84C8
Mission            = No Mission
MissionSub         = 1
RecordType         = 0
[Attributes]
CalFactor = 1
IDBasisSpec = 
IDDataBack = DLAB_2015-08-21_12-14-03_013_778
IDDataCal = DLAB_2015-08-24_11-04-47_772_747
IntegrationTime = 4096
P31 = -1
P31e = 0
PathLength = +INF
PathLengthCustomOn = 0
RAWDynamic = 65535
Salinity = 0
Temperature = -NAN
Unit1 = $01 $01 Wavelength nm
Unit2 = $03 $03 Intensity mW/(m^2 nm Sr)
Unit3 = $f0 $03 Error mW/(m^2 nm Sr)
Unit4 = $f1 $00 Status 
p999 = 506
[END] of [Attributes]
[DATA]
 0 11 0 0
 303.516048156 0 0 0
 306.890006053 0 0 0
 310.26457112 0 0 0
 313.639731825 0 0 0
 317.015476636 -0.000511345155253786 0 0
 320.391794021 -0.000320303515125954 0 0
 323.768672448 -0.000438026339290874 0 0
 327.146100385 -0.000302367473979799 0 0
 330.5240663 -0.000237757982478914 0 0
 333.902558661 -0.000118595145502278 0 0
 337.281565936 -0.000273705911235516 0 0
 340.661076593 -0.000157032270251896 0 0
 344.0410791 -0.000384629297913452 0 0
 347.421561925 -5.99214462041697e-005 0 0
 350.802513536 -0.000124443914006438 0 0
 354.183922401 -5.75895672840447e-005 0 0
 357.565776988 -0.000101168845824804 0 0
 360.948065765 -0.000103625862491768 0 0
 364.3307772 -0.000111596443552276 0 0
 367.713899761 -6.43923407566491e-005 0 0
 371.097421916 -4.05069171135101e-005 0 0
 374.481332133 2.08672926322745e-005 0 0
 377.86561888 -4.71133694029819e-005 0 0
 381.250270625 5.73129659989959e-005 0 0
 384.635275836 4.58427565406983e-005 0 0
 388.020622981 1.16859341877545e-005 0 0
 391.406300528 -6.92679780458374e-006 0 0
 394.792296945 3.67491015165374e-005 0 0
 398.1786007 0.000102161028035973 0 0
 401.565200261 8.56856372941577e-005 0 0
 404.952084096 8.17416676260846e-005 0 0
 408.339240673 2.51892733321858e-005 0 0
 411.72665846 2.87845799267234e-005 0 0
 415.114325925 9.60912375337726e-005 0 0
 418.502231536 7.05949801523257e-005 0 0
 421.890363761 3.16569646801852e-006 0 0
 425.278711068 5.87908750985924e-007 0 0
 428.667261925 6.63714115299162e-005 0 0
 432.0560048 1.91002264079175e-005 0 0
 435.444928161 3.26496943555794e-005 0 0
 438.834020476 3.52223581657821e-005 0 0
 442.223270213 4.83829433880345e-006 0 0
 445.61266584 6.40723933652643e-005 0 0
 449.002195825 2.2502367026138e-005 0 0
 452.391848636 -2.26671777798855e-005 0 0
 455.781612741 5.88250791241689e-005 0 0
 459.171476608 -1.37464170552248e-005 0 0
 462.561428705 1.7060753634177e-005 0 0
 465.9514575 7.20759194131398e-005 0 0
 469.341551461 2.15315352466623e-005 0 0
 472.731699056 -4.43512110567282e-005 0 0
 476.121888753 1.62046838933129e-005 0 0
 479.51210902 3.71771763693924e-005 0 0
 482.902348325 6.96295030337951e-005 0 0
 486.292595136 0.000125321926414704 0 0
 489.682837921 3.14070840332987e-005 0 0
 493.073065148 4.7436145971548e-005 0 0
 496.463265285 0.000101114351390955 0 0
 499.8534268 0.000104844427204179 0 0
 503.243538161 7.15958895018669e-006 0 0
 506.633587836 1.81491747791663e-005 0 0
 510.023564293 3.40173532945585e-005 0 0
 513.413456 6.64184168596165e-005 0 0
 516.803251425 8.38958470574044e-005 0 0
 520.192939036 4.75953147356205e-005 0 0
 523.582507301 -3.17374652384167e-005 0 0
 526.971944688 4.83128794050526e-005 0 0
 530.361239665 4.18708645006903e-005 0 0
 533.7503807 4.99749259665795e-005 0 0
 537.139356261 1.51291470839911e-005 0 0
 540.528154816 5.82365367938016e-005 0 0
 543.916764833 -6.04437733355973e-006 0 0
 547.30517478 9.02807783547727e-006 0 0
 550.693373125 -1.87124731567635e-006 0 0
 554.081348336 1.51828236145792e-005 0 0
 557.469088881 6.69360082987385e-005 0 0
 560.856583228 6.51676903899583e-005 0 0
 564.243819845 0.000101515701216071 0 0
 567.6307872 8.77164879151886e-006 0 0
 571.017473761 1.95768485338633e-006 0 0
 574.403867996 9.64941521717515e-005 0 0
 577.789958373 7.84230853790564e-005 0 0
 581.17573336 7.57581002971247e-005 0 0
 584.561181425 7.02638984563533e-005 0 0
 587.946291036 1.27090858442259e-005 0 0
 591.331050661 -2.40338390894156e-006 0 0
 594.715448768 0.000123914119386586 0 0
 598.099473825 4.87492519078512e-005 0 0
 601.4831143 0.000148170560955853 0 0
 604.866358661 4.55886533070673e-005 0 0
 608.249195376 6.8450384829823e-005 0 0
 611.631612913 4.49081151967296e-005 0 0
 615.01359974 7.60585273261852e-005 0 0
 618.395144325 9.20169513085806e-005 0 0
 621.776235136 9.85126089926062e-005 0 0
 625.156860641 5.23751974293397e-006 0 0
 628.537009308 7.89372714533836e-005 0 0
 631.916669605 1.57110131563638e-005 0 0
 635.29583 7.98719225053719e-005 0 0
 638.674478961 6.58110239330604e-005 0 0
 642.052604956 7.10041162079253e-005 0 0
 645.430196453 3.19337320195152e-005 0 0
 648.80724192 0.000127502839432994 0 0
 652.183729825 0.000118554569721478 0 0
 655.559648636 0.000127915128859457 0 0
 658.934986821 5.32562772047003e-005 0 0
 662.309732848 4.6734917967369e-005 0 0
 665.683875185 0.000131284967381513 0 0
 669.0574023 0.00010861966301747 0 0
 672.430302661 0.000106923626829317 0 0
 675.802564736 4.56046889788326e-006 0 0
 679.174176993 0.000141233015312471 0 0
 682.5451279 0.000144141943032788 0 0
 685.915405925 0.000153016197034402 0 0
 689.284999536 3.97388125649737e-005 0 0
 692.653897201 4.88679185401964e-005 0 0
 696.022087388 -3.56715771914966e-006 0 0
 699.389558565 0.000108824028336976 0 0
 702.7562992 2.94438596621953e-005 0 0
 706.122297761 0.0001566585291345 0 0
 709.487542716 1.57820705601539e-005 0 0
 712.852022533 0.000179557551566256 0 0
 716.21572568 5.10015224719608e-005 0 0
 719.578640625 0.000172434294742815 0 0
 722.940755836 0.000133230371929802 0 0
 726.302059781 8.78182770881777e-005 0 0
 729.662540928 1.35224929989102e-005 0 0
 733.022187745 0.000138977598924888 0 0
 736.3809887 8.74045746903247e-005 0 0
 739.738932261 0.00031971402252536 0 0
 743.096006896 0.000123524999874713 0 0
 746.452201073 0.000107295448818076 0 0
 749.80750326 -0.000175139055570501 0 0
 753.161901925 0.000135907484367562 0 0
 756.515385536 0.000142565336736833 0 0
 759.867942561 0.000183472711438271 0 0
 763.219561468 0.000183076124874406 0 0
 766.570230725 7.10481299576985e-005 0 0
 769.9199388 9.3531254222156e-005 0 0
 773.268674161 6.02686713017811e-005 0 0
 776.616425276 0.000290851064764584 0 0
 779.963180613 0.000133923618181231 0 0
 783.30892864 0.000139136032862477 0 0
 786.653657825 7.01233378376917e-005 0 0
 789.997356636 0.000290156432697633 0 0
 793.340013541 0.000106637289261705 0 0
 796.681617008 0.000346332519669137 0 0
 800.022155505 0.000328427933874671 0 0
 803.3616175 9.89667554351677e-005 0 0
 806.699991461 8.0199470388979e-005 0 0
 810.037265856 0.000216913469717949 0 0
 813.373429153 0.000101620326200741 0 0
 816.70846982 0.000264820106177751 0 0
 820.042376325 0.000213912896166793 0 0
 823.375137136 0.000274043749628149 0 0
 826.706740721 0.00015268165566229 0 0
 830.037175548 0.000157413931282796 0 0
 833.366430085 9.82639644570335e-005 0 0
 836.6944928 0.000500729221981662 0 0
 840.021352161 6.93831635462566e-005 0 0
 843.346996636 0.000481051371308119 0 0
 846.671414693 0.000321862110621842 0 0
 849.9945948 0.000348516671684722 0 0
 853.316525425 0.000494314746767269 0 0
 856.637195036 0.000238599173236599 0 0
 859.956592101 0.000353234938666389 0 0
 863.274705088 0.000103498314323518 0 0
 866.591522465 0.000615855823676657 0 0
 869.9070327 0.000979067824402003 0 0
 873.221224261 0.000587265368311793 0 0
 876.534085616 -7.31485179352736e-006 0 0
 879.845605233 0.000704616818629334 0 0
 883.15577158 0.000817848842423406 0 0
 886.464573125 0.000637764197194678 0 0
 889.771998336 0.000768440774952778 0 0
 893.078035681 0.00112515179016881 0 0
 896.382673628 0.000912035092003629 0 0
 899.685900645 0.00129948508459283 0 0
 902.9877052 0.00106869781294231 0 0
 906.288075761 0.000270793607981081 0 0
 909.587000796 0.000556893312284845 0 0
 912.884468773 0.000220926189370603 0 0
 916.18046816 0.0010442770409223 0 0
 919.474987425 0.00107651997565161 0 0
 922.768015036 0.00134304947440307 0 0
 926.059539461 0.00224120099148151 0 0
 929.349549168 0.00117208145835163 0 0
 932.638032625 0.00139170246333333 0 0
 935.9249783 0.00178772403626851 0 0
 939.210374661 0.0018126211631066 0 0
 942.494210176 0.000761782210183375 0 0
 945.776473313 0.00155069991433733 0 0
 949.05715254 0.00154373519578299 0 0
 952.336236325 -0.000472040569856541 0 0
 955.613713136 0 0 0
 958.889571441 0 0 0
 962.163799708 0 0 0
 965.436386405 0 0 0
 968.70732 0 0 0
 971.976588961 0 0 0
 975.244181756 0 0 0
 978.510086853 0 0 0
 981.77429272 0 0 0
 985.036787825 0 0 0
 988.297560636 0 0 0
 991.556599621 0 0 0
 994.813893248 0 0 0
 998.069429985 0 0 0
 1001.3231983 0 0 0
 1004.575186661 0 0 0
 1007.825383536 0 0 0
 1011.073777393 0 0 0
 1014.3203567 0 0 0
 1017.565109925 0 0 0
 1020.808025536 0 0 0
 1024.049092001 0 0 0
 1027.288297788 0 0 0
 1030.525631365 0 0 0
 1033.7610812 0 0 0
 1036.994635761 0 0 0
 1040.226283516 0 0 0
 1043.456012933 0 0 0
 1046.68381248 0 0 0
 1049.909670625 0 0 0
 1053.133575836 0 0 0
 1056.355516581 0 0 0
 1059.575481328 0 0 0
 1062.793458545 0 0 0
 1066.0094367 0 0 0
 1069.223404261 0 0 0
 1072.435349696 0 0 0
 1075.645261473 0 0 0
 1078.85312806 0 0 0
 1082.058937925 0 0 0
 1085.262679536 0 0 0
 1088.464341361 0 0 0
 1091.663911868 0 0 0
 1094.861379525 0 0 0
 1098.0567328 0 0 0
 1101.249960161 0 0 0
 1104.441050076 0 0 0
 1107.629991013 0 0 0
 1110.81677144 0 0 0
 1114.001379825 0 0 0
 1117.183804636 0 0 0
 1120.364034341 0 0 0
 1123.542057408 0 0 0
 1126.717862305 0 0 0
 1129.8914375 0 0 0
 1133.062771461 0 0 0
 1136.231852656 0 0 0
 1139.398669553 0 0 0
 1142.56321062 0 0 0
 1145.725464325 0 0 0
 1148.885419136 0 0 0
[END] of [DATA]
[END] of [Spectrum]

