
#TBID:2021-12-25 00:30:00;SAM_84C8;CALIBRATED;

[Spectrum]
Version            = 1
IDData             = 96B1_2021-12-25_00-30-00_000_523
IDDevice           = SAM_84C8
IDDataType         = SPECTRUM
IDDataTypeSub1     = CALIBRATED
IDDataTypeSub2     = 
IDDataTypeSub3     = 
DateTime           = 2021-12-25 00:30:00
PositionLatitude   = 0
PositionLongitude  = 0
Comment            = 
CommentSub1        = 
CommentSub2        = 
CommentSub3        = 
IDMethodType       = SAM Control
MethodName         = SAM_84C8
Mission            = No Mission
MissionSub         = 1
RecordType         = 0
[Attributes]
CalFactor = 1
IDBasisSpec = 
IDDataBack = DLAB_2015-08-21_12-14-03_013_778
IDDataCal = DLAB_2015-08-24_11-04-47_772_747
IntegrationTime = 4096
P31 = -1
P31e = 0
PathLength = +INF
PathLengthCustomOn = 0
RAWDynamic = 65535
Salinity = 0
Temperature = -NAN
Unit1 = $01 $01 Wavelength nm
Unit2 = $03 $03 Intensity mW/(m^2 nm Sr)
Unit3 = $f0 $03 Error mW/(m^2 nm Sr)
Unit4 = $f1 $00 Status 
p999 = 2051
[END] of [Attributes]
[DATA]
 0 11 0 0
 303.516048156 0 0 0
 306.890006053 0 0 0
 310.26457112 0 0 0
 313.639731825 0 0 0
 317.015476636 0.000162997398757395 0 0
 320.391794021 7.92492429952261e-005 0 0
 323.768672448 8.88916666047014e-005 0 0
 327.146100385 0.00015557380961512 0 0
 330.5240663 3.01979518824494e-005 0 0
 333.902558661 0.000235432604060648 0 0
 337.281565936 9.73394426396753e-005 0 0
 340.661076593 7.00108992620653e-005 0 0
 344.0410791 0.000206474918006192 0 0
 347.421561925 0.000159193682955118 0 0
 350.802513536 0.000236320083593364 0 0
 354.183922401 0.000107448461818282 0 0
 357.565776988 0.000151144640730192 0 0
 360.948065765 6.09871615761961e-005 0 0
 364.3307772 -5.87743133517027e-006 0 0
 367.713899761 0.000168885336058146 0 0
 371.097421916 0.000103617693685298 0 0
 374.481332133 5.47155746746462e-005 0 0
 377.86561888 0.00016398665376781 0 0
 381.250270625 9.30372900861787e-005 0 0
 384.635275836 0.000143849895817588 0 0
 388.020622981 0.000234364013044742 0 0
 391.406300528 0.000173654040935414 0 0
 394.792296945 0.000174625445018069 0 0
 398.1786007 0.000197061439611104 0 0
 401.565200261 8.14118338098633e-005 0 0
 404.952084096 0.000151518283094775 0 0
 408.339240673 7.39405839938032e-005 0 0
 411.72665846 0.000158152427760392 0 0
 415.114325925 0.000155374487881452 0 0
 418.502231536 0.000185375530668681 0 0
 421.890363761 0.000111274203544219 0 0
 425.278711068 8.95427459318893e-005 0 0
 428.667261925 0.000100959438250319 0 0
 432.0560048 0.000123645877073897 0 0
 435.444928161 0.000133554497337665 0 0
 438.834020476 9.99652558736022e-005 0 0
 442.223270213 0.000113216553358639 0 0
 445.61266584 0.00013922976049998 0 0
 449.002195825 0.00012092052806789 0 0
 452.391848636 0.000100676771653493 0 0
 455.781612741 6.7952757938739e-005 0 0
 459.171476608 0.000104155800511476 0 0
 462.561428705 5.14576327965108e-005 0 0
 465.9514575 0.000119932767753216 0 0
 469.341551461 0.000109077564076269 0 0
 472.731699056 8.3885109843243e-005 0 0
 476.121888753 7.96087692229008e-005 0 0
 479.51210902 0.000114811203291457 0 0
 482.902348325 0.00010755344808927 0 0
 486.292595136 0.000108364891369245 0 0
 489.682837921 0.000126785868690603 0 0
 493.073065148 5.8513793657265e-005 0 0
 496.463265285 0.000155232779889486 0 0
 499.8534268 0.000158992854148334 0 0
 503.243538161 0.000103737484577594 0 0
 506.633587836 0.000198122369183273 0 0
 510.023564293 0.000197301918138641 0 0
 513.413456 0.000117731434767402 0 0
 516.803251425 0.000147167549868288 0 0
 520.192939036 0.000147803838227662 0 0
 523.582507301 0.000115822352029482 0 0
 526.971944688 8.21843243362272e-005 0 0
 530.361239665 6.30630824026549e-005 0 0
 533.7503807 0.000105902107526831 0 0
 537.139356261 0.00011650528613105 0 0
 540.528154816 0.000124410803625499 0 0
 543.916764833 4.84221340839161e-005 0 0
 547.30517478 0.000108966959654566 0 0
 550.693373125 0.000178144515910698 0 0
 554.081348336 0.000161619316384718 0 0
 557.469088881 0.000133637557139677 0 0
 560.856583228 8.59156995493389e-005 0 0
 564.243819845 9.88861755201302e-005 0 0
 567.6307872 0.000186470729703203 0 0
 571.017473761 0.000121724724496952 0 0
 574.403867996 0.000106204796766869 0 0
 577.789958373 8.83341607175102e-005 0 0
 581.17573336 0.000111912972848012 0 0
 584.561181425 0.000120556174337603 0 0
 587.946291036 0.00021410192657613 0 0
 591.331050661 7.82677638339455e-005 0 0
 594.715448768 0.000120734741581124 0 0
 598.099473825 0.000118807713341901 0 0
 601.4831143 0.000220017243054365 0 0
 604.866358661 0.00013447484131939 0 0
 608.249195376 3.36888786783135e-005 0 0
 611.631612913 7.29364867050724e-005 0 0
 615.01359974 0.000199264884072479 0 0
 618.395144325 0.000120387063273691 0 0
 621.776235136 7.88145033031007e-005 0 0
 625.156860641 3.42832971585018e-005 0 0
 628.537009308 0.000125286503485972 0 0
 631.916669605 0.000114787479137744 0 0
 635.29583 0.000146631868676788 0 0
 638.674478961 9.82237236472603e-005 0 0
 642.052604956 8.55969324374004e-005 0 0
 645.430196453 0.000104592716546943 0 0
 648.80724192 0.00010346129163586 0 0
 652.183729825 0.000154194091912897 0 0
 655.559648636 6.22925432257788e-005 0 0
 658.934986821 8.99435572680508e-005 0 0
 662.309732848 0.000104579535152431 0 0
 665.683875185 0.000210376026137824 0 0
 669.0574023 0.000145984782453142 0 0
 672.430302661 -3.41917507600728e-006 0 0
 675.802564736 -6.42623362560534e-005 0 0
 679.174176993 0.000114778433070509 0 0
 682.5451279 9.55131357513528e-005 0 0
 685.915405925 0.000148111389440029 0 0
 689.284999536 -9.72708217180282e-006 0 0
 692.653897201 -4.57504949542582e-005 0 0
 696.022087388 3.65528240337036e-005 0 0
 699.389558565 0.000172060396817582 0 0
 702.7562992 7.02116146624562e-005 0 0
 706.122297761 3.61314277618759e-005 0 0
 709.487542716 0.00014990730996211 0 0
 712.852022533 5.77441112243894e-005 0 0
 716.21572568 4.58021002667091e-005 0 0
 719.578640625 0.000237544372376793 0 0
 722.940755836 3.41255490469918e-005 0 0
 726.302059781 3.56120929329037e-005 0 0
 729.662540928 -3.88320636881929e-005 0 0
 733.022187745 0.00011007665130155 0 0
 736.3809887 0.000105905683818593 0 0
 739.738932261 0.000122399806610425 0 0
 743.096006896 0.000239395567918677 0 0
 746.452201073 0.000126413080393729 0 0
 749.80750326 -0.000554566178689527 0 0
 753.161901925 -4.65488623230363e-005 0 0
 756.515385536 0.000188107807495239 0 0
 759.867942561 -4.19685609430972e-006 0 0
 763.219561468 0.000150870046538791 0 0
 766.570230725 0.000386055705821885 0 0
 769.9199388 8.74912907206677e-005 0 0
 773.268674161 0.000219935655733292 0 0
 776.616425276 0.000284590677125686 0 0
 779.963180613 0.000156301779662156 0 0
 783.30892864 0.000191522041271901 0 0
 786.653657825 0.000123954770617381 0 0
 789.997356636 0.000220893112009289 0 0
 793.340013541 0.000228200415646275 0 0
 796.681617008 0.000205768105755619 0 0
 800.022155505 0.000148420068997633 0 0
 803.3616175 0.000198072533683825 0 0
 806.699991461 0.000145910742368115 0 0
 810.037265856 0.000170111436731774 0 0
 813.373429153 0.000172141370066167 0 0
 816.70846982 0.000255684257880656 0 0
 820.042376325 0.000289633317667907 0 0
 823.375137136 0.000661770232897328 0 0
 826.706740721 0.000142486679666571 0 0
 830.037175548 0.000576028513693885 0 0
 833.366430085 0.000236046919850636 0 0
 836.6944928 0.000179201176282552 0 0
 840.021352161 0.000219177014203272 0 0
 843.346996636 0.000355656362116163 0 0
 846.671414693 0.000131368201024401 0 0
 849.9945948 0.000272792265879572 0 0
 853.316525425 0.000479901559010094 0 0
 856.637195036 0.000427371685893318 0 0
 859.956592101 0.000266310405086055 0 0
 863.274705088 -0.000136268883416818 0 0
 866.591522465 5.49468773900557e-005 0 0
 869.9070327 0.000880094191913191 0 0
 873.221224261 0.000231204964991464 0 0
 876.534085616 0.000499049365099232 0 0
 879.845605233 -4.31367506484477e-005 0 0
 883.15577158 0.000985554813367711 0 0
 886.464573125 0.000713737200651334 0 0
 889.771998336 0.000139418383203832 0 0
 893.078035681 0.000474096593527586 0 0
 896.382673628 0.000563006243801842 0 0
 899.685900645 0.000937236628045774 0 0
 902.9877052 0.000926011309126902 0 0
 906.288075761 0.000243800210761093 0 0
 909.587000796 0.000655434349822584 0 0
 912.884468773 0.000191526056421261 0 0
 916.18046816 0.000598559964624344 0 0
 919.474987425 -0.000257570879090141 0 0
 922.768015036 0.000701143535651582 0 0
 926.059539461 0.000613113701156681 0 0
 929.349549168 -0.000204408682811911 0 0
 932.638032625 0.00170416141050515 0 0
 935.9249783 0.00156147675237395 0 0
 939.210374661 0.00118431505452888 0 0
 942.494210176 0.000921927001450888 0 0
 945.776473313 -0.000445921336836783 0 0
 949.05715254 0.000811532921167159 0 0
 952.336236325 0.000186516944280025 0 0
 955.613713136 0 0 0
 958.889571441 0 0 0
 962.163799708 0 0 0
 965.436386405 0 0 0
 968.70732 0 0 0
 971.976588961 0 0 0
 975.244181756 0 0 0
 978.510086853 0 0 0
 981.77429272 0 0 0
 985.036787825 0 0 0
 988.297560636 0 0 0
 991.556599621 0 0 0
 994.813893248 0 0 0
 998.069429985 0 0 0
 1001.3231983 0 0 0
 1004.575186661 0 0 0
 1007.825383536 0 0 0
 1011.073777393 0 0 0
 1014.3203567 0 0 0
 1017.565109925 0 0 0
 1020.808025536 0 0 0
 1024.049092001 0 0 0
 1027.288297788 0 0 0
 1030.525631365 0 0 0
 1033.7610812 0 0 0
 1036.994635761 0 0 0
 1040.226283516 0 0 0
 1043.456012933 0 0 0
 1046.68381248 0 0 0
 1049.909670625 0 0 0
 1053.133575836 0 0 0
 1056.355516581 0 0 0
 1059.575481328 0 0 0
 1062.793458545 0 0 0
 1066.0094367 0 0 0
 1069.223404261 0 0 0
 1072.435349696 0 0 0
 1075.645261473 0 0 0
 1078.85312806 0 0 0
 1082.058937925 0 0 0
 1085.262679536 0 0 0
 1088.464341361 0 0 0
 1091.663911868 0 0 0
 1094.861379525 0 0 0
 1098.0567328 0 0 0
 1101.249960161 0 0 0
 1104.441050076 0 0 0
 1107.629991013 0 0 0
 1110.81677144 0 0 0
 1114.001379825 0 0 0
 1117.183804636 0 0 0
 1120.364034341 0 0 0
 1123.542057408 0 0 0
 1126.717862305 0 0 0
 1129.8914375 0 0 0
 1133.062771461 0 0 0
 1136.231852656 0 0 0
 1139.398669553 0 0 0
 1142.56321062 0 0 0
 1145.725464325 0 0 0
 1148.885419136 0 0 0
[END] of [DATA]
[END] of [Spectrum]


#TBID:2021-12-25 00:30:00;SAM_84DC;RAW;

[Spectrum]
Version            = 1
IDData             = 96B1_2021-12-25_00-30-00_000_525
IDDevice           = SAM_84DC
IDDataType         = SPECTRUM
IDDataTypeSub1     = RAW
IDDataTypeSub2     = 
IDDataTypeSub3     = 
DateTime           = 2021-12-25 00:30:00
PositionLatitude   = 0
PositionLongitude  = 0
Comment            = 
CommentSub1        = 
CommentSub2        = 
CommentSub3        = 
IDMethodType       = SAM Control
MethodName         = SAM_84DC
Mission            = No Mission
MissionSub         = 1
RecordType         = 0
[Attributes]
CalFactor = 1
IDBasisSpec = 
IDDataBack = DLAB_2015-08-21_13-19-54_137_939
IDDataCal = DLAB_2015-08-24_10-46-55_592_608
IntegrationTime = 4096
P31 = -1
P31e = 0
PathLength = +INF
PathLengthCustomOn = 0
RAWDynamic = 65535
Salinity = 0
Temperature = -NAN
Unit1 = $05 $00 Pixel 
Unit2 = $03 $05 Intensity counts
Unit3 = $f0 $05 Error counts
Unit4 = $f1 $00 Status 
p999 = 2051
[END] of [Attributes]
[DATA]
 0 11 0 0
 1 1317 0 0
 2 1300 0 0
 3 1306 0 0
 4 1318 0 0
 5 1309 0 0
 6 1308 0 0
 7 1312 0 0
 8 1312 0 0
 9 1318 0 0
 10 1312 0 0
 11 1314 0 0
 12 1314 0 0
 13 1316 0 0
 14 1322 0 0
 15 1311 0 0
 16 1313 0 0
 17 1325 0 0
 18 1316 0 0
 19 1313 0 0
 20 1317 0 0
 21 1313 0 0
 22 1315 0 0
 23 1323 0 0
 24 1321 0 0
 25 1318 0 0
 26 1316 0 0
 27 1318 0 0
 28 1317 0 0
 29 1318 0 0
 30 1313 0 0
 31 1318 0 0
 32 1318 0 0
 33 1320 0 0
 34 1320 0 0
 35 1321 0 0
 36 1325 0 0
 37 1324 0 0
 38 1323 0 0
 39 1325 0 0
 40 1326 0 0
 41 1318 0 0
 42 1322 0 0
 43 1324 0 0
 44 1326 0 0
 45 1330 0 0
 46 1319 0 0
 47 1324 0 0
 48 1323 0 0
 49 1324 0 0
 50 1319 0 0
 51 1321 0 0
 52 1320 0 0
 53 1320 0 0
 54 1320 0 0
 55 1325 0 0
 56 1325 0 0
 57 1327 0 0
 58 1322 0 0
 59 1329 0 0
 60 1325 0 0
 61 1324 0 0
 62 1321 0 0
 63 1328 0 0
 64 1325 0 0
 65 1332 0 0
 66 1316 0 0
 67 1324 0 0
 68 1322 0 0
 69 1329 0 0
 70 1331 0 0
 71 1327 0 0
 72 1324 0 0
 73 1331 0 0
 74 1330 0 0
 75 1325 0 0
 76 1329 0 0
 77 1331 0 0
 78 1326 0 0
 79 1329 0 0
 80 1326 0 0
 81 1331 0 0
 82 1328 0 0
 83 1334 0 0
 84 1325 0 0
 85 1335 0 0
 86 1327 0 0
 87 1326 0 0
 88 1328 0 0
 89 1329 0 0
 90 1324 0 0
 91 1328 0 0
 92 1320 0 0
 93 1328 0 0
 94 1332 0 0
 95 1326 0 0
 96 1321 0 0
 97 1329 0 0
 98 1330 0 0
 99 1324 0 0
 100 1328 0 0
 101 1326 0 0
 102 1325 0 0
 103 1329 0 0
 104 1326 0 0
 105 1328 0 0
 106 1330 0 0
 107 1336 0 0
 108 1327 0 0
 109 1332 0 0
 110 1332 0 0
 111 1328 0 0
 112 1326 0 0
 113 1327 0 0
 114 1332 0 0
 115 1329 0 0
 116 1322 0 0
 117 1330 0 0
 118 1328 0 0
 119 1332 0 0
 120 1323 0 0
 121 1329 0 0
 122 1324 0 0
 123 1328 0 0
 124 1336 0 0
 125 1325 0 0
 126 1328 0 0
 127 1331 0 0
 128 1327 0 0
 129 1329 0 0
 130 1332 0 0
 131 1323 0 0
 132 1328 0 0
 133 1329 0 0
 134 1330 0 0
 135 1335 0 0
 136 1329 0 0
 137 1329 0 0
 138 1324 0 0
 139 1324 0 0
 140 1329 0 0
 141 1335 0 0
 142 1326 0 0
 143 1334 0 0
 144 1329 0 0
 145 1328 0 0
 146 1328 0 0
 147 1329 0 0
 148 1327 0 0
 149 1332 0 0
 150 1334 0 0
 151 1335 0 0
 152 1331 0 0
 153 1332 0 0
 154 1335 0 0
 155 1330 0 0
 156 1325 0 0
 157 1331 0 0
 158 1330 0 0
 159 1337 0 0
 160 1334 0 0
 161 1327 0 0
 162 1324 0 0
 163 1327 0 0
 164 1328 0 0
 165 1327 0 0
 166 1331 0 0
 167 1333 0 0
 168 1332 0 0
 169 1335 0 0
 170 1333 0 0
 171 1337 0 0
 172 1326 0 0
 173 1338 0 0
 174 1330 0 0
 175 1330 0 0
 176 1334 0 0
 177 1334 0 0
 178 1334 0 0
 179 1328 0 0
 180 1331 0 0
 181 1336 0 0
 182 1339 0 0
 183 1337 0 0
 184 1336 0 0
 185 1336 0 0
 186 1334 0 0
 187 1336 0 0
 188 1326 0 0
 189 1332 0 0
 190 1332 0 0
 191 1337 0 0
 192 1338 0 0
 193 1338 0 0
 194 1329 0 0
 195 1338 0 0
 196 1333 0 0
 197 1340 0 0
 198 1335 0 0
 199 1342 0 0
 200 1338 0 0
 201 1338 0 0
 202 1334 0 0
 203 1344 0 0
 204 1336 0 0
 205 1333 0 0
 206 1338 0 0
 207 1343 0 0
 208 1334 0 0
 209 1339 0 0
 210 1331 0 0
 211 1333 0 0
 212 1334 0 0
 213 1331 0 0
 214 1336 0 0
 215 1339 0 0
 216 1338 0 0
 217 1343 0 0
 218 1340 0 0
 219 1338 0 0
 220 1335 0 0
 221 1339 0 0
 222 1338 0 0
 223 1340 0 0
 224 1334 0 0
 225 1341 0 0
 226 1340 0 0
 227 1337 0 0
 228 1343 0 0
 229 1339 0 0
 230 1339 0 0
 231 1342 0 0
 232 1343 0 0
 233 1337 0 0
 234 1337 0 0
 235 1338 0 0
 236 1340 0 0
 237 1343 0 0
 238 1342 0 0
 239 1346 0 0
 240 1342 0 0
 241 1342 0 0
 242 1340 0 0
 243 1338 0 0
 244 1338 0 0
 245 1344 0 0
 246 1343 0 0
 247 1346 0 0
 248 1354 0 0
 249 1350 0 0
 250 1341 0 0
 251 1344 0 0
 252 1344 0 0
 253 1336 0 0
 254 1340 0 0
 255 1405 0 0
[END] of [DATA]
[END] of [Spectrum]


#TBID:2021-12-25 00:30:00;SAM_84DC;CALIBRATED;

[Spectrum]
Version            = 1
IDData             = 96B1_2021-12-25_00-30-00_000_526
IDDevice           = SAM_84DC
IDDataType         = SPECTRUM
IDDataTypeSub1     = CALIBRATED
IDDataTypeSub2     = 
IDDataTypeSub3     = 
DateTime           = 2021-12-25 00:30:00
PositionLatitude   = 0
PositionLongitude  = 0
Comment            = 
CommentSub1        = 
CommentSub2        = 
CommentSub3        = 
IDMethodType       = SAM Control
MethodName         = SAM_84DC
Mission            = No Mission
MissionSub         = 1
RecordType         = 0
[Attributes]
CalFactor = 1
IDBasisSpec = 
IDDataBack = DLAB_2015-08-21_13-19-54_137_939
IDDataCal = DLAB_2015-08-24_10-46-55_592_608
IntegrationTime = 4096
P31 = -1
P31e = 0
PathLength = +INF
PathLengthCustomOn = 0
RAWDynamic = 65535
Salinity = 0
Temperature = -NAN
Unit1 = $01 $01 Wavelength nm
Unit2 = $03 $03 Intensity mW/(m^2 nm Sr)
Unit3 = $f0 $03 Error mW/(m^2 nm Sr)
Unit4 = $f1 $00 Status 
p999 = 2051
[END] of [Attributes]
[DATA]
 0 11 0 0
 305.71650776488 0 0 0
 309.04007505697 0 0 0
 312.36416914304 0 0 0
 315.68877841375 0 0 0
 319.01389125976 -0.000898575022741417 0 0
 322.33949607173 -0.000623621993325394 0 0
 325.66558124032 -0.000859247175509198 0 0
 328.99213515619 -0.000714676344079414 0 0
 332.31914621 -0.000610216026774161 0 0
 335.64660279241 -0.000654647030866693 0 0
 338.97449329408 -0.000614746707607593 0 0
 342.30280610567 -0.000401547287596288 0 0
 345.63152961784 -0.000335851114249525 0 0
 348.96065222125 -0.000393334013380727 0 0
 352.29016230656 -0.000301636438939082 0 0
 355.62004826443 -0.000405601331128559 0 0
 358.95029848552 -0.000272692887910433 0 0
 362.28090136049 -0.000283442546478811 0 0
 365.61184528 -0.000379230158390577 0 0
 368.94311863471 -0.000270421263300004 0 0
 372.27470981528 -0.000299208406371588 0 0
 375.60660721237 -0.000439445802065876 0 0
 378.93879921664 -0.000280286588100003 0 0
 382.27127421875 -0.000302789162601937 0 0
 385.60402060936 -0.000224915020999085 0 0
 388.93702677913 -0.00039215779091476 0 0
 392.27028111872 -0.000349206751636142 0 0
 395.60377201879 -0.000229463239129016 0 0
 398.93748787 -0.000194170036420642 0 0
 402.27141706301 -0.000247335158358255 0 0
 405.60554798848 -0.000312982162840773 0 0
 408.93986903707 -0.000258912100830309 0 0
 412.27436859944 -0.000147930850747706 0 0
 415.60903506625 -0.000222473748900993 0 0
 418.94385682816 -0.00012087574923566 0 0
 422.27882227583 -0.000193407961627386 0 0
 425.61391979992 -0.000171590096337597 0 0
 428.94913779109 -0.000140243414933887 0 0
 432.28446464 -7.42313079676649e-005 0 0
 435.61988873731 -0.000190351304361342 0 0
 438.95539847368 -0.000199779305506594 0 0
 442.29098223977 -0.000145255590708263 0 0
 445.62662842624 -0.000152037690251647 0 0
 448.96232542375 -0.000156525656763256 0 0
 452.29806162296 -0.00010391245556878 0 0
 455.63382541453 -0.000277812824194802 0 0
 458.96960518912 -0.000247893469407871 0 0
 462.30538933739 -0.000165233360492213 0 0
 465.64116625 -0.000165053728069458 0 0
 468.97692431761 -0.000206206809090017 0 0
 472.31265193088 -0.000209239951024621 0 0
 475.64833748047 -0.00023451582892887 0 0
 478.98396935704 -0.000200922929367599 0 0
 482.31953595125 -0.000205262847950117 0 0
 485.65502565376 -0.000198715892835808 0 0
 488.99042685523 -0.000172504866631549 0 0
 492.32572794632 -0.000200671493045753 0 0
 495.66091731769 -0.000260231671115273 0 0
 498.99598336 -0.000253663957340088 0 0
 502.33091446391 -0.000214188586685028 0 0
 505.66569902008 -0.000258627096119305 0 0
 509.00032541917 -0.000198597199214012 0 0
 512.33478205184 -0.000152546225535607 0 0
 515.66905730875 -0.000198311531836501 0 0
 519.00313958056 -7.24064143190084e-005 0 0
 522.33701725793 -0.000159486807298038 0 0
 525.67067873152 -0.000193767853693371 0 0
 529.00411239199 -0.000226770952867431 0 0
 532.33730663 -0.000101154050444818 0 0
 535.67024983621 -0.000130484529863849 0 0
 539.00293040128 -0.000202938143400771 0 0
 542.33533671587 -0.000159099407921084 0 0
 545.66745717064 -0.000134951177873343 0 0
 548.99928015625 -0.000160390042382948 0 0
 552.33079406336 -0.000132721086635079 0 0
 555.66198728263 -0.000153349159019388 0 0
 558.99284820472 -0.000124811899553982 0 0
 562.32336522029 -0.00010558397134339 0 0
 565.65352672 -0.000185129724568523 0 0
 568.98332109451 -0.000147899233132611 0 0
 572.31273673448 -0.000177220908153074 0 0
 575.64176203057 -0.000130176077098662 0 0
 578.97038537344 -0.000103180205016815 0 0
 582.29859515375 -0.000123946999714439 0 0
 585.62637976216 -0.000178309175920247 0 0
 588.95372758933 -0.000210213586604701 0 0
 592.28062702592 -0.000241938730640095 0 0
 595.60706646259 -0.000157700224881576 0 0
 598.93303429 -0.00023955848765182 0 0
 602.25851889881 -0.000174086007904777 0 0
 605.58350867968 -0.000213623034371089 0 0
 608.90799202327 -0.000330314010266012 0 0
 612.23195732024 -0.000207207562620339 0 0
 615.55539296125 -0.000208748772958163 0 0
 618.87828733696 -0.000287026989758034 0 0
 622.20062883803 -0.000277565501771042 0 0
 625.52240585512 -0.000286014713086495 0 0
 628.84360677889 -0.000152167906496919 0 0
 632.16422 -0.000300629304328263 0 0
 635.48423390911 -0.000268563610170256 0 0
 638.80363689688 -0.000239182752746592 0 0
 642.12241735397 -0.000326420379025324 0 0
 645.44056367104 -0.000228652559115645 0 0
 648.75806423875 -0.00028505733458384 0 0
 652.07490744776 -0.000316787578532145 0 0
 655.39108168873 -0.000254811002643421 0 0
 658.70657535232 -0.000279013956398425 0 0
 662.02137682919 -0.000323508280401674 0 0
 665.33547451 -0.000245051440811679 0 0
 668.64885678541 -0.000181018006074105 0 0
 671.96151204608 -0.000316353240196845 0 0
 675.27342868267 -0.000333381474921679 0 0
 678.58459508584 -0.000188994251748234 0 0
 681.89499964625 -0.000241337165215715 0 0
 685.20463075456 -0.000350027178717713 0 0
 688.51347680143 -0.000378662015568966 0 0
 691.82152617752 -0.000217375858925969 0 0
 695.12876727349 -0.000213084664575116 0 0
 698.43518848 -0.00018959294450818 0 0
 701.74077818771 -0.000204868692285856 0 0
 705.04552478728 -0.000415379540731393 0 0
 708.34941666937 -0.000308380321749043 0 0
 711.65244222464 -0.00035734713649622 0 0
 714.95458984375 -0.000191084561670544 0 0
 718.25584791736 -0.000293031199856729 0 0
 721.55620483613 -0.000357397586342421 0 0
 724.85564899072 -0.000269679589798452 0 0
 728.15416877179 -0.000286347655519241 0 0
 731.45175257 -0.000230222659864786 0 0
 734.74838877601 -0.000320213919605697 0 0
 738.04406578048 -0.000370622194022759 0 0
 741.33877197407 -0.00034386214659764 0 0
 744.63249574744 -0.000286062237135302 0 0
 747.92522549125 -0.000227132432785587 0 0
 751.21694959616 -0.00019813171987952 0 0
 754.50765645283 -0.000173477702005253 0 0
 757.79733445192 -0.000320361547376282 0 0
 761.08597198409 -0.000322130064346981 0 0
 764.37355744 -0.000404534497682628 0 0
 767.66007921031 -0.000219678145111097 0 0
 770.94552568568 -0.000236727540764599 0 0
 774.22988525677 -0.000293135485344428 0 0
 777.51314631424 -0.000215275464075662 0 0
 780.79529724875 -0.000297510395214869 0 0
 784.07632645096 -0.000213703906493422 0 0
 787.35622231153 -0.000274194621644622 0 0
 790.63497322112 -0.000290437691451228 0 0
 793.91256757039 -0.000480539378874019 0 0
 797.18899375 -0.000293312069969559 0 0
 800.46424015061 -9.14082415608956e-005 0 0
 803.73829516288 -0.000251330364959083 0 0
 807.01114717747 -0.000335607377901514 0 0
 810.28278458504 -0.000451879172797724 0 0
 813.55319577625 -0.000277797626822289 0 0
 816.82236914176 -0.000423691477671026 0 0
 820.09029307223 -0.00046089638117799 0 0
 823.35695595832 -0.000577751946547643 0 0
 826.62234619069 -0.000419799421196823 0 0
 829.88645216 -0.000272036480761207 0 0
 833.14926225691 -0.000395986443120564 0 0
 836.41076487208 -0.000456153856470488 0 0
 839.67094839617 -0.000448744445369809 0 0
 842.92980121984 -0.000533853844105694 0 0
 846.18731173375 -0.000603968773440209 0 0
 849.44346832856 -0.000821081517311117 0 0
 852.69825939493 -0.000933090431503148 0 0
 855.95167332352 -0.000684198007529218 0 0
 859.20369850499 -0.000651793290014789 0 0
 862.45432333 -0.000496861329082613 0 0
 865.70353618921 -0.000596139199953575 0 0
 868.95132547328 -0.000700148580148734 0 0
 872.19767957287 -0.000550908538786332 0 0
 875.44258687864 -0.000476262491037104 0 0
 878.68603578125 -0.000961848730865624 0 0
 881.92801467136 -0.000724625176175815 0 0
 885.16851193963 -0.000705906144495776 0 0
 888.40751597672 -0.00037911479844041 0 0
 891.64501517329 -0.000686024464859582 0 0
 894.88099792 -0.000726546520801902 0 0
 898.11545260751 -0.000580443808929046 0 0
 901.34836762648 -9.73710531053591e-006 0 0
 904.57973136757 -5.45527351988123e-005 0 0
 907.80953222144 -0.000372862323726415 0 0
 911.03775857875 -0.000317340729662661 0 0
 914.26439883016 -0.00047150508235249 0 0
 917.48944136633 -0.000940646259787121 0 0
 920.71287457792 -0.000690926891774201 0 0
 923.93468685559 -0.00132608841373943 0 0
 927.15486659 -0.000370287466256556 0 0
 930.37340217181 -0.00070734627775561 0 0
 933.59028199168 -0.000352651443178143 0 0
 936.80549444027 -0.00178509849681516 0 0
 940.01902790824 -0.000711731763502834 0 0
 943.23087078625 -0.00194183658666883 0 0
 946.44101146496 0.000570648063865552 0 0
 949.64943833503 -0.00255291269897811 0 0
 952.85613978712 -0.000206244561391403 0 0
 956.06110421189 0 0 0
 959.26432 0 0 0
 962.46577554211 0 0 0
 965.66545922888 0 0 0
 968.86335945097 0 0 0
 972.05946459904 0 0 0
 975.25376306375 0 0 0
 978.44624323576 0 0 0
 981.63689350573 0 0 0
 984.82570226432 0 0 0
 988.01265790219 0 0 0
 991.19774881 0 0 0
 994.38096337841 0 0 0
 997.56228999808 0 0 0
 1000.74171705967 0 0 0
 1003.91923295384 0 0 0
 1007.09482607125 0 0 0
 1010.26848480256 0 0 0
 1013.44019753843 0 0 0
 1016.60995266952 0 0 0
 1019.77773858649 0 0 0
 1022.94354368 0 0 0
 1026.10735634071 0 0 0
 1029.26916495928 0 0 0
 1032.42895792637 0 0 0
 1035.58672363264 0 0 0
 1038.74245046875 0 0 0
 1041.89612682536 0 0 0
 1045.04774109313 0 0 0
 1048.19728166272 0 0 0
 1051.34473692479 0 0 0
 1054.49009527 0 0 0
 1057.63334508901 0 0 0
 1060.77447477248 0 0 0
 1063.91347271107 0 0 0
 1067.05032729544 0 0 0
 1070.18502691625 0 0 0
 1073.31755996416 0 0 0
 1076.44791482983 0 0 0
 1079.57607990392 0 0 0
 1082.70204357709 0 0 0
 1085.82579424 0 0 0
 1088.94732028331 0 0 0
 1092.06661009768 0 0 0
 1095.18365207377 0 0 0
 1098.29843460224 0 0 0
 1101.41094607375 0 0 0
 1104.52117487896 0 0 0
 1107.62910940853 0 0 0
 1110.73473805312 0 0 0
 1113.83804920339 0 0 0
 1116.93903125 0 0 0
 1120.03767258361 0 0 0
 1123.13396159488 0 0 0
 1126.22788667447 0 0 0
 1129.31943621304 0 0 0
 1132.40859860125 0 0 0
 1135.49536222976 0 0 0
[END] of [DATA]
[END] of [Spectrum]


#TBID:2021-12-25 01:00:00;SAM_84CE;RAW;

[Spectrum]
Version            = 1
IDData             = 96B1_2021-12-25_01-00-00_000_529
IDDevice           = SAM_84CE
IDDataType         = SPECTRUM
IDDataTypeSub1     = RAW
IDDataTypeSub2     = 
IDDataTypeSub3     = 
DateTime           = 2021-12-25 01:00:00
PositionLatitude   = 0
PositionLongitude  = 0
Comment            = 
CommentSub1        = 
CommentSub2        = 
CommentSub3        = 
IDMethodType       = SAM Control
MethodName         = SAM_84CE
Mission            = No Mission
MissionSub         = 1
RecordType         = 0
[Attributes]
CalFactor = 1
IDBasisSpec = 
IDDataBack = DLAB_2015-08-21_11-56-43_233_004
IDDataCal = DLAB_2015-08-26_10-05-37_585_478
IntegrationTime = 4096
P31 = -1
P31e = 0
PathLength = +INF
PathLengthCustomOn = 0
RAWDynamic = 65535
Salinity = 0
Temperature = -NAN
Unit1 = $05 $00 Pixel 
Unit2 = $03 $05 Intensity counts
Unit3 = $f0 $05 Error counts
Unit4 = $f1 $00 Status 
p999 = 2052
[END] of [Attributes]
[DATA]
 0 11 0 0
 1 1195 0 0
 2 1200 0 0
 3 1203 0 0
 4 1210 0 0
 5 1206 0 0
 6 1204 0 0
 7 1203 0 0
 8 1207 0 0
 9 1205 0 0
 10 1203 0 0
 11 1210 0 0
 12 1210 0 0
 13 1208 0 0
 14 1209 0 0
 15 1208 0 0
 16 1205 0 0
 17 1209 0 0
 18 1211 0 0
 19 1202 0 0
 20 1212 0 0
 21 1209 0 0
 22 1212 0 0
 23 1220 0 0
 24 1213 0 0
 25 1213 0 0
 26 1214 0 0
 27 1213 0 0
 28 1214 0 0
 29 1218 0 0
 30 1212 0 0
 31 1218 0 0
 32 1215 0 0
 33 1219 0 0
 34 1217 0 0
 35 1218 0 0
 36 1221 0 0
 37 1217 0 0
 38 1226 0 0
 39 1222 0 0
 40 1219 0 0
 41 1224 0 0
 42 1219 0 0
 43 1224 0 0
 44 1216 0 0
 45 1217 0 0
 46 1230 0 0
 47 1234 0 0
 48 1228 0 0
 49 1229 0 0
 50 1232 0 0
 51 1228 0 0
 52 1233 0 0
 53 1229 0 0
 54 1233 0 0
 55 1234 0 0
 56 1229 0 0
 57 1236 0 0
 58 1232 0 0
 59 1237 0 0
 60 1234 0 0
 61 1237 0 0
 62 1238 0 0
 63 1236 0 0
 64 1239 0 0
 65 1242 0 0
 66 1240 0 0
 67 1244 0 0
 68 1240 0 0
 69 1240 0 0
 70 1237 0 0
 71 1242 0 0
 72 1240 0 0
 73 1245 0 0
 74 1244 0 0
 75 1246 0 0
 76 1250 0 0
 77 1243 0 0
 78 1246 0 0
 79 1249 0 0
 80 1242 0 0
 81 1251 0 0
 82 1251 0 0
 83 1242 0 0
 84 1248 0 0
 85 1245 0 0
 86 1251 0 0
 87 1250 0 0
 88 1248 0 0
 89 1245 0 0
 90 1248 0 0
 91 1251 0 0
 92 1253 0 0
 93 1252 0 0
 94 1254 0 0
 95 1253 0 0
 96 1251 0 0
 97 1246 0 0
 98 1258 0 0
 99 1256 0 0
 100 1260 0 0
 101 1257 0 0
 102 1252 0 0
 103 1256 0 0
 104 1255 0 0
 105 1262 0 0
 106 1259 0 0
 107 1252 0 0
 108 1258 0 0
 109 1261 0 0
 110 1254 0 0
 111 1268 0 0
 112 1264 0 0
 113 1259 0 0
 114 1262 0 0
 115 1256 0 0
 116 1263 0 0
 117 1268 0 0
 118 1264 0 0
 119 1264 0 0
 120 1264 0 0
 121 1265 0 0
 122 1268 0 0
 123 1267 0 0
 124 1260 0 0
 125 1261 0 0
 126 1269 0 0
 127 1265 0 0
 128 1263 0 0
 129 1261 0 0
 130 1267 0 0
 131 1268 0 0
 132 1265 0 0
 133 1265 0 0
 134 1259 0 0
 135 1267 0 0
 136 1267 0 0
 137 1272 0 0
 138 1263 0 0
 139 1268 0 0
 140 1268 0 0
 141 1268 0 0
 142 1265 0 0
 143 1264 0 0
 144 1271 0 0
 145 1269 0 0
 146 1266 0 0
 147 1265 0 0
 148 1269 0 0
 149 1270 0 0
 150 1272 0 0
 151 1265 0 0
 152 1270 0 0
 153 1269 0 0
 154 1271 0 0
 155 1269 0 0
 156 1271 0 0
 157 1270 0 0
 158 1271 0 0
 159 1269 0 0
 160 1268 0 0
 161 1272 0 0
 162 1271 0 0
 163 1271 0 0
 164 1268 0 0
 165 1269 0 0
 166 1267 0 0
 167 1269 0 0
 168 1272 0 0
 169 1267 0 0
 170 1268 0 0
 171 1276 0 0
 172 1270 0 0
 173 1270 0 0
 174 1268 0 0
 175 1273 0 0
 176 1275 0 0
 177 1276 0 0
 178 1281 0 0
 179 1272 0 0
 180 1276 0 0
 181 1276 0 0
 182 1271 0 0
 183 1270 0 0
 184 1272 0 0
 185 1272 0 0
 186 1277 0 0
 187 1273 0 0
 188 1274 0 0
 189 1278 0 0
 190 1269 0 0
 191 1276 0 0
 192 1275 0 0
 193 1278 0 0
 194 1272 0 0
 195 1276 0 0
 196 1277 0 0
 197 1276 0 0
 198 1281 0 0
 199 1278 0 0
 200 1276 0 0
 201 1277 0 0
 202 1276 0 0
 203 1278 0 0
 204 1283 0 0
 205 1283 0 0
 206 1280 0 0
 207 1282 0 0
 208 1277 0 0
 209 1280 0 0
 210 1279 0 0
 211 1276 0 0
 212 1279 0 0
 213 1281 0 0
 214 1278 0 0
 215 1284 0 0
 216 1285 0 0
 217 1275 0 0
 218 1279 0 0
 219 1284 0 0
 220 1279 0 0
 221 1285 0 0
 222 1280 0 0
 223 1282 0 0
 224 1286 0 0
 225 1280 0 0
 226 1286 0 0
 227 1282 0 0
 228 1284 0 0
 229 1298 0 0
 230 1293 0 0
 231 1288 0 0
 232 1282 0 0
 233 1292 0 0
 234 1294 0 0
 235 1300 0 0
 236 1292 0 0
 237 1298 0 0
 238 1296 0 0
 239 1299 0 0
 240 1300 0 0
 241 1298 0 0
 242 1295 0 0
 243 1306 0 0
 244 1304 0 0
 245 1306 0 0
 246 1300 0 0
 247 1305 0 0
 248 1307 0 0
 249 1310 0 0
 250 1302 0 0
 251 1306 0 0
 252 1308 0 0
 253 1314 0 0
 254 1310 0 0
 255 1367 0 0
[END] of [DATA]
[END] of [Spectrum]


#TBID:2021-12-25 01:00:00;SAM_84CE;CALIBRATED;

[Spectrum]
Version            = 1
IDData             = 96B1_2021-12-25_01-00-00_000_530
IDDevice           = SAM_84CE
IDDataType         = SPECTRUM
IDDataTypeSub1     = CALIBRATED
IDDataTypeSub2     = 
IDDataTypeSub3     = 
DateTime           = 2021-12-25 01:00:00
PositionLatitude   = 0
PositionLongitude  = 0
Comment            = 
CommentSub1        = 
CommentSub2        = 
CommentSub3        = 
IDMethodType       = SAM Control
MethodName         = SAM_84CE
Mission            = No Mission
MissionSub         = 1
RecordType         = 0
[Attributes]
CalFactor = 1
IDBasisSpec = 
IDDataBack = DLAB_2015-08-21_11-56-43_233_004
IDDataCal = DLAB_2015-08-26_10-05-37_585_478
IntegrationTime = 4096
P31 = -1
P31e = 0
PathLength = +INF
PathLengthCustomOn = 0
RAWDynamic = 65535
Salinity = 0
Temperature = -NAN
Unit1 = $01 $01 Wavelength nm
Unit2 = $03 $06 Intensity mW/(m^2 nm)
Unit3 = $f0 $06 Error mW/(m^2 nm)
Unit4 = $f1 $00 Status 
p999 = 2052
[END] of [Attributes]
[DATA]
 0 11 0 0
 303.485180022 0 0 0
 306.85638880275 0 0 0
 310.228324544 0 0 0
 313.60097308125 0 0 0
 316.97432025 -0.0409157568076684 0 0
 320.34835188575 -0.0357986595434297 0 0
 323.723053824 -0.0321019009145466 0 0
 327.09841190025 -0.0302824851600735 0 0
 330.47441195 -0.0315153464493599 0 0
 333.85103980875 -0.0303907505733689 0 0
 337.228281312 -0.0270574438398044 0 0
 340.60612229525 -0.0251387332769546 0 0
 343.984548594 -0.0238714422052962 0 0
 347.36354604375 -0.0229836479696525 0 0
 350.74310048 -0.0192403401726829 0 0
 354.12319773825 -0.0187145087785588 0 0
 357.503823654 -0.0157618031103776 0 0
 360.88496406275 -0.0154432180663419 0 0
 364.2666048 -0.0156511655975492 0 0
 367.64873170125 -0.0157338139619474 0 0
 371.031330602 -0.0159783522819865 0 0
 374.41438733775 -0.0154394661637646 0 0
 377.797887744 -0.0169601602043175 0 0
 381.18181765625 -0.0168533324746213 0 0
 384.56616291 -0.0171624097156805 0 0
 387.95090934075 -0.0179771422223605 0 0
 391.336042784 -0.0183304254896649 0 0
 394.72154907525 -0.0154503717588489 0 0
 398.10741405 -0.0147005256470595 0 0
 401.49362354375 -0.0154416788816141 0 0
 404.880163392 -0.0151654947465809 0 0
 408.26701943025 -0.0142771555144835 0 0
 411.654177494 -0.0122526520877426 0 0
 415.04162341875 -0.0114107827011495 0 0
 418.42934304 -0.0102509827448485 0 0
 421.81732219325 -0.0104389987486322 0 0
 425.205546714 -0.00909939383725835 0 0
 428.59400243775 -0.00883641164830368 0 0
 431.9826752 -0.00848952530072927 0 0
 435.37155083625 -0.00862645376369963 0 0
 438.760615182 -0.00769321534523385 0 0
 442.14985407275 -0.00840317963732533 0 0
 445.539253344 -0.00779939471770521 0 0
 448.92879883125 -0.00810145848801848 0 0
 452.31847637 -0.00813154717150348 0 0
 455.70827179575 -0.00809956849137154 0 0
 459.098170944 -0.00823885321057127 0 0
 462.48815965025 -0.00837598849217172 0 0
 465.87822375 -0.00840858217966483 0 0
 469.26834907875 -0.00843762767136933 0 0
 472.658521472 -0.00818868932880691 0 0
 476.04872676525 -0.00760688573207921 0 0
 479.438950794 -0.00909319047470985 0 0
 482.82917939375 -0.00907535493634009 0 0
 486.2193984 -0.00799667646598911 0 0
 489.60959364825 -0.00870584516062629 0 0
 492.999750974 -0.00790624730913557 0 0
 496.38985621275 -0.00912623428588084 0 0
 499.7798952 -0.00798242966559962 0 0
 503.16985377125 -0.00774192349708446 0 0
 506.559717762 -0.00786300871857661 0 0
 509.94947300775 -0.0086029948437586 0 0
 513.339105344 -0.00815051258979165 0 0
 516.72860060625 -0.00739557937226442 0 0
 520.11794463 -0.00641882109411893 0 0
 523.50712325075 -0.00756807192518412 0 0
 526.896122304 -0.00612708995390482 0 0
 530.28492762525 -0.00666486650004789 0 0
 533.67352505 -0.00560371122537648 0 0
 537.06190041375 -0.00516421778633069 0 0
 540.450039552 -0.00541337142242448 0 0
 543.83792830025 -0.0060926328514655 0 0
 547.225552494 -0.0057765747096211 0 0
 550.61289796875 -0.00547831527244477 0 0
 553.99995056 -0.005515959731804 0 0
 557.38669610325 -0.00601434615953051 0 0
 560.773120434 -0.00580407836687402 0 0
 564.15920938775 -0.00519288352640748 0 0
 567.5449488 -0.00572650808202458 0 0
 570.93032450625 -0.00683877499894291 0 0
 574.315322342 -0.0060037274547082 0 0
 577.69992814275 -0.00549331620352311 0 0
 581.084127744 -0.0064523754176202 0 0
 584.46790698125 -0.00595909053291448 0 0
 587.85125169 -0.00661546061181088 0 0
 591.23414770575 -0.0062133904586107 0 0
 594.616580864 -0.00665376401417766 0 0
 597.99853700025 -0.00670943609981466 0 0
 601.38000195 -0.0072823804843765 0 0
 604.76096154875 -0.00802796815702846 0 0
 608.141401632 -0.00748052620595367 0 0
 611.52130803525 -0.00701532264624329 0 0
 614.900666594 -0.00800457926586216 0 0
 618.27946314375 -0.00664041822283023 0 0
 621.65768352 -0.00638186610235297 0 0
 625.03531355825 -0.0068919102711548 0 0
 628.412339094 -0.00907224059269178 0 0
 631.78874596275 -0.00804704212281315 0 0
 635.16452 -0.00840122495627818 0 0
 638.53964704125 -0.00777913261989261 0 0
 641.914112922 -0.00781487588211875 0 0
 645.28790347775 -0.00953393421948103 0 0
 648.661004544 -0.00928544882670325 0 0
 652.03340195625 -0.00891935985895558 0 0
 655.40508155 -0.00864724911572043 0 0
 658.77602916075 -0.00878783760466337 0 0
 662.146230624 -0.0096808936518103 0 0
 665.51567177525 -0.00848098405422817 0 0
 668.88433845 -0.00981397844240449 0 0
 672.25221648375 -0.00949996113545344 0 0
 675.619291712 -0.00854996809273584 0 0
 678.98554997025 -0.00798105235600278 0 0
 682.350977094 -0.00807671097058763 0 0
 685.71555891875 -0.00841922588928461 0 0
 689.07928128 -0.00907687497562023 0 0
 692.44213001325 -0.00708758201793796 0 0
 695.804090954 -0.00776753705824183 0 0
 699.16514993775 -0.00822906819481384 0 0
 702.5252928 -0.00849803245465966 0 0
 705.88450537625 -0.00876157854093508 0 0
 709.242773502 -0.00779257145637672 0 0
 712.60008301275 -0.00800557443880351 0 0
 715.956419744 -0.00734781622062933 0 0
 719.31176953125 -0.00913908484775007 0 0
 722.66611821 -0.00865104503339857 0 0
 726.01945161575 -0.00862463770417561 0 0
 729.371755584 -0.00757019009695183 0 0
 732.72301595025 -0.00875973058849456 0 0
 736.07321855 -0.00889875926703067 0 0
 739.42234921875 -0.0068647815875466 0 0
 742.770393792 -0.00950900112237443 0 0
 746.11733810525 -0.00816287340597267 0 0
 749.463167994 -0.00842244002069669 0 0
 752.80786929375 -0.0100883233559788 0 0
 756.15142784 -0.00861275546559073 0 0
 759.49382946825 -0.00836840835636413 0 0
 762.835060014 -0.00873449442942639 0 0
 766.17510531275 -0.00798604569851372 0 0
 769.5139512 -0.00982664705466061 0 0
 772.85158351125 -0.00762234668697112 0 0
 776.187988082 -0.00912449853664639 0 0
 779.52315074775 -0.00937278119094622 0 0
 782.857057344 -0.0103439729870446 0 0
 786.18969370625 -0.00892985733027867 0 0
 789.52104567 -0.012306701660813 0 0
 792.85109907075 -0.012371504242632 0 0
 796.179839744 -0.00964605958429795 0 0
 799.50725352525 -0.0114068072568452 0 0
 802.83332625 -0.0100350647543804 0 0
 806.15804375375 -0.00936011468044552 0 0
 809.481391872 -0.0118583726335527 0 0
 812.80335644025 -0.0107385388671712 0 0
 816.123923294 -0.0137269242181208 0 0
 819.44307826875 -0.0125348323612389 0 0
 822.7608072 -0.0136033073024815 0 0
 826.07709592325 -0.0128004190729473 0 0
 829.391930274 -0.0151100288092065 0 0
 832.70529608775 -0.0123062908308025 0 0
 836.0171792 -0.0169450875842542 0 0
 839.32756544625 -0.0187176849295903 0 0
 842.636440662 -0.0184455032062057 0 0
 845.94379068275 -0.0187084573660104 0 0
 849.249601344 -0.0190686915343014 0 0
 852.55385848125 -0.0222615320992669 0 0
 855.85654793 -0.0208707437423653 0 0
 859.15765552575 -0.0226259231393377 0 0
 862.457167104 -0.0239680558928291 0 0
 865.75506850025 -0.0222456524619849 0 0
 869.05134555 -0.0301933903930742 0 0
 872.34598408875 -0.0313855926814081 0 0
 875.638969952 -0.0269232471622506 0 0
 878.93028897525 -0.0305390741672478 0 0
 882.219926994 -0.0308173070988297 0 0
 885.50786984375 -0.0299377734830255 0 0
 888.79410336 -0.0311677349645189 0 0
 892.07861337825 -0.0297506934962716 0 0
 895.361385734 -0.0300378572225834 0 0
 898.64240626275 -0.0290243506200886 0 0
 901.9216608 -0.0384690900155965 0 0
 905.19913518125 -0.0366732071577248 0 0
 908.474815242 -0.0362701189833015 0 0
 911.74868681775 -0.0427349518729434 0 0
 915.020735744 -0.0354958192554148 0 0
 918.29094785625 -0.0366061423227098 0 0
 921.55930899 -0.0469627601615235 0 0
 924.82580498075 -0.0463895705700368 0 0
 928.090421664 -0.0577620458753024 0 0
 931.35314487525 -0.0493621909064266 0 0
 934.61396045 -0.0455400582785909 0 0
 937.87285422375 -0.0655727595202974 0 0
 941.129812032 -0.0616416566435182 0 0
 944.38481971025 -0.0598545652762603 0 0
 947.637863094 -0.0570876965196201 0 0
 950.88892801875 -0.0697753965319992 0 0
 954.13800032 0 0 0
 957.38506583325 0 0 0
 960.630110394 0 0 0
 963.87311983775 0 0 0
 967.11408 0 0 0
 970.35297671625 0 0 0
 973.589795822 0 0 0
 976.82452315275 0 0 0
 980.057144544 0 0 0
 983.28764583125 0 0 0
 986.51601285 0 0 0
 989.74223143575 0 0 0
 992.966287424 0 0 0
 996.18816665025 0 0 0
 999.40785495 0 0 0
 1002.62533815875 0 0 0
 1005.840602112 0 0 0
 1009.05363264525 0 0 0
 1012.264415594 0 0 0
 1015.47293679375 0 0 0
 1018.67918208 0 0 0
 1021.88313728825 0 0 0
 1025.084788254 0 0 0
 1028.28412081275 0 0 0
 1031.4811208 0 0 0
 1034.67577405125 0 0 0
 1037.868066402 0 0 0
 1041.05798368775 0 0 0
 1044.245511744 0 0 0
 1047.43063640625 0 0 0
 1050.61334351 0 0 0
 1053.79361889075 0 0 0
 1056.971448384 0 0 0
 1060.14681782525 0 0 0
 1063.31971305 0 0 0
 1066.49011989375 0 0 0
 1069.658024192 0 0 0
 1072.82341178025 0 0 0
 1075.986268494 0 0 0
 1079.14658016875 0 0 0
 1082.30433264 0 0 0
 1085.45951174325 0 0 0
 1088.612103314 0 0 0
 1091.76209318775 0 0 0
 1094.9094672 0 0 0
 1098.05421118625 0 0 0
 1101.196310982 0 0 0
 1104.33575242275 0 0 0
 1107.472521344 0 0 0
 1110.60660358125 0 0 0
 1113.73798497 0 0 0
 1116.86665134575 0 0 0
 1119.992588544 0 0 0
 1123.11578240025 0 0 0
 1126.23621875 0 0 0
 1129.35388342875 0 0 0
 1132.468762272 0 0 0
 1135.58084111525 0 0 0
 1138.690105794 0 0 0
 1141.79654214375 0 0 0
 1144.900136 0 0 0
[END] of [DATA]
[END] of [Spectrum]


#TBID:2021-12-25 01:00:00;SAM_84DC;RAW;

[Spectrum]
Version            = 1
IDData             = 96B1_2021-12-25_01-00-00_000_532
IDDevice           = SAM_84DC
IDDataType         = SPECTRUM
IDDataTypeSub1     = RAW
IDDataTypeSub2     = 
IDDataTypeSub3     = 
DateTime           = 2021-12-25 01:00:00
PositionLatitude   = 0
PositionLongitude  = 0
Comment            = 
CommentSub1        = 
CommentSub2        = 
CommentSub3        = 
IDMethodType       = SAM Control
MethodName         = SAM_84DC
Mission            = No Mission
MissionSub         = 1
RecordType         = 0
[Attributes]
CalFactor = 1
IDBasisSpec = 
IDDataBack = DLAB_2015-08-21_13-19-54_137_939
IDDataCal = DLAB_2015-08-24_10-46-55_592_608
IntegrationTime = 4096
P31 = -1
P31e = 0
PathLength = +INF
PathLengthCustomOn = 0
RAWDynamic = 65535
Salinity = 0
Temperature = -NAN
Unit1 = $05 $00 Pixel 
Unit2 = $03 $05 Intensity counts
Unit3 = $f0 $05 Error counts
Unit4 = $f1 $00 Status 
p999 = 2052
[END] of [Attributes]
[DATA]
 0 11 0 0
 1 1389 0 0
 2 1379 0 0
 3 1390 0 0
 4 1394 0 0
 5 1392 0 0
 6 1384 0 0
 7 1390 0 0
 8 1397 0 0
 9 1397 0 0
 10 1393 0 0
 11 1390 0 0
 12 1389 0 0
 13 1389 0 0
 14 1401 0 0
 15 1391 0 0
 16 1392 0 0
 17 1399 0 0
 18 1392 0 0
 19 1392 0 0
 20 1398 0 0
 21 1394 0 0
 22 1396 0 0
 23 1396 0 0
 24 1399 0 0
 25 1393 0 0
 26 1398 0 0
 27 1396 0 0
 28 1390 0 0
 29 1396 0 0
 30 1393 0 0
 31 1400 0 0
 32 1397 0 0
 33 1396 0 0
 34 1398 0 0
 35 1401 0 0
 36 1402 0 0
 37 1401 0 0
 38 1400 0 0
 39 1396 0 0
 40 1405 0 0
 41 1402 0 0
 42 1399 0 0
 43 1404 0 0
 44 1404 0 0
 45 1403 0 0
 46 1404 0 0
 47 1406 0 0
 48 1394 0 0
 49 1402 0 0
 50 1403 0 0
 51 1404 0 0
 52 1400 0 0
 53 1400 0 0
 54 1402 0 0
 55 1407 0 0
 56 1408 0 0
 57 1408 0 0
 58 1401 0 0
 59 1408 0 0
 60 1402 0 0
 61 1405 0 0
 62 1404 0 0
 63 1409 0 0
 64 1403 0 0
 65 1400 0 0
 66 1396 0 0
 67 1402 0 0
 68 1402 0 0
 69 1407 0 0
 70 1407 0 0
 71 1409 0 0
 72 1402 0 0
 73 1405 0 0
 74 1404 0 0
 75 1408 0 0
 76 1402 0 0
 77 1404 0 0
 78 1400 0 0
 79 1406 0 0
 80 1406 0 0
 81 1408 0 0
 82 1404 0 0
 83 1405 0 0
 84 1402 0 0
 85 1404 0 0
 86 1405 0 0
 87 1401 0 0
 88 1398 0 0
 89 1402 0 0
 90 1404 0 0
 91 1406 0 0
 92 1402 0 0
 93 1402 0 0
 94 1399 0 0
 95 1404 0 0
 96 1401 0 0
 97 1401 0 0
 98 1401 0 0
 99 1401 0 0
 100 1406 0 0
 101 1406 0 0
 102 1399 0 0
 103 1401 0 0
 104 1403 0 0
 105 1405 0 0
 106 1405 0 0
 107 1410 0 0
 108 1404 0 0
 109 1402 0 0
 110 1402 0 0
 111 1410 0 0
 112 1402 0 0
 113 1401 0 0
 114 1404 0 0
 115 1409 0 0
 116 1403 0 0
 117 1408 0 0
 118 1399 0 0
 119 1410 0 0
 120 1395 0 0
 121 1410 0 0
 122 1408 0 0
 123 1408 0 0
 124 1404 0 0
 125 1403 0 0
 126 1406 0 0
 127 1406 0 0
 128 1402 0 0
 129 1404 0 0
 130 1407 0 0
 131 1408 0 0
 132 1402 0 0
 133 1402 0 0
 134 1409 0 0
 135 1400 0 0
 136 1404 0 0
 137 1404 0 0
 138 1400 0 0
 139 1402 0 0
 140 1401 0 0
 141 1411 0 0
 142 1401 0 0
 143 1406 0 0
 144 1402 0 0
 145 1399 0 0
 146 1402 0 0
 147 1408 0 0
 148 1403 0 0
 149 1403 0 0
 150 1401 0 0
 151 1407 0 0
 152 1405 0 0
 153 1408 0 0
 154 1402 0 0
 155 1404 0 0
 156 1405 0 0
 157 1406 0 0
 158 1403 0 0
 159 1402 0 0
 160 1404 0 0
 161 1403 0 0
 162 1401 0 0
 163 1398 0 0
 164 1408 0 0
 165 1400 0 0
 166 1407 0 0
 167 1402 0 0
 168 1402 0 0
 169 1407 0 0
 170 1408 0 0
 171 1404 0 0
 172 1402 0 0
 173 1411 0 0
 174 1402 0 0
 175 1404 0 0
 176 1403 0 0
 177 1409 0 0
 178 1400 0 0
 179 1400 0 0
 180 1400 0 0
 181 1400 0 0
 182 1405 0 0
 183 1403 0 0
 184 1405 0 0
 185 1407 0 0
 186 1402 0 0
 187 1408 0 0
 188 1395 0 0
 189 1403 0 0
 190 1401 0 0
 191 1402 0 0
 192 1411 0 0
 193 1400 0 0
 194 1406 0 0
 195 1403 0 0
 196 1410 0 0
 197 1406 0 0
 198 1400 0 0
 199 1408 0 0
 200 1401 0 0
 201 1406 0 0
 202 1402 0 0
 203 1407 0 0
 204 1408 0 0
 205 1406 0 0
 206 1405 0 0
 207 1404 0 0
 208 1402 0 0
 209 1407 0 0
 210 1397 0 0
 211 1402 0 0
 212 1404 0 0
 213 1396 0 0
 214 1400 0 0
 215 1403 0 0
 216 1398 0 0
 217 1407 0 0
 218 1407 0 0
 219 1401 0 0
 220 1407 0 0
 221 1409 0 0
 222 1406 0 0
 223 1407 0 0
 224 1403 0 0
 225 1411 0 0
 226 1406 0 0
 227 1404 0 0
 228 1408 0 0
 229 1405 0 0
 230 1403 0 0
 231 1404 0 0
 232 1404 0 0
 233 1404 0 0
 234 1407 0 0
 235 1411 0 0
 236 1399 0 0
 237 1408 0 0
 238 1409 0 0
 239 1401 0 0
 240 1407 0 0
 241 1404 0 0
 242 1410 0 0
 243 1410 0 0
 244 1406 0 0
 245 1404 0 0
 246 1408 0 0
 247 1408 0 0
 248 1411 0 0
 249 1410 0 0
 250 1401 0 0
 251 1406 0 0
 252 1408 0 0
 253 1405 0 0
 254 1408 0 0
 255 1468 0 0
[END] of [DATA]
[END] of [Spectrum]


#TBID:2021-12-25 01:00:00;SAM_84DC;CALIBRATED;

[Spectrum]
Version            = 1
IDData             = 96B1_2021-12-25_01-00-00_000_533
IDDevice           = SAM_84DC
IDDataType         = SPECTRUM
IDDataTypeSub1     = CALIBRATED
IDDataTypeSub2     = 
IDDataTypeSub3     = 
DateTime           = 2021-12-25 01:00:00
PositionLatitude   = 0
PositionLongitude  = 0
Comment            = 
CommentSub1        = 
CommentSub2        = 
CommentSub3        = 
IDMethodType       = SAM Control
MethodName         = SAM_84DC
Mission            = No Mission
MissionSub         = 1
RecordType         = 0
[Attributes]
CalFactor = 1
IDBasisSpec = 
IDDataBack = DLAB_2015-08-21_13-19-54_137_939
IDDataCal = DLAB_2015-08-24_10-46-55_592_608
IntegrationTime = 4096
P31 = -1
P31e = 0
PathLength = +INF
PathLengthCustomOn = 0
RAWDynamic = 65535
Salinity = 0
Temperature = -NAN
Unit1 = $01 $01 Wavelength nm
Unit2 = $03 $03 Intensity mW/(m^2 nm Sr)
Unit3 = $f0 $03 Error mW/(m^2 nm Sr)
Unit4 = $f1 $00 Status 
p999 = 2052
[END] of [Attributes]
[DATA]
 0 11 0 0
 305.71650776488 0 0 0
 309.04007505697 0 0 0
 312.36416914304 0 0 0
 315.68877841375 0 0 0
 319.01389125976 -0.000103380663039033 0 0
 322.33949607173 -0.000156542595620356 0 0
 325.66558124032 -0.00034525683838804 0 0
 328.99213515619 2.42621331666907e-006 0 0
 332.31914621 -0.000128314571399529 0 0
 335.64660279241 -0.000147235558402696 0 0
 338.97449329408 -0.000284591985602714 0 0
 342.30280610567 -0.000126689830803044 0 0
 345.63152961784 -0.00012941201690737 0 0
 348.96065222125 -7.97520780731111e-005 0 0
 352.29016230656 6.35216113070128e-006 0 0
 355.62004826443 -0.000134336336346981 0 0
 358.95029848552 -9.82632386988217e-005 0 0
 362.28090136049 -7.56407758185502e-005 0 0
 365.61184528 -0.000115985285711866 0 0
 368.94311863471 3.65881364983317e-005 0 0
 372.27470981528 1.95395389490577e-005 0 0
 375.60660721237 -0.000110034076075717 0 0
 378.93879921664 -0.000101690753733652 0 0
 382.27127421875 -2.2015618064589e-005 0 0
 385.60402060936 -3.99712123984976e-006 0 0
 388.93702677913 -3.55502728126462e-005 0 0
 392.27028111872 -7.7813997303762e-005 0 0
 395.60377201879 -6.01810302364226e-005 0 0
 398.93748787 5.79475544198236e-005 0 0
 402.27141706301 2.68929572829614e-005 0 0
 405.60554798848 -2.06486235912562e-005 0 0
 408.93986903707 -2.96786901405021e-005 0 0
 412.27436859944 2.4192601481434e-005 0 0
 415.60903506625 -3.40375357417637e-005 0 0
 418.94385682816 8.12638182262531e-005 0 0
 422.27882227583 -3.82969734459497e-005 0 0
 425.61391979992 -2.3962532661525e-005 0 0
 428.94913779109 1.43852956837351e-006 0 0
 432.28446464 9.85051345949823e-008 0 0
 435.61988873731 -3.47838031164253e-005 0 0
 438.95539847368 5.6403918917901e-006 0 0
 442.29098223977 -1.12851428967197e-005 0 0
 445.62662842624 1.47822645009708e-005 0 0
 448.96232542375 -7.59499178300504e-006 0 0
 452.29806162296 -5.45990119349562e-006 0 0
 455.63382541453 -4.24638583363122e-005 0 0
 458.96960518912 -4.05185957622885e-005 0 0
 462.30538933739 -8.22021484224753e-005 0 0
 465.64116625 3.8312724885143e-006 0 0
 468.97692431761 3.8450792247485e-005 0 0
 472.31265193088 2.53833291608363e-005 0 0
 475.64833748047 -3.54693847841861e-005 0 0
 478.98396935704 -6.56189909734702e-007 0 0
 482.31953595125 2.19706000613881e-005 0 0
 485.65502565376 3.07776065186184e-005 0 0
 488.99042685523 7.15413747501138e-005 0 0
 492.32572794632 1.89430158164514e-005 0 0
 495.66091731769 -6.61546785551624e-005 0 0
 498.99598336 -6.04932873848615e-005 0 0
 502.33091446391 -4.85373047570683e-005 0 0
 505.66569902008 -4.54457814866981e-005 0 0
 509.00032541917 3.48265210707946e-005 0 0
 512.33478205184 5.17079225076372e-005 0 0
 515.66905730875 -3.42118715995743e-005 0 0
 519.00313958056 -2.63568265359953e-005 0 0
 522.33701725793 1.78239260035958e-005 0 0
 525.67067873152 -4.25911997257897e-005 0 0
 529.00411239199 -5.81684354392127e-005 0 0
 532.33730663 4.37206681622944e-005 0 0
 535.67024983621 -7.84658425216488e-006 0 0
 539.00293040128 -2.07495825762691e-005 0 0
 542.33533671587 -1.7558375264188e-005 0 0
 545.66745717064 -3.34344563241809e-005 0 0
 548.99928015625 -5.82404879866348e-005 0 0
 552.33079406336 6.27480673151115e-005 0 0
 555.66198728263 -5.93291707317361e-005 0 0
 558.99284820472 -2.93878740919981e-005 0 0
 562.32336522029 2.21772296991832e-006 0 0
 565.65352672 -4.25963086192442e-005 0 0
 568.98332109451 3.08814184490888e-005 0 0
 572.31273673448 -2.86797495517074e-005 0 0
 575.64176203057 1.00295775391397e-005 0 0
 578.97038537344 -1.92647095930867e-005 0 0
 582.29859515375 3.49275939294413e-005 0 0
 585.62637976216 -0.000115387075185809 0 0
 588.95372758933 -3.14090441895747e-005 0 0
 592.28062702592 -9.81587253060099e-005 0 0
 595.60706646259 -7.72078920499477e-005 0 0
 598.93303429 -0.000116674174039196 0 0
 602.25851889881 4.81737040985472e-005 0 0
 605.58350867968 -1.56933474371528e-005 0 0
 608.90799202327 -7.17840410929002e-005 0 0
 612.23195732024 -6.09251601027369e-005 0 0
 615.55539296125 -0.000163696227570218 0 0
 618.87828733696 -7.78489013599297e-005 0 0
 622.20062883803 -3.62771335430334e-005 0 0
 625.52240585512 -0.000163230890238145 0 0
 628.84360677889 -4.22793465492657e-005 0 0
 632.16422 -9.17600001037305e-005 0 0
 635.48423390911 -3.70853246250674e-005 0 0
 638.80363689688 3.29560788633451e-005 0 0
 642.12241735397 -0.000151498271351172 0 0
 645.44056367104 -8.55624478222139e-005 0 0
 648.75806423875 -4.89647438350417e-005 0 0
 652.07490744776 -7.72197974610417e-005 0 0
 655.39108168873 -4.97400851049463e-005 0 0
 658.70657535232 -9.06659562882502e-005 0 0
 662.02137682919 -7.73560666927679e-005 0 0
 665.33547451 -0.000130373709354992 0 0
 668.64885678541 -6.59462545554492e-005 0 0
 671.96151204608 2.6967245799445e-005 0 0
 675.27342868267 -0.000104167254611245 0 0
 678.58459508584 2.55846583586736e-006 0 0
 681.89499964625 -8.6675171596818e-005 0 0
 685.20463075456 -3.80334995977775e-005 0 0
 688.51347680143 -4.31676248626276e-005 0 0
 691.82152617752 6.21223315699811e-005 0 0
 695.12876727349 -7.129251933374e-005 0 0
 698.43518848 9.5907093739409e-005 0 0
 701.74077818771 -3.97783786897865e-005 0 0
 705.04552478728 -6.33487257923221e-005 0 0
 708.34941666937 0.000108018810831546 0 0
 711.65244222464 -2.23634704453903e-005 0 0
 714.95458984375 -0.000106129801623095 0 0
 718.25584791736 2.31613520524474e-006 0 0
 721.55620483613 -6.15081426973533e-005 0 0
 724.85564899072 -3.64728854223659e-005 0 0
 728.15416877179 -5.24096224906979e-005 0 0
 731.45175257 4.73977383786695e-006 0 0
 734.74838877601 -8.37309651196092e-005 0 0
 738.04406578048 8.38160077786238e-005 0 0
 741.33877197407 -0.000124397512605353 0 0
 744.63249574744 -8.58673622577934e-005 0 0
 747.92522549125 0.000110582535282647 0 0
 751.21694959616 -0.000174116506559519 0 0
 754.50765645283 8.18492070161963e-005 0 0
 757.79733445192 -6.13220329029068e-005 0 0
 761.08597198409 -3.58964220077764e-005 0 0
 764.37355744 -6.63083467814259e-005 0 0
 767.66007921031 -2.32257464377128e-005 0 0
 770.94552568568 6.15135281985658e-005 0 0
 774.22988525677 -1.50400462136408e-005 0 0
 777.51314631424 -8.80115105532278e-006 0 0
 780.79529724875 -6.01385835986805e-005 0 0
 784.07632645096 -2.37703985205808e-005 0 0
 787.35622231153 4.81089408036621e-006 0 0
 790.63497322112 0.000141044200549041 0 0
 793.91256757039 -0.000122639376074896 0 0
 797.18899375 -7.5970158148821e-005 0 0
 800.46424015061 6.28736993664404e-006 0 0
 803.73829516288 1.60891784820421e-005 0 0
 807.01114717747 1.07498743776123e-005 0 0
 810.28278458504 -2.06970409673258e-005 0 0
 813.55319577625 -0.000164341634411611 0 0
 816.82236914176 -3.64164712967129e-005 0 0
 820.09029307223 0.000180999771510593 0 0
 823.35695595832 -0.000118571191065676 0 0
 826.62234619069 -2.89675158374456e-005 0 0
 829.88645216 -0.000224596104300413 0 0
 833.14926225691 -0.000112687807843678 0 0
 836.41076487208 0.00013142336051389 0 0
 839.67094839617 0.000216113067058506 0 0
 842.92980121984 -0.000158182505935926 0 0
 846.18731173375 0.000290718283742836 0 0
 849.44346832856 -0.000292618408423953 0 0
 852.69825939493 -0.000196637672246676 0 0
 855.95167332352 -0.000361133806389153 0 0
 859.20369850499 -0.000247388363261079 0 0
 862.45432333 6.48739756132867e-005 0 0
 865.70353618921 0.000206827029489075 0 0
 868.95132547328 -0.000468946163046165 0 0
 872.19767957287 0.000397050191506266 0 0
 875.44258687864 0.000263121358002265 0 0
 878.68603578125 -0.000279906135143011 0 0
 881.92801467136 0.000156686653568431 0 0
 885.16851193963 -0.000247571282629953 0 0
 888.40751597672 0.000658041944605873 0 0
 891.64501517329 -0.000486772312439092 0 0
 894.88099792 8.1216943470294e-005 0 0
 898.11545260751 -5.52868669753198e-005 0 0
 901.34836762648 -3.75170524911503e-006 0 0
 904.57973136757 0.000175486196447715 0 0
 907.80953222144 -0.000133379535594829 0 0
 911.03775857875 0.000294576368236639 0 0
 914.26439883016 0.000418575250838403 0 0
 917.48944136633 -0.000407343423216129 0 0
 920.71287457792 0.00041358857796828 0 0
 923.93468685559 -0.00060016574900461 0 0
 927.15486659 0.000690040090293812 0 0
 930.37340217181 8.96961239438711e-005 0 0
 933.59028199168 -0.000177745816807753 0 0
 936.80549444027 -0.000205293168633937 0 0
 940.01902790824 -0.00106835791039523 0 0
 943.23087078625 0.000589883493941295 0 0
 946.44101146496 0.000785938331897656 0 0
 949.64943833503 0.000239308571002905 0 0
 952.85613978712 0.000252423604828467 0 0
 956.06110421189 0 0 0
 959.26432 0 0 0
 962.46577554211 0 0 0
 965.66545922888 0 0 0
 968.86335945097 0 0 0
 972.05946459904 0 0 0
 975.25376306375 0 0 0
 978.44624323576 0 0 0
 981.63689350573 0 0 0
 984.82570226432 0 0 0
 988.01265790219 0 0 0
 991.19774881 0 0 0
 994.38096337841 0 0 0
 997.56228999808 0 0 0
 1000.74171705967 0 0 0
 1003.91923295384 0 0 0
 1007.09482607125 0 0 0
 1010.26848480256 0 0 0
 1013.44019753843 0 0 0
 1016.60995266952 0 0 0
 1019.77773858649 0 0 0
 1022.94354368 0 0 0
 1026.10735634071 0 0 0
 1029.26916495928 0 0 0
 1032.42895792637 0 0 0
 1035.58672363264 0 0 0
 1038.74245046875 0 0 0
 1041.89612682536 0 0 0
 1045.04774109313 0 0 0
 1048.19728166272 0 0 0
 1051.34473692479 0 0 0
 1054.49009527 0 0 0
 1057.63334508901 0 0 0
 1060.77447477248 0 0 0
 1063.91347271107 0 0 0
 1067.05032729544 0 0 0
 1070.18502691625 0 0 0
 1073.31755996416 0 0 0
 1076.44791482983 0 0 0
 1079.57607990392 0 0 0
 1082.70204357709 0 0 0
 1085.82579424 0 0 0
 1088.94732028331 0 0 0
 1092.06661009768 0 0 0
 1095.18365207377 0 0 0
 1098.29843460224 0 0 0
 1101.41094607375 0 0 0
 1104.52117487896 0 0 0
 1107.62910940853 0 0 0
 1110.73473805312 0 0 0
 1113.83804920339 0 0 0
 1116.93903125 0 0 0
 1120.03767258361 0 0 0
 1123.13396159488 0 0 0
 1126.22788667447 0 0 0
 1129.31943621304 0 0 0
 1132.40859860125 0 0 0
 1135.49536222976 0 0 0
[END] of [DATA]
[END] of [Spectrum]


#TBID:2021-12-25 01:00:00;SAM_84C8;RAW;

[Spectrum]
Version            = 1
IDData             = 96B1_2021-12-25_01-00-00_000_535
IDDevice           = SAM_84C8
IDDataType         = SPECTRUM
IDDataTypeSub1     = RAW
IDDataTypeSub2     = 
IDDataTypeSub3     = 
DateTime           = 2021-12-25 01:00:00
PositionLatitude   = 0
PositionLongitude  = 0
Comment            = 
CommentSub1        = 
CommentSub2        = 
CommentSub3        = 
IDMethodType       = SAM Control
MethodName         = SAM_84C8
Mission            = No Mission
MissionSub         = 1
RecordType         = 0
[Attributes]
CalFactor = 1
IDBasisSpec = 
IDDataBack = DLAB_2015-08-21_12-14-03_013_778
IDDataCal = DLAB_2015-08-24_11-04-47_772_747
IntegrationTime = 4096
P31 = -1
P31e = 0
PathLength = +INF
PathLengthCustomOn = 0
RAWDynamic = 65535
Salinity = 0
Temperature = -NAN
Unit1 = $05 $00 Pixel 
Unit2 = $03 $05 Intensity counts
Unit3 = $f0 $05 Error counts
Unit4 = $f1 $00 Status 
p999 = 2052
[END] of [Attributes]
[DATA]
 0 11 0 0
 1 1277 0 0
 2 1268 0 0
 3 1267 0 0
 4 1279 0 0
 5 1273 0 0
 6 1275 0 0
 7 1277 0 0
 8 1279 0 0
 9 1279 0 0
 10 1267 0 0
 11 1281 0 0
 12 1281 0 0
 13 1273 0 0
 14 1272 0 0
 15 1278 0 0
 16 1279 0 0
 17 1284 0 0
 18 1285 0 0
 19 1280 0 0
 20 1275 0 0
 21 1284 0 0
 22 1282 0 0
 23 1283 0 0
 24 1285 0 0
 25 1281 0 0
 26 1284 0 0
 27 1282 0 0
 28 1283 0 0
 29 1283 0 0
 30 1282 0 0
 31 1282 0 0
 32 1288 0 0
 33 1278 0 0
 34 1284 0 0
 35 1285 0 0
 36 1284 0 0
 37 1292 0 0
 38 1289 0 0
 39 1282 0 0
 40 1282 0 0
 41 1289 0 0
 42 1280 0 0
 43 1285 0 0
 44 1285 0 0
 45 1292 0 0
 46 1286 0 0
 47 1286 0 0
 48 1289 0 0
 49 1290 0 0
 50 1286 0 0
 51 1286 0 0
 52 1288 0 0
 53 1286 0 0
 54 1278 0 0
 55 1291 0 0
 56 1290 0 0
 57 1290 0 0
 58 1288 0 0
 59 1283 0 0
 60 1288 0 0
 61 1293 0 0
 62 1297 0 0
 63 1290 0 0
 64 1288 0 0
 65 1286 0 0
 66 1290 0 0
 67 1288 0 0
 68 1290 0 0
 69 1288 0 0
 70 1294 0 0
 71 1294 0 0
 72 1291 0 0
 73 1291 0 0
 74 1285 0 0
 75 1288 0 0
 76 1292 0 0
 77 1292 0 0
 78 1292 0 0
 79 1290 0 0
 80 1291 0 0
 81 1290 0 0
 82 1295 0 0
 83 1293 0 0
 84 1298 0 0
 85 1289 0 0
 86 1290 0 0
 87 1300 0 0
 88 1288 0 0
 89 1289 0 0
 90 1295 0 0
 91 1291 0 0
 92 1300 0 0
 93 1290 0 0
 94 1298 0 0
 95 1291 0 0
 96 1296 0 0
 97 1291 0 0
 98 1294 0 0
 99 1293 0 0
 100 1302 0 0
 101 1299 0 0
 102 1295 0 0
 103 1297 0 0
 104 1293 0 0
 105 1298 0 0
 106 1292 0 0
 107 1292 0 0
 108 1289 0 0
 109 1289 0 0
 110 1300 0 0
 111 1299 0 0
 112 1299 0 0
 113 1290 0 0
 114 1293 0 0
 115 1304 0 0
 116 1297 0 0
 117 1292 0 0
 118 1292 0 0
 119 1298 0 0
 120 1290 0 0
 121 1292 0 0
 122 1293 0 0
 123 1292 0 0
 124 1298 0 0
 125 1294 0 0
 126 1295 0 0
 127 1301 0 0
 128 1291 0 0
 129 1296 0 0
 130 1291 0 0
 131 1297 0 0
 132 1297 0 0
 133 1330 0 0
 134 1300 0 0
 135 1297 0 0
 136 1296 0 0
 137 1298 0 0
 138 1294 0 0
 139 1301 0 0
 140 1295 0 0
 141 1296 0 0
 142 1299 0 0
 143 1296 0 0
 144 1301 0 0
 145 1299 0 0
 146 1299 0 0
 147 1295 0 0
 148 1299 0 0
 149 1297 0 0
 150 1296 0 0
 151 1302 0 0
 152 1301 0 0
 153 1301 0 0
 154 1298 0 0
 155 1297 0 0
 156 1300 0 0
 157 1297 0 0
 158 1295 0 0
 159 1298 0 0
 160 1299 0 0
 161 1299 0 0
 162 1300 0 0
 163 1297 0 0
 164 1293 0 0
 165 1302 0 0
 166 1300 0 0
 167 1302 0 0
 168 1298 0 0
 169 1296 0 0
 170 1300 0 0
 171 1300 0 0
 172 1303 0 0
 173 1294 0 0
 174 1297 0 0
 175 1306 0 0
 176 1298 0 0
 177 1304 0 0
 178 1304 0 0
 179 1303 0 0
 180 1302 0 0
 181 1305 0 0
 182 1302 0 0
 183 1298 0 0
 184 1296 0 0
 185 1305 0 0
 186 1303 0 0
 187 1307 0 0
 188 1299 0 0
 189 1302 0 0
 190 1298 0 0
 191 1298 0 0
 192 1300 0 0
 193 1293 0 0
 194 1300 0 0
 195 1303 0 0
 196 1299 0 0
 197 1301 0 0
 198 1300 0 0
 199 1301 0 0
 200 1295 0 0
 201 1301 0 0
 202 1301 0 0
 203 1298 0 0
 204 1304 0 0
 205 1298 0 0
 206 1299 0 0
 207 1300 0 0
 208 1297 0 0
 209 1297 0 0
 210 1293 0 0
 211 1305 0 0
 212 1297 0 0
 213 1302 0 0
 214 1302 0 0
 215 1302 0 0
 216 1298 0 0
 217 1302 0 0
 218 1296 0 0
 219 1301 0 0
 220 1296 0 0
 221 1299 0 0
 222 1297 0 0
 223 1300 0 0
 224 1297 0 0
 225 1299 0 0
 226 1302 0 0
 227 1300 0 0
 228 1299 0 0
 229 1296 0 0
 230 1300 0 0
 231 1303 0 0
 232 1299 0 0
 233 1297 0 0
 234 1302 0 0
 235 1301 0 0
 236 1294 0 0
 237 1299 0 0
 238 1302 0 0
 239 1298 0 0
 240 1305 0 0
 241 1301 0 0
 242 1301 0 0
 243 1303 0 0
 244 1300 0 0
 245 1302 0 0
 246 1296 0 0
 247 1297 0 0
 248 1304 0 0
 249 1299 0 0
 250 1302 0 0
 251 1295 0 0
 252 1289 0 0
 253 1300 0 0
 254 1301 0 0
 255 1346 0 0
[END] of [DATA]
[END] of [Spectrum]


#TBID:2021-12-25 01:00:00;SAM_84C8;CALIBRATED;

[Spectrum]
Version            = 1
IDData             = 96B1_2021-12-25_01-00-00_000_536
IDDevice           = SAM_84C8
IDDataType         = SPECTRUM
IDDataTypeSub1     = CALIBRATED
IDDataTypeSub2     = 
IDDataTypeSub3     = 
DateTime           = 2021-12-25 01:00:00
PositionLatitude   = 0
PositionLongitude  = 0
Comment            = 
CommentSub1        = 
CommentSub2        = 
CommentSub3        = 
IDMethodType       = SAM Control
MethodName         = SAM_84C8
Mission            = No Mission
MissionSub         = 1
RecordType         = 0
[Attributes]
CalFactor = 1
IDBasisSpec = 
IDDataBack = DLAB_2015-08-21_12-14-03_013_778
IDDataCal = DLAB_2015-08-24_11-04-47_772_747
IntegrationTime = 4096
P31 = -1
P31e = 0
PathLength = +INF
PathLengthCustomOn = 0
RAWDynamic = 65535
Salinity = 0
Temperature = -NAN
Unit1 = $01 $01 Wavelength nm
Unit2 = $03 $03 Intensity mW/(m^2 nm Sr)
Unit3 = $f0 $03 Error mW/(m^2 nm Sr)
Unit4 = $f1 $00 Status 
p999 = 2052
[END] of [Attributes]
[DATA]
 0 11 0 0
 303.516048156 0 0 0
 306.890006053 0 0 0
 310.26457112 0 0 0
 313.639731825 0 0 0
 317.015476636 -0.000909359369463375 0 0
 320.391794021 -0.000840176137908601 0 0
 323.768672448 -0.000542135138842811 0 0
 327.146100385 -0.000364089994812146 0 0
 330.5240663 -0.000400445514055441 0 0
 333.902558661 -0.000569341816337531 0 0
 337.281565936 -0.000390970244771532 0 0
 340.661076593 -0.000470027496796125 0 0
 344.0410791 -0.000431374784376477 0 0
 347.421561925 -0.000427424669161185 0 0
 350.802513536 -0.000323880349299276 0 0
 354.183922401 -0.000285106278832239 0 0
 357.565776988 -0.000214161407195077 0 0
 360.948065765 -0.000154676737044485 0 0
 364.3307772 -0.000252893969496282 0 0
 367.713899761 -0.000278399252964995 0 0
 371.097421916 -0.000165071759303899 0 0
 374.481332133 -0.000240399134382275 0 0
 377.86561888 -0.000237538648036426 0 0
 381.250270625 -0.00023852909284798 0 0
 384.635275836 -0.000256155986579947 0 0
 388.020622981 -4.45574981008593e-005 0 0
 391.406300528 -0.000186364719843684 0 0
 394.792296945 -0.000242393987375905 0 0
 398.1786007 -0.000190264658794369 0 0
 401.565200261 -0.000274382306257706 0 0
 404.952084096 -0.00020865218792743 0 0
 408.339240673 -9.27888984689261e-005 0 0
 411.72665846 -0.000182824256886909 0 0
 415.114325925 -8.78612010450547e-005 0 0
 418.502231536 -4.33657092889114e-005 0 0
 421.890363761 -0.000131969937377231 0 0
 425.278711068 -0.000166384695465626 0 0
 428.667261925 -6.7138371610837e-005 0 0
 432.0560048 -6.09632149248837e-005 0 0
 435.444928161 -9.06074384010179e-005 0 0
 438.834020476 -5.13090147321687e-005 0 0
 442.223270213 -0.000114008319245442 0 0
 445.61266584 -9.91792647552233e-005 0 0
 449.002195825 -4.16563075770247e-005 0 0
 452.391848636 -6.52653458831651e-005 0 0
 455.781612741 -9.04776671998633e-005 0 0
 459.171476608 -7.06878289482288e-005 0 0
 462.561428705 -7.85625704371093e-005 0 0
 465.9514575 -0.00011442503367686 0 0
 469.341551461 -5.23802759783268e-005 0 0
 472.731699056 -0.000132513681675458 0 0
 476.121888753 -9.95446346734915e-005 0 0
 479.51210902 -9.34570035475419e-005 0 0
 482.902348325 -6.31043046603492e-005 0 0
 486.292595136 -3.73114551576631e-005 0 0
 489.682837921 -7.72621870106778e-005 0 0
 493.073065148 -0.000133762519744814 0 0
 496.463265285 -6.68119488030142e-005 0 0
 499.8534268 -6.31749564019472e-005 0 0
 503.243538161 -3.16298937198321e-005 0 0
 506.633587836 -6.10808185790831e-006 0 0
 510.023564293 -0.000114633217530478 0 0
 513.413456 -0.000106385716976894 0 0
 516.803251425 8.11694717925472e-006 0 0
 520.192939036 -6.47813866090249e-005 0 0
 523.582507301 -9.09005995203567e-005 0 0
 526.971944688 -8.24308980292792e-005 0 0
 530.361239665 -0.00010978594486024 0 0
 533.7503807 -5.21246961841109e-005 0 0
 537.139356261 -6.25070100343253e-005 0 0
 540.528154816 -1.87546775007684e-005 0 0
 543.916764833 -0.000116877394752841 0 0
 547.30517478 -4.47365104849179e-005 0 0
 550.693373125 -0.000101387003747157 0 0
 554.081348336 -9.6236246971395e-005 0 0
 557.469088881 -4.53021748470707e-005 0 0
 560.856583228 -4.8297984700402e-005 0 0
 564.243819845 -4.90246448765693e-005 0 0
 567.6307872 -8.4086141609699e-005 0 0
 571.017473761 -6.81332531198362e-005 0 0
 574.403867996 -4.98591342260859e-005 0 0
 577.789958373 -8.3693789799929e-005 0 0
 581.17573336 -7.68154618676182e-005 0 0
 584.561181425 -3.25394301832584e-005 0 0
 587.946291036 -6.5273856243691e-005 0 0
 591.331050661 -6.83365335064925e-005 0 0
 594.715448768 1.34307406467406e-005 0 0
 598.099473825 -0.000108474969682513 0 0
 601.4831143 -7.32174710918855e-005 0 0
 604.866358661 -0.000119363599446569 0 0
 608.249195376 -0.000130559237887572 0 0
 611.631612913 1.77556302980238e-005 0 0
 615.01359974 -4.62677840147766e-005 0 0
 618.395144325 -7.90902864809844e-005 0 0
 621.776235136 -9.0410131938566e-005 0 0
 625.156860641 -0.000104591826109679 0 0
 628.537009308 -9.99707641924055e-005 0 0
 631.916669605 -3.09692448540934e-005 0 0
 635.29583 -2.12497606660357e-005 0 0
 638.674478961 -3.85173532720176e-005 0 0
 642.052604956 -0.000167692663545618 0 0
 645.430196453 -0.000116589780470372 0 0
 648.80724192 1.49446838373211e-005 0 0
 652.183729825 -7.63490672628411e-005 0 0
 655.559648636 -0.00013118094200455 0 0
 658.934986821 -6.48309054992058e-005 0 0
 662.309732848 -0.0001140731178071 0 0
 665.683875185 -7.22581985354622e-005 0 0
 669.0574023 -0.000116738713578926 0 0
 672.430302661 -9.85018022497451e-005 0 0
 675.802564736 -0.000267170951451283 0 0
 679.174176993 -2.59118452162935e-005 0 0
 682.5451279 -0.000221789831760018 0 0
 685.915405925 -0.000127784037743484 0 0
 689.284999536 -2.08569084875777e-005 0 0
 692.653897201 -0.000236232301068096 0 0
 696.022087388 -0.000110135859250163 0 0
 699.389558565 -8.97381686921232e-005 0 0
 702.7562992 -0.000147641076120183 0 0
 706.122297761 -6.77270319315563e-005 0 0
 709.487542716 -0.000163481470563612 0 0
 712.852022533 -5.70833620121409e-007 0 0
 716.21572568 -8.28835993132928e-005 0 0
 719.578640625 8.51867907132861e-005 0 0
 722.940755836 -0.000118443717759441 0 0
 726.302059781 -9.35982128514017e-005 0 0
 729.662540928 -0.000168409591488775 0 0
 733.022187745 -0.000114562532498041 0 0
 736.3809887 -0.000120072149105244 0 0
 739.738932261 -8.1580430112447e-005 0 0
 743.096006896 -0.000112258132772886 0 0
 746.452201073 -8.25153218259033e-005 0 0
 749.80750326 -0.000741510199204378 0 0
 753.161901925 -8.44436420203146e-005 0 0
 756.515385536 -2.96421308183824e-005 0 0
 759.867942561 -6.91593987017419e-005 0 0
 763.219561468 -9.94590168880371e-005 0 0
 766.570230725 -5.52520773463373e-005 0 0
 769.9199388 -0.000116357477454598 0 0
 773.268674161 -0.000125497724046417 0 0
 776.616425276 -1.12126388122713e-005 0 0
 779.963180613 -8.82595565222191e-005 0 0
 783.30892864 -8.8415691165955e-005 0 0
 786.653657825 -0.000163706948299076 0 0
 789.997356636 -0.000106376078243139 0 0
 793.340013541 -0.000109673567981424 0 0
 796.681617008 -4.39186821170808e-005 0 0
 800.022155505 -0.00011010186460237 0 0
 803.3616175 1.84309275148577e-006 0 0
 806.699991461 -9.43460958055961e-005 0 0
 810.037265856 7.43800056236865e-005 0 0
 813.373429153 -0.000125369283741092 0 0
 816.70846982 0.000111794647201387 0 0
 820.042376325 9.7966000743215e-005 0 0
 823.375137136 0.000153799460513027 0 0
 826.706740721 -1.80841922660251e-005 0 0
 830.037175548 -0.000258551191745941 0 0
 833.366430085 -0.000284772651537175 0 0
 836.6944928 5.00158007784449e-005 0 0
 840.021352161 -0.000185266382570665 0 0
 843.346996636 4.53037143660684e-005 0 0
 846.671414693 -7.55475973314434e-005 0 0
 849.9945948 -0.000129923892266012 0 0
 853.316525425 -6.54352779466925e-006 0 0
 856.637195036 -8.23140982798161e-005 0 0
 859.956592101 -5.37299230960937e-005 0 0
 863.274705088 -0.000173474138238595 0 0
 866.591522465 -0.000294542542988521 0 0
 869.9070327 -0.000132136140358787 0 0
 873.221224261 -0.000232610560386338 0 0
 876.534085616 0.000192309502943043 0 0
 879.845605233 0.000184220753523852 0 0
 883.15577158 0.000466714465758778 0 0
 886.464573125 0.000176499533350724 0 0
 889.771998336 -1.22209433785039e-005 0 0
 893.078035681 0.000107878045416895 0 0
 896.382673628 0.000617165892660741 0 0
 899.685900645 0.000993447595441007 0 0
 902.9877052 0.000283922041957557 0 0
 906.288075761 -0.000181345795453781 0 0
 909.587000796 0.000465390920285526 0 0
 912.884468773 0.00012537575728523 0 0
 916.18046816 -0.000300558965149125 0 0
 919.474987425 0.000248740710360044 0 0
 922.768015036 0.000625128358694169 0 0
 926.059539461 0.00101128722324699 0 0
 929.349549168 0.000214118724974301 0 0
 932.638032625 0.000210217069339903 0 0
 935.9249783 0.000728475388943936 0 0
 939.210374661 0.00128181082999783 0 0
 942.494210176 -0.000210525451083612 0 0
 945.776473313 -0.00077067298612414 0 0
 949.05715254 0.000470680138156338 0 0
 952.336236325 -0.000406184818442876 0 0
 955.613713136 0 0 0
 958.889571441 0 0 0
 962.163799708 0 0 0
 965.436386405 0 0 0
 968.70732 0 0 0
 971.976588961 0 0 0
 975.244181756 0 0 0
 978.510086853 0 0 0
 981.77429272 0 0 0
 985.036787825 0 0 0
 988.297560636 0 0 0
 991.556599621 0 0 0
 994.813893248 0 0 0
 998.069429985 0 0 0
 1001.3231983 0 0 0
 1004.575186661 0 0 0
 1007.825383536 0 0 0
 1011.073777393 0 0 0
 1014.3203567 0 0 0
 1017.565109925 0 0 0
 1020.808025536 0 0 0
 1024.049092001 0 0 0
 1027.288297788 0 0 0
 1030.525631365 0 0 0
 1033.7610812 0 0 0
 1036.994635761 0 0 0
 1040.226283516 0 0 0
 1043.456012933 0 0 0
 1046.68381248 0 0 0
 1049.909670625 0 0 0
 1053.133575836 0 0 0
 1056.355516581 0 0 0
 1059.575481328 0 0 0
 1062.793458545 0 0 0
 1066.0094367 0 0 0
 1069.223404261 0 0 0
 1072.435349696 0 0 0
 1075.645261473 0 0 0
 1078.85312806 0 0 0
 1082.058937925 0 0 0
 1085.262679536 0 0 0
 1088.464341361 0 0 0
 1091.663911868 0 0 0
 1094.861379525 0 0 0
 1098.0567328 0 0 0
 1101.249960161 0 0 0
 1104.441050076 0 0 0
 1107.629991013 0 0 0
 1110.81677144 0 0 0
 1114.001379825 0 0 0
 1117.183804636 0 0 0
 1120.364034341 0 0 0
 1123.542057408 0 0 0
 1126.717862305 0 0 0
 1129.8914375 0 0 0
 1133.062771461 0 0 0
 1136.231852656 0 0 0
 1139.398669553 0 0 0
 1142.56321062 0 0 0
 1145.725464325 0 0 0
 1148.885419136 0 0 0
[END] of [DATA]
[END] of [Spectrum]

