
#TBID:2021-07-09 02:30:00;SAM_84C8;CALIBRATED;

[Spectrum]
Version            = 1
IDData             = 96B1_2021-07-09_02-30-00_000_176
IDDevice           = SAM_84C8
IDDataType         = SPECTRUM
IDDataTypeSub1     = CALIBRATED
IDDataTypeSub2     = 
IDDataTypeSub3     = 
DateTime           = 2021-07-09 02:30:00
PositionLatitude   = 0
PositionLongitude  = 0
Comment            = 
CommentSub1        = 
CommentSub2        = 
CommentSub3        = 
IDMethodType       = SAM Control
MethodName         = SAM_84C8
Mission            = No Mission
MissionSub         = 1
RecordType         = 0
[Attributes]
CalFactor = 1
IDBasisSpec = 
IDDataBack = DLAB_2015-08-21_12-14-03_013_778
IDDataCal = DLAB_2015-08-24_11-04-47_772_747
IntegrationTime = 4096
P31 = -1
P31e = 0
PathLength = +INF
PathLengthCustomOn = 0
RAWDynamic = 65535
Salinity = 0
Temperature = -NAN
Unit1 = $01 $01 Wavelength nm
Unit2 = $03 $03 Intensity mW/(m^2 nm Sr)
Unit3 = $f0 $03 Error mW/(m^2 nm Sr)
Unit4 = $f1 $00 Status 
p999 = 316
[END] of [Attributes]
[DATA]
 0 11 0 0
 303.516048156 0 0 0
 306.890006053 0 0 0
 310.26457112 0 0 0
 313.639731825 0 0 0
 317.015476636 -0.00123639015693497 0 0
 320.391794021 -0.00117389349838482 0 0
 323.768672448 -0.00100743773275866 0 0
 327.146100385 -0.00101516303714057 0 0
 330.5240663 -0.000819605154234997 0 0
 333.902558661 -0.000607664407785072 0 0
 337.281565936 -0.00049073243897383 0 0
 340.661076593 -0.000591657766178607 0 0
 344.0410791 -0.000191615676388672 0 0
 347.421561925 -0.000231885218455757 0 0
 350.802513536 -0.000213364617640185 0 0
 354.183922401 2.96448195271872e-005 0 0
 357.565776988 -5.94822697852791e-005 0 0
 360.948065765 -0.000157802300792611 0 0
 364.3307772 -0.000127860906970288 0 0
 367.713899761 -0.000135389894569842 0 0
 371.097421916 -0.000223751065129131 0 0
 374.481332133 -5.31758243354118e-005 0 0
 377.86561888 -0.00012328348085636 0 0
 381.250270625 -2.08339929417149e-005 0 0
 384.635275836 2.76088701636028e-005 0 0
 388.020622981 0.000158607553227418 0 0
 391.406300528 7.76490380609868e-005 0 0
 394.792296945 7.96941921153749e-005 0 0
 398.1786007 8.45051375103675e-005 0 0
 401.565200261 3.01261919983211e-005 0 0
 404.952084096 -4.54980429344663e-005 0 0
 408.339240673 0.000132442156787743 0 0
 411.72665846 8.05317190601931e-005 0 0
 415.114325925 3.50643621758677e-005 0 0
 418.502231536 0.000101749701006765 0 0
 421.890363761 4.71010371196427e-006 0 0
 425.278711068 9.3917573989966e-005 0 0
 428.667261925 5.53032429793875e-005 0 0
 432.0560048 5.61543810743422e-005 0 0
 435.444928161 1.09360025746244e-005 0 0
 438.834020476 2.85090931187233e-006 0 0
 442.223270213 -3.8266695044082e-005 0 0
 445.61266584 -1.22826988293089e-006 0 0
 449.002195825 1.32377540956164e-006 0 0
 452.391848636 3.58258291679021e-005 0 0
 455.781612741 3.66578591459282e-005 0 0
 459.171476608 -1.24066191283277e-005 0 0
 462.561428705 -6.3291241962097e-006 0 0
 465.9514575 2.2811516710121e-005 0 0
 469.341551461 -1.57831655659524e-005 0 0
 472.731699056 2.26814112318929e-005 0 0
 476.121888753 4.42204425273167e-005 0 0
 479.51210902 3.8670138425586e-005 0 0
 482.902348325 -0.000119990222243559 0 0
 486.292595136 -2.57498403539407e-005 0 0
 489.682837921 3.2970670667025e-005 0 0
 493.073065148 -7.95209245703439e-006 0 0
 496.463265285 -9.78504592654071e-005 0 0
 499.8534268 -8.23022906155558e-006 0 0
 503.243538161 -6.25031554367894e-005 0 0
 506.633587836 4.7883876463323e-005 0 0
 510.023564293 6.32853413326487e-005 0 0
 513.413456 4.0761907905724e-005 0 0
 516.803251425 3.23956238392441e-005 0 0
 520.192939036 0.000113446630173247 0 0
 523.582507301 -1.7816727760313e-005 0 0
 526.971944688 4.96677372022996e-005 0 0
 530.361239665 -2.83283572995659e-005 0 0
 533.7503807 -1.89585768867531e-005 0 0
 537.139356261 4.86320895264345e-006 0 0
 540.528154816 -3.21167890725538e-005 0 0
 543.916764833 4.08221557465936e-005 0 0
 547.30517478 -4.66340841903441e-005 0 0
 550.693373125 2.22153688906695e-005 0 0
 554.081348336 -1.7924557359539e-005 0 0
 557.469088881 -2.41372603110042e-005 0 0
 560.856583228 4.31229306581168e-005 0 0
 564.243819845 3.1833270273626e-005 0 0
 567.6307872 2.21324819427733e-005 0 0
 571.017473761 6.45631828488865e-005 0 0
 574.403867996 8.53962726344747e-005 0 0
 577.789958373 9.25817644339897e-005 0 0
 581.17573336 0.000155298819909076 0 0
 584.561181425 0.000138306389354514 0 0
 587.946291036 0.000136876100430813 0 0
 591.331050661 6.89595544789965e-005 0 0
 594.715448768 0.000111196608164734 0 0
 598.099473825 3.57151195480283e-005 0 0
 601.4831143 0.000194954446973488 0 0
 604.866358661 3.19138551513254e-005 0 0
 608.249195376 8.58311379055781e-005 0 0
 611.631612913 9.39577653363284e-005 0 0
 615.01359974 9.36594354327985e-005 0 0
 618.395144325 0.000189539211188644 0 0
 621.776235136 3.58368181623594e-005 0 0
 625.156860641 7.24058800164332e-005 0 0
 628.537009308 9.74769642664189e-005 0 0
 631.916669605 4.68479928459236e-007 0 0
 635.29583 0.000134850701705361 0 0
 638.674478961 0.000140765392022146 0 0
 642.052604956 7.30888042407074e-005 0 0
 645.430196453 0.00011100380341701 0 0
 648.80724192 0.000188699506552971 0 0
 652.183729825 0.000120782039858442 0 0
 655.559648636 0.000109812346615683 0 0
 658.934986821 0.000117459017315562 0 0
 662.309732848 0.000111520889214638 0 0
 665.683875185 0.000217354648969262 0 0
 669.0574023 0.000131972862664765 0 0
 672.430302661 0.000172659764134618 0 0
 675.802564736 0.000199162883471086 0 0
 679.174176993 0.000186927293730407 0 0
 682.5451279 0.00014657338339686 0 0
 685.915405925 2.30387957835025e-005 0 0
 689.284999536 -2.307197961287e-006 0 0
 692.653897201 6.53862829267688e-006 0 0
 696.022087388 4.40753206123626e-005 0 0
 699.389558565 8.85883904231823e-005 0 0
 702.7562992 -1.38718800255809e-005 0 0
 706.122297761 4.38246469984256e-005 0 0
 709.487542716 6.47893695724068e-005 0 0
 712.852022533 4.21934592658524e-005 0 0
 716.21572568 0.000123793433345497 0 0
 719.578640625 0.000104719814003479 0 0
 722.940755836 0.000112366198691315 0 0
 726.302059781 0.000137414152035689 0 0
 729.662540928 0.000110378422870052 0 0
 733.022187745 0.000141604957799737 0 0
 736.3809887 0.000232770432126711 0 0
 739.738932261 0.000322380430848535 0 0
 743.096006896 0.0002959835197541 0 0
 746.452201073 0.000183765975120686 0 0
 749.80750326 5.19633100919907e-005 0 0
 753.161901925 0.000290293623874992 0 0
 756.515385536 0.000375970499373656 0 0
 759.867942561 0.000290300003726049 0 0
 763.219561468 0.000186003950177644 0 0
 766.570230725 4.72739732887034e-005 0 0
 769.9199388 0.000341169757783219 0 0
 773.268674161 0.000146243201380287 0 0
 776.616425276 0.000209466025458902 0 0
 779.963180613 0.000280980107913012 0 0
 783.30892864 0.000260278677309268 0 0
 786.653657825 0.000134048164263571 0 0
 789.997356636 0.000262451104422295 0 0
 793.340013541 0.000110212675331839 0 0
 796.681617008 0.000250156868044098 0 0
 800.022155505 0.000228849115006522 0 0
 803.3616175 0.00053106794859931 0 0
 806.699991461 0.000490894920258571 0 0
 810.037265856 0.000795556786637948 0 0
 813.373429153 0.000582044937533944 0 0
 816.70846982 0.000762723838369509 0 0
 820.042376325 0.00090012921602063 0 0
 823.375137136 0.000720665394912897 0 0
 826.706740721 0.000341288711583118 0 0
 830.037175548 0.000496544732223423 0 0
 833.366430085 -9.46321730940078e-005 0 0
 836.6944928 0.000248100043218074 0 0
 840.021352161 0.000291078062518637 0 0
 843.346996636 0.000430893367631336 0 0
 846.671414693 0.000446668465185685 0 0
 849.9945948 0.000169531712508907 0 0
 853.316525425 0.000501521340645859 0 0
 856.637195036 -2.56823444828036e-005 0 0
 859.956592101 0.00043225724192124 0 0
 863.274705088 0.000186176658371912 0 0
 866.591522465 0.000391492245162016 0 0
 869.9070327 0.00106904385393729 0 0
 873.221224261 0.00110261595206491 0 0
 876.534085616 0.00114174240961696 0 0
 879.845605233 0.0018969806182885 0 0
 883.15577158 0.00205468037813763 0 0
 886.464573125 0.00182077239387683 0 0
 889.771998336 0.00148732350838015 0 0
 893.078035681 0.00165994713026696 0 0
 896.382673628 0.00157398635583461 0 0
 899.685900645 0.00221135188900438 0 0
 902.9877052 0.00166538682889766 0 0
 906.288075761 0.00149899318149072 0 0
 909.587000796 0.00196462241996675 0 0
 912.884468773 0.00155863223856591 0 0
 916.18046816 0.00271955846562842 0 0
 919.474987425 0.00152657472182955 0 0
 922.768015036 0.00242415421335296 0 0
 926.059539461 0.0028959752278078 0 0
 929.349549168 0.00252997038139134 0 0
 932.638032625 0.00193850562088401 0 0
 935.9249783 0.00217851479935913 0 0
 939.210374661 0.00241926154380233 0 0
 942.494210176 0.00325546538849167 0 0
 945.776473313 0.00200775779111213 0 0
 949.05715254 0.00225068911610173 0 0
 952.336236325 0.00192510878160053 0 0
 955.613713136 0 0 0
 958.889571441 0 0 0
 962.163799708 0 0 0
 965.436386405 0 0 0
 968.70732 0 0 0
 971.976588961 0 0 0
 975.244181756 0 0 0
 978.510086853 0 0 0
 981.77429272 0 0 0
 985.036787825 0 0 0
 988.297560636 0 0 0
 991.556599621 0 0 0
 994.813893248 0 0 0
 998.069429985 0 0 0
 1001.3231983 0 0 0
 1004.575186661 0 0 0
 1007.825383536 0 0 0
 1011.073777393 0 0 0
 1014.3203567 0 0 0
 1017.565109925 0 0 0
 1020.808025536 0 0 0
 1024.049092001 0 0 0
 1027.288297788 0 0 0
 1030.525631365 0 0 0
 1033.7610812 0 0 0
 1036.994635761 0 0 0
 1040.226283516 0 0 0
 1043.456012933 0 0 0
 1046.68381248 0 0 0
 1049.909670625 0 0 0
 1053.133575836 0 0 0
 1056.355516581 0 0 0
 1059.575481328 0 0 0
 1062.793458545 0 0 0
 1066.0094367 0 0 0
 1069.223404261 0 0 0
 1072.435349696 0 0 0
 1075.645261473 0 0 0
 1078.85312806 0 0 0
 1082.058937925 0 0 0
 1085.262679536 0 0 0
 1088.464341361 0 0 0
 1091.663911868 0 0 0
 1094.861379525 0 0 0
 1098.0567328 0 0 0
 1101.249960161 0 0 0
 1104.441050076 0 0 0
 1107.629991013 0 0 0
 1110.81677144 0 0 0
 1114.001379825 0 0 0
 1117.183804636 0 0 0
 1120.364034341 0 0 0
 1123.542057408 0 0 0
 1126.717862305 0 0 0
 1129.8914375 0 0 0
 1133.062771461 0 0 0
 1136.231852656 0 0 0
 1139.398669553 0 0 0
 1142.56321062 0 0 0
 1145.725464325 0 0 0
 1148.885419136 0 0 0
[END] of [DATA]
[END] of [Spectrum]


#TBID:2021-07-09 03:00:00;SAM_84DC;RAW;

[Spectrum]
Version            = 1
IDData             = 96B1_2021-07-09_03-00-00_000_179
IDDevice           = SAM_84DC
IDDataType         = SPECTRUM
IDDataTypeSub1     = RAW
IDDataTypeSub2     = 
IDDataTypeSub3     = 
DateTime           = 2021-07-09 03:00:00
PositionLatitude   = 0
PositionLongitude  = 0
Comment            = 
CommentSub1        = 
CommentSub2        = 
CommentSub3        = 
IDMethodType       = SAM Control
MethodName         = SAM_84DC
Mission            = No Mission
MissionSub         = 1
RecordType         = 0
[Attributes]
CalFactor = 1
IDBasisSpec = 
IDDataBack = DLAB_2015-08-21_13-19-54_137_939
IDDataCal = DLAB_2015-08-24_10-46-55_592_608
IntegrationTime = 4096
P31 = -1
P31e = 0
PathLength = +INF
PathLengthCustomOn = 0
RAWDynamic = 65535
Salinity = 0
Temperature = -NAN
Unit1 = $05 $00 Pixel 
Unit2 = $03 $05 Intensity counts
Unit3 = $f0 $05 Error counts
Unit4 = $f1 $00 Status 
p999 = 317
[END] of [Attributes]
[DATA]
 0 11 0 0
 1 1693 0 0
 2 1682 0 0
 3 1700 0 0
 4 1707 0 0
 5 1701 0 0
 6 1702 0 0
 7 1712 0 0
 8 1706 0 0
 9 1715 0 0
 10 1710 0 0
 11 1712 0 0
 12 1711 0 0
 13 1713 0 0
 14 1721 0 0
 15 1713 0 0
 16 1723 0 0
 17 1730 0 0
 18 1718 0 0
 19 1724 0 0
 20 1723 0 0
 21 1718 0 0
 22 1724 0 0
 23 1731 0 0
 24 1729 0 0
 25 1728 0 0
 26 1728 0 0
 27 1731 0 0
 28 1728 0 0
 29 1728 0 0
 30 1720 0 0
 31 1734 0 0
 32 1726 0 0
 33 1728 0 0
 34 1729 0 0
 35 1726 0 0
 36 1732 0 0
 37 1733 0 0
 38 1728 0 0
 39 1724 0 0
 40 1737 0 0
 41 1729 0 0
 42 1728 0 0
 43 1725 0 0
 44 1728 0 0
 45 1734 0 0
 46 1735 0 0
 47 1729 0 0
 48 1725 0 0
 49 1727 0 0
 50 1726 0 0
 51 1725 0 0
 52 1724 0 0
 53 1724 0 0
 54 1724 0 0
 55 1731 0 0
 56 1725 0 0
 57 1724 0 0
 58 1724 0 0
 59 1734 0 0
 60 1726 0 0
 61 1724 0 0
 62 1719 0 0
 63 1725 0 0
 64 1725 0 0
 65 1727 0 0
 66 1719 0 0
 67 1724 0 0
 68 1727 0 0
 69 1723 0 0
 70 1728 0 0
 71 1730 0 0
 72 1718 0 0
 73 1721 0 0
 74 1726 0 0
 75 1717 0 0
 76 1723 0 0
 77 1718 0 0
 78 1715 0 0
 79 1721 0 0
 80 1720 0 0
 81 1724 0 0
 82 1715 0 0
 83 1722 0 0
 84 1722 0 0
 85 1735 0 0
 86 1720 0 0
 87 1718 0 0
 88 1714 0 0
 89 1718 0 0
 90 1708 0 0
 91 1700 0 0
 92 1705 0 0
 93 1704 0 0
 94 1711 0 0
 95 1709 0 0
 96 1701 0 0
 97 1707 0 0
 98 1708 0 0
 99 1710 0 0
 100 1709 0 0
 101 1711 0 0
 102 1710 0 0
 103 1709 0 0
 104 1708 0 0
 105 1715 0 0
 106 1710 0 0
 107 1720 0 0
 108 1710 0 0
 109 1714 0 0
 110 1711 0 0
 111 1718 0 0
 112 1714 0 0
 113 1711 0 0
 114 1715 0 0
 115 1717 0 0
 116 1708 0 0
 117 1714 0 0
 118 1708 0 0
 119 1702 0 0
 120 1697 0 0
 121 1718 0 0
 122 1705 0 0
 123 1707 0 0
 124 1712 0 0
 125 1702 0 0
 126 1712 0 0
 127 1710 0 0
 128 1701 0 0
 129 1700 0 0
 130 1708 0 0
 131 1706 0 0
 132 1708 0 0
 133 1707 0 0
 134 1708 0 0
 135 1703 0 0
 136 1698 0 0
 137 1702 0 0
 138 1701 0 0
 139 1702 0 0
 140 1698 0 0
 141 1705 0 0
 142 1696 0 0
 143 1704 0 0
 144 1701 0 0
 145 1698 0 0
 146 1697 0 0
 147 1700 0 0
 148 1704 0 0
 149 1702 0 0
 150 1699 0 0
 151 1700 0 0
 152 1697 0 0
 153 1704 0 0
 154 1701 0 0
 155 1702 0 0
 156 1698 0 0
 157 1706 0 0
 158 1702 0 0
 159 1702 0 0
 160 1694 0 0
 161 1694 0 0
 162 1695 0 0
 163 1694 0 0
 164 1692 0 0
 165 1693 0 0
 166 1696 0 0
 167 1702 0 0
 168 1697 0 0
 169 1693 0 0
 170 1693 0 0
 171 1700 0 0
 172 1686 0 0
 173 1700 0 0
 174 1701 0 0
 175 1692 0 0
 176 1698 0 0
 177 1696 0 0
 178 1694 0 0
 179 1691 0 0
 180 1691 0 0
 181 1692 0 0
 182 1692 0 0
 183 1694 0 0
 184 1696 0 0
 185 1693 0 0
 186 1695 0 0
 187 1697 0 0
 188 1689 0 0
 189 1694 0 0
 190 1690 0 0
 191 1692 0 0
 192 1698 0 0
 193 1696 0 0
 194 1692 0 0
 195 1690 0 0
 196 1696 0 0
 197 1696 0 0
 198 1686 0 0
 199 1700 0 0
 200 1690 0 0
 201 1696 0 0
 202 1690 0 0
 203 1703 0 0
 204 1697 0 0
 205 1691 0 0
 206 1698 0 0
 207 1696 0 0
 208 1691 0 0
 209 1693 0 0
 210 1687 0 0
 211 1692 0 0
 212 1685 0 0
 213 1693 0 0
 214 1692 0 0
 215 1699 0 0
 216 1691 0 0
 217 1694 0 0
 218 1692 0 0
 219 1689 0 0
 220 1696 0 0
 221 1697 0 0
 222 1692 0 0
 223 1698 0 0
 224 1691 0 0
 225 1706 0 0
 226 1695 0 0
 227 1692 0 0
 228 1695 0 0
 229 1696 0 0
 230 1693 0 0
 231 1694 0 0
 232 1696 0 0
 233 1688 0 0
 234 1697 0 0
 235 1700 0 0
 236 1688 0 0
 237 1694 0 0
 238 1696 0 0
 239 1698 0 0
 240 1702 0 0
 241 1697 0 0
 242 1696 0 0
 243 1693 0 0
 244 1699 0 0
 245 1703 0 0
 246 1697 0 0
 247 1691 0 0
 248 1702 0 0
 249 1692 0 0
 250 1688 0 0
 251 1686 0 0
 252 1683 0 0
 253 1672 0 0
 254 1661 0 0
 255 1714 0 0
[END] of [DATA]
[END] of [Spectrum]


#TBID:2021-07-09 03:00:00;SAM_84DC;CALIBRATED;

[Spectrum]
Version            = 1
IDData             = 96B1_2021-07-09_03-00-00_000_180
IDDevice           = SAM_84DC
IDDataType         = SPECTRUM
IDDataTypeSub1     = CALIBRATED
IDDataTypeSub2     = 
IDDataTypeSub3     = 
DateTime           = 2021-07-09 03:00:00
PositionLatitude   = 0
PositionLongitude  = 0
Comment            = 
CommentSub1        = 
CommentSub2        = 
CommentSub3        = 
IDMethodType       = SAM Control
MethodName         = SAM_84DC
Mission            = No Mission
MissionSub         = 1
RecordType         = 0
[Attributes]
CalFactor = 1
IDBasisSpec = 
IDDataBack = DLAB_2015-08-21_13-19-54_137_939
IDDataCal = DLAB_2015-08-24_10-46-55_592_608
IntegrationTime = 4096
P31 = -1
P31e = 0
PathLength = +INF
PathLengthCustomOn = 0
RAWDynamic = 65535
Salinity = 0
Temperature = -NAN
Unit1 = $01 $01 Wavelength nm
Unit2 = $03 $03 Intensity mW/(m^2 nm Sr)
Unit3 = $f0 $03 Error mW/(m^2 nm Sr)
Unit4 = $f1 $00 Status 
p999 = 317
[END] of [Attributes]
[DATA]
 0 11 0 0
 305.71650776488 0 0 0
 309.04007505697 0 0 0
 312.36416914304 0 0 0
 315.68877841375 0 0 0
 319.01389125976 0.000907420330635127 0 0
 322.33949607173 0.00113061629759444 0 0
 325.66558124032 0.00101590334292094 0 0
 328.99213515619 0.000827377967999231 0 0
 332.31914621 0.000935069451899479 0 0
 335.64660279241 0.000811391979151428 0 0
 338.97449329408 0.000734779736716505 0 0
 342.30280610567 0.000798709646842555 0 0
 345.63152961784 0.000764735239065405 0 0
 348.96065222125 0.000653867652498952 0 0
 352.29016230656 0.000720374175133306 0 0
 355.62004826443 0.000698477226967683 0 0
 358.95029848552 0.000703534927842954 0 0
 362.28090136049 0.000634907214181055 0 0
 365.61184528 0.000709690514202911 0 0
 368.94311863471 0.000760610304100925 0 0
 372.27470981528 0.00075255598649426 0 0
 375.60660721237 0.000724761763729968 0 0
 378.93879921664 0.000888803935022071 0 0
 382.27127421875 0.000881342742620796 0 0
 385.60402060936 0.000999569619374972 0 0
 388.93702677913 0.000857614403295421 0 0
 392.27028111872 0.000891905567583482 0 0
 395.60377201879 0.000934741399942138 0 0
 398.93748787 0.000904982938666452 0 0
 402.27141706301 0.000748046479384434 0 0
 405.60554798848 0.000776297578793583 0 0
 408.93986903707 0.000643641586276794 0 0
 412.27436859944 0.000698408889014935 0 0
 415.60903506625 0.000585642026900447 0 0
 418.94385682816 0.000587661904186203 0 0
 422.27882227583 0.000498981087744218 0 0
 425.61391979992 0.000510009506166822 0 0
 428.94913779109 0.000470496201154583 0 0
 432.28446464 0.000455441769650804 0 0
 435.61988873731 0.000453158543961729 0 0
 438.95539847368 0.000438102912730495 0 0
 442.29098223977 0.000442504118626638 0 0
 445.62662842624 0.000391137318129716 0 0
 448.96232542375 0.000407998089150031 0 0
 452.29806162296 0.000497070928501208 0 0
 455.63382541453 0.00047418611420792 0 0
 458.96960518912 0.000398478059832054 0 0
 462.30538933739 0.000461750358995024 0 0
 465.64116625 0.000487122736535835 0 0
 468.97692431761 0.0005047234507522 0 0
 472.31265193088 0.00047137277137926 0 0
 475.64833748047 0.000450782482226704 0 0
 478.98396935704 0.000488576744544427 0 0
 482.31953595125 0.000490421092885108 0 0
 485.65502565376 0.000529308100500851 0 0
 488.99042685523 0.000484214319360509 0 0
 492.32572794632 0.000420973484808502 0 0
 495.66091731769 0.00042655739111774 0 0
 498.99598336 0.000468409432566351 0 0
 502.33091446391 0.000449121440098848 0 0
 505.66569902008 0.000382305651131172 0 0
 509.00032541917 0.000405037902513755 0 0
 512.33478205184 0.000425619424788758 0 0
 515.66905730875 0.000400360351162249 0 0
 519.00313958056 0.000453063539424147 0 0
 522.33701725793 0.000439933907012331 0 0
 525.67067873152 0.000357758042006541 0 0
 529.00411239199 0.000364212957702762 0 0
 532.33730663 0.000365537236767819 0 0
 535.67024983621 0.000360632404405986 0 0
 539.00293040128 0.000344748699447041 0 0
 542.33533671587 0.000296852930479591 0 0
 545.66745717064 0.000281772159756646 0 0
 548.99928015625 0.000319882171933421 0 0
 552.33079406336 0.000311216146388825 0 0
 555.66198728263 0.000316750782418873 0 0
 558.99284820472 0.000278544870650359 0 0
 562.32336522029 0.000326218395381191 0 0
 565.65352672 0.000287353386173982 0 0
 568.98332109451 0.000356274576691216 0 0
 572.31273673448 0.000326554851018371 0 0
 575.64176203057 0.000314993029101549 0 0
 578.97038537344 0.000363971411239694 0 0
 582.29859515375 0.000463550965717615 0 0
 585.62637976216 0.000459900702957626 0 0
 588.95372758933 0.00035305605886904 0 0
 592.28062702592 0.000320898576672733 0 0
 595.60706646259 0.000337807622182854 0 0
 598.93303429 0.000307012845901264 0 0
 602.25851889881 0.000314270106704605 0 0
 605.58350867968 0.00011417356177642 0 0
 608.90799202327 0.000189132358564888 0 0
 612.23195732024 0.000189613761336253 0 0
 615.55539296125 0.000237680994976936 0 0
 618.87828733696 0.000223102972857108 0 0
 622.20062883803 0.00019248761695688 0 0
 625.52240585512 0.000160240974093372 0 0
 628.84360677889 0.000303826354073268 0 0
 632.16422 0.000295759219649022 0 0
 635.48423390911 0.000263013006042216 0 0
 638.80363689688 0.000375719174731919 0 0
 642.12241735397 0.000304652197279769 0 0
 645.44056367104 0.000326931804044369 0 0
 648.75806423875 0.000316727609495015 0 0
 652.07490744776 0.000385604766821009 0 0
 655.39108168873 0.000325364507779504 0 0
 658.70657535232 0.000381764939015729 0 0
 662.02137682919 0.000322772212612775 0 0
 665.33547451 0.000385150037560395 0 0
 668.64885678541 0.000394340751519177 0 0
 671.96151204608 0.000468530209326984 0 0
 675.27342868267 0.000413413242863931 0 0
 678.58459508584 0.000483027713256766 0 0
 681.89499964625 0.000416776283493663 0 0
 685.20463075456 0.000413223794077427 0 0
 688.51347680143 0.000354617255323393 0 0
 691.82152617752 0.000484131457140945 0 0
 695.12876727349 0.00041548996354217 0 0
 698.43518848 0.000242606718135406 0 0
 701.74077818771 0.000313173326239745 0 0
 705.04552478728 0.000415963589010716 0 0
 708.34941666937 0.000361780055063486 0 0
 711.65244222464 0.000274369465571956 0 0
 714.95458984375 0.000380323481936278 0 0
 718.25584791736 0.000301165612580209 0 0
 721.55620483613 0.000385249831501923 0 0
 724.85564899072 0.000369002088015455 0 0
 728.15416877179 0.000248535786832457 0 0
 731.45175257 0.000243244354782271 0 0
 734.74838877601 0.000263269149000684 0 0
 738.04406578048 0.000369188809965247 0 0
 741.33877197407 0.000338781991179477 0 0
 744.63249574744 0.000361193585321432 0 0
 747.92522549125 0.000429604792941204 0 0
 751.21694959616 0.000240461912859451 0 0
 754.50765645283 0.000294835472833087 0 0
 757.79733445192 0.000248484019582841 0 0
 761.08597198409 0.000349265898559268 0 0
 764.37355744 0.000299991911506836 0 0
 767.66007921031 0.000274839961894322 0 0
 770.94552568568 0.000289661074041359 0 0
 774.22988525677 0.000242093425143466 0 0
 777.51314631424 0.000330101514453928 0 0
 780.79529724875 0.000312666224829202 0 0
 784.07632645096 0.00035908769629082 0 0
 787.35622231153 0.00028844081061848 0 0
 790.63497322112 0.000348028133980908 0 0
 793.91256757039 0.000358958784373699 0 0
 797.18899375 0.000362136372765428 0 0
 800.46424015061 0.000429042925144188 0 0
 803.73829516288 0.000289041540063333 0 0
 807.01114717747 0.000259514751705166 0 0
 810.28278458504 0.000380679874377105 0 0
 813.55319577625 0.000363744439354464 0 0
 816.82236914176 0.000472818067471727 0 0
 820.09029307223 0.000509721676693679 0 0
 823.35695595832 0.000513667638090406 0 0
 826.62234619069 0.000584854372334344 0 0
 829.88645216 0.000459544061502647 0 0
 833.14926225691 0.000131624776707027 0 0
 836.41076487208 0.000434689020892918 0 0
 839.67094839617 0.000685757097114247 0 0
 842.92980121984 0.000439341984696301 0 0
 846.18731173375 0.00024737704221839 0 0
 849.44346832856 0.000187213126025737 0 0
 852.69825939493 6.12904830689481e-005 0 0
 855.95167332352 0.000611608953087542 0 0
 859.20369850499 0.000435276834194738 0 0
 862.45432333 0.000150102780463691 0 0
 865.70353618921 0.000222967054201481 0 0
 868.95132547328 0.000380197259766922 0 0
 872.19767957287 0.000335891563745444 0 0
 875.44258687864 0.000607864747738422 0 0
 878.68603578125 0.000924075275236239 0 0
 881.92801467136 0.000439095969177075 0 0
 885.16851193963 0.000679171734769091 0 0
 888.40751597672 0.000866515661801095 0 0
 891.64501517329 0.000407169776798789 0 0
 894.88099792 0.000705144584839153 0 0
 898.11545260751 0.000591060138506181 0 0
 901.34836762648 0.000774350302736118 0 0
 904.57973136757 0.00042417693336287 0 0
 907.80953222144 0.000591541336587269 0 0
 911.03775857875 0.00104770510411269 0 0
 914.26439883016 0.000572762395170669 0 0
 917.48944136633 0.00067387328654423 0 0
 920.71287457792 0.0009925070310747 0 0
 923.93468685559 0.000724044826225924 0 0
 927.15486659 0.00162513210866893 0 0
 930.37340217181 0.000755357909978588 0 0
 933.59028199168 0.000687576755761556 0 0
 936.80549444027 0.00018238912049031 0 0
 940.01902790824 0.000989884423097985 0 0
 943.23087078625 0.000826895586594135 0 0
 946.44101146496 0.00123918100143892 0 0
 949.64943833503 0.000500708009043655 0 0
 952.85613978712 0.00141768867576543 0 0
 956.06110421189 0 0 0
 959.26432 0 0 0
 962.46577554211 0 0 0
 965.66545922888 0 0 0
 968.86335945097 0 0 0
 972.05946459904 0 0 0
 975.25376306375 0 0 0
 978.44624323576 0 0 0
 981.63689350573 0 0 0
 984.82570226432 0 0 0
 988.01265790219 0 0 0
 991.19774881 0 0 0
 994.38096337841 0 0 0
 997.56228999808 0 0 0
 1000.74171705967 0 0 0
 1003.91923295384 0 0 0
 1007.09482607125 0 0 0
 1010.26848480256 0 0 0
 1013.44019753843 0 0 0
 1016.60995266952 0 0 0
 1019.77773858649 0 0 0
 1022.94354368 0 0 0
 1026.10735634071 0 0 0
 1029.26916495928 0 0 0
 1032.42895792637 0 0 0
 1035.58672363264 0 0 0
 1038.74245046875 0 0 0
 1041.89612682536 0 0 0
 1045.04774109313 0 0 0
 1048.19728166272 0 0 0
 1051.34473692479 0 0 0
 1054.49009527 0 0 0
 1057.63334508901 0 0 0
 1060.77447477248 0 0 0
 1063.91347271107 0 0 0
 1067.05032729544 0 0 0
 1070.18502691625 0 0 0
 1073.31755996416 0 0 0
 1076.44791482983 0 0 0
 1079.57607990392 0 0 0
 1082.70204357709 0 0 0
 1085.82579424 0 0 0
 1088.94732028331 0 0 0
 1092.06661009768 0 0 0
 1095.18365207377 0 0 0
 1098.29843460224 0 0 0
 1101.41094607375 0 0 0
 1104.52117487896 0 0 0
 1107.62910940853 0 0 0
 1110.73473805312 0 0 0
 1113.83804920339 0 0 0
 1116.93903125 0 0 0
 1120.03767258361 0 0 0
 1123.13396159488 0 0 0
 1126.22788667447 0 0 0
 1129.31943621304 0 0 0
 1132.40859860125 0 0 0
 1135.49536222976 0 0 0
[END] of [DATA]
[END] of [Spectrum]


#TBID:2021-07-09 03:00:00;SAM_84CE;RAW;

[Spectrum]
Version            = 1
IDData             = 96B1_2021-07-09_03-00-00_000_182
IDDevice           = SAM_84CE
IDDataType         = SPECTRUM
IDDataTypeSub1     = RAW
IDDataTypeSub2     = 
IDDataTypeSub3     = 
DateTime           = 2021-07-09 03:00:00
PositionLatitude   = 0
PositionLongitude  = 0
Comment            = 
CommentSub1        = 
CommentSub2        = 
CommentSub3        = 
IDMethodType       = SAM Control
MethodName         = SAM_84CE
Mission            = No Mission
MissionSub         = 1
RecordType         = 0
[Attributes]
CalFactor = 1
IDBasisSpec = 
IDDataBack = DLAB_2015-08-21_11-56-43_233_004
IDDataCal = DLAB_2015-08-26_10-05-37_585_478
IntegrationTime = 4096
P31 = -1
P31e = 0
PathLength = +INF
PathLengthCustomOn = 0
RAWDynamic = 65535
Salinity = 0
Temperature = -NAN
Unit1 = $05 $00 Pixel 
Unit2 = $03 $05 Intensity counts
Unit3 = $f0 $05 Error counts
Unit4 = $f1 $00 Status 
p999 = 317
[END] of [Attributes]
[DATA]
 0 11 0 0
 1 1543 0 0
 2 1546 0 0
 3 1549 0 0
 4 1557 0 0
 5 1563 0 0
 6 1558 0 0
 7 1556 0 0
 8 1563 0 0
 9 1569 0 0
 10 1569 0 0
 11 1578 0 0
 12 1573 0 0
 13 1573 0 0
 14 1579 0 0
 15 1574 0 0
 16 1575 0 0
 17 1570 0 0
 18 1579 0 0
 19 1573 0 0
 20 1585 0 0
 21 1583 0 0
 22 1588 0 0
 23 1597 0 0
 24 1589 0 0
 25 1586 0 0
 26 1597 0 0
 27 1602 0 0
 28 1587 0 0
 29 1589 0 0
 30 1590 0 0
 31 1598 0 0
 32 1595 0 0
 33 1591 0 0
 34 1594 0 0
 35 1586 0 0
 36 1596 0 0
 37 1592 0 0
 38 1598 0 0
 39 1594 0 0
 40 1597 0 0
 41 1596 0 0
 42 1592 0 0
 43 1592 0 0
 44 1589 0 0
 45 1592 0 0
 46 1598 0 0
 47 1599 0 0
 48 1600 0 0
 49 1596 0 0
 50 1602 0 0
 51 1592 0 0
 52 1590 0 0
 53 1602 0 0
 54 1605 0 0
 55 1598 0 0
 56 1597 0 0
 57 1591 0 0
 58 1598 0 0
 59 1596 0 0
 60 1596 0 0
 61 1594 0 0
 62 1604 0 0
 63 1606 0 0
 64 1600 0 0
 65 1597 0 0
 66 1608 0 0
 67 1599 0 0
 68 1608 0 0
 69 1599 0 0
 70 1594 0 0
 71 1600 0 0
 72 1602 0 0
 73 1605 0 0
 74 1605 0 0
 75 1600 0 0
 76 1611 0 0
 77 1605 0 0
 78 1601 0 0
 79 1606 0 0
 80 1607 0 0
 81 1616 0 0
 82 1610 0 0
 83 1602 0 0
 84 1607 0 0
 85 1602 0 0
 86 1606 0 0
 87 1606 0 0
 88 1602 0 0
 89 1608 0 0
 90 1613 0 0
 91 1613 0 0
 92 1609 0 0
 93 1615 0 0
 94 1609 0 0
 95 1605 0 0
 96 1611 0 0
 97 1611 0 0
 98 1615 0 0
 99 1614 0 0
 100 1619 0 0
 101 1611 0 0
 102 1614 0 0
 103 1617 0 0
 104 1613 0 0
 105 1620 0 0
 106 1617 0 0
 107 1611 0 0
 108 1617 0 0
 109 1624 0 0
 110 1614 0 0
 111 1631 0 0
 112 1616 0 0
 113 1617 0 0
 114 1623 0 0
 115 1616 0 0
 116 1618 0 0
 117 1622 0 0
 118 1624 0 0
 119 1620 0 0
 120 1622 0 0
 121 1621 0 0
 122 1630 0 0
 123 1623 0 0
 124 1621 0 0
 125 1619 0 0
 126 1628 0 0
 127 1624 0 0
 128 1624 0 0
 129 1622 0 0
 130 1619 0 0
 131 1632 0 0
 132 1621 0 0
 133 1623 0 0
 134 1625 0 0
 135 1629 0 0
 136 1626 0 0
 137 1636 0 0
 138 1626 0 0
 139 1624 0 0
 140 1627 0 0
 141 1623 0 0
 142 1628 0 0
 143 1627 0 0
 144 1629 0 0
 145 1639 0 0
 146 1632 0 0
 147 1620 0 0
 148 1630 0 0
 149 1623 0 0
 150 1628 0 0
 151 1621 0 0
 152 1627 0 0
 153 1632 0 0
 154 1634 0 0
 155 1631 0 0
 156 1629 0 0
 157 1630 0 0
 158 1628 0 0
 159 1634 0 0
 160 1636 0 0
 161 1639 0 0
 162 1638 0 0
 163 1631 0 0
 164 1636 0 0
 165 1633 0 0
 166 1635 0 0
 167 1640 0 0
 168 1635 0 0
 169 1637 0 0
 170 1640 0 0
 171 1639 0 0
 172 1639 0 0
 173 1639 0 0
 174 1631 0 0
 175 1634 0 0
 176 1638 0 0
 177 1638 0 0
 178 1640 0 0
 179 1639 0 0
 180 1638 0 0
 181 1638 0 0
 182 1636 0 0
 183 1632 0 0
 184 1636 0 0
 185 1639 0 0
 186 1642 0 0
 187 1644 0 0
 188 1638 0 0
 189 1638 0 0
 190 1640 0 0
 191 1644 0 0
 192 1636 0 0
 193 1640 0 0
 194 1638 0 0
 195 1634 0 0
 196 1640 0 0
 197 1640 0 0
 198 1647 0 0
 199 1643 0 0
 200 1646 0 0
 201 1645 0 0
 202 1637 0 0
 203 1641 0 0
 204 1638 0 0
 205 1647 0 0
 206 1647 0 0
 207 1647 0 0
 208 1642 0 0
 209 1641 0 0
 210 1642 0 0
 211 1638 0 0
 212 1644 0 0
 213 1641 0 0
 214 1644 0 0
 215 1646 0 0
 216 1645 0 0
 217 1643 0 0
 218 1649 0 0
 219 1636 0 0
 220 1641 0 0
 221 1646 0 0
 222 1649 0 0
 223 1643 0 0
 224 1635 0 0
 225 1639 0 0
 226 1643 0 0
 227 1648 0 0
 228 1640 0 0
 229 1655 0 0
 230 1650 0 0
 231 1642 0 0
 232 1645 0 0
 233 1649 0 0
 234 1638 0 0
 235 1654 0 0
 236 1637 0 0
 237 1649 0 0
 238 1646 0 0
 239 1642 0 0
 240 1644 0 0
 241 1649 0 0
 242 1638 0 0
 243 1650 0 0
 244 1644 0 0
 245 1642 0 0
 246 1640 0 0
 247 1640 0 0
 248 1634 0 0
 249 1637 0 0
 250 1628 0 0
 251 1632 0 0
 252 1621 0 0
 253 1618 0 0
 254 1609 0 0
 255 1661 0 0
[END] of [DATA]
[END] of [Spectrum]


#TBID:2021-07-09 03:00:00;SAM_84CE;CALIBRATED;

[Spectrum]
Version            = 1
IDData             = 96B1_2021-07-09_03-00-00_000_183
IDDevice           = SAM_84CE
IDDataType         = SPECTRUM
IDDataTypeSub1     = CALIBRATED
IDDataTypeSub2     = 
IDDataTypeSub3     = 
DateTime           = 2021-07-09 03:00:00
PositionLatitude   = 0
PositionLongitude  = 0
Comment            = 
CommentSub1        = 
CommentSub2        = 
CommentSub3        = 
IDMethodType       = SAM Control
MethodName         = SAM_84CE
Mission            = No Mission
MissionSub         = 1
RecordType         = 0
[Attributes]
CalFactor = 1
IDBasisSpec = 
IDDataBack = DLAB_2015-08-21_11-56-43_233_004
IDDataCal = DLAB_2015-08-26_10-05-37_585_478
IntegrationTime = 4096
P31 = -1
P31e = 0
PathLength = +INF
PathLengthCustomOn = 0
RAWDynamic = 65535
Salinity = 0
Temperature = -NAN
Unit1 = $01 $01 Wavelength nm
Unit2 = $03 $06 Intensity mW/(m^2 nm)
Unit3 = $f0 $06 Error mW/(m^2 nm)
Unit4 = $f1 $00 Status 
p999 = 317
[END] of [Attributes]
[DATA]
 0 11 0 0
 303.485180022 0 0 0
 306.85638880275 0 0 0
 310.228324544 0 0 0
 313.60097308125 0 0 0
 316.97432025 -0.0298902188573863 0 0
 320.34835188575 -0.0269310979611092 0 0
 323.723053824 -0.0244211956983908 0 0
 327.09841190025 -0.0217055802375369 0 0
 330.47441195 -0.0206694492551051 0 0
 333.85103980875 -0.0191541274138441 0 0
 337.228281312 -0.0158999500298669 0 0
 340.60612229525 -0.0162688026468137 0 0
 343.984548594 -0.0150660269517819 0 0
 347.36354604375 -0.0136521257439696 0 0
 350.74310048 -0.0116623929810261 0 0
 354.12319773825 -0.0109006686435952 0 0
 357.503823654 -0.0102699133693364 0 0
 360.88496406275 -0.00891953719828847 0 0
 364.2666048 -0.00870861585568657 0 0
 367.64873170125 -0.00842831330863305 0 0
 371.031330602 -0.00836052652834961 0 0
 374.41438733775 -0.00720931253315344 0 0
 377.797887744 -0.00828594339572909 0 0
 381.18181765625 -0.00820358050381071 0 0
 384.56616291 -0.00899793723502885 0 0
 387.95090934075 -0.00772873824261961 0 0
 391.336042784 -0.00694492204500612 0 0
 394.72154907525 -0.00744965686736259 0 0
 398.10741405 -0.00732242647867342 0 0
 401.49362354375 -0.00700087288533935 0 0
 404.880163392 -0.00673528322923096 0 0
 408.26701943025 -0.00627627062677285 0 0
 411.654177494 -0.00600492797678681 0 0
 415.04162341875 -0.00477466342416798 0 0
 418.42934304 -0.00530273499129684 0 0
 421.81732219325 -0.00484799642080626 0 0
 425.205546714 -0.00382276235470792 0 0
 428.59400243775 -0.00418908805416766 0 0
 431.9826752 -0.00404012703573303 0 0
 435.37155083625 -0.00365454318417108 0 0
 438.760615182 -0.00348444684204672 0 0
 442.14985407275 -0.00412738792732238 0 0
 445.539253344 -0.00405058534263148 0 0
 448.92879883125 -0.00375544227716178 0 0
 452.31847637 -0.00346568788839752 0 0
 455.70827179575 -0.00411813124908667 0 0
 459.098170944 -0.00449899762276645 0 0
 462.48815965025 -0.00369535400674024 0 0
 465.87822375 -0.00423878296564482 0 0
 469.26834907875 -0.00382062599298825 0 0
 472.658521472 -0.00427222370626661 0 0
 476.04872676525 -0.00454701552574704 0 0
 479.438950794 -0.00391332154407289 0 0
 482.82917939375 -0.0039536199106986 0 0
 486.2193984 -0.00387087731578344 0 0
 489.60959364825 -0.00398555662084874 0 0
 492.999750974 -0.00492869849466498 0 0
 496.38985621275 -0.00463196706174878 0 0
 499.7798952 -0.00446214091695768 0 0
 503.16985377125 -0.00384010024766982 0 0
 506.559717762 -0.0046809350348485 0 0
 509.94947300775 -0.00428811034104056 0 0
 513.339105344 -0.00341599274355006 0 0
 516.72860060625 -0.00391578859905418 0 0
 520.11794463 -0.00376904049372557 0 0
 523.50712325075 -0.00345477641301936 0 0
 526.896122304 -0.00362435290590786 0 0
 530.28492762525 -0.00275867251156039 0 0
 533.67352505 -0.00276367935907956 0 0
 537.06190041375 -0.00258123924952535 0 0
 540.450039552 -0.00274489527722333 0 0
 543.83792830025 -0.0030073010499884 0 0
 547.225552494 -0.00290868820391148 0 0
 550.61289796875 -0.00249278679798239 0 0
 553.99995056 -0.003271852789048 0 0
 557.38669610325 -0.00298670407527174 0 0
 560.773120434 -0.00262655423486409 0 0
 564.15920938775 -0.00275051211668775 0 0
 567.5449488 -0.00301165217175805 0 0
 570.93032450625 -0.00313566790694014 0 0
 574.315322342 -0.00222731674388801 0 0
 577.69992814275 -0.00236707861282323 0 0
 581.084127744 -0.00313384594756843 0 0
 584.46790698125 -0.00269251694732214 0 0
 587.85125169 -0.00353293817777319 0 0
 591.23414770575 -0.00332507754710168 0 0
 594.616580864 -0.00356961263223551 0 0
 597.99853700025 -0.00384401659909615 0 0
 601.38000195 -0.00310256508283261 0 0
 604.76096154875 -0.00350658822756502 0 0
 608.141401632 -0.0033382851574374 0 0
 611.52130803525 -0.00370512869579414 0 0
 614.900666594 -0.00363036788833305 0 0
 618.27946314375 -0.00340353658595437 0 0
 621.65768352 -0.00353989074377713 0 0
 625.03531355825 -0.00272528746121189 0 0
 628.412339094 -0.00395272463546906 0 0
 631.78874596275 -0.00407296403866774 0 0
 635.16452 -0.00411599185797751 0 0
 638.53964704125 -0.00317765463283716 0 0
 641.914112922 -0.00400202109345069 0 0
 645.28790347775 -0.00412111440369675 0 0
 648.661004544 -0.00394655589891316 0 0
 652.03340195625 -0.00407085693816934 0 0
 655.40508155 -0.00372837974261584 0 0
 658.77602916075 -0.00380614183423286 0 0
 662.146230624 -0.00444917989251507 0 0
 665.51567177525 -0.00321894141877277 0 0
 668.88433845 -0.00370708712318657 0 0
 672.25221648375 -0.00400219461124979 0 0
 675.619291712 -0.00244407469399829 0 0
 678.98554997025 -0.00414677153088355 0 0
 682.350977094 -0.00303212013703811 0 0
 685.71555891875 -0.0027788517489019 0 0
 689.07928128 -0.00362169319761969 0 0
 692.44213001325 -0.00260895195848092 0 0
 695.804090954 -0.00342993220311194 0 0
 699.16514993775 -0.00255781450499642 0 0
 702.5252928 -0.00362791041992127 0 0
 705.88450537625 -0.00342509147874454 0 0
 709.242773502 -0.0028546609179083 0 0
 712.60008301275 -0.00173378434681384 0 0
 715.956419744 -0.00236352813624335 0 0
 719.31176953125 -0.00303703129291782 0 0
 722.66611821 -0.00319804824698449 0 0
 726.01945161575 -0.00294220781907729 0 0
 729.371755584 -0.00187037539777659 0 0
 732.72301595025 -0.00259071632111313 0 0
 736.07321855 -0.00268788336935077 0 0
 739.42234921875 -0.00263314255594597 0 0
 742.770393792 -0.00248759231849397 0 0
 746.11733810525 -0.0029018617217091 0 0
 749.463167994 -0.00261762910478271 0 0
 752.80786929375 -0.00229678770934768 0 0
 756.15142784 -0.00167869740960804 0 0
 759.49382946825 -0.00206845010944799 0 0
 762.835060014 -0.00110122044007945 0 0
 766.17510531275 -0.000486863532873637 0 0
 769.5139512 -0.00400023365564244 0 0
 772.85158351125 -0.0009166519002403 0 0
 776.187988082 -0.00335377415502521 0 0
 779.52315074775 -0.00131307942654584 0 0
 782.857057344 -0.00209050243345527 0 0
 786.18969370625 -0.00186771556320502 0 0
 789.52104567 -0.00150614207734304 0 0
 792.85109907075 -0.00243699641869183 0 0
 796.179839744 -0.00282973483593697 0 0
 799.50725352525 -0.00239730125727317 0 0
 802.83332625 -0.00339242947988651 0 0
 806.15804375375 -0.00142844897512994 0 0
 809.481391872 -0.00363729615761331 0 0
 812.80335644025 -0.00183723122986623 0 0
 816.123923294 -0.00215466030858207 0 0
 819.44307826875 -0.000527947058225061 0 0
 822.7608072 -0.00157816014354212 0 0
 826.07709592325 -0.00204349943780494 0 0
 829.391930274 -0.00302173524182127 0 0
 832.70529608775 -0.00113211966395707 0 0
 836.0171792 -0.00137542481155733 0 0
 839.32756544625 -0.000925527304677495 0 0
 842.636440662 -0.000350138621048651 0 0
 845.94379068275 0.000250544541691331 0 0
 849.249601344 -0.00332293139805369 0 0
 852.55385848125 -0.0008130749739804 0 0
 855.85654793 -0.000959336494052702 0 0
 859.15765552575 0.00096071601788963 0 0
 862.457167104 0.00286734337756628 0 0
 865.75506850025 -0.00018112236647505 0 0
 869.05134555 -0.00171897969217829 0 0
 872.34598408875 -9.42304334253252e-005 0 0
 875.638969952 -0.00195328530234151 0 0
 878.93028897525 0.000632112149167363 0 0
 882.219926994 0.00152161801004452 0 0
 885.50786984375 -0.00209460831950257 0 0
 888.79410336 -0.00424526934143759 0 0
 892.07861337825 9.77897635073404e-005 0 0
 895.361385734 -0.00015661773441426 0 0
 898.64240626275 -0.00124043924134346 0 0
 901.9216608 -0.000657582496677165 0 0
 905.19913518125 -0.00318024924342705 0 0
 908.474815242 -0.0013766683151022 0 0
 911.74868681775 -0.0024793848683126 0 0
 915.020735744 0.0025780018056048 0 0
 918.29094785625 0.00599559129524525 0 0
 921.55930899 0.00210809898934465 0 0
 924.82580498075 0.00198464985234626 0 0
 928.090421664 0.00273796333512959 0 0
 931.35314487525 0.0024282941499904 0 0
 934.61396045 0.00188181936309071 0 0
 937.87285422375 0.00485983367130592 0 0
 941.129812032 0.0066270693403559 0 0
 944.38481971025 -0.00246003719792639 0 0
 947.637863094 0.00503031343543139 0 0
 950.88892801875 0.00428613443868715 0 0
 954.13800032 0 0 0
 957.38506583325 0 0 0
 960.630110394 0 0 0
 963.87311983775 0 0 0
 967.11408 0 0 0
 970.35297671625 0 0 0
 973.589795822 0 0 0
 976.82452315275 0 0 0
 980.057144544 0 0 0
 983.28764583125 0 0 0
 986.51601285 0 0 0
 989.74223143575 0 0 0
 992.966287424 0 0 0
 996.18816665025 0 0 0
 999.40785495 0 0 0
 1002.62533815875 0 0 0
 1005.840602112 0 0 0
 1009.05363264525 0 0 0
 1012.264415594 0 0 0
 1015.47293679375 0 0 0
 1018.67918208 0 0 0
 1021.88313728825 0 0 0
 1025.084788254 0 0 0
 1028.28412081275 0 0 0
 1031.4811208 0 0 0
 1034.67577405125 0 0 0
 1037.868066402 0 0 0
 1041.05798368775 0 0 0
 1044.245511744 0 0 0
 1047.43063640625 0 0 0
 1050.61334351 0 0 0
 1053.79361889075 0 0 0
 1056.971448384 0 0 0
 1060.14681782525 0 0 0
 1063.31971305 0 0 0
 1066.49011989375 0 0 0
 1069.658024192 0 0 0
 1072.82341178025 0 0 0
 1075.986268494 0 0 0
 1079.14658016875 0 0 0
 1082.30433264 0 0 0
 1085.45951174325 0 0 0
 1088.612103314 0 0 0
 1091.76209318775 0 0 0
 1094.9094672 0 0 0
 1098.05421118625 0 0 0
 1101.196310982 0 0 0
 1104.33575242275 0 0 0
 1107.472521344 0 0 0
 1110.60660358125 0 0 0
 1113.73798497 0 0 0
 1116.86665134575 0 0 0
 1119.992588544 0 0 0
 1123.11578240025 0 0 0
 1126.23621875 0 0 0
 1129.35388342875 0 0 0
 1132.468762272 0 0 0
 1135.58084111525 0 0 0
 1138.690105794 0 0 0
 1141.79654214375 0 0 0
 1144.900136 0 0 0
[END] of [DATA]
[END] of [Spectrum]


#TBID:2021-07-09 03:00:00;SAM_84C8;RAW;

[Spectrum]
Version            = 1
IDData             = 96B1_2021-07-09_03-00-00_000_185
IDDevice           = SAM_84C8
IDDataType         = SPECTRUM
IDDataTypeSub1     = RAW
IDDataTypeSub2     = 
IDDataTypeSub3     = 
DateTime           = 2021-07-09 03:00:00
PositionLatitude   = 0
PositionLongitude  = 0
Comment            = 
CommentSub1        = 
CommentSub2        = 
CommentSub3        = 
IDMethodType       = SAM Control
MethodName         = SAM_84C8
Mission            = No Mission
MissionSub         = 1
RecordType         = 0
[Attributes]
CalFactor = 1
IDBasisSpec = 
IDDataBack = DLAB_2015-08-21_12-14-03_013_778
IDDataCal = DLAB_2015-08-24_11-04-47_772_747
IntegrationTime = 4096
P31 = -1
P31e = 0
PathLength = +INF
PathLengthCustomOn = 0
RAWDynamic = 65535
Salinity = 0
Temperature = -NAN
Unit1 = $05 $00 Pixel 
Unit2 = $03 $05 Intensity counts
Unit3 = $f0 $05 Error counts
Unit4 = $f1 $00 Status 
p999 = 317
[END] of [Attributes]
[DATA]
 0 11 0 0
 1 1587 0 0
 2 1575 0 0
 3 1580 0 0
 4 1576 0 0
 5 1575 0 0
 6 1576 0 0
 7 1578 0 0
 8 1577 0 0
 9 1581 0 0
 10 1575 0 0
 11 1586 0 0
 12 1595 0 0
 13 1592 0 0
 14 1595 0 0
 15 1600 0 0
 16 1600 0 0
 17 1611 0 0
 18 1598 0 0
 19 1598 0 0
 20 1595 0 0
 21 1599 0 0
 22 1607 0 0
 23 1602 0 0
 24 1605 0 0
 25 1605 0 0
 26 1600 0 0
 27 1602 0 0
 28 1611 0 0
 29 1606 0 0
 30 1607 0 0
 31 1609 0 0
 32 1609 0 0
 33 1608 0 0
 34 1607 0 0
 35 1597 0 0
 36 1605 0 0
 37 1613 0 0
 38 1599 0 0
 39 1599 0 0
 40 1601 0 0
 41 1602 0 0
 42 1601 0 0
 43 1602 0 0
 44 1597 0 0
 45 1609 0 0
 46 1609 0 0
 47 1603 0 0
 48 1602 0 0
 49 1610 0 0
 50 1603 0 0
 51 1606 0 0
 52 1610 0 0
 53 1605 0 0
 54 1599 0 0
 55 1604 0 0
 56 1607 0 0
 57 1611 0 0
 58 1604 0 0
 59 1607 0 0
 60 1605 0 0
 61 1609 0 0
 62 1614 0 0
 63 1615 0 0
 64 1603 0 0
 65 1613 0 0
 66 1617 0 0
 67 1614 0 0
 68 1620 0 0
 69 1612 0 0
 70 1614 0 0
 71 1605 0 0
 72 1615 0 0
 73 1603 0 0
 74 1610 0 0
 75 1611 0 0
 76 1608 0 0
 77 1611 0 0
 78 1613 0 0
 79 1611 0 0
 80 1615 0 0
 81 1613 0 0
 82 1616 0 0
 83 1624 0 0
 84 1627 0 0
 85 1622 0 0
 86 1618 0 0
 87 1618 0 0
 88 1615 0 0
 89 1618 0 0
 90 1617 0 0
 91 1617 0 0
 92 1616 0 0
 93 1614 0 0
 94 1629 0 0
 95 1620 0 0
 96 1624 0 0
 97 1615 0 0
 98 1617 0 0
 99 1614 0 0
 100 1622 0 0
 101 1624 0 0
 102 1620 0 0
 103 1616 0 0
 104 1614 0 0
 105 1622 0 0
 106 1613 0 0
 107 1616 0 0
 108 1611 0 0
 109 1616 0 0
 110 1625 0 0
 111 1625 0 0
 112 1622 0 0
 113 1624 0 0
 114 1618 0 0
 115 1614 0 0
 116 1621 0 0
 117 1612 0 0
 118 1613 0 0
 119 1623 0 0
 120 1608 0 0
 121 1616 0 0
 122 1611 0 0
 123 1618 0 0
 124 1612 0 0
 125 1620 0 0
 126 1624 0 0
 127 1631 0 0
 128 1619 0 0
 129 1623 0 0
 130 1612 0 0
 131 1621 0 0
 132 1626 0 0
 133 1679 0 0
 134 1626 0 0
 135 1628 0 0
 136 1624 0 0
 137 1631 0 0
 138 1627 0 0
 139 1629 0 0
 140 1622 0 0
 141 1620 0 0
 142 1627 0 0
 143 1629 0 0
 144 1629 0 0
 145 1630 0 0
 146 1629 0 0
 147 1629 0 0
 148 1638 0 0
 149 1630 0 0
 150 1633 0 0
 151 1636 0 0
 152 1640 0 0
 153 1629 0 0
 154 1629 0 0
 155 1626 0 0
 156 1627 0 0
 157 1631 0 0
 158 1621 0 0
 159 1621 0 0
 160 1632 0 0
 161 1626 0 0
 162 1632 0 0
 163 1629 0 0
 164 1624 0 0
 165 1633 0 0
 166 1631 0 0
 167 1632 0 0
 168 1627 0 0
 169 1632 0 0
 170 1642 0 0
 171 1637 0 0
 172 1637 0 0
 173 1622 0 0
 174 1623 0 0
 175 1638 0 0
 176 1628 0 0
 177 1628 0 0
 178 1625 0 0
 179 1633 0 0
 180 1631 0 0
 181 1629 0 0
 182 1631 0 0
 183 1628 0 0
 184 1622 0 0
 185 1633 0 0
 186 1625 0 0
 187 1634 0 0
 188 1629 0 0
 189 1630 0 0
 190 1624 0 0
 191 1628 0 0
 192 1630 0 0
 193 1624 0 0
 194 1633 0 0
 195 1634 0 0
 196 1623 0 0
 197 1625 0 0
 198 1626 0 0
 199 1627 0 0
 200 1626 0 0
 201 1638 0 0
 202 1629 0 0
 203 1632 0 0
 204 1636 0 0
 205 1633 0 0
 206 1634 0 0
 207 1633 0 0
 208 1622 0 0
 209 1622 0 0
 210 1624 0 0
 211 1627 0 0
 212 1623 0 0
 213 1631 0 0
 214 1625 0 0
 215 1628 0 0
 216 1627 0 0
 217 1627 0 0
 218 1625 0 0
 219 1625 0 0
 220 1630 0 0
 221 1635 0 0
 222 1641 0 0
 223 1634 0 0
 224 1639 0 0
 225 1639 0 0
 226 1631 0 0
 227 1634 0 0
 228 1629 0 0
 229 1627 0 0
 230 1628 0 0
 231 1630 0 0
 232 1629 0 0
 233 1625 0 0
 234 1637 0 0
 235 1636 0 0
 236 1623 0 0
 237 1616 0 0
 238 1622 0 0
 239 1625 0 0
 240 1627 0 0
 241 1634 0 0
 242 1631 0 0
 243 1630 0 0
 244 1629 0 0
 245 1631 0 0
 246 1624 0 0
 247 1627 0 0
 248 1626 0 0
 249 1619 0 0
 250 1623 0 0
 251 1609 0 0
 252 1607 0 0
 253 1597 0 0
 254 1591 0 0
 255 1632 0 0
[END] of [DATA]
[END] of [Spectrum]


#TBID:2021-07-09 03:00:00;SAM_84C8;CALIBRATED;

[Spectrum]
Version            = 1
IDData             = 96B1_2021-07-09_03-00-00_000_186
IDDevice           = SAM_84C8
IDDataType         = SPECTRUM
IDDataTypeSub1     = CALIBRATED
IDDataTypeSub2     = 
IDDataTypeSub3     = 
DateTime           = 2021-07-09 03:00:00
PositionLatitude   = 0
PositionLongitude  = 0
Comment            = 
CommentSub1        = 
CommentSub2        = 
CommentSub3        = 
IDMethodType       = SAM Control
MethodName         = SAM_84C8
Mission            = No Mission
MissionSub         = 1
RecordType         = 0
[Attributes]
CalFactor = 1
IDBasisSpec = 
IDDataBack = DLAB_2015-08-21_12-14-03_013_778
IDDataCal = DLAB_2015-08-24_11-04-47_772_747
IntegrationTime = 4096
P31 = -1
P31e = 0
PathLength = +INF
PathLengthCustomOn = 0
RAWDynamic = 65535
Salinity = 0
Temperature = -NAN
Unit1 = $01 $01 Wavelength nm
Unit2 = $03 $03 Intensity mW/(m^2 nm Sr)
Unit3 = $f0 $03 Error mW/(m^2 nm Sr)
Unit4 = $f1 $00 Status 
p999 = 317
[END] of [Attributes]
[DATA]
 0 11 0 0
 303.516048156 0 0 0
 306.890006053 0 0 0
 310.26457112 0 0 0
 313.639731825 0 0 0
 317.015476636 -0.00176623073508659 0 0
 320.391794021 -0.0016483623986537 0 0
 323.768672448 -0.00129851743762838 0 0
 327.146100385 -0.00118042010904655 0 0
 330.5240663 -0.00104736769844214 0 0
 333.902558661 -0.000989065436953363 0 0
 337.281565936 -0.00088803100184961 0 0
 340.661076593 -0.000667879401658287 0 0
 344.0410791 -0.000479628189757674 0 0
 347.421561925 -0.0003719524845639 0 0
 350.802513536 -0.000295933842442956 0 0
 354.183922401 -0.000280390906572175 0 0
 357.565776988 -9.12957093943876e-005 0 0
 360.948065765 -0.000300536378623691 0 0
 364.3307772 -0.000303720417677582 0 0
 367.713899761 -0.000292598763727636 0 0
 371.097421916 -0.000272135755897297 0 0
 374.481332133 -0.000160009464531646 0 0
 377.86561888 -0.000272359270415115 0 0
 381.250270625 -0.000254158484636124 0 0
 384.635275836 -0.000190058148462977 0 0
 388.020622981 -0.000143270460893131 0 0
 391.406300528 -0.00020236555365609 0 0
 394.792296945 -9.54765721693576e-005 0 0
 398.1786007 -0.000146124932480357 0 0
 401.565200261 -0.0001931800400561 0 0
 404.952084096 -9.37259977437082e-005 0 0
 408.339240673 -8.88887936159982e-005 0 0
 411.72665846 -2.94309515984226e-005 0 0
 415.114325925 -5.29887008405388e-005 0 0
 418.502231536 -0.00017290375915737 0 0
 421.890363761 -0.000128881122889341 0 0
 425.278711068 -0.000163468143426909 0 0
 428.667261925 -0.000201339915286 0 0
 432.0560048 -0.000105957545591254 0 0
 435.444928161 -0.000111043854194859 0 0
 438.834020476 -0.000138462915492696 0 0
 442.223270213 -0.000111545176994992 0 0
 445.61266584 -0.000141070256272934 0 0
 449.002195825 -0.000140074468618775 0 0
 452.391848636 -0.000108499307540226 0 0
 455.781612741 -6.43985848725223e-005 0 0
 459.171476608 -0.000116240958462636 0 0
 462.561428705 -0.000174873832091644 0 0
 465.9514575 -0.000124277914217464 0 0
 469.341551461 -0.000101176423194828 0 0
 472.731699056 -0.000142714298110684 0 0
 476.121888753 -8.33249849380167e-005 0 0
 479.51210902 -0.00011734439644664 0 0
 482.902348325 -6.00703890559126e-005 0 0
 486.292595136 -0.000145219859992411 0 0
 489.682837921 -0.000130424132557373 0 0
 493.073065148 -0.000130597477548896 0 0
 496.463265285 -0.000135255843668804 0 0
 499.8534268 -1.69895334201695e-005 0 0
 503.243538161 -8.54601962006809e-005 0 0
 506.633587836 -7.34024067220535e-005 0 0
 510.023564293 -0.00016700751191443 0 0
 513.413456 -4.90358734329004e-005 0 0
 516.803251425 -6.83976701734416e-005 0 0
 520.192939036 1.53854321846068e-005 0 0
 523.582507301 -1.29444696429773e-005 0 0
 526.971944688 -1.87525815586727e-005 0 0
 530.361239665 1.48685506197867e-007 0 0
 533.7503807 -1.44063644341751e-005 0 0
 537.139356261 -7.14897058992554e-005 0 0
 540.528154816 -0.000130741898292872 0 0
 543.916764833 -8.01441661224512e-005 0 0
 547.30517478 -0.000144675392304007 0 0
 550.693373125 -5.32137713344665e-005 0 0
 554.081348336 -7.07690308374589e-005 0 0
 557.469088881 -0.000100459224850155 0 0
 560.856583228 -6.90459938597832e-005 0 0
 564.243819845 -4.6395119180629e-005 0 0
 567.6307872 -8.14139749794491e-005 0 0
 571.017473761 -2.86645696009349e-005 0 0
 574.403867996 -2.21144353828949e-005 0 0
 577.789958373 -8.08620539889434e-005 0 0
 581.17573336 5.62344691196451e-005 0 0
 584.561181425 7.69202290876946e-005 0 0
 587.946291036 0.000101291651128559 0 0
 591.331050661 3.25024011721145e-005 0 0
 594.715448768 -2.63114819215506e-005 0 0
 598.099473825 -1.72360431637534e-005 0 0
 601.4831143 5.04256562404352e-005 0 0
 604.866358661 -0.000100560751982425 0 0
 608.249195376 -4.88696984315243e-005 0 0
 611.631612913 -5.7570618130647e-005 0 0
 615.01359974 4.77484949440064e-006 0 0
 618.395144325 8.4037857318393e-005 0 0
 621.776235136 4.21043972453833e-005 0 0
 625.156860641 1.34066446410616e-005 0 0
 628.537009308 -4.62056550346047e-005 0 0
 631.916669605 7.13708821566674e-006 0 0
 635.29583 -1.73227050088951e-005 0 0
 638.674478961 -5.26979093969813e-005 0 0
 642.052604956 -8.84745182999021e-005 0 0
 645.430196453 -3.53826801161904e-005 0 0
 648.80724192 -2.00248402312392e-005 0 0
 652.183729825 -7.18941269889154e-005 0 0
 655.559648636 -6.55583563708727e-005 0 0
 658.934986821 -6.02449954912887e-005 0 0
 662.309732848 -4.69733618724311e-005 0 0
 665.683875185 -4.6669914820187e-005 0 0
 669.0574023 1.40392044459239e-005 0 0
 672.430302661 -9.2884730496965e-006 0 0
 675.802564736 -0.000155630543098351 0 0
 679.174176993 2.21873952236373e-005 0 0
 682.5451279 6.75515715645252e-005 0 0
 685.915405925 -3.45926934503878e-005 0 0
 689.284999536 -0.00026076649796095 0 0
 692.653897201 -0.000164023511822329 0 0
 696.022087388 -0.000127688351267038 0 0
 699.389558565 -8.46792592136766e-005 0 0
 702.7562992 -5.08176579945675e-005 0 0
 706.122297761 -0.000131837192236146 0 0
 709.487542716 -8.86808562817545e-005 0 0
 712.852022533 -6.53652167806908e-005 0 0
 716.21572568 3.93028225101414e-005 0 0
 719.578640625 -7.36817987136208e-005 0 0
 722.940755836 4.13330001666553e-006 0 0
 726.302059781 9.95646685231136e-005 0 0
 729.662540928 4.88618187627043e-005 0 0
 733.022187745 5.62157943671431e-005 0 0
 736.3809887 2.7936723920893e-005 0 0
 739.738932261 -7.62476134660993e-005 0 0
 743.096006896 -3.41128659525407e-005 0 0
 746.452201073 0.000119585354830994 0 0
 749.80750326 -3.80467738596057e-005 0 0
 753.161901925 4.74863317405781e-005 0 0
 756.515385536 0.000232227076042441 0 0
 759.867942561 0.000118510168830838 0 0
 763.219561468 0.000222601766468114 0 0
 766.570230725 0.000271642576852344 0 0
 769.9199388 7.99413363438039e-005 0 0
 773.268674161 4.64513361105915e-005 0 0
 776.616425276 7.95629819517557e-005 0 0
 779.963180613 0.000119537657229208 0 0
 783.30892864 0.000271738116648828 0 0
 786.653657825 5.49832473684032e-005 0 0
 789.997356636 0.000212235196923244 0 0
 793.340013541 0.000187083475839727 0 0
 796.681617008 0.000396269877243676 0 0
 800.022155505 0.000518010685181346 0 0
 803.3616175 0.000437908517045571 0 0
 806.699991461 0.000505269261004013 0 0
 810.037265856 0.000580692907928691 0 0
 813.373429153 0.000597471415879513 0 0
 816.70846982 0.000408709716857019 0 0
 820.042376325 0.000533358424374612 0 0
 823.375137136 0.000516986292942378 0 0
 826.706740721 0.000267375135614143 0 0
 830.037175548 0.000372020141253034 0 0
 833.366430085 -2.57406953972095e-005 0 0
 836.6944928 0.000164847245670981 0 0
 840.021352161 0.000473826560320204 0 0
 843.346996636 0.000396409740103545 0 0
 846.671414693 0.000587896708507939 0 0
 849.9945948 0.00056536383376311 0 0
 853.316525425 0.000656463109035521 0 0
 856.637195036 0.00061236874829691 0 0
 859.956592101 0.000673275266848534 0 0
 863.274705088 0.000512756117363078 0 0
 866.591522465 0.000344030718937761 0 0
 869.9070327 0.00110053546427466 0 0
 873.221224261 0.00155706146682903 0 0
 876.534085616 0.00161402441960349 0 0
 879.845605233 0.00138668933114625 0 0
 883.15577158 0.00114801997272 0 0
 886.464573125 0.000686603985131093 0 0
 889.771998336 0.00112226587031158 0 0
 893.078035681 0.00107283485472442 0 0
 896.382673628 0.000966194740862523 0 0
 899.685900645 0.00101843024761666 0 0
 902.9877052 0.00136055657074658 0 0
 906.288075761 0.000817409901685915 0 0
 909.587000796 0.000873632361513269 0 0
 912.884468773 0.00121318067641107 0 0
 916.18046816 0.000975114046324332 0 0
 919.474987425 0.00100418974858729 0 0
 922.768015036 0.00172312535919017 0 0
 926.059539461 0.00120594983404669 0 0
 929.349549168 0.0012557869399089 0 0
 932.638032625 0.00183109785779369 0 0
 935.9249783 0.00206539115741184 0 0
 939.210374661 0.00230010004045138 0 0
 942.494210176 0.0016883342168025 0 0
 945.776473313 0.00122594826504996 0 0
 949.05715254 0.00279352873348932 0 0
 952.336236325 0.00249146824375801 0 0
 955.613713136 0 0 0
 958.889571441 0 0 0
 962.163799708 0 0 0
 965.436386405 0 0 0
 968.70732 0 0 0
 971.976588961 0 0 0
 975.244181756 0 0 0
 978.510086853 0 0 0
 981.77429272 0 0 0
 985.036787825 0 0 0
 988.297560636 0 0 0
 991.556599621 0 0 0
 994.813893248 0 0 0
 998.069429985 0 0 0
 1001.3231983 0 0 0
 1004.575186661 0 0 0
 1007.825383536 0 0 0
 1011.073777393 0 0 0
 1014.3203567 0 0 0
 1017.565109925 0 0 0
 1020.808025536 0 0 0
 1024.049092001 0 0 0
 1027.288297788 0 0 0
 1030.525631365 0 0 0
 1033.7610812 0 0 0
 1036.994635761 0 0 0
 1040.226283516 0 0 0
 1043.456012933 0 0 0
 1046.68381248 0 0 0
 1049.909670625 0 0 0
 1053.133575836 0 0 0
 1056.355516581 0 0 0
 1059.575481328 0 0 0
 1062.793458545 0 0 0
 1066.0094367 0 0 0
 1069.223404261 0 0 0
 1072.435349696 0 0 0
 1075.645261473 0 0 0
 1078.85312806 0 0 0
 1082.058937925 0 0 0
 1085.262679536 0 0 0
 1088.464341361 0 0 0
 1091.663911868 0 0 0
 1094.861379525 0 0 0
 1098.0567328 0 0 0
 1101.249960161 0 0 0
 1104.441050076 0 0 0
 1107.629991013 0 0 0
 1110.81677144 0 0 0
 1114.001379825 0 0 0
 1117.183804636 0 0 0
 1120.364034341 0 0 0
 1123.542057408 0 0 0
 1126.717862305 0 0 0
 1129.8914375 0 0 0
 1133.062771461 0 0 0
 1136.231852656 0 0 0
 1139.398669553 0 0 0
 1142.56321062 0 0 0
 1145.725464325 0 0 0
 1148.885419136 0 0 0
[END] of [DATA]
[END] of [Spectrum]

