
#TBID:2021-08-26 02:30:00;SAM_84C8;RAW;

[Spectrum]
Version            = 1
IDData             = 96B1_2021-08-26_02-30-00_000_415
IDDevice           = SAM_84C8
IDDataType         = SPECTRUM
IDDataTypeSub1     = RAW
IDDataTypeSub2     = 
IDDataTypeSub3     = 
DateTime           = 2021-08-26 02:30:00
PositionLatitude   = 0
PositionLongitude  = 0
Comment            = 
CommentSub1        = 
CommentSub2        = 
CommentSub3        = 
IDMethodType       = SAM Control
MethodName         = SAM_84C8
Mission            = No Mission
MissionSub         = 1
RecordType         = 0
[Attributes]
CalFactor = 1
IDBasisSpec = 
IDDataBack = DLAB_2015-08-21_12-14-03_013_778
IDDataCal = DLAB_2015-08-24_11-04-47_772_747
IntegrationTime = 4096
P31 = -1
P31e = 0
PathLength = +INF
PathLengthCustomOn = 0
RAWDynamic = 65535
Salinity = 0
Temperature = -NAN
Unit1 = $05 $00 Pixel 
Unit2 = $03 $05 Intensity counts
Unit3 = $f0 $05 Error counts
Unit4 = $f1 $00 Status 
p999 = 2240
[END] of [Attributes]
[DATA]
 0 11 0 0
 1 1444 0 0
 2 1429 0 0
 3 1432 0 0
 4 1439 0 0
 5 1431 0 0
 6 1432 0 0
 7 1433 0 0
 8 1444 0 0
 9 1445 0 0
 10 1444 0 0
 11 1445 0 0
 12 1443 0 0
 13 1443 0 0
 14 1444 0 0
 15 1437 0 0
 16 1447 0 0
 17 1451 0 0
 18 1445 0 0
 19 1447 0 0
 20 1450 0 0
 21 1450 0 0
 22 1457 0 0
 23 1460 0 0
 24 1461 0 0
 25 1458 0 0
 26 1452 0 0
 27 1448 0 0
 28 1459 0 0
 29 1455 0 0
 30 1455 0 0
 31 1457 0 0
 32 1459 0 0
 33 1460 0 0
 34 1459 0 0
 35 1460 0 0
 36 1465 0 0
 37 1467 0 0
 38 1463 0 0
 39 1460 0 0
 40 1452 0 0
 41 1458 0 0
 42 1454 0 0
 43 1460 0 0
 44 1450 0 0
 45 1457 0 0
 46 1465 0 0
 47 1466 0 0
 48 1470 0 0
 49 1470 0 0
 50 1467 0 0
 51 1469 0 0
 52 1471 0 0
 53 1466 0 0
 54 1452 0 0
 55 1464 0 0
 56 1468 0 0
 57 1466 0 0
 58 1462 0 0
 59 1460 0 0
 60 1454 0 0
 61 1453 0 0
 62 1468 0 0
 63 1456 0 0
 64 1455 0 0
 65 1461 0 0
 66 1461 0 0
 67 1474 0 0
 68 1477 0 0
 69 1467 0 0
 70 1472 0 0
 71 1470 0 0
 72 1475 0 0
 73 1465 0 0
 74 1458 0 0
 75 1464 0 0
 76 1465 0 0
 77 1472 0 0
 78 1470 0 0
 79 1470 0 0
 80 1465 0 0
 81 1479 0 0
 82 1473 0 0
 83 1476 0 0
 84 1476 0 0
 85 1469 0 0
 86 1469 0 0
 87 1469 0 0
 88 1452 0 0
 89 1462 0 0
 90 1464 0 0
 91 1470 0 0
 92 1471 0 0
 93 1466 0 0
 94 1474 0 0
 95 1464 0 0
 96 1475 0 0
 97 1473 0 0
 98 1467 0 0
 99 1468 0 0
 100 1472 0 0
 101 1473 0 0
 102 1474 0 0
 103 1467 0 0
 104 1471 0 0
 105 1479 0 0
 106 1473 0 0
 107 1473 0 0
 108 1466 0 0
 109 1469 0 0
 110 1473 0 0
 111 1481 0 0
 112 1464 0 0
 113 1466 0 0
 114 1466 0 0
 115 1471 0 0
 116 1473 0 0
 117 1467 0 0
 118 1464 0 0
 119 1472 0 0
 120 1464 0 0
 121 1468 0 0
 122 1467 0 0
 123 1475 0 0
 124 1478 0 0
 125 1476 0 0
 126 1470 0 0
 127 1480 0 0
 128 1469 0 0
 129 1478 0 0
 130 1465 0 0
 131 1468 0 0
 132 1468 0 0
 133 1510 0 0
 134 1468 0 0
 135 1470 0 0
 136 1471 0 0
 137 1472 0 0
 138 1467 0 0
 139 1476 0 0
 140 1465 0 0
 141 1465 0 0
 142 1475 0 0
 143 1466 0 0
 144 1486 0 0
 145 1482 0 0
 146 1487 0 0
 147 1482 0 0
 148 1483 0 0
 149 1480 0 0
 150 1478 0 0
 151 1480 0 0
 152 1475 0 0
 153 1464 0 0
 154 1466 0 0
 155 1461 0 0
 156 1468 0 0
 157 1473 0 0
 158 1469 0 0
 159 1466 0 0
 160 1472 0 0
 161 1468 0 0
 162 1473 0 0
 163 1471 0 0
 164 1473 0 0
 165 1476 0 0
 166 1483 0 0
 167 1487 0 0
 168 1479 0 0
 169 1481 0 0
 170 1484 0 0
 171 1481 0 0
 172 1482 0 0
 173 1472 0 0
 174 1475 0 0
 175 1483 0 0
 176 1474 0 0
 177 1479 0 0
 178 1464 0 0
 179 1474 0 0
 180 1472 0 0
 181 1475 0 0
 182 1473 0 0
 183 1469 0 0
 184 1469 0 0
 185 1484 0 0
 186 1475 0 0
 187 1482 0 0
 188 1472 0 0
 189 1478 0 0
 190 1469 0 0
 191 1475 0 0
 192 1477 0 0
 193 1472 0 0
 194 1474 0 0
 195 1476 0 0
 196 1469 0 0
 197 1476 0 0
 198 1476 0 0
 199 1459 0 0
 200 1467 0 0
 201 1471 0 0
 202 1468 0 0
 203 1467 0 0
 204 1475 0 0
 205 1470 0 0
 206 1478 0 0
 207 1471 0 0
 208 1468 0 0
 209 1471 0 0
 210 1466 0 0
 211 1477 0 0
 212 1470 0 0
 213 1465 0 0
 214 1467 0 0
 215 1470 0 0
 216 1465 0 0
 217 1465 0 0
 218 1470 0 0
 219 1466 0 0
 220 1483 0 0
 221 1483 0 0
 222 1477 0 0
 223 1471 0 0
 224 1476 0 0
 225 1469 0 0
 226 1470 0 0
 227 1462 0 0
 228 1462 0 0
 229 1466 0 0
 230 1466 0 0
 231 1467 0 0
 232 1465 0 0
 233 1462 0 0
 234 1468 0 0
 235 1467 0 0
 236 1476 0 0
 237 1472 0 0
 238 1470 0 0
 239 1473 0 0
 240 1474 0 0
 241 1476 0 0
 242 1474 0 0
 243 1474 0 0
 244 1470 0 0
 245 1473 0 0
 246 1465 0 0
 247 1467 0 0
 248 1470 0 0
 249 1464 0 0
 250 1464 0 0
 251 1452 0 0
 252 1448 0 0
 253 1446 0 0
 254 1437 0 0
 255 1476 0 0
[END] of [DATA]
[END] of [Spectrum]


#TBID:2021-08-26 02:30:00;SAM_84C8;CALIBRATED;

[Spectrum]
Version            = 1
IDData             = 96B1_2021-08-26_02-30-00_000_416
IDDevice           = SAM_84C8
IDDataType         = SPECTRUM
IDDataTypeSub1     = CALIBRATED
IDDataTypeSub2     = 
IDDataTypeSub3     = 
DateTime           = 2021-08-26 02:30:00
PositionLatitude   = 0
PositionLongitude  = 0
Comment            = 
CommentSub1        = 
CommentSub2        = 
CommentSub3        = 
IDMethodType       = SAM Control
MethodName         = SAM_84C8
Mission            = No Mission
MissionSub         = 1
RecordType         = 0
[Attributes]
CalFactor = 1
IDBasisSpec = 
IDDataBack = DLAB_2015-08-21_12-14-03_013_778
IDDataCal = DLAB_2015-08-24_11-04-47_772_747
IntegrationTime = 4096
P31 = -1
P31e = 0
PathLength = +INF
PathLengthCustomOn = 0
RAWDynamic = 65535
Salinity = 0
Temperature = -NAN
Unit1 = $01 $01 Wavelength nm
Unit2 = $03 $03 Intensity mW/(m^2 nm Sr)
Unit3 = $f0 $03 Error mW/(m^2 nm Sr)
Unit4 = $f1 $00 Status 
p999 = 2240
[END] of [Attributes]
[DATA]
 0 11 0 0
 303.516048156 0 0 0
 306.890006053 0 0 0
 310.26457112 0 0 0
 313.639731825 0 0 0
 317.015476636 -0.00124146040170197 0 0
 320.391794021 -0.00117843387063619 0 0
 323.768672448 -0.000896954925070884 0 0
 327.146100385 -0.00037404524010769 0 0
 330.5240663 -0.000375563891579032 0 0
 333.902558661 -0.000184291016555184 0 0
 337.281565936 -0.000431225165239125 0 0
 340.661076593 -0.000565709975377007 0 0
 344.0410791 -0.00030320167633268 0 0
 347.421561925 -0.000259621310754395 0 0
 350.802513536 -0.000467423770879483 0 0
 354.183922401 -0.000227342968646428 0 0
 357.565776988 -0.000180153937268102 0 0
 360.948065765 -0.000253652922401803 0 0
 364.3307772 -0.000221381571623878 0 0
 367.713899761 -0.000100905368432004 0 0
 371.097421916 -0.000151688759729726 0 0
 374.481332133 -5.52913419630606e-005 0 0
 377.86561888 -7.94016922695943e-006 0 0
 381.250270625 -2.30667631971644e-005 0 0
 384.635275836 -1.56966099819999e-005 0 0
 388.020622981 1.16859341877586e-005 0 0
 391.406300528 -0.000171506802732167 0 0
 394.792296945 -2.42781324923374e-005 0 0
 398.1786007 -5.67419866944781e-005 0 0
 401.565200261 -0.000125867635178451 0 0
 404.952084096 -2.90800157653635e-005 0 0
 408.339240673 7.63880149400325e-006 0 0
 411.72665846 9.53166159554685e-005 0 0
 415.114325925 6.47059873497068e-005 0 0
 418.502231536 0.000100109978856531 0 0
 421.890363761 8.65636876410868e-005 0 0
 425.278711068 -3.87855437717092e-005 0 0
 428.667261925 4.14680322912261e-005 0 0
 432.0560048 9.05618104074478e-005 0 0
 435.444928161 -3.6323208948631e-005 0 0
 438.834020476 -9.59964793963179e-006 0 0
 442.223270213 -1.7329985915251e-005 0 0
 445.61266584 8.6284340035888e-006 0 0
 449.002195825 -4.47708063441694e-005 0 0
 452.391848636 -6.84443136520674e-005 0 0
 455.781612741 7.05606661714724e-005 0 0
 459.171476608 0.000106835396365264 0 0
 462.561428705 0.000116123765621697 0 0
 465.9514575 7.20759194131394e-005 0 0
 469.341551461 0.000150697807290341 0 0
 472.731699056 9.99146499557384e-005 0 0
 476.121888753 0.000135640286490907 0 0
 479.51210902 0.000104360468898101 0 0
 482.902348325 5.59768828138283e-005 0 0
 486.292595136 6.98261753568344e-005 0 0
 489.682837921 0.000101768482550981 0 0
 493.073065148 1.89507662082766e-005 0 0
 496.463265285 5.81379522891801e-005 0 0
 499.8534268 0.000104844427204178 0 0
 503.243538161 -2.13388064808475e-005 0 0
 506.633587836 -8.04448360683009e-005 0 0
 510.023564293 -3.53015657430238e-005 0 0
 513.413456 -9.6575875318054e-005 0 0
 516.803251425 3.09241888901534e-005 0 0
 520.192939036 6.04792677560254e-005 0 0
 523.582507301 -1.92088015081238e-005 0 0
 526.971944688 0.000170250081157279 0 0
 530.361239665 0.000149156467629383 0 0
 533.7503807 0.000108503371785446 0 0
 537.139356261 8.44242294705876e-005 0 0
 540.528154816 0.000104049490754207 0 0
 543.916764833 9.6555330220289e-005 0 0
 547.30517478 5.45698467656944e-005 0 0
 550.693373125 -1.32806970976299e-005 0 0
 554.081348336 2.66430708748505e-005 0 0
 557.469088881 4.38470106230287e-005 0 0
 560.856583228 0.000123521466150715 0 0
 564.243819845 0.000101515701216071 0 0
 567.6307872 9.29448976444215e-005 0 0
 571.017473761 3.87043901985708e-005 0 0
 574.403867996 0.000246315525924988 0 0
 577.789958373 7.84230853790561e-005 0 0
 581.17573336 0.00015385262500704 0 0
 584.561181425 0.000136827204769771 0 0
 587.946291036 0.00013536186854561 0 0
 591.331050661 0.000123257442382862 0 0
 594.715448768 6.66853188882483e-005 0 0
 598.099473825 -0.00012721153494976 0 0
 601.4831143 4.29068174161726e-005 0 0
 604.866358661 -6.21003821694008e-005 0 0
 608.249195376 8.40930625980021e-005 0 0
 611.631612913 0.000107971951090499 0 0
 615.01359974 0.000123580979214041 0 0
 618.395144325 9.20169513085802e-005 0 0
 621.776235136 3.40460812814947e-005 0 0
 625.156860641 0.000119605268316729 0 0
 628.537009308 0.000179051612643773 0 0
 631.916669605 0.000101450262563327 0 0
 635.29583 0.000150558924333929 0 0
 638.674478961 4.75788803438228e-005 0 0
 642.052604956 -4.0446529722289e-006 0 0
 645.430196453 0.000147333295680723 0 0
 648.80724192 0.000107832482144429 0 0
 652.183729825 0.000178696263419496 0 0
 655.559648636 0.000189012018932192 0 0
 658.934986821 0.000259622227561042 0 0
 662.309732848 0.000213327415460345 0 0
 665.683875185 0.000173156704370147 0 0
 669.0574023 0.000192691181747731 0 0
 672.430302661 6.46646814187665e-005 0 0
 675.802564736 8.99956752958739e-005 0 0
 679.174176993 -3.19242502712865e-005 0 0
 682.5451279 1.28441633729097e-005 0 0
 685.915405925 4.2658026160996e-005 0 0
 689.284999536 1.74791599334233e-005 0 0
 692.653897201 4.0486700428221e-006 0 0
 696.022087388 0.000109270290960747 0 0
 699.389558565 6.32938430309395e-005 0 0
 702.7562992 5.23757218498409e-005 0 0
 706.122297761 0.000133578871424848 0 0
 709.487542716 8.54240217880915e-005 0 0
 712.852022533 0.000202883529504059 0 0
 716.21572568 0.000331770321555601 0 0
 719.578640625 0.000430270202173365 0 0
 722.940755836 0.000274063541289585 0 0
 726.302059781 0.000134803842827924 0 0
 729.662540928 0.00015487979605409 0 0
 733.022187745 0.00018627005867217 0 0
 736.3809887 0.000277701697152502 0 0
 739.738932261 0.000127732623256773 0 0
 743.096006896 2.65170824425567e-005 0 0
 746.452201073 5.81358247663967e-005 0 0
 749.80750326 -0.000374546010786338 0 0
 753.161901925 -1.5671634421552e-005 0 0
 756.515385536 0.000168182976538435 0 0
 759.867942561 0.000183472711438271 0 0
 763.219561468 0.000130375269416125 0 0
 766.570230725 0.000151285908715556 0 0
 769.9199388 0.000147890925735559 0 0
 773.268674161 4.99933053702686e-006 0 0
 776.616425276 9.36488541392779e-005 0 0
 779.963180613 0.000220239383893363 0 0
 783.30892864 5.07346436715738e-005 0 0
 786.653657825 0.000433485509100583 0 0
 789.997356636 0.000445998904246407 0 0
 793.340013541 0.000621492883361055 0 0
 796.681617008 0.000679248236832736 0 0
 800.022155505 0.000535245480754673 0 0
 803.3616175 0.000634137957977911 0 0
 806.699991461 0.000523750556248137 0 0
 810.037265856 0.000561546621707065 0 0
 813.373429153 0.000220624587723644 0 0
 816.70846982 1.8152202156145e-005 0 0
 820.042376325 0.000213912896166792 0 0
 823.375137136 9.73582635814346e-005 0 0
 826.706740721 0.000106804263681547 0 0
 830.037175548 0.000252794469047346 0 0
 833.366430085 0.000147865828398728 0 0
 836.6944928 0.000190684320771803 0 0
 840.021352161 0.00023116052225583 0 0
 843.346996636 0.000255340354762594 0 0
 846.671414693 0.000380980910152082 0 0
 849.9945948 0.000410473003707117 0 0
 853.316525425 0.00094833016111838 0 0
 856.637195036 0.000510431591462269 0 0
 859.956592101 0.00120667581381878 0 0
 863.274705088 0.00129406646862038 0 0
 866.591522465 0.00092651308623539 0 0
 869.9070327 0.00146493838389255 0 0
 873.221224261 0.00134623622802092 0 0
 876.534085616 0.00157020443929544 0 0
 879.845605233 0.00143216083198069 0 0
 883.15577158 0.00166686032032893 0 0
 886.464573125 0.00141920080417738 0 0
 889.771998336 0.00117281231250567 0 0
 893.078035681 0.00122978566105758 0 0
 896.382673628 0.00167027017602821 0 0
 899.685900645 0.000400109606269096 0 0
 902.9877052 0.000951954309820605 0 0
 906.288075761 0.000392263895471042 0 0
 909.587000796 0.00106367579105033 0 0
 912.884468773 0.000882429180730914 0 0
 916.18046816 0.00049097308413862 0 0
 919.474987425 0.00136584088390886 0 0
 922.768015036 0.00271132265963652 0 0
 926.059539461 0.00208193158264538 0 0
 929.349549168 0.00184172531080956 0 0
 932.638032625 0.00156746062111747 0 0
 935.9249783 0.00271328110674629 0 0
 939.210374661 0.00239759581592034 0 0
 942.494210176 0.00220308533159091 0 0
 945.776473313 0.00176720101386223 0 0
 949.05715254 0.00358885189384791 0 0
 952.336236325 0.0016616857759459 0 0
 955.613713136 0 0 0
 958.889571441 0 0 0
 962.163799708 0 0 0
 965.436386405 0 0 0
 968.70732 0 0 0
 971.976588961 0 0 0
 975.244181756 0 0 0
 978.510086853 0 0 0
 981.77429272 0 0 0
 985.036787825 0 0 0
 988.297560636 0 0 0
 991.556599621 0 0 0
 994.813893248 0 0 0
 998.069429985 0 0 0
 1001.3231983 0 0 0
 1004.575186661 0 0 0
 1007.825383536 0 0 0
 1011.073777393 0 0 0
 1014.3203567 0 0 0
 1017.565109925 0 0 0
 1020.808025536 0 0 0
 1024.049092001 0 0 0
 1027.288297788 0 0 0
 1030.525631365 0 0 0
 1033.7610812 0 0 0
 1036.994635761 0 0 0
 1040.226283516 0 0 0
 1043.456012933 0 0 0
 1046.68381248 0 0 0
 1049.909670625 0 0 0
 1053.133575836 0 0 0
 1056.355516581 0 0 0
 1059.575481328 0 0 0
 1062.793458545 0 0 0
 1066.0094367 0 0 0
 1069.223404261 0 0 0
 1072.435349696 0 0 0
 1075.645261473 0 0 0
 1078.85312806 0 0 0
 1082.058937925 0 0 0
 1085.262679536 0 0 0
 1088.464341361 0 0 0
 1091.663911868 0 0 0
 1094.861379525 0 0 0
 1098.0567328 0 0 0
 1101.249960161 0 0 0
 1104.441050076 0 0 0
 1107.629991013 0 0 0
 1110.81677144 0 0 0
 1114.001379825 0 0 0
 1117.183804636 0 0 0
 1120.364034341 0 0 0
 1123.542057408 0 0 0
 1126.717862305 0 0 0
 1129.8914375 0 0 0
 1133.062771461 0 0 0
 1136.231852656 0 0 0
 1139.398669553 0 0 0
 1142.56321062 0 0 0
 1145.725464325 0 0 0
 1148.885419136 0 0 0
[END] of [DATA]
[END] of [Spectrum]


#TBID:2021-08-26 03:00:00;SAM_84CE;RAW;

[Spectrum]
Version            = 1
IDData             = 96B1_2021-08-26_03-00-00_000_419
IDDevice           = SAM_84CE
IDDataType         = SPECTRUM
IDDataTypeSub1     = RAW
IDDataTypeSub2     = 
IDDataTypeSub3     = 
DateTime           = 2021-08-26 03:00:00
PositionLatitude   = 0
PositionLongitude  = 0
Comment            = 
CommentSub1        = 
CommentSub2        = 
CommentSub3        = 
IDMethodType       = SAM Control
MethodName         = SAM_84CE
Mission            = No Mission
MissionSub         = 1
RecordType         = 0
[Attributes]
CalFactor = 1
IDBasisSpec = 
IDDataBack = DLAB_2015-08-21_11-56-43_233_004
IDDataCal = DLAB_2015-08-26_10-05-37_585_478
IntegrationTime = 4096
P31 = -1
P31e = 0
PathLength = +INF
PathLengthCustomOn = 0
RAWDynamic = 65535
Salinity = 0
Temperature = -NAN
Unit1 = $05 $00 Pixel 
Unit2 = $03 $05 Intensity counts
Unit3 = $f0 $05 Error counts
Unit4 = $f1 $00 Status 
p999 = 2241
[END] of [Attributes]
[DATA]
 0 11 0 0
 1 1432 0 0
 2 1428 0 0
 3 1431 0 0
 4 1446 0 0
 5 1438 0 0
 6 1442 0 0
 7 1440 0 0
 8 1446 0 0
 9 1454 0 0
 10 1447 0 0
 11 1451 0 0
 12 1456 0 0
 13 1457 0 0
 14 1454 0 0
 15 1450 0 0
 16 1453 0 0
 17 1453 0 0
 18 1459 0 0
 19 1452 0 0
 20 1463 0 0
 21 1462 0 0
 22 1457 0 0
 23 1467 0 0
 24 1462 0 0
 25 1467 0 0
 26 1468 0 0
 27 1472 0 0
 28 1470 0 0
 29 1466 0 0
 30 1467 0 0
 31 1472 0 0
 32 1466 0 0
 33 1468 0 0
 34 1467 0 0
 35 1473 0 0
 36 1472 0 0
 37 1462 0 0
 38 1477 0 0
 39 1477 0 0
 40 1477 0 0
 41 1469 0 0
 42 1471 0 0
 43 1478 0 0
 44 1467 0 0
 45 1474 0 0
 46 1477 0 0
 47 1479 0 0
 48 1479 0 0
 49 1474 0 0
 50 1473 0 0
 51 1472 0 0
 52 1472 0 0
 53 1471 0 0
 54 1480 0 0
 55 1479 0 0
 56 1471 0 0
 57 1475 0 0
 58 1473 0 0
 59 1471 0 0
 60 1474 0 0
 61 1472 0 0
 62 1476 0 0
 63 1477 0 0
 64 1475 0 0
 65 1479 0 0
 66 1486 0 0
 67 1474 0 0
 68 1478 0 0
 69 1476 0 0
 70 1476 0 0
 71 1477 0 0
 72 1481 0 0
 73 1486 0 0
 74 1481 0 0
 75 1480 0 0
 76 1485 0 0
 77 1478 0 0
 78 1477 0 0
 79 1483 0 0
 80 1480 0 0
 81 1485 0 0
 82 1480 0 0
 83 1475 0 0
 84 1476 0 0
 85 1477 0 0
 86 1483 0 0
 87 1481 0 0
 88 1475 0 0
 89 1479 0 0
 90 1484 0 0
 91 1484 0 0
 92 1482 0 0
 93 1481 0 0
 94 1475 0 0
 95 1476 0 0
 96 1474 0 0
 97 1480 0 0
 98 1490 0 0
 99 1485 0 0
 100 1479 0 0
 101 1476 0 0
 102 1479 0 0
 103 1480 0 0
 104 1476 0 0
 105 1480 0 0
 106 1483 0 0
 107 1483 0 0
 108 1484 0 0
 109 1489 0 0
 110 1481 0 0
 111 1491 0 0
 112 1484 0 0
 113 1482 0 0
 114 1486 0 0
 115 1488 0 0
 116 1483 0 0
 117 1486 0 0
 118 1488 0 0
 119 1486 0 0
 120 1488 0 0
 121 1480 0 0
 122 1486 0 0
 123 1480 0 0
 124 1482 0 0
 125 1484 0 0
 126 1490 0 0
 127 1483 0 0
 128 1482 0 0
 129 1484 0 0
 130 1483 0 0
 131 1485 0 0
 132 1487 0 0
 133 1486 0 0
 134 1484 0 0
 135 1482 0 0
 136 1479 0 0
 137 1486 0 0
 138 1485 0 0
 139 1489 0 0
 140 1480 0 0
 141 1481 0 0
 142 1483 0 0
 143 1486 0 0
 144 1487 0 0
 145 1490 0 0
 146 1490 0 0
 147 1481 0 0
 148 1483 0 0
 149 1480 0 0
 150 1485 0 0
 151 1482 0 0
 152 1484 0 0
 153 1487 0 0
 154 1477 0 0
 155 1481 0 0
 156 1482 0 0
 157 1478 0 0
 158 1478 0 0
 159 1484 0 0
 160 1483 0 0
 161 1492 0 0
 162 1487 0 0
 163 1480 0 0
 164 1484 0 0
 165 1487 0 0
 166 1482 0 0
 167 1483 0 0
 168 1484 0 0
 169 1488 0 0
 170 1484 0 0
 171 1486 0 0
 172 1485 0 0
 173 1484 0 0
 174 1482 0 0
 175 1493 0 0
 176 1484 0 0
 177 1486 0 0
 178 1485 0 0
 179 1487 0 0
 180 1482 0 0
 181 1486 0 0
 182 1487 0 0
 183 1479 0 0
 184 1474 0 0
 185 1480 0 0
 186 1485 0 0
 187 1490 0 0
 188 1477 0 0
 189 1478 0 0
 190 1483 0 0
 191 1486 0 0
 192 1486 0 0
 193 1483 0 0
 194 1480 0 0
 195 1479 0 0
 196 1479 0 0
 197 1484 0 0
 198 1489 0 0
 199 1478 0 0
 200 1482 0 0
 201 1488 0 0
 202 1479 0 0
 203 1482 0 0
 204 1481 0 0
 205 1482 0 0
 206 1491 0 0
 207 1484 0 0
 208 1478 0 0
 209 1482 0 0
 210 1481 0 0
 211 1480 0 0
 212 1472 0 0
 213 1482 0 0
 214 1483 0 0
 215 1487 0 0
 216 1490 0 0
 217 1480 0 0
 218 1482 0 0
 219 1485 0 0
 220 1476 0 0
 221 1485 0 0
 222 1480 0 0
 223 1484 0 0
 224 1480 0 0
 225 1481 0 0
 226 1484 0 0
 227 1488 0 0
 228 1475 0 0
 229 1489 0 0
 230 1482 0 0
 231 1482 0 0
 232 1488 0 0
 233 1486 0 0
 234 1483 0 0
 235 1485 0 0
 236 1477 0 0
 237 1486 0 0
 238 1484 0 0
 239 1484 0 0
 240 1477 0 0
 241 1485 0 0
 242 1478 0 0
 243 1484 0 0
 244 1481 0 0
 245 1483 0 0
 246 1477 0 0
 247 1481 0 0
 248 1467 0 0
 249 1477 0 0
 250 1468 0 0
 251 1476 0 0
 252 1470 0 0
 253 1461 0 0
 254 1458 0 0
 255 1505 0 0
[END] of [DATA]
[END] of [Spectrum]


#TBID:2021-08-26 03:00:00;SAM_84CE;CALIBRATED;

[Spectrum]
Version            = 1
IDData             = 96B1_2021-08-26_03-00-00_000_420
IDDevice           = SAM_84CE
IDDataType         = SPECTRUM
IDDataTypeSub1     = CALIBRATED
IDDataTypeSub2     = 
IDDataTypeSub3     = 
DateTime           = 2021-08-26 03:00:00
PositionLatitude   = 0
PositionLongitude  = 0
Comment            = 
CommentSub1        = 
CommentSub2        = 
CommentSub3        = 
IDMethodType       = SAM Control
MethodName         = SAM_84CE
Mission            = No Mission
MissionSub         = 1
RecordType         = 0
[Attributes]
CalFactor = 1
IDBasisSpec = 
IDDataBack = DLAB_2015-08-21_11-56-43_233_004
IDDataCal = DLAB_2015-08-26_10-05-37_585_478
IntegrationTime = 4096
P31 = -1
P31e = 0
PathLength = +INF
PathLengthCustomOn = 0
RAWDynamic = 65535
Salinity = 0
Temperature = -NAN
Unit1 = $01 $01 Wavelength nm
Unit2 = $03 $06 Intensity mW/(m^2 nm)
Unit3 = $f0 $06 Error mW/(m^2 nm)
Unit4 = $f1 $00 Status 
p999 = 2241
[END] of [Attributes]
[DATA]
 0 11 0 0
 303.485180022 0 0 0
 306.85638880275 0 0 0
 310.228324544 0 0 0
 313.60097308125 0 0 0
 316.97432025 -0.0134681061258184 0 0
 320.34835188575 -0.00795974637212296 0 0
 323.723053824 -0.00715583580404612 0 0
 327.09841190025 -0.00534864664443506 0 0
 330.47441195 -0.00466537672253388 0 0
 333.85103980875 -0.00599068092815279 0 0
 337.228281312 -0.00518875597232688 0 0
 340.60612229525 -0.0033369411673558 0 0
 343.984548594 -0.00276003505632755 0 0
 347.36354604375 -0.00467353552379659 0 0
 350.74310048 -0.00324816978349881 0 0
 354.12319773825 -0.00274401252691596 0 0
 357.503823654 -0.00168539633925187 0 0
 360.88496406275 -0.00134162950195753 0 0
 364.2666048 -0.00146955073456908 0 0
 367.64873170125 -0.00137824974109889 0 0
 371.031330602 -0.00100251747845199 0 0
 374.41438733775 -0.00155843981928774 0 0
 377.797887744 -0.00226799882458639 0 0
 381.18181765625 -0.00145474931722242 0 0
 384.56616291 -0.000502318318099048 0 0
 387.95090934075 -0.00127052612577728 0 0
 391.336042784 -0.000747030837843908 0 0
 394.72154907525 0.00127839574153157 0 0
 398.10741405 -2.03901883119423e-005 0 0
 401.49362354375 4.53651637247857e-005 0 0
 404.880163392 -0.000540431008395903 0 0
 408.26701943025 -0.000910635577226081 0 0
 411.654177494 1.8702729902295e-005 0 0
 415.04162341875 0.000284639709490153 0 0
 418.42934304 0.00144271634634479 0 0
 421.81732219325 2.08657927732333e-005 0 0
 425.205546714 1.35103343367498e-005 0 0
 428.59400243775 0.000531579240880123 0 0
 431.9826752 0.000939113490374683 0 0
 435.37155083625 0.000829440767055912 0 0
 438.760615182 0.000138596345775789 0 0
 442.14985407275 0.000106542884820422 0 0
 445.539253344 0.000951825887466915 0 0
 448.92879883125 0.000438615324923717 0 0
 452.31847637 0.00126851287555288 0 0
 455.70827179575 0.000392040858973636 0 0
 459.098170944 0.000256055191150031 0 0
 462.48815965025 0.00105914988950869 0 0
 465.87822375 0.000501186486865584 0 0
 469.26834907875 0.000118842912619823 0 0
 472.658521472 0.000869465338876743 0 0
 476.04872676525 0.000913455427941751 0 0
 479.438950794 -8.81875645255711e-005 0 0
 482.82917939375 0.000719871446988627 0 0
 486.2193984 0.00167992660420396 0 0
 489.60959364825 0.000681864687283322 0 0
 492.999750974 0.00114824256402438 0 0
 496.38985621275 0.000220925900132378 0 0
 499.7798952 0.000373504102775121 0 0
 503.16985377125 0.00136736211615245 0 0
 506.559717762 0.000461057568833928 0 0
 509.94947300775 -2.45062993055732e-005 0 0
 513.339105344 0.000623748849914786 0 0
 516.72860060625 0.000519375592853081 0 0
 520.11794463 0.00139498205742467 0 0
 523.50712325075 0.00108630183241056 0 0
 526.896122304 0.000446595335846802 0 0
 530.28492762525 0.000653778556782293 0 0
 533.67352505 0.0013583539328244 0 0
 537.06190041375 0.00202819785830993 0 0
 540.450039552 0.00128480353081078 0 0
 543.83792830025 0.00121787286770171 0 0
 547.225552494 0.00152729424982648 0 0
 550.61289796875 0.00142011024069177 0 0
 553.99995056 0.00109603364645028 0 0
 557.38669610325 0.00076296087076421 0 0
 560.773120434 0.00106109466108556 0 0
 564.15920938775 0.00133468200596368 0 0
 567.5449488 0.0012609079493172 0 0
 570.93032450625 0.000755512925286958 0 0
 574.315322342 0.00126470576979516 0 0
 577.69992814275 0.00131958601897407 0 0
 581.084127744 0.00100569185291196 0 0
 584.46790698125 0.00103264688246786 0 0
 587.85125169 0.00105835987386141 0 0
 591.23414770575 0.00163897942613129 0 0
 594.616580864 0.00122628047024673 0 0
 597.99853700025 0.000765237289459164 0 0
 601.38000195 0.00130381975169218 0 0
 604.76096154875 0.000959363226405918 0 0
 608.141401632 0.00118052325912585 0 0
 611.52130803525 0.00115090154936358 0 0
 614.900666594 0.000245101631197465 0 0
 618.27946314375 0.000520458032662446 0 0
 621.65768352 0.00121641223021929 0 0
 625.03531355825 0.000912927882189451 0 0
 628.412339094 0.000781258596428672 0 0
 631.78874596275 0.00184627170258873 0 0
 635.16452 0.00131517997896992 0 0
 638.53964704125 0.000459798808334158 0 0
 641.914112922 0.000659270551677099 0 0
 645.28790347775 0.000653055491849996 0 0
 648.661004544 0.000547101475178763 0 0
 652.03340195625 0.000505258178078408 0 0
 655.40508155 0.000317252146274743 0 0
 658.77602916075 0.00150020377292241 0 0
 662.146230624 0.00212718599929889 0 0
 665.51567177525 0.00237268920032893 0 0
 668.88433845 0.00149803893581046 0 0
 672.25221648375 0.00162130046132449 0 0
 675.619291712 0.0017330411638297 0 0
 678.98554997025 0.00165584930238303 0 0
 682.350977094 0.00213716844745315 0 0
 685.71555891875 0.00196855734721187 0 0
 689.07928128 0.00297896334041847 0 0
 692.44213001325 0.00261420739474783 0 0
 695.804090954 0.00166355553561974 0 0
 699.16514993775 0.0026064456117189 0 0
 702.5252928 0.00201619188928664 0 0
 705.88450537625 0.0022591666504203 0 0
 709.242773502 0.00134678863560524 0 0
 712.60008301275 0.00183276553141631 0 0
 715.956419744 0.00143866717507316 0 0
 719.31176953125 0.00165873737452831 0 0
 722.66611821 0.00238974171841969 0 0
 726.01945161575 0.00199156499692609 0 0
 729.371755584 0.00241371858778068 0 0
 732.72301595025 0.00148899251302697 0 0
 736.07321855 0.0023156679550327 0 0
 739.42234921875 0.00286673250589708 0 0
 742.770393792 0.00055967370850657 0 0
 746.11733810525 0.00319525206396563 0 0
 749.463167994 0.00286106883832719 0 0
 752.80786929375 0.00230670024485888 0 0
 756.15142784 0.00154020768407837 0 0
 759.49382946825 0.00119718699478506 0 0
 762.835060014 0.00146620987098478 0 0
 766.17510531275 0.0043911091655241 0 0
 769.5139512 0.00249571869142925 0 0
 772.85158351125 0.00255930220087294 0 0
 776.187988082 0.00151665818751962 0 0
 779.52315074775 0.00284482279209817 0 0
 782.857057344 0.00327811018831884 0 0
 786.18969370625 0.00336937833147891 0 0
 789.52104567 0.00182716224191244 0 0
 792.85109907075 0.00312902664056153 0 0
 796.179839744 0.00386455852306728 0 0
 799.50725352525 0.00193592808119842 0 0
 802.83332625 0.00244560490220404 0 0
 806.15804375375 0.00462211263870503 0 0
 809.481391872 0.00408126953128836 0 0
 812.80335644025 0.00466676872994459 0 0
 816.123923294 0.00381533004475003 0 0
 819.44307826875 0.000818619517813863 0 0
 822.7608072 0.00274810169700484 0 0
 826.07709592325 0.00375798530923828 0 0
 829.391930274 0.000748002876906039 0 0
 832.70529608775 0.00373531789349796 0 0
 836.0171792 0.00369630421772743 0 0
 839.32756544625 0.00283217638570407 0 0
 842.636440662 0.00680453600899694 0 0
 845.94379068275 0.00549784655238963 0 0
 849.249601344 0.00217662723581262 0 0
 852.55385848125 0.00433455473608833 0 0
 855.85654793 0.00833025314440053 0 0
 859.15765552575 0.00594221420789601 0 0
 862.457167104 0.00523865995521533 0 0
 865.75506850025 0.00674755250463827 0 0
 869.05134555 0.00706888684788636 0 0
 872.34598408875 0.00340752889992136 0 0
 875.638969952 0.00420752771729958 0 0
 878.93028897525 0.00615857441988479 0 0
 882.219926994 0.00634982455818123 0 0
 885.50786984375 0.00852222475219612 0 0
 888.79410336 0.0145303179067233 0 0
 892.07861337825 0.00645802731792748 0 0
 895.361385734 0.00851298753294617 0 0
 898.64240626275 0.0045203717572732 0 0
 901.9216608 0.00868628262331932 0 0
 905.19913518125 0.00187284692159268 0 0
 908.474815242 0.00874715683041012 0 0
 911.74868681775 0.0119026390702945 0 0
 915.020735744 0.0122989773956523 0 0
 918.29094785625 0.0036844665058444 0 0
 921.55930899 0.00404829770371172 0 0
 924.82580498075 0.00706775532580152 0 0
 928.090421664 0.0128955495648633 0 0
 931.35314487525 0.00130444998963411 0 0
 934.61396045 0.00247336045633409 0 0
 937.87285422375 0.0110836268841132 0 0
 941.129812032 0.0112147277264722 0 0
 944.38481971025 0.0189335143503102 0 0
 947.637863094 0.0122393668151278 0 0
 950.88892801875 0.00956726228379544 0 0
 954.13800032 0 0 0
 957.38506583325 0 0 0
 960.630110394 0 0 0
 963.87311983775 0 0 0
 967.11408 0 0 0
 970.35297671625 0 0 0
 973.589795822 0 0 0
 976.82452315275 0 0 0
 980.057144544 0 0 0
 983.28764583125 0 0 0
 986.51601285 0 0 0
 989.74223143575 0 0 0
 992.966287424 0 0 0
 996.18816665025 0 0 0
 999.40785495 0 0 0
 1002.62533815875 0 0 0
 1005.840602112 0 0 0
 1009.05363264525 0 0 0
 1012.264415594 0 0 0
 1015.47293679375 0 0 0
 1018.67918208 0 0 0
 1021.88313728825 0 0 0
 1025.084788254 0 0 0
 1028.28412081275 0 0 0
 1031.4811208 0 0 0
 1034.67577405125 0 0 0
 1037.868066402 0 0 0
 1041.05798368775 0 0 0
 1044.245511744 0 0 0
 1047.43063640625 0 0 0
 1050.61334351 0 0 0
 1053.79361889075 0 0 0
 1056.971448384 0 0 0
 1060.14681782525 0 0 0
 1063.31971305 0 0 0
 1066.49011989375 0 0 0
 1069.658024192 0 0 0
 1072.82341178025 0 0 0
 1075.986268494 0 0 0
 1079.14658016875 0 0 0
 1082.30433264 0 0 0
 1085.45951174325 0 0 0
 1088.612103314 0 0 0
 1091.76209318775 0 0 0
 1094.9094672 0 0 0
 1098.05421118625 0 0 0
 1101.196310982 0 0 0
 1104.33575242275 0 0 0
 1107.472521344 0 0 0
 1110.60660358125 0 0 0
 1113.73798497 0 0 0
 1116.86665134575 0 0 0
 1119.992588544 0 0 0
 1123.11578240025 0 0 0
 1126.23621875 0 0 0
 1129.35388342875 0 0 0
 1132.468762272 0 0 0
 1135.58084111525 0 0 0
 1138.690105794 0 0 0
 1141.79654214375 0 0 0
 1144.900136 0 0 0
[END] of [DATA]
[END] of [Spectrum]


#TBID:2021-08-26 03:00:00;SAM_84DC;RAW;

[Spectrum]
Version            = 1
IDData             = 96B1_2021-08-26_03-00-00_000_422
IDDevice           = SAM_84DC
IDDataType         = SPECTRUM
IDDataTypeSub1     = RAW
IDDataTypeSub2     = 
IDDataTypeSub3     = 
DateTime           = 2021-08-26 03:00:00
PositionLatitude   = 0
PositionLongitude  = 0
Comment            = 
CommentSub1        = 
CommentSub2        = 
CommentSub3        = 
IDMethodType       = SAM Control
MethodName         = SAM_84DC
Mission            = No Mission
MissionSub         = 1
RecordType         = 0
[Attributes]
CalFactor = 1
IDBasisSpec = 
IDDataBack = DLAB_2015-08-21_13-19-54_137_939
IDDataCal = DLAB_2015-08-24_10-46-55_592_608
IntegrationTime = 4096
P31 = -1
P31e = 0
PathLength = +INF
PathLengthCustomOn = 0
RAWDynamic = 65535
Salinity = 0
Temperature = -NAN
Unit1 = $05 $00 Pixel 
Unit2 = $03 $05 Intensity counts
Unit3 = $f0 $05 Error counts
Unit4 = $f1 $00 Status 
p999 = 2241
[END] of [Attributes]
[DATA]
 0 11 0 0
 1 1471 0 0
 2 1465 0 0
 3 1475 0 0
 4 1490 0 0
 5 1478 0 0
 6 1480 0 0
 7 1481 0 0
 8 1491 0 0
 9 1485 0 0
 10 1483 0 0
 11 1489 0 0
 12 1484 0 0
 13 1485 0 0
 14 1495 0 0
 15 1482 0 0
 16 1487 0 0
 17 1496 0 0
 18 1486 0 0
 19 1491 0 0
 20 1486 0 0
 21 1484 0 0
 22 1490 0 0
 23 1496 0 0
 24 1494 0 0
 25 1497 0 0
 26 1494 0 0
 27 1494 0 0
 28 1494 0 0
 29 1493 0 0
 30 1486 0 0
 31 1492 0 0
 32 1498 0 0
 33 1491 0 0
 34 1492 0 0
 35 1490 0 0
 36 1502 0 0
 37 1497 0 0
 38 1496 0 0
 39 1489 0 0
 40 1501 0 0
 41 1492 0 0
 42 1487 0 0
 43 1496 0 0
 44 1497 0 0
 45 1493 0 0
 46 1494 0 0
 47 1492 0 0
 48 1486 0 0
 49 1496 0 0
 50 1492 0 0
 51 1493 0 0
 52 1488 0 0
 53 1494 0 0
 54 1486 0 0
 55 1496 0 0
 56 1492 0 0
 57 1493 0 0
 58 1488 0 0
 59 1492 0 0
 60 1488 0 0
 61 1491 0 0
 62 1488 0 0
 63 1486 0 0
 64 1494 0 0
 65 1485 0 0
 66 1477 0 0
 67 1485 0 0
 68 1491 0 0
 69 1489 0 0
 70 1492 0 0
 71 1487 0 0
 72 1484 0 0
 73 1490 0 0
 74 1492 0 0
 75 1483 0 0
 76 1488 0 0
 77 1486 0 0
 78 1482 0 0
 79 1492 0 0
 80 1480 0 0
 81 1485 0 0
 82 1487 0 0
 83 1483 0 0
 84 1481 0 0
 85 1488 0 0
 86 1482 0 0
 87 1485 0 0
 88 1481 0 0
 89 1474 0 0
 90 1473 0 0
 91 1476 0 0
 92 1468 0 0
 93 1479 0 0
 94 1475 0 0
 95 1476 0 0
 96 1474 0 0
 97 1475 0 0
 98 1476 0 0
 99 1476 0 0
 100 1479 0 0
 101 1475 0 0
 102 1480 0 0
 103 1477 0 0
 104 1479 0 0
 105 1480 0 0
 106 1476 0 0
 107 1481 0 0
 108 1478 0 0
 109 1484 0 0
 110 1480 0 0
 111 1477 0 0
 112 1477 0 0
 113 1478 0 0
 114 1477 0 0
 115 1485 0 0
 116 1481 0 0
 117 1476 0 0
 118 1474 0 0
 119 1479 0 0
 120 1473 0 0
 121 1487 0 0
 122 1474 0 0
 123 1477 0 0
 124 1477 0 0
 125 1479 0 0
 126 1480 0 0
 127 1476 0 0
 128 1474 0 0
 129 1479 0 0
 130 1480 0 0
 131 1475 0 0
 132 1483 0 0
 133 1474 0 0
 134 1478 0 0
 135 1478 0 0
 136 1472 0 0
 137 1478 0 0
 138 1471 0 0
 139 1477 0 0
 140 1473 0 0
 141 1485 0 0
 142 1477 0 0
 143 1480 0 0
 144 1476 0 0
 145 1474 0 0
 146 1473 0 0
 147 1472 0 0
 148 1471 0 0
 149 1472 0 0
 150 1471 0 0
 151 1474 0 0
 152 1475 0 0
 153 1477 0 0
 154 1474 0 0
 155 1475 0 0
 156 1477 0 0
 157 1480 0 0
 158 1471 0 0
 159 1474 0 0
 160 1476 0 0
 161 1471 0 0
 162 1470 0 0
 163 1469 0 0
 164 1469 0 0
 165 1468 0 0
 166 1477 0 0
 167 1478 0 0
 168 1473 0 0
 169 1475 0 0
 170 1468 0 0
 171 1479 0 0
 172 1471 0 0
 173 1479 0 0
 174 1473 0 0
 175 1470 0 0
 176 1471 0 0
 177 1470 0 0
 178 1476 0 0
 179 1471 0 0
 180 1468 0 0
 181 1468 0 0
 182 1474 0 0
 183 1478 0 0
 184 1471 0 0
 185 1475 0 0
 186 1473 0 0
 187 1471 0 0
 188 1474 0 0
 189 1470 0 0
 190 1470 0 0
 191 1473 0 0
 192 1480 0 0
 193 1475 0 0
 194 1476 0 0
 195 1468 0 0
 196 1476 0 0
 197 1480 0 0
 198 1474 0 0
 199 1477 0 0
 200 1477 0 0
 201 1481 0 0
 202 1468 0 0
 203 1480 0 0
 204 1480 0 0
 205 1472 0 0
 206 1473 0 0
 207 1477 0 0
 208 1465 0 0
 209 1479 0 0
 210 1473 0 0
 211 1469 0 0
 212 1473 0 0
 213 1470 0 0
 214 1470 0 0
 215 1475 0 0
 216 1473 0 0
 217 1480 0 0
 218 1480 0 0
 219 1474 0 0
 220 1474 0 0
 221 1480 0 0
 222 1481 0 0
 223 1481 0 0
 224 1476 0 0
 225 1482 0 0
 226 1477 0 0
 227 1481 0 0
 228 1482 0 0
 229 1480 0 0
 230 1478 0 0
 231 1478 0 0
 232 1482 0 0
 233 1475 0 0
 234 1475 0 0
 235 1480 0 0
 236 1474 0 0
 237 1483 0 0
 238 1480 0 0
 239 1486 0 0
 240 1483 0 0
 241 1480 0 0
 242 1479 0 0
 243 1484 0 0
 244 1480 0 0
 245 1484 0 0
 246 1484 0 0
 247 1483 0 0
 248 1488 0 0
 249 1482 0 0
 250 1475 0 0
 251 1477 0 0
 252 1482 0 0
 253 1469 0 0
 254 1454 0 0
 255 1518 0 0
[END] of [DATA]
[END] of [Spectrum]


#TBID:2021-08-26 03:00:00;SAM_84DC;CALIBRATED;

[Spectrum]
Version            = 1
IDData             = 96B1_2021-08-26_03-00-00_000_423
IDDevice           = SAM_84DC
IDDataType         = SPECTRUM
IDDataTypeSub1     = CALIBRATED
IDDataTypeSub2     = 
IDDataTypeSub3     = 
DateTime           = 2021-08-26 03:00:00
PositionLatitude   = 0
PositionLongitude  = 0
Comment            = 
CommentSub1        = 
CommentSub2        = 
CommentSub3        = 
IDMethodType       = SAM Control
MethodName         = SAM_84DC
Mission            = No Mission
MissionSub         = 1
RecordType         = 0
[Attributes]
CalFactor = 1
IDBasisSpec = 
IDDataBack = DLAB_2015-08-21_13-19-54_137_939
IDDataCal = DLAB_2015-08-24_10-46-55_592_608
IntegrationTime = 4096
P31 = -1
P31e = 0
PathLength = +INF
PathLengthCustomOn = 0
RAWDynamic = 65535
Salinity = 0
Temperature = -NAN
Unit1 = $01 $01 Wavelength nm
Unit2 = $03 $03 Intensity mW/(m^2 nm Sr)
Unit3 = $f0 $03 Error mW/(m^2 nm Sr)
Unit4 = $f1 $00 Status 
p999 = 2241
[END] of [Attributes]
[DATA]
 0 11 0 0
 305.71650776488 0 0 0
 309.04007505697 0 0 0
 312.36416914304 0 0 0
 315.68877841375 0 0 0
 319.01389125976 0.000450705202759412 0 0
 322.33949607173 0.000745329605478297 0 0
 325.66558124032 0.00032313375810547 0 0
 328.99213515619 0.000727097135434602 0 0
 332.31914621 0.000360699820585796 0 0
 335.64660279241 0.000366787138458218 0 0
 338.97449329408 0.000435054021348014 0 0
 342.30280610567 0.000427168662534094 0 0
 345.63152961784 0.000401250448039642 0 0
 348.96065222125 0.000363428295442817 0 0
 352.29016230656 0.000356968941140933 0 0
 355.62004826443 0.000267055777702512 0 0
 358.95029848552 0.000322873538679489 0 0
 362.28090136049 0.000291124561337578 0 0
 365.61184528 0.000343479012358355 0 0
 368.94311863471 0.000311596556513127 0 0
 372.27470981528 0.000342440551961177 0 0
 375.60660721237 0.00030092582963839 0 0
 378.93879921664 0.000436288109296279 0 0
 382.27127421875 0.000423004901142828 0 0
 385.60402060936 0.00062101181124482 0 0
 388.93702677913 0.000424199112063617 0 0
 392.27028111872 0.000410263881041032 0 0
 395.60377201879 0.000524517642196278 0 0
 398.93748787 0.000493423393144264 0 0
 402.27141706301 0.000373236425134324 0 0
 405.60554798848 0.000291473647545919 0 0
 408.93986903707 0.000400874099679098 0 0
 412.27436859944 0.000342264050070766 0 0
 415.60903506625 0.00025122360908031 0 0
 418.94385682816 0.000286201165168607 0 0
 422.27882227583 0.000285785984839519 0 0
 425.61391979992 0.000239254272360918 0 0
 428.94913779109 0.000254054422106446 0 0
 432.28446464 0.000213723558538728 0 0
 435.61988873731 0.000205743071502099 0 0
 438.95539847368 0.000182608607656049 0 0
 442.29098223977 0.000145488785393384 0 0
 445.62662842624 0.000215081656539581 0 0
 448.96232542375 0.000207265453741863 0 0
 452.29806162296 0.000182385156540942 0 0
 455.63382541453 0.000150658907843081 0 0
 458.96960518912 0.000111981695934001 0 0
 462.30538933739 0.00014466265935862 0 0
 465.64116625 0.000259495127088131 0 0
 468.97692431761 0.000237023305244405 0 0
 472.31265193088 0.00022580496500439 0 0
 475.64833748047 0.000153934671062831 0 0
 478.98396935704 0.000264749212209164 0 0
 482.31953595125 0.000163904107588574 0 0
 485.65502565376 0.000237674822859685 0 0
 488.99042685523 0.000215976905363751 0 0
 492.32572794632 0.000177036847928982 0 0
 495.66091731769 0.000117896196308115 0 0
 498.99598336 8.42065133565067e-005 0 0
 502.33091446391 0.000119933573459027 0 0
 505.66569902008 0.000120516219155624 0 0
 509.00032541917 0.000172975253484251 0 0
 512.33478205184 0.000102937790257896 0 0
 515.66905730875 0.000179182548234215 0 0
 519.00313958056 0.000113053569355045 0 0
 522.33701725793 0.000109240186425545 0 0
 525.67067873152 6.79529938868677e-005 0 0
 529.00411239199 0.000112767680846143 0 0
 532.33730663 0.000139349434989914 0 0
 535.67024983621 0.0001170519686519 0 0
 539.00293040128 3.25055352032e-005 0 0
 542.33533671587 7.58698953038021e-005 0 0
 545.66745717064 9.05168998214813e-005 0 0
 548.99928015625 9.69591112342824e-005 0 0
 552.33079406336 8.61131848426846e-005 0 0
 555.66198728263 7.85283581072128e-005 0 0
 558.99284820472 6.83778452463536e-005 0 0
 562.32336522029 0.000101681164684407 0 0
 565.65352672 0.000102363208027043 0 0
 568.98332109451 4.51096363950364e-005 0 0
 572.31273673448 1.99911832666119e-005 0 0
 575.64176203057 0.000129559743935422 0 0
 578.97038537344 4.35067239915918e-005 0 0
 582.29859515375 0.000111322611298626 0 0
 585.62637976216 2.49776110679361e-005 0 0
 588.95372758933 2.30097295889413e-005 0 0
 592.28062702592 4.85113303865487e-005 0 0
 595.60706646259 5.94075352330904e-005 0 0
 598.93303429 -0.000126474763468425 0 0
 602.25851889881 -3.35363397834919e-006 0 0
 605.58350867968 -5.40275555785092e-005 0 0
 608.90799202327 -0.000168036737308122 0 0
 612.23195732024 1.30547522243001e-006 0 0
 615.55539296125 -0.000115367133426787 0 0
 618.87828733696 -8.85971825819678e-005 0 0
 622.20062883803 -3.21025943003354e-005 0 0
 625.52240585512 -0.000143754835579442 0 0
 628.84360677889 -6.80351223545739e-006 0 0
 632.16422 -5.53189725581748e-005 0 0
 635.48423390911 -3.25106549502625e-005 0 0
 638.80363689688 -3.01349305410362e-005 0 0
 642.12241735397 -7.50161917742353e-006 0 0
 645.44056367104 -2.7339574951095e-005 0 0
 648.75806423875 1.03095661827405e-005 0 0
 652.07490744776 -3.54228654443824e-005 0 0
 655.39108168873 -8.16858059275244e-005 0 0
 658.70657535232 -0.000122924453544691 0 0
 662.02137682919 -5.3264573436153e-005 0 0
 665.33547451 4.5325200308005e-005 0 0
 668.64885678541 3.43456389699836e-005 0 0
 671.96151204608 -8.1838938993227e-005 0 0
 675.27342868267 -6.08594987000586e-005 0 0
 678.58459508584 8.40477434821413e-005 0 0
 681.89499964625 -8.13419994030644e-005 0 0
 685.20463075456 2.56607117104433e-005 0 0
 688.51347680143 6.06498576035021e-005 0 0
 691.82152617752 -3.17802225492134e-005 0 0
 695.12876727349 -2.55171023660529e-005 0 0
 698.43518848 2.03003642430101e-005 0 0
 701.74077818771 6.83842405628097e-005 0 0
 705.04552478728 2.49456479871829e-005 0 0
 708.34941666937 -3.15498734960218e-005 0 0
 711.65244222464 -0.000100024043543681 0 0
 714.95458984375 -0.000100310982441765 0 0
 718.25584791736 7.11916006940039e-005 0 0
 721.55620483613 -3.4609102365985e-005 0 0
 724.85564899072 -9.38956417762782e-005 0 0
 728.15416877179 -6.76920065578909e-005 0 0
 731.45175257 5.31491194750954e-005 0 0
 734.74838877601 -7.77891823435785e-005 0 0
 738.04406578048 -3.96856671172685e-005 0 0
 741.33877197407 5.6266744106528e-005 0 0
 744.63249574744 -0.000101833824671339 0 0
 747.92522549125 2.70884287860709e-005 0 0
 751.21694959616 -5.40404399595151e-005 0 0
 754.50765645283 -2.72100254804048e-005 0 0
 757.79733445192 -3.13827925366391e-005 0 0
 761.08597198409 -7.67869423419504e-005 0 0
 764.37355744 -1.14969942638415e-005 0 0
 767.66007921031 -4.08387201118802e-005 0 0
 770.94552568568 9.3124332743047e-005 0 0
 774.22988525677 6.7410360362822e-005 0 0
 777.51314631424 2.39499468720396e-005 0 0
 780.79529724875 -2.66444015914902e-005 0 0
 784.07632645096 3.75467182265552e-005 0 0
 787.35622231153 -4.29745809885568e-005 0 0
 790.63497322112 -0.00010892870367252 0 0
 793.91256757039 -0.000262830621410961 0 0
 797.18899375 -0.000190630851786536 0 0
 800.46424015061 -8.07505384884402e-005 0 0
 803.73829516288 -0.000173870910996829 0 0
 807.01114717747 -8.30153486150822e-005 0 0
 810.28278458504 -0.000153827007938005 0 0
 813.55319577625 -0.000191158505345047 0 0
 816.82236914176 -0.000102745339791764 0 0
 820.09029307223 0.000152125550109374 0 0
 823.35695595832 -6.55000484722857e-005 0 0
 826.62234619069 -0.000232775564644487 0 0
 829.88645216 -0.000257055309247277 0 0
 833.14926225691 -0.000146475718473035 0 0
 836.41076487208 -9.87336138809173e-005 0 0
 839.67094839617 2.6557946493833e-005 0 0
 842.92980121984 -0.000249881808953748 0 0
 846.18731173375 -0.000362496142089774 0 0
 849.44346832856 -0.000568197330236284 0 0
 852.69825939493 -0.000362933456594917 0 0
 855.95167332352 -0.000151674599056586 0 0
 859.20369850499 -0.000362402608484617 0 0
 862.45432333 -0.000264419134036041 0 0
 865.70353618921 -0.000717189385296697 0 0
 868.95132547328 -0.000296595270296982 0 0
 872.19767957287 0.000104362472936655 0 0
 875.44258687864 -0.000122446906834224 0 0
 878.68603578125 -0.000425700759056128 0 0
 881.92801467136 -0.000432477608304803 0 0
 885.16851193963 -0.000675686263493644 0 0
 888.40751597672 -0.000441656913598991 0 0
 891.64501517329 -0.000169045907228041 0 0
 894.88099792 -9.14773144085976e-005 0 0
 898.11545260751 -0.000545818076492548 0 0
 901.34836762648 -0.000512510710470245 0 0
 904.57973136757 -0.000241070787885202 0 0
 907.80953222144 0.000131993283686114 0 0
 911.03775857875 -0.000519071641058049 0 0
 914.26439883016 -0.000177147806809058 0 0
 917.48944136633 -0.000633814490801083 0 0
 920.71287457792 -0.000919447333789904 0 0
 923.93468685559 0.000301254702808947 0 0
 927.15486659 -0.000169910605176187 0 0
 930.37340217181 -0.000497137292692027 0 0
 933.59028199168 -0.000463118154569991 0 0
 936.80549444027 -0.000854661002917034 0 0
 940.01902790824 -0.000650595852607016 0 0
 943.23087078625 6.19929239417199e-005 0 0
 946.44101146496 -0.000789079944758331 0 0
 949.64943833503 -0.00119838833822138 0 0
 952.85613978712 0.000537541654100267 0 0
 956.06110421189 0 0 0
 959.26432 0 0 0
 962.46577554211 0 0 0
 965.66545922888 0 0 0
 968.86335945097 0 0 0
 972.05946459904 0 0 0
 975.25376306375 0 0 0
 978.44624323576 0 0 0
 981.63689350573 0 0 0
 984.82570226432 0 0 0
 988.01265790219 0 0 0
 991.19774881 0 0 0
 994.38096337841 0 0 0
 997.56228999808 0 0 0
 1000.74171705967 0 0 0
 1003.91923295384 0 0 0
 1007.09482607125 0 0 0
 1010.26848480256 0 0 0
 1013.44019753843 0 0 0
 1016.60995266952 0 0 0
 1019.77773858649 0 0 0
 1022.94354368 0 0 0
 1026.10735634071 0 0 0
 1029.26916495928 0 0 0
 1032.42895792637 0 0 0
 1035.58672363264 0 0 0
 1038.74245046875 0 0 0
 1041.89612682536 0 0 0
 1045.04774109313 0 0 0
 1048.19728166272 0 0 0
 1051.34473692479 0 0 0
 1054.49009527 0 0 0
 1057.63334508901 0 0 0
 1060.77447477248 0 0 0
 1063.91347271107 0 0 0
 1067.05032729544 0 0 0
 1070.18502691625 0 0 0
 1073.31755996416 0 0 0
 1076.44791482983 0 0 0
 1079.57607990392 0 0 0
 1082.70204357709 0 0 0
 1085.82579424 0 0 0
 1088.94732028331 0 0 0
 1092.06661009768 0 0 0
 1095.18365207377 0 0 0
 1098.29843460224 0 0 0
 1101.41094607375 0 0 0
 1104.52117487896 0 0 0
 1107.62910940853 0 0 0
 1110.73473805312 0 0 0
 1113.83804920339 0 0 0
 1116.93903125 0 0 0
 1120.03767258361 0 0 0
 1123.13396159488 0 0 0
 1126.22788667447 0 0 0
 1129.31943621304 0 0 0
 1132.40859860125 0 0 0
 1135.49536222976 0 0 0
[END] of [DATA]
[END] of [Spectrum]


#TBID:2021-08-26 03:00:00;SAM_84C8;RAW;

[Spectrum]
Version            = 1
IDData             = 96B1_2021-08-26_03-00-00_000_425
IDDevice           = SAM_84C8
IDDataType         = SPECTRUM
IDDataTypeSub1     = RAW
IDDataTypeSub2     = 
IDDataTypeSub3     = 
DateTime           = 2021-08-26 03:00:00
PositionLatitude   = 0
PositionLongitude  = 0
Comment            = 
CommentSub1        = 
CommentSub2        = 
CommentSub3        = 
IDMethodType       = SAM Control
MethodName         = SAM_84C8
Mission            = No Mission
MissionSub         = 1
RecordType         = 0
[Attributes]
CalFactor = 1
IDBasisSpec = 
IDDataBack = DLAB_2015-08-21_12-14-03_013_778
IDDataCal = DLAB_2015-08-24_11-04-47_772_747
IntegrationTime = 4096
P31 = -1
P31e = 0
PathLength = +INF
PathLengthCustomOn = 0
RAWDynamic = 65535
Salinity = 0
Temperature = -NAN
Unit1 = $05 $00 Pixel 
Unit2 = $03 $05 Intensity counts
Unit3 = $f0 $05 Error counts
Unit4 = $f1 $00 Status 
p999 = 2241
[END] of [Attributes]
[DATA]
 0 11 0 0
 1 1426 0 0
 2 1418 0 0
 3 1414 0 0
 4 1422 0 0
 5 1416 0 0
 6 1429 0 0
 7 1420 0 0
 8 1426 0 0
 9 1426 0 0
 10 1422 0 0
 11 1426 0 0
 12 1432 0 0
 13 1420 0 0
 14 1427 0 0
 15 1434 0 0
 16 1430 0 0
 17 1438 0 0
 18 1443 0 0
 19 1449 0 0
 20 1443 0 0
 21 1448 0 0
 22 1452 0 0
 23 1450 0 0
 24 1455 0 0
 25 1446 0 0
 26 1436 0 0
 27 1445 0 0
 28 1446 0 0
 29 1448 0 0
 30 1448 0 0
 31 1454 0 0
 32 1456 0 0
 33 1452 0 0
 34 1453 0 0
 35 1451 0 0
 36 1448 0 0
 37 1459 0 0
 38 1452 0 0
 39 1445 0 0
 40 1446 0 0
 41 1445 0 0
 42 1446 0 0
 43 1449 0 0
 44 1444 0 0
 45 1449 0 0
 46 1447 0 0
 47 1446 0 0
 48 1450 0 0
 49 1454 0 0
 50 1443 0 0
 51 1451 0 0
 52 1458 0 0
 53 1453 0 0
 54 1445 0 0
 55 1452 0 0
 56 1452 0 0
 57 1459 0 0
 58 1457 0 0
 59 1452 0 0
 60 1450 0 0
 61 1452 0 0
 62 1458 0 0
 63 1453 0 0
 64 1446 0 0
 65 1452 0 0
 66 1450 0 0
 67 1452 0 0
 68 1453 0 0
 69 1447 0 0
 70 1452 0 0
 71 1455 0 0
 72 1458 0 0
 73 1461 0 0
 74 1458 0 0
 75 1464 0 0
 76 1463 0 0
 77 1466 0 0
 78 1467 0 0
 79 1473 0 0
 80 1455 0 0
 81 1453 0 0
 82 1458 0 0
 83 1458 0 0
 84 1456 0 0
 85 1449 0 0
 86 1452 0 0
 87 1466 0 0
 88 1463 0 0
 89 1467 0 0
 90 1468 0 0
 91 1470 0 0
 92 1466 0 0
 93 1462 0 0
 94 1463 0 0
 95 1456 0 0
 96 1460 0 0
 97 1461 0 0
 98 1459 0 0
 99 1456 0 0
 100 1464 0 0
 101 1463 0 0
 102 1461 0 0
 103 1462 0 0
 104 1461 0 0
 105 1466 0 0
 106 1460 0 0
 107 1465 0 0
 108 1460 0 0
 109 1462 0 0
 110 1464 0 0
 111 1466 0 0
 112 1460 0 0
 113 1463 0 0
 114 1455 0 0
 115 1462 0 0
 116 1470 0 0
 117 1457 0 0
 118 1456 0 0
 119 1463 0 0
 120 1460 0 0
 121 1459 0 0
 122 1455 0 0
 123 1458 0 0
 124 1458 0 0
 125 1463 0 0
 126 1457 0 0
 127 1470 0 0
 128 1462 0 0
 129 1467 0 0
 130 1465 0 0
 131 1468 0 0
 132 1469 0 0
 133 1510 0 0
 134 1469 0 0
 135 1469 0 0
 136 1458 0 0
 137 1463 0 0
 138 1460 0 0
 139 1468 0 0
 140 1465 0 0
 141 1460 0 0
 142 1467 0 0
 143 1466 0 0
 144 1472 0 0
 145 1480 0 0
 146 1476 0 0
 147 1472 0 0
 148 1468 0 0
 149 1472 0 0
 150 1474 0 0
 151 1472 0 0
 152 1467 0 0
 153 1457 0 0
 154 1455 0 0
 155 1464 0 0
 156 1470 0 0
 157 1465 0 0
 158 1464 0 0
 159 1461 0 0
 160 1466 0 0
 161 1468 0 0
 162 1464 0 0
 163 1459 0 0
 164 1452 0 0
 165 1464 0 0
 166 1466 0 0
 167 1470 0 0
 168 1466 0 0
 169 1471 0 0
 170 1485 0 0
 171 1472 0 0
 172 1471 0 0
 173 1461 0 0
 174 1467 0 0
 175 1472 0 0
 176 1464 0 0
 177 1459 0 0
 178 1457 0 0
 179 1461 0 0
 180 1470 0 0
 181 1464 0 0
 182 1463 0 0
 183 1463 0 0
 184 1459 0 0
 185 1470 0 0
 186 1464 0 0
 187 1470 0 0
 188 1464 0 0
 189 1463 0 0
 190 1456 0 0
 191 1469 0 0
 192 1470 0 0
 193 1466 0 0
 194 1469 0 0
 195 1467 0 0
 196 1462 0 0
 197 1466 0 0
 198 1468 0 0
 199 1463 0 0
 200 1463 0 0
 201 1462 0 0
 202 1464 0 0
 203 1464 0 0
 204 1461 0 0
 205 1453 0 0
 206 1456 0 0
 207 1459 0 0
 208 1459 0 0
 209 1456 0 0
 210 1449 0 0
 211 1455 0 0
 212 1468 0 0
 213 1470 0 0
 214 1467 0 0
 215 1471 0 0
 216 1465 0 0
 217 1465 0 0
 218 1467 0 0
 219 1459 0 0
 220 1460 0 0
 221 1457 0 0
 222 1454 0 0
 223 1452 0 0
 224 1461 0 0
 225 1461 0 0
 226 1468 0 0
 227 1465 0 0
 228 1460 0 0
 229 1460 0 0
 230 1460 0 0
 231 1466 0 0
 232 1464 0 0
 233 1450 0 0
 234 1457 0 0
 235 1464 0 0
 236 1466 0 0
 237 1459 0 0
 238 1462 0 0
 239 1463 0 0
 240 1462 0 0
 241 1464 0 0
 242 1470 0 0
 243 1470 0 0
 244 1462 0 0
 245 1460 0 0
 246 1457 0 0
 247 1458 0 0
 248 1457 0 0
 249 1455 0 0
 250 1451 0 0
 251 1446 0 0
 252 1440 0 0
 253 1429 0 0
 254 1424 0 0
 255 1470 0 0
[END] of [DATA]
[END] of [Spectrum]


#TBID:2021-08-26 03:00:00;SAM_84C8;CALIBRATED;

[Spectrum]
Version            = 1
IDData             = 96B1_2021-08-26_03-00-00_000_426
IDDevice           = SAM_84C8
IDDataType         = SPECTRUM
IDDataTypeSub1     = CALIBRATED
IDDataTypeSub2     = 
IDDataTypeSub3     = 
DateTime           = 2021-08-26 03:00:00
PositionLatitude   = 0
PositionLongitude  = 0
Comment            = 
CommentSub1        = 
CommentSub2        = 
CommentSub3        = 
IDMethodType       = SAM Control
MethodName         = SAM_84C8
Mission            = No Mission
MissionSub         = 1
RecordType         = 0
[Attributes]
CalFactor = 1
IDBasisSpec = 
IDDataBack = DLAB_2015-08-21_12-14-03_013_778
IDDataCal = DLAB_2015-08-24_11-04-47_772_747
IntegrationTime = 4096
P31 = -1
P31e = 0
PathLength = +INF
PathLengthCustomOn = 0
RAWDynamic = 65535
Salinity = 0
Temperature = -NAN
Unit1 = $01 $01 Wavelength nm
Unit2 = $03 $03 Intensity mW/(m^2 nm Sr)
Unit3 = $f0 $03 Error mW/(m^2 nm Sr)
Unit4 = $f1 $00 Status 
p999 = 2241
[END] of [Attributes]
[DATA]
 0 11 0 0
 303.516048156 0 0 0
 306.890006053 0 0 0
 310.26457112 0 0 0
 313.639731825 0 0 0
 317.015476636 -0.00146962141621703 0 0
 320.391794021 -0.000892390418799445 0 0
 323.768672448 -0.00101168707151588 0 0
 327.146100385 -0.000660756304619292 0 0
 330.5240663 -0.000685627187054319 0 0
 333.902558661 -0.000578466242872665 0 0
 337.281565936 -0.000714759822445638 0 0
 340.661076593 -0.000594901240028806 0 0
 344.0410791 -0.000656054703182672 0 0
 347.421561925 -0.000434358692235851 0 0
 350.802513536 -0.000307366504338727 0 0
 354.183922401 -0.000375877194838521 0 0
 357.565776988 -0.000239392755850581 0 0
 360.948065765 -0.000103625862491763 0 0
 364.3307772 -1.81131548066654e-006 0 0
 367.713899761 -4.61358269189652e-005 0 0
 371.097421916 -3.44630290809894e-006 0 0
 374.481332133 3.99069512811087e-005 0 0
 377.86561888 -7.94016922695832e-006 0 0
 381.250270625 5.73129659989964e-005 0 0
 384.635275836 -5.67228543304639e-005 0 0
 388.020622981 -0.000112279181876957 0 0
 391.406300528 -2.74992984205269e-005 0 0
 394.792296945 -8.53053665012104e-005 0 0
 398.1786007 2.84664382944196e-006 0 0
 401.565200261 -6.81712881404662e-005 0 0
 404.952084096 0.000100211948191326 0 0
 408.339240673 0.000130492104361278 0 0
 411.72665846 0.00012858263396984 0 0
 415.114325925 0.000127476487717839 0 0
 418.502231536 0.000114867478208634 0 0
 421.890363761 -1.07339687274925e-005 0 0
 425.278711068 -1.25365754232453e-005 0 0
 428.667261925 2.90163426718819e-005 0 0
 432.0560048 3.10104904078419e-005 0 0
 435.444928161 9.65872658750972e-006 0 0
 438.834020476 -4.32161525186913e-005 0 0
 442.223270213 4.83829433880628e-006 0 0
 445.61266584 -2.4603578687456e-006 0 0
 449.002195825 7.79759027043503e-008 0 0
 452.391848636 -4.55557457159759e-005 0 0
 455.781612741 -2.33240302069579e-005 0 0
 459.171476608 -1.37464170552217e-005 0 0
 462.561428705 -7.70499936270271e-006 0 0
 465.9514575 -3.93201618580322e-006 0 0
 469.341551461 -3.01349735708049e-005 0 0
 472.731699056 -5.00597623514593e-006 0 0
 476.121888753 9.58284189583766e-005 0 0
 479.51210902 6.40504933808766e-005 0 0
 482.902348325 9.69347434737376e-005 0 0
 486.292595136 4.20782998279003e-005 0 0
 489.682837921 1.73348043297625e-005 0 0
 493.073065148 6.16788358531838e-005 0 0
 496.463265285 0.000129765284125471 0 0
 499.8534268 0.000133511241468732 0 0
 503.243538161 6.41563798122643e-005 0 0
 506.633587836 4.63188921641573e-005 0 0
 510.023564293 -3.5301565743023e-005 0 0
 513.413456 -1.49587154774569e-006 0 0
 516.803251425 4.41671034319668e-005 0 0
 520.192939036 7.33632207764314e-005 0 0
 523.582507301 -3.17374652384163e-005 0 0
 526.971944688 2.39254390546076e-005 0 0
 530.361239665 -1.77322483485835e-005 0 0
 533.7503807 -8.55351985228753e-006 0 0
 537.139356261 -3.10675745070731e-005 0 0
 540.528154816 4.67832983037006e-005 0 0
 543.916764833 1.67555576784071e-005 0 0
 547.30517478 0.000122882500161021 0 0
 550.693373125 0.000100813800721903 0 0
 554.081348336 0.000141245543477568 0 0
 557.469088881 0.000136203001325867 0 0
 560.856583228 0.000170204486759321 0 0
 564.243819845 0.000184345760638223 0 0
 567.6307872 0.000249266645514099 0 0
 571.017473761 3.87043901985715e-005 0 0
 574.403867996 4.65536942540062e-005 0 0
 577.789958373 1.47090296318571e-005 0 0
 581.17573336 4.97265920604864e-005 0 0
 584.561181425 3.70059214293571e-006 0 0
 587.946291036 -9.19001122594201e-007 0 0
 591.331050661 2.55212441559042e-005 0 0
 594.715448768 0.00016683571976034 0 0
 598.099473825 0.00018071984205106 0 0
 601.4831143 0.000268471982144058 0 0
 604.866358661 0.000153277688783535 0 0
 608.249195376 0.000240519840279798 0 0
 611.631612913 0.000186801745957712 0 0
 615.01359974 0.000218625882989753 0 0
 618.395144325 7.60587633282071e-005 0 0
 621.776235136 6.62793451370511e-005 0 0
 625.156860641 3.79140193354476e-005 0 0
 628.537009308 0.000145680165580311 0 0
 631.916669605 0.000135745962326113 0 0
 635.29583 0.000115215423419651 0 0
 638.674478961 8.4043167522298e-005 0 0
 642.052604956 -4.04465297222783e-006 0 0
 645.430196453 8.96335138501199e-005 0 0
 648.80724192 0.000206184268587251 0 0
 652.183729825 0.000178696263419497 0 0
 655.559648636 0.000127915128859457 0 0
 658.934986821 0.00019771244245414 0 0
 662.309732848 0.00025497553983359 0 0
 665.683875185 0.000256900178347418 0 0
 669.0574023 0.000255744820795429 0 0
 672.430302661 8.57941541240428e-005 0 0
 675.802564736 -1.6798332701614e-005 0 0
 679.174176993 9.79436989165326e-005 0 0
 682.5451279 0.000166024906309435 0 0
 685.915405925 2.05863919863163e-005 0 0
 689.284999536 3.97388125649744e-005 0 0
 692.653897201 0.000160916039783631 0 0
 696.022087388 0.000109270290960748 0 0
 699.389558565 0.000108824028336976 0 0
 702.7562992 7.53075840374884e-005 0 0
 706.122297761 0.000272056817682759 0 0
 709.487542716 0.000108638005530739 0 0
 712.852022533 0.000156231573628452 0 0
 716.21572568 0.000167988522090145 0 0
 719.578640625 0.000195873922691048 0 0
 722.940755836 0.000203646956609694 0 0
 726.302059781 6.43254942183047e-005 0 0
 729.662540928 0.000154879796054091 0 0
 733.022187745 0.000257208748293095 0 0
 736.3809887 0.000253914556844731 0 0
 739.738932261 0.000367709372342507 0 0
 743.096006896 0.000269036876022946 0 0
 746.452201073 0.000328513757050628 0 0
 749.80750326 -0.000125287316766535 0 0
 753.161901925 0.000262223416691823 0 0
 756.515385536 0.000398741734752859 0 0
 759.867942561 0.000105517660309353 0 0
 763.219561468 0.000156725697145267 0 0
 766.570230725 0.000231523687473417 0 0
 769.9199388 0.000202250597248965 0 0
 773.268674161 0.000281346034360796 0 0
 776.616425276 0.000234507576014497 0 0
 779.963180613 0.000277783227701453 0 0
 783.30892864 0.000345405940974582 0 0
 786.653657825 0.000312364785346287 0 0
 789.997356636 0.000695346858724449 0 0
 793.340013541 0.000589314408729848 0 0
 796.681617008 0.000679248236832738 0 0
 800.022155505 0.000362897525021339 0 0
 803.3616175 0.000705494118316946 0 0
 806.699991461 0.000745526099177719 0 0
 810.037265856 0.000638131766593538 0 0
 813.373429153 0.000299960762072248 0 0
 816.70846982 0.00014148615416695 0 0
 820.042376325 0.000171320159072418 0 0
 823.375137136 0.000671586093233256 0 0
 826.706740721 0.000657332967450452 0 0
 830.037175548 0.0003481750068119 0 0
 833.366430085 0.000395875148107213 0 0
 836.6944928 0.00044905507178002 0 0
 840.021352161 0.000446863667201933 0 0
 843.346996636 0.000819617896126406 0 0
 846.671414693 0.000440099709682326 0 0
 849.9945948 0.000286560339662326 0 0
 853.316525425 0.000234877367138064 0 0
 856.637195036 0.000374515382349437 0 0
 859.956592101 0.000708835303313222 0 0
 863.274705088 0.000773192901115504 0 0
 866.591522465 0.000693520139316343 0 0
 869.9070327 0.00146493838389255 0 0
 873.221224261 0.00227386727877653 0 0
 876.534085616 0.0016578443999115 0 0
 879.845605233 0.00134121783031177 0 0
 883.15577158 0.00157252571167277 0 0
 886.464573125 0.00161455995592306 0 0
 889.771998336 0.00107171942811745 0 0
 893.078035681 0.00122978566105758 0 0
 896.382673628 0.000587077198850241 0 0
 899.685900645 0.0007373754106405 0 0
 902.9877052 0.000601723800455515 0 0
 906.288075761 0.00136402619539076 0 0
 909.587000796 0.000936980171358964 0 0
 912.884468773 0.000882429180730921 0 0
 916.18046816 0.0010442770409223 0 0
 919.474987425 0.00136584088390886 0 0
 922.768015036 0.00210320124397721 0 0
 926.059539461 0.00192266217380926 0 0
 929.349549168 0.0015069033845806 0 0
 932.638032625 0.00191897693668578 0 0
 935.9249783 0.00178772403626851 0 0
 939.210374661 0.0018126211631066 0 0
 942.494210176 0.00302668711525238 0 0
 945.776473313 0.00241670431243695 0 0
 949.05715254 0.00449779264854344 0 0
 952.336236325 0.00284708930139171 0 0
 955.613713136 0 0 0
 958.889571441 0 0 0
 962.163799708 0 0 0
 965.436386405 0 0 0
 968.70732 0 0 0
 971.976588961 0 0 0
 975.244181756 0 0 0
 978.510086853 0 0 0
 981.77429272 0 0 0
 985.036787825 0 0 0
 988.297560636 0 0 0
 991.556599621 0 0 0
 994.813893248 0 0 0
 998.069429985 0 0 0
 1001.3231983 0 0 0
 1004.575186661 0 0 0
 1007.825383536 0 0 0
 1011.073777393 0 0 0
 1014.3203567 0 0 0
 1017.565109925 0 0 0
 1020.808025536 0 0 0
 1024.049092001 0 0 0
 1027.288297788 0 0 0
 1030.525631365 0 0 0
 1033.7610812 0 0 0
 1036.994635761 0 0 0
 1040.226283516 0 0 0
 1043.456012933 0 0 0
 1046.68381248 0 0 0
 1049.909670625 0 0 0
 1053.133575836 0 0 0
 1056.355516581 0 0 0
 1059.575481328 0 0 0
 1062.793458545 0 0 0
 1066.0094367 0 0 0
 1069.223404261 0 0 0
 1072.435349696 0 0 0
 1075.645261473 0 0 0
 1078.85312806 0 0 0
 1082.058937925 0 0 0
 1085.262679536 0 0 0
 1088.464341361 0 0 0
 1091.663911868 0 0 0
 1094.861379525 0 0 0
 1098.0567328 0 0 0
 1101.249960161 0 0 0
 1104.441050076 0 0 0
 1107.629991013 0 0 0
 1110.81677144 0 0 0
 1114.001379825 0 0 0
 1117.183804636 0 0 0
 1120.364034341 0 0 0
 1123.542057408 0 0 0
 1126.717862305 0 0 0
 1129.8914375 0 0 0
 1133.062771461 0 0 0
 1136.231852656 0 0 0
 1139.398669553 0 0 0
 1142.56321062 0 0 0
 1145.725464325 0 0 0
 1148.885419136 0 0 0
[END] of [DATA]
[END] of [Spectrum]

