
#TBID:2021-07-18 03:00:00;SAM_84CE;RAW;

[Spectrum]
Version            = 1
IDData             = 96B1_2021-07-18_03-00-00_000_699
IDDevice           = SAM_84CE
IDDataType         = SPECTRUM
IDDataTypeSub1     = RAW
IDDataTypeSub2     = 
IDDataTypeSub3     = 
DateTime           = 2021-07-18 03:00:00
PositionLatitude   = 0
PositionLongitude  = 0
Comment            = 
CommentSub1        = 
CommentSub2        = 
CommentSub3        = 
IDMethodType       = SAM Control
MethodName         = SAM_84CE
Mission            = No Mission
MissionSub         = 1
RecordType         = 0
[Attributes]
CalFactor = 1
IDBasisSpec = 
IDDataBack = DLAB_2015-08-21_11-56-43_233_004
IDDataCal = DLAB_2015-08-26_10-05-37_585_478
IntegrationTime = 4096
P31 = -1
P31e = 0
PathLength = +INF
PathLengthCustomOn = 0
RAWDynamic = 65535
Salinity = 0
Temperature = -NAN
Unit1 = $05 $00 Pixel 
Unit2 = $03 $05 Intensity counts
Unit3 = $f0 $05 Error counts
Unit4 = $f1 $00 Status 
p999 = 369
[END] of [Attributes]
[DATA]
 0 11 0 0
 1 1732 0 0
 2 1740 0 0
 3 1744 0 0
 4 1747 0 0
 5 1753 0 0
 6 1754 0 0
 7 1751 0 0
 8 1753 0 0
 9 1763 0 0
 10 1755 0 0
 11 1763 0 0
 12 1766 0 0
 13 1756 0 0
 14 1771 0 0
 15 1764 0 0
 16 1768 0 0
 17 1760 0 0
 18 1765 0 0
 19 1755 0 0
 20 1774 0 0
 21 1763 0 0
 22 1769 0 0
 23 1781 0 0
 24 1776 0 0
 25 1774 0 0
 26 1780 0 0
 27 1780 0 0
 28 1771 0 0
 29 1774 0 0
 30 1769 0 0
 31 1778 0 0
 32 1770 0 0
 33 1773 0 0
 34 1768 0 0
 35 1765 0 0
 36 1774 0 0
 37 1762 0 0
 38 1778 0 0
 39 1770 0 0
 40 1769 0 0
 41 1761 0 0
 42 1764 0 0
 43 1764 0 0
 44 1760 0 0
 45 1759 0 0
 46 1774 0 0
 47 1772 0 0
 48 1768 0 0
 49 1762 0 0
 50 1763 0 0
 51 1756 0 0
 52 1754 0 0
 53 1761 0 0
 54 1764 0 0
 55 1760 0 0
 56 1755 0 0
 57 1756 0 0
 58 1758 0 0
 59 1750 0 0
 60 1750 0 0
 61 1760 0 0
 62 1756 0 0
 63 1757 0 0
 64 1764 0 0
 65 1754 0 0
 66 1765 0 0
 67 1754 0 0
 68 1762 0 0
 69 1756 0 0
 70 1746 0 0
 71 1750 0 0
 72 1756 0 0
 73 1752 0 0
 74 1754 0 0
 75 1753 0 0
 76 1755 0 0
 77 1752 0 0
 78 1749 0 0
 79 1756 0 0
 80 1755 0 0
 81 1763 0 0
 82 1754 0 0
 83 1750 0 0
 84 1754 0 0
 85 1747 0 0
 86 1752 0 0
 87 1758 0 0
 88 1748 0 0
 89 1746 0 0
 90 1756 0 0
 91 1754 0 0
 92 1750 0 0
 93 1754 0 0
 94 1746 0 0
 95 1740 0 0
 96 1746 0 0
 97 1751 0 0
 98 1757 0 0
 99 1753 0 0
 100 1754 0 0
 101 1756 0 0
 102 1755 0 0
 103 1755 0 0
 104 1749 0 0
 105 1753 0 0
 106 1755 0 0
 107 1746 0 0
 108 1751 0 0
 109 1758 0 0
 110 1752 0 0
 111 1762 0 0
 112 1753 0 0
 113 1752 0 0
 114 1758 0 0
 115 1752 0 0
 116 1745 0 0
 117 1754 0 0
 118 1753 0 0
 119 1755 0 0
 120 1748 0 0
 121 1749 0 0
 122 1756 0 0
 123 1750 0 0
 124 1753 0 0
 125 1742 0 0
 126 1754 0 0
 127 1747 0 0
 128 1748 0 0
 129 1748 0 0
 130 1747 0 0
 131 1755 0 0
 132 1752 0 0
 133 1751 0 0
 134 1748 0 0
 135 1752 0 0
 136 1745 0 0
 137 1754 0 0
 138 1746 0 0
 139 1750 0 0
 140 1748 0 0
 141 1747 0 0
 142 1748 0 0
 143 1743 0 0
 144 1752 0 0
 145 1757 0 0
 146 1751 0 0
 147 1740 0 0
 148 1751 0 0
 149 1742 0 0
 150 1752 0 0
 151 1740 0 0
 152 1749 0 0
 153 1749 0 0
 154 1743 0 0
 155 1743 0 0
 156 1749 0 0
 157 1741 0 0
 158 1739 0 0
 159 1743 0 0
 160 1746 0 0
 161 1755 0 0
 162 1746 0 0
 163 1745 0 0
 164 1746 0 0
 165 1746 0 0
 166 1740 0 0
 167 1746 0 0
 168 1741 0 0
 169 1754 0 0
 170 1752 0 0
 171 1751 0 0
 172 1748 0 0
 173 1745 0 0
 174 1743 0 0
 175 1746 0 0
 176 1741 0 0
 177 1752 0 0
 178 1751 0 0
 179 1750 0 0
 180 1746 0 0
 181 1746 0 0
 182 1745 0 0
 183 1732 0 0
 184 1740 0 0
 185 1738 0 0
 186 1746 0 0
 187 1752 0 0
 188 1742 0 0
 189 1740 0 0
 190 1739 0 0
 191 1745 0 0
 192 1743 0 0
 193 1737 0 0
 194 1736 0 0
 195 1737 0 0
 196 1739 0 0
 197 1743 0 0
 198 1745 0 0
 199 1737 0 0
 200 1740 0 0
 201 1747 0 0
 202 1735 0 0
 203 1741 0 0
 204 1741 0 0
 205 1747 0 0
 206 1754 0 0
 207 1747 0 0
 208 1741 0 0
 209 1740 0 0
 210 1741 0 0
 211 1734 0 0
 212 1741 0 0
 213 1746 0 0
 214 1742 0 0
 215 1750 0 0
 216 1748 0 0
 217 1734 0 0
 218 1742 0 0
 219 1741 0 0
 220 1735 0 0
 221 1742 0 0
 222 1743 0 0
 223 1737 0 0
 224 1740 0 0
 225 1740 0 0
 226 1748 0 0
 227 1740 0 0
 228 1740 0 0
 229 1749 0 0
 230 1742 0 0
 231 1743 0 0
 232 1744 0 0
 233 1742 0 0
 234 1738 0 0
 235 1746 0 0
 236 1731 0 0
 237 1745 0 0
 238 1745 0 0
 239 1736 0 0
 240 1731 0 0
 241 1743 0 0
 242 1731 0 0
 243 1745 0 0
 244 1740 0 0
 245 1735 0 0
 246 1728 0 0
 247 1737 0 0
 248 1727 0 0
 249 1732 0 0
 250 1720 0 0
 251 1720 0 0
 252 1717 0 0
 253 1698 0 0
 254 1693 0 0
 255 1745 0 0
[END] of [DATA]
[END] of [Spectrum]


#TBID:2021-07-18 03:00:00;SAM_84CE;CALIBRATED;

[Spectrum]
Version            = 1
IDData             = 96B1_2021-07-18_03-00-00_000_700
IDDevice           = SAM_84CE
IDDataType         = SPECTRUM
IDDataTypeSub1     = CALIBRATED
IDDataTypeSub2     = 
IDDataTypeSub3     = 
DateTime           = 2021-07-18 03:00:00
PositionLatitude   = 0
PositionLongitude  = 0
Comment            = 
CommentSub1        = 
CommentSub2        = 
CommentSub3        = 
IDMethodType       = SAM Control
MethodName         = SAM_84CE
Mission            = No Mission
MissionSub         = 1
RecordType         = 0
[Attributes]
CalFactor = 1
IDBasisSpec = 
IDDataBack = DLAB_2015-08-21_11-56-43_233_004
IDDataCal = DLAB_2015-08-26_10-05-37_585_478
IntegrationTime = 4096
P31 = -1
P31e = 0
PathLength = +INF
PathLengthCustomOn = 0
RAWDynamic = 65535
Salinity = 0
Temperature = -NAN
Unit1 = $01 $01 Wavelength nm
Unit2 = $03 $06 Intensity mW/(m^2 nm)
Unit3 = $f0 $06 Error mW/(m^2 nm)
Unit4 = $f1 $00 Status 
p999 = 369
[END] of [Attributes]
[DATA]
 0 11 0 0
 303.485180022 0 0 0
 306.85638880275 0 0 0
 310.228324544 0 0 0
 313.60097308125 0 0 0
 316.97432025 0.0155546214060719 0 0
 320.34835188575 0.0174780308211291 0 0
 323.723053824 0.0156050145829847 0 0
 327.09841190025 0.0152023724853593 0 0
 330.47441195 0.0152612626072362 0 0
 333.85103980875 0.0130486228294122 0 0
 337.228281312 0.0139128734302861 0 0
 340.60612229525 0.0138060649477204 0 0
 343.984548594 0.010131956453196 0 0
 347.36354604375 0.0117025095318648 0 0
 350.74310048 0.0109813881010045 0 0
 354.12319773825 0.010543062074747 0 0
 357.503823654 0.00910027890367485 0 0
 360.88496406275 0.00869962009015041 0 0
 364.2666048 0.00781444803658156 0 0
 367.64873170125 0.0093705428285329 0 0
 371.031330602 0.00805988914797558 0 0
 374.41438733775 0.00989313935464461 0 0
 377.797887744 0.00992219658875393 0 0
 381.18181765625 0.0109855961700553 0 0
 384.56616291 0.0106881474595773 0 0
 387.95090934075 0.0109817557270973 0 0
 391.336042784 0.010581715361328 0 0
 394.72154907525 0.0110359109658338 0 0
 398.10741405 0.0108240029929094 0 0
 401.49362354375 0.00937743638941984 0 0
 404.880163392 0.0091026884680496 0 0
 408.26701943025 0.00789889998284538 0 0
 411.654177494 0.00848046967501318 0 0
 415.04162341875 0.00763749359707329 0 0
 418.42934304 0.00706392579437949 0 0
 421.81732219325 0.006646687459571 0 0
 425.205546714 0.00601383428386815 0 0
 428.59400243775 0.0063457344404305 0 0
 431.9826752 0.00558640464807522 0 0
 435.37155083625 0.00521460413533576 0 0
 438.760615182 0.00442586411803242 0 0
 442.14985407275 0.00446007626227799 0 0
 445.539253344 0.00456267907753795 0 0
 448.92879883125 0.00486365001234146 0 0
 452.31847637 0.00489682422220252 0 0
 455.70827179575 0.00548828052909828 0 0
 459.098170944 0.00502420732411311 0 0
 462.48815965025 0.00546445293462069 0 0
 465.87822375 0.00488394085020129 0 0
 469.26834907875 0.00482664795230039 0 0
 472.658521472 0.00487799977352016 0 0
 476.04872676525 0.00471142078943131 0 0
 479.438950794 0.00479465391694202 0 0
 482.82917939375 0.0048789848250562 0 0
 486.2193984 0.00549983467817379 0 0
 489.60959364825 0.00495655798890586 0 0
 492.999750974 0.0050472323159654 0 0
 496.38985621275 0.00467704145003581 0 0
 499.7798952 0.00399263465213487 0 0
 503.16985377125 0.00455221590967851 0 0
 506.559717762 0.00521553768644174 0 0
 509.94947300775 0.00359442909007084 0 0
 513.339105344 0.00416210407539639 0 0
 516.72860060625 0.0050940103568329 0 0
 520.11794463 0.00413286278008173 0 0
 523.50712325075 0.00421898769447527 0 0
 526.896122304 0.00360862117142351 0 0
 530.28492762525 0.00419122783275658 0 0
 533.67352505 0.00438853912062282 0 0
 537.06190041375 0.00392762469802158 0 0
 540.450039552 0.00349154335425801 0 0
 543.83792830025 0.00362884781508418 0 0
 547.225552494 0.00297018101569286 0 0
 550.61289796875 0.00362186270282034 0 0
 553.99995056 0.00331005872670284 0 0
 557.38669610325 0.00266813043881483 0 0
 560.773120434 0.00343348211747982 0 0
 564.15920938775 0.00352094797374348 0 0
 567.5449488 0.00360064325371554 0 0
 570.93032450625 0.00337557468565318 0 0
 574.315322342 0.00429377075325519 0 0
 577.69992814275 0.0039259093667282 0 0
 581.084127744 0.00379298063856873 0 0
 584.46790698125 0.00426394429542963 0 0
 587.85125169 0.00332513281130363 0 0
 591.23414770575 0.0038255283310077 0 0
 594.616580864 0.00454419393737278 0 0
 597.99853700025 0.0035922463411064 0 0
 601.38000195 0.00333513190945182 0 0
 604.76096154875 0.00373078700103326 0 0
 608.141401632 0.00369631376054579 0 0
 611.52130803525 0.00340086222961998 0 0
 614.900666594 0.00325390497125489 0 0
 618.27946314375 0.0032689099596261 0 0
 621.65768352 0.00295364345831018 0 0
 625.03531355825 0.00394477400169054 0 0
 628.412339094 0.00375792987103101 0 0
 631.78874596275 0.00426608505593255 0 0
 635.16452 0.00399224694824541 0 0
 638.53964704125 0.00447491134995492 0 0
 641.914112922 0.00570900316723216 0 0
 645.28790347775 0.00507125657939541 0 0
 648.661004544 0.00486957190168619 0 0
 652.03340195625 0.00451480666088592 0 0
 655.40508155 0.00438499131324665 0 0
 658.77602916075 0.0054183914575307 0 0
 662.146230624 0.00425151037672331 0 0
 665.51567177525 0.0053276159502607 0 0
 668.88433845 0.00487680497410675 0 0
 672.25221648375 0.00541601664850874 0 0
 675.619291712 0.00552211893650428 0 0
 678.98554997025 0.00502364492325929 0 0
 682.350977094 0.00569672242887913 0 0
 685.71555891875 0.00592473159397331 0 0
 689.07928128 0.00531527819752475 0 0
 692.44213001325 0.00456143785538133 0 0
 695.804090954 0.00489640848394713 0 0
 699.16514993775 0.00524752841113493 0 0
 702.5252928 0.00554077898533205 0 0
 705.88450537625 0.00386610882195634 0 0
 709.242773502 0.00492043538227189 0 0
 712.60008301275 0.00564193785034236 0 0
 715.956419744 0.00526523553325704 0 0
 719.31176953125 0.00571862070159107 0 0
 722.66611821 0.00359062640396706 0 0
 726.01945161575 0.00451981673846013 0 0
 729.371755584 0.00494970525739214 0 0
 732.72301595025 0.00448077899139634 0 0
 736.07321855 0.00487967684265207 0 0
 739.42234921875 0.0054534317358963 0 0
 742.770393792 0.00454651342716562 0 0
 746.11733810525 0.00607658853652075 0 0
 749.463167994 0.00578304107465244 0 0
 752.80786929375 0.00503175345913054 0 0
 756.15142784 0.00575160851498471 0 0
 759.49382946825 0.00449003774155334 0 0
 762.835060014 0.00530355194881198 0 0
 766.17510531275 0.00652171793034148 0 0
 769.5139512 0.00466103614045313 0 0
 772.85158351125 0.00658561570132905 0 0
 776.187988082 0.00508830857205245 0 0
 779.52315074775 0.00621935212896863 0 0
 782.857057344 0.00451227400941632 0 0
 786.18969370625 0.00692425418726432 0 0
 789.52104567 0.00607549127625766 0 0
 792.85109907075 0.00569277059512672 0 0
 796.179839744 0.00588679297526646 0 0
 799.50725352525 0.00695525206492793 0 0
 802.83332625 0.00562658517449693 0 0
 806.15804375375 0.00966424731690079 0 0
 809.481391872 0.00605111181647679 0 0
 812.80335644025 0.00933630716262921 0 0
 816.123923294 0.0074924980160053 0 0
 819.44307826875 0.00624977137450423 0 0
 822.7608072 0.00670221198137563 0 0
 826.07709592325 0.010042927118535 0 0
 829.391930274 0.00547274131904415 0 0
 832.70529608775 0.00771300880066544 0 0
 836.0171792 0.00685931802093729 0 0
 839.32756544625 0.00818405739927783 0 0
 842.636440662 0.012409031135866 0 0
 845.94379068275 0.00912098365501465 0 0
 849.249601344 0.00950937208096753 0 0
 852.55385848125 0.0101685350741662 0 0
 855.85654793 0.0125069678655656 0 0
 859.15765552575 0.00964059922774924 0 0
 862.457167104 0.0126687852318491 0 0
 865.75506850025 0.0100469214908827 0 0
 869.05134555 0.0174937089199239 0 0
 872.34598408875 0.0158881583187724 0 0
 875.638969952 0.0146622407203269 0 0
 878.93028897525 0.0152723893926469 0 0
 882.219926994 0.0139944849260644 0 0
 885.50786984375 0.0164328062565989 0 0
 888.79410336 0.0149619406020833 0 0
 892.07861337825 0.0109213519175206 0 0
 895.361385734 0.022499950697621 0 0
 898.64240626275 0.0190424161496194 0 0
 901.9216608 0.0203972602403816 0 0
 905.19913518125 0.0152182034599782 0 0
 908.474815242 0.0177911072937345 0 0
 911.74868681775 0.0188116505702136 0 0
 915.020735744 0.0128881274314127 0 0
 918.29094785625 0.0223275398070109 0 0
 921.55930899 0.0119707757873774 0 0
 924.82580498075 0.0199449558585549 0 0
 928.090421664 0.0280428272758698 0 0
 931.35314487525 0.022282874316284 0 0
 934.61396045 0.0192336914315645 0 0
 937.87285422375 0.0175148798706808 0 0
 941.129812032 0.0238854032690792 0 0
 944.38481971025 0.0281350418979389 0 0
 947.637863094 0.0153632899463296 0 0
 950.88892801875 0.0173632129122887 0 0
 954.13800032 0 0 0
 957.38506583325 0 0 0
 960.630110394 0 0 0
 963.87311983775 0 0 0
 967.11408 0 0 0
 970.35297671625 0 0 0
 973.589795822 0 0 0
 976.82452315275 0 0 0
 980.057144544 0 0 0
 983.28764583125 0 0 0
 986.51601285 0 0 0
 989.74223143575 0 0 0
 992.966287424 0 0 0
 996.18816665025 0 0 0
 999.40785495 0 0 0
 1002.62533815875 0 0 0
 1005.840602112 0 0 0
 1009.05363264525 0 0 0
 1012.264415594 0 0 0
 1015.47293679375 0 0 0
 1018.67918208 0 0 0
 1021.88313728825 0 0 0
 1025.084788254 0 0 0
 1028.28412081275 0 0 0
 1031.4811208 0 0 0
 1034.67577405125 0 0 0
 1037.868066402 0 0 0
 1041.05798368775 0 0 0
 1044.245511744 0 0 0
 1047.43063640625 0 0 0
 1050.61334351 0 0 0
 1053.79361889075 0 0 0
 1056.971448384 0 0 0
 1060.14681782525 0 0 0
 1063.31971305 0 0 0
 1066.49011989375 0 0 0
 1069.658024192 0 0 0
 1072.82341178025 0 0 0
 1075.986268494 0 0 0
 1079.14658016875 0 0 0
 1082.30433264 0 0 0
 1085.45951174325 0 0 0
 1088.612103314 0 0 0
 1091.76209318775 0 0 0
 1094.9094672 0 0 0
 1098.05421118625 0 0 0
 1101.196310982 0 0 0
 1104.33575242275 0 0 0
 1107.472521344 0 0 0
 1110.60660358125 0 0 0
 1113.73798497 0 0 0
 1116.86665134575 0 0 0
 1119.992588544 0 0 0
 1123.11578240025 0 0 0
 1126.23621875 0 0 0
 1129.35388342875 0 0 0
 1132.468762272 0 0 0
 1135.58084111525 0 0 0
 1138.690105794 0 0 0
 1141.79654214375 0 0 0
 1144.900136 0 0 0
[END] of [DATA]
[END] of [Spectrum]


#TBID:2021-07-18 03:00:00;SAM_84DC;RAW;

[Spectrum]
Version            = 1
IDData             = 96B1_2021-07-18_03-00-00_000_702
IDDevice           = SAM_84DC
IDDataType         = SPECTRUM
IDDataTypeSub1     = RAW
IDDataTypeSub2     = 
IDDataTypeSub3     = 
DateTime           = 2021-07-18 03:00:00
PositionLatitude   = 0
PositionLongitude  = 0
Comment            = 
CommentSub1        = 
CommentSub2        = 
CommentSub3        = 
IDMethodType       = SAM Control
MethodName         = SAM_84DC
Mission            = No Mission
MissionSub         = 1
RecordType         = 0
[Attributes]
CalFactor = 1
IDBasisSpec = 
IDDataBack = DLAB_2015-08-21_13-19-54_137_939
IDDataCal = DLAB_2015-08-24_10-46-55_592_608
IntegrationTime = 4096
P31 = -1
P31e = 0
PathLength = +INF
PathLengthCustomOn = 0
RAWDynamic = 65535
Salinity = 0
Temperature = -NAN
Unit1 = $05 $00 Pixel 
Unit2 = $03 $05 Intensity counts
Unit3 = $f0 $05 Error counts
Unit4 = $f1 $00 Status 
p999 = 369
[END] of [Attributes]
[DATA]
 0 11 0 0
 1 1797 0 0
 2 1790 0 0
 3 1804 0 0
 4 1818 0 0
 5 1816 0 0
 6 1813 0 0
 7 1821 0 0
 8 1824 0 0
 9 1832 0 0
 10 1828 0 0
 11 1834 0 0
 12 1827 0 0
 13 1828 0 0
 14 1837 0 0
 15 1828 0 0
 16 1833 0 0
 17 1841 0 0
 18 1831 0 0
 19 1837 0 0
 20 1838 0 0
 21 1840 0 0
 22 1850 0 0
 23 1856 0 0
 24 1848 0 0
 25 1845 0 0
 26 1856 0 0
 27 1856 0 0
 28 1850 0 0
 29 1846 0 0
 30 1847 0 0
 31 1856 0 0
 32 1855 0 0
 33 1851 0 0
 34 1853 0 0
 35 1854 0 0
 36 1859 0 0
 37 1857 0 0
 38 1862 0 0
 39 1861 0 0
 40 1865 0 0
 41 1862 0 0
 42 1859 0 0
 43 1855 0 0
 44 1862 0 0
 45 1860 0 0
 46 1859 0 0
 47 1861 0 0
 48 1864 0 0
 49 1865 0 0
 50 1862 0 0
 51 1863 0 0
 52 1861 0 0
 53 1862 0 0
 54 1859 0 0
 55 1865 0 0
 56 1866 0 0
 57 1868 0 0
 58 1865 0 0
 59 1871 0 0
 60 1865 0 0
 61 1870 0 0
 62 1863 0 0
 63 1861 0 0
 64 1864 0 0
 65 1865 0 0
 66 1856 0 0
 67 1868 0 0
 68 1874 0 0
 69 1864 0 0
 70 1868 0 0
 71 1875 0 0
 72 1866 0 0
 73 1868 0 0
 74 1867 0 0
 75 1863 0 0
 76 1872 0 0
 77 1870 0 0
 78 1862 0 0
 79 1876 0 0
 80 1870 0 0
 81 1876 0 0
 82 1873 0 0
 83 1878 0 0
 84 1866 0 0
 85 1879 0 0
 86 1868 0 0
 87 1873 0 0
 88 1865 0 0
 89 1866 0 0
 90 1859 0 0
 91 1864 0 0
 92 1861 0 0
 93 1862 0 0
 94 1868 0 0
 95 1868 0 0
 96 1859 0 0
 97 1873 0 0
 98 1866 0 0
 99 1867 0 0
 100 1870 0 0
 101 1866 0 0
 102 1865 0 0
 103 1877 0 0
 104 1871 0 0
 105 1873 0 0
 106 1875 0 0
 107 1881 0 0
 108 1877 0 0
 109 1878 0 0
 110 1876 0 0
 111 1885 0 0
 112 1877 0 0
 113 1872 0 0
 114 1879 0 0
 115 1883 0 0
 116 1880 0 0
 117 1881 0 0
 118 1872 0 0
 119 1880 0 0
 120 1870 0 0
 121 1890 0 0
 122 1873 0 0
 123 1884 0 0
 124 1889 0 0
 125 1876 0 0
 126 1884 0 0
 127 1891 0 0
 128 1879 0 0
 129 1877 0 0
 130 1886 0 0
 131 1884 0 0
 132 1888 0 0
 133 1889 0 0
 134 1890 0 0
 135 1889 0 0
 136 1885 0 0
 137 1888 0 0
 138 1879 0 0
 139 1886 0 0
 140 1882 0 0
 141 1894 0 0
 142 1885 0 0
 143 1892 0 0
 144 1892 0 0
 145 1882 0 0
 146 1886 0 0
 147 1883 0 0
 148 1892 0 0
 149 1893 0 0
 150 1887 0 0
 151 1896 0 0
 152 1894 0 0
 153 1894 0 0
 154 1898 0 0
 155 1891 0 0
 156 1886 0 0
 157 1897 0 0
 158 1892 0 0
 159 1892 0 0
 160 1892 0 0
 161 1890 0 0
 162 1882 0 0
 163 1891 0 0
 164 1892 0 0
 165 1885 0 0
 166 1900 0 0
 167 1895 0 0
 168 1895 0 0
 169 1898 0 0
 170 1895 0 0
 171 1901 0 0
 172 1888 0 0
 173 1900 0 0
 174 1897 0 0
 175 1895 0 0
 176 1900 0 0
 177 1898 0 0
 178 1894 0 0
 179 1896 0 0
 180 1897 0 0
 181 1893 0 0
 182 1895 0 0
 183 1898 0 0
 184 1894 0 0
 185 1892 0 0
 186 1902 0 0
 187 1905 0 0
 188 1896 0 0
 189 1890 0 0
 190 1893 0 0
 191 1903 0 0
 192 1909 0 0
 193 1901 0 0
 194 1898 0 0
 195 1898 0 0
 196 1906 0 0
 197 1905 0 0
 198 1894 0 0
 199 1911 0 0
 200 1901 0 0
 201 1908 0 0
 202 1900 0 0
 203 1910 0 0
 204 1909 0 0
 205 1909 0 0
 206 1911 0 0
 207 1912 0 0
 208 1906 0 0
 209 1909 0 0
 210 1900 0 0
 211 1912 0 0
 212 1904 0 0
 213 1902 0 0
 214 1907 0 0
 215 1912 0 0
 216 1913 0 0
 217 1918 0 0
 218 1915 0 0
 219 1907 0 0
 220 1915 0 0
 221 1916 0 0
 222 1909 0 0
 223 1923 0 0
 224 1913 0 0
 225 1920 0 0
 226 1918 0 0
 227 1915 0 0
 228 1925 0 0
 229 1918 0 0
 230 1920 0 0
 231 1919 0 0
 232 1920 0 0
 233 1913 0 0
 234 1924 0 0
 235 1929 0 0
 236 1918 0 0
 237 1928 0 0
 238 1926 0 0
 239 1926 0 0
 240 1929 0 0
 241 1928 0 0
 242 1924 0 0
 243 1927 0 0
 244 1927 0 0
 245 1928 0 0
 246 1928 0 0
 247 1926 0 0
 248 1935 0 0
 249 1923 0 0
 250 1916 0 0
 251 1918 0 0
 252 1914 0 0
 253 1898 0 0
 254 1885 0 0
 255 1939 0 0
[END] of [DATA]
[END] of [Spectrum]


#TBID:2021-07-18 03:00:00;SAM_84DC;CALIBRATED;

[Spectrum]
Version            = 1
IDData             = 96B1_2021-07-18_03-00-00_000_703
IDDevice           = SAM_84DC
IDDataType         = SPECTRUM
IDDataTypeSub1     = CALIBRATED
IDDataTypeSub2     = 
IDDataTypeSub3     = 
DateTime           = 2021-07-18 03:00:00
PositionLatitude   = 0
PositionLongitude  = 0
Comment            = 
CommentSub1        = 
CommentSub2        = 
CommentSub3        = 
IDMethodType       = SAM Control
MethodName         = SAM_84DC
Mission            = No Mission
MissionSub         = 1
RecordType         = 0
[Attributes]
CalFactor = 1
IDBasisSpec = 
IDDataBack = DLAB_2015-08-21_13-19-54_137_939
IDDataCal = DLAB_2015-08-24_10-46-55_592_608
IntegrationTime = 4096
P31 = -1
P31e = 0
PathLength = +INF
PathLengthCustomOn = 0
RAWDynamic = 65535
Salinity = 0
Temperature = -NAN
Unit1 = $01 $01 Wavelength nm
Unit2 = $03 $03 Intensity mW/(m^2 nm Sr)
Unit3 = $f0 $03 Error mW/(m^2 nm Sr)
Unit4 = $f1 $00 Status 
p999 = 369
[END] of [Attributes]
[DATA]
 0 11 0 0
 305.71650776488 0 0 0
 309.04007505697 0 0 0
 312.36416914304 0 0 0
 315.68877841375 0 0 0
 319.01389125976 -0.00388229263480253 0 0
 322.33949607173 -0.00347129961159156 0 0
 325.66558124032 -0.00340075670807269 0 0
 328.99213515619 -0.00297950948709553 0 0
 332.31914621 -0.00267474587802859 0 0
 335.64660279241 -0.00251405389250184 0 0
 338.97449329408 -0.00221683390701377 0 0
 342.30280610567 -0.0020299741296025 0 0
 345.63152961784 -0.00185184865730819 0 0
 348.96065222125 -0.00171593236045308 0 0
 352.29016230656 -0.00148137131879115 0 0
 355.62004826443 -0.00145963099719868 0 0
 358.95029848552 -0.00135685507223676 0 0
 362.28090136049 -0.00137799288686904 0 0
 365.61184528 -0.00133215716982163 0 0
 368.94311863471 -0.00130545295317388 0 0
 372.27470981528 -0.00126168184387074 0 0
 375.60660721237 -0.00127960665369551 0 0
 378.93879921664 -0.00117764847979352 0 0
 382.27127421875 -0.00133155230800163 0 0
 385.60402060936 -0.0012540149862092 0 0
 388.93702677913 -0.00115255474489866 0 0
 392.27028111872 -0.00113120405562155 0 0
 395.60377201879 -0.00108002844822739 0 0
 398.93748787 -0.00109999964145616 0 0
 402.27141706301 -0.00100739301520468 0 0
 405.60554798848 -0.000968708778572771 0 0
 408.93986903707 -0.000890784269779709 0 0
 412.27436859944 -0.000826113116443171 0 0
 415.60903506625 -0.000832470818376921 0 0
 418.94385682816 -0.000693721097856102 0 0
 422.27882227583 -0.000722105414960711 0 0
 425.61391979992 -0.000686087860808677 0 0
 428.94913779109 -0.000568906659789666 0 0
 432.28446464 -0.000521966008937975 0 0
 435.61988873731 -0.000598500726446718 0 0
 438.95539847368 -0.000553146707402433 0 0
 442.29098223977 -0.000571110588645386 0 0
 445.62662842624 -0.000645570774381368 0 0
 448.96232542375 -0.000606849604233191 0 0
 452.29806162296 -0.000631207424707575 0 0
 455.63382541453 -0.000708147476806766 0 0
 458.96960518912 -0.000724536640525567 0 0
 462.30538933739 -0.000606540983697519 0 0
 465.64116625 -0.000615636239439545 0 0
 468.97692431761 -0.000639271095114021 0 0
 472.31265193088 -0.000658649557677237 0 0
 475.64833748047 -0.000699416693280644 0 0
 478.98396935704 -0.000656200603498457 0 0
 482.31953595125 -0.00070237971421529 0 0
 485.65502565376 -0.000688066646843866 0 0
 488.99042685523 -0.000652770793548821 0 0
 492.32572794632 -0.00068353726986005 0 0
 495.66091731769 -0.000717852328849265 0 0
 498.99598336 -0.000721978090773981 0 0
 502.33091446391 -0.000702683643604506 0 0
 505.66569902008 -0.000664852076771018 0 0
 509.00032541917 -0.000645709106581707 0 0
 512.33478205184 -0.000697445727970195 0 0
 515.66905730875 -0.000659476980170319 0 0
 519.00313958056 -0.000589044940268164 0 0
 522.33701725793 -0.000584664448052478 0 0
 525.67067873152 -0.000564837822522891 0 0
 529.00411239199 -0.000505052616581137 0 0
 532.33730663 -0.000549521262576717 0 0
 535.67024983621 -0.000552652941716057 0 0
 539.00293040128 -0.000510696666147394 0 0
 542.33533671587 -0.000526658532251446 0 0
 545.66745717064 -0.000553917978962985 0 0
 548.99928015625 -0.000581968590084862 0 0
 552.33079406336 -0.000548164273893652 0 0
 555.66198728263 -0.00052193058549675 0 0
 558.99284820472 -0.000541047986078348 0 0
 562.32336522029 -0.000561209916921744 0 0
 565.65352672 -0.000529029498369553 0 0
 568.98332109451 -0.000532061117673224 0 0
 572.31273673448 -0.000558371200223818 0 0
 575.64176203057 -0.000519779808649793 0 0
 578.97038537344 -0.000513507155080881 0 0
 582.29859515375 -0.000580288917627718 0 0
 585.62637976216 -0.000607700654558559 0 0
 588.95372758933 -0.000687261278818977 0 0
 592.28062702592 -0.000651603368953799 0 0
 595.60706646259 -0.000709331166397419 0 0
 598.93303429 -0.000802715434085138 0 0
 602.25851889881 -0.000776263705131782 0 0
 605.58350867968 -0.000812106079843274 0 0
 608.90799202327 -0.000867260869317864 0 0
 612.23195732024 -0.000854567808015922 0 0
 615.55539296125 -0.000835388722445049 0 0
 618.87828733696 -0.000830228586902523 0 0
 622.20062883803 -0.000886213323356577 0 0
 625.52240585512 -0.000811868188871502 0 0
 628.84360677889 -0.000814095058937515 0 0
 632.16422 -0.00086857605070902 0 0
 635.48423390911 -0.000869675205439785 0 0
 638.80363689688 -0.000891750954496378 0 0
 642.12241735397 -0.000996149774705924 0 0
 645.44056367104 -0.000770421325323193 0 0
 648.75806423875 -0.00089086087595204 0 0
 652.07490744776 -0.000931508310386942 0 0
 655.39108168873 -0.000876206797998708 0 0
 658.70657535232 -0.000906493757870453 0 0
 662.02137682919 -0.000860853325647079 0 0
 665.33547451 -0.000860523669271889 0 0
 668.64885678541 -0.000836610278487738 0 0
 671.96151204608 -0.000725168711213972 0 0
 675.27342868267 -0.000856243406044564 0 0
 678.58459508584 -0.000827150542926214 0 0
 681.89499964625 -0.000846118891987546 0 0
 685.20463075456 -0.000826114419174093 0 0
 688.51347680143 -0.000781910973779524 0 0
 691.82152617752 -0.000764220144678922 0 0
 695.12876727349 -0.000906414760597917 0 0
 698.43518848 -0.000809116742918964 0 0
 701.74077818771 -0.00085042874614084 0 0
 705.04552478728 -0.000776583797102103 0 0
 708.34941666937 -0.000920867688508863 0 0
 711.65244222464 -0.000826787914179915 0 0
 714.95458984375 -0.00072525216251684 0 0
 718.25584791736 -0.000870884681499727 0 0
 721.55620483613 -0.000831054600873071 0 0
 724.85564899072 -0.000659919954407683 0 0
 728.15416877179 -0.000847093593984653 0 0
 731.45175257 -0.000878435605104775 0 0
 734.74838877601 -0.000844279160451759 0 0
 738.04406578048 -0.00074832149103447 0 0
 741.33877197407 -0.00074762857267185 0 0
 744.63249574744 -0.000695049312805307 0 0
 747.92522549125 -0.000642110603880505 0 0
 751.21694959616 -0.000755537460622707 0 0
 754.50765645283 -0.000693112868606703 0 0
 757.79733445192 -0.000777260389487614 0 0
 761.08597198409 -0.000880087809551984 0 0
 764.37355744 -0.000801582587871003 0 0
 767.66007921031 -0.000841551600222027 0 0
 770.94552568568 -0.000719135905769538 0 0
 774.22988525677 -0.000783645531248488 0 0
 777.51314631424 -0.000740716991692943 0 0
 780.79529724875 -0.000703809385649942 0 0
 784.07632645096 -0.000873236796383377 0 0
 787.35622231153 -0.000842995921658559 0 0
 790.63497322112 -0.000992590881016251 0 0
 793.91256757039 -0.000881321409658294 0 0
 797.18899375 -0.000832388465430449 0 0
 800.46424015061 -0.000906722526604018 0 0
 803.73829516288 -0.000832276269676013 0 0
 807.01114717747 -0.000869495076166026 0 0
 810.28278458504 -0.00104202245921998 0 0
 813.55319577625 -0.000853328933778283 0 0
 816.82236914176 -0.00109767836721749 0 0
 820.09029307223 -0.00116054097666902 0 0
 823.35695595832 -0.00109692616756997 0 0
 826.62234619069 -0.00113192872114612 0 0
 829.88645216 -0.00132820907249366 0 0
 833.14926225691 -0.00135504329098453 0 0
 836.41076487208 -0.00121161027830755 0 0
 839.67094839617 -0.00149271219892748 0 0
 842.92980121984 -0.00130590281467507 0 0
 846.18731173375 -0.00141197334757438 0 0
 849.44346832856 -0.00201741824847288 0 0
 852.69825939493 -0.00151342878096332 0 0
 855.95167332352 -0.00173859435630505 0 0
 859.20369850499 -0.00168692149702659 0 0
 862.45432333 -0.00157771753604922 0 0
 865.70353618921 -0.0017945360348504 0 0
 868.95132547328 -0.00179730914130821 0 0
 872.19767957287 -0.00184834514199787 0 0
 875.44258687864 -0.00182348336934811 0 0
 878.68603578125 -0.00193538057441447 0 0
 881.92801467136 -0.00190782282605346 0 0
 885.16851193963 -0.00183915168207612 0 0
 888.40751597672 -0.00173940580313931 0 0
 891.64501517329 -0.00247929383664403 0 0
 894.88099792 -0.00177942441561188 0 0
 898.11545260751 -0.00187890877529817 0 0
 901.34836762648 -0.002326086929082 0 0
 904.57973136757 -0.0025725464464649 0 0
 907.80953222144 -0.00241170227673861 0 0
 911.03775857875 -0.00279863093982578 0 0
 914.26439883016 -0.00330995023937859 0 0
 917.48944136633 -0.00232138922022436 0 0
 920.71287457792 -0.00199349341126362 0 0
 923.93468685559 -0.00254659575115073 0 0
 927.15486659 -0.00345108170536749 0 0
 930.37340217181 -0.00346633920671538 0 0
 933.59028199168 -0.00242390228177495 0 0
 936.80549444027 -0.00309352622260945 0 0
 940.01902790824 -0.00355455162015935 0 0
 943.23087078625 -0.00378406694319792 0 0
 946.44101146496 -0.00320259716006567 0 0
 949.64943833503 -0.00372921017016162 0 0
 952.85613978712 -0.00321857873413278 0 0
 956.06110421189 0 0 0
 959.26432 0 0 0
 962.46577554211 0 0 0
 965.66545922888 0 0 0
 968.86335945097 0 0 0
 972.05946459904 0 0 0
 975.25376306375 0 0 0
 978.44624323576 0 0 0
 981.63689350573 0 0 0
 984.82570226432 0 0 0
 988.01265790219 0 0 0
 991.19774881 0 0 0
 994.38096337841 0 0 0
 997.56228999808 0 0 0
 1000.74171705967 0 0 0
 1003.91923295384 0 0 0
 1007.09482607125 0 0 0
 1010.26848480256 0 0 0
 1013.44019753843 0 0 0
 1016.60995266952 0 0 0
 1019.77773858649 0 0 0
 1022.94354368 0 0 0
 1026.10735634071 0 0 0
 1029.26916495928 0 0 0
 1032.42895792637 0 0 0
 1035.58672363264 0 0 0
 1038.74245046875 0 0 0
 1041.89612682536 0 0 0
 1045.04774109313 0 0 0
 1048.19728166272 0 0 0
 1051.34473692479 0 0 0
 1054.49009527 0 0 0
 1057.63334508901 0 0 0
 1060.77447477248 0 0 0
 1063.91347271107 0 0 0
 1067.05032729544 0 0 0
 1070.18502691625 0 0 0
 1073.31755996416 0 0 0
 1076.44791482983 0 0 0
 1079.57607990392 0 0 0
 1082.70204357709 0 0 0
 1085.82579424 0 0 0
 1088.94732028331 0 0 0
 1092.06661009768 0 0 0
 1095.18365207377 0 0 0
 1098.29843460224 0 0 0
 1101.41094607375 0 0 0
 1104.52117487896 0 0 0
 1107.62910940853 0 0 0
 1110.73473805312 0 0 0
 1113.83804920339 0 0 0
 1116.93903125 0 0 0
 1120.03767258361 0 0 0
 1123.13396159488 0 0 0
 1126.22788667447 0 0 0
 1129.31943621304 0 0 0
 1132.40859860125 0 0 0
 1135.49536222976 0 0 0
[END] of [DATA]
[END] of [Spectrum]


#TBID:2021-07-18 03:00:00;SAM_84C8;RAW;

[Spectrum]
Version            = 1
IDData             = 96B1_2021-07-18_03-00-00_000_705
IDDevice           = SAM_84C8
IDDataType         = SPECTRUM
IDDataTypeSub1     = RAW
IDDataTypeSub2     = 
IDDataTypeSub3     = 
DateTime           = 2021-07-18 03:00:00
PositionLatitude   = 0
PositionLongitude  = 0
Comment            = 
CommentSub1        = 
CommentSub2        = 
CommentSub3        = 
IDMethodType       = SAM Control
MethodName         = SAM_84C8
Mission            = No Mission
MissionSub         = 1
RecordType         = 0
[Attributes]
CalFactor = 1
IDBasisSpec = 
IDDataBack = DLAB_2015-08-21_12-14-03_013_778
IDDataCal = DLAB_2015-08-24_11-04-47_772_747
IntegrationTime = 4096
P31 = -1
P31e = 0
PathLength = +INF
PathLengthCustomOn = 0
RAWDynamic = 65535
Salinity = 0
Temperature = -NAN
Unit1 = $05 $00 Pixel 
Unit2 = $03 $05 Intensity counts
Unit3 = $f0 $05 Error counts
Unit4 = $f1 $00 Status 
p999 = 369
[END] of [Attributes]
[DATA]
 0 11 0 0
 1 1761 0 0
 2 1744 0 0
 3 1741 0 0
 4 1747 0 0
 5 1749 0 0
 6 1751 0 0
 7 1747 0 0
 8 1741 0 0
 9 1758 0 0
 10 1751 0 0
 11 1757 0 0
 12 1764 0 0
 13 1760 0 0
 14 1764 0 0
 15 1767 0 0
 16 1768 0 0
 17 1772 0 0
 18 1776 0 0
 19 1776 0 0
 20 1778 0 0
 21 1777 0 0
 22 1774 0 0
 23 1782 0 0
 24 1783 0 0
 25 1779 0 0
 26 1774 0 0
 27 1776 0 0
 28 1781 0 0
 29 1778 0 0
 30 1778 0 0
 31 1777 0 0
 32 1777 0 0
 33 1771 0 0
 34 1778 0 0
 35 1770 0 0
 36 1777 0 0
 37 1789 0 0
 38 1780 0 0
 39 1769 0 0
 40 1780 0 0
 41 1786 0 0
 42 1776 0 0
 43 1778 0 0
 44 1774 0 0
 45 1786 0 0
 46 1787 0 0
 47 1782 0 0
 48 1792 0 0
 49 1790 0 0
 50 1778 0 0
 51 1789 0 0
 52 1783 0 0
 53 1779 0 0
 54 1780 0 0
 55 1782 0 0
 56 1781 0 0
 57 1792 0 0
 58 1783 0 0
 59 1780 0 0
 60 1774 0 0
 61 1775 0 0
 62 1786 0 0
 63 1781 0 0
 64 1775 0 0
 65 1775 0 0
 66 1780 0 0
 67 1780 0 0
 68 1787 0 0
 69 1778 0 0
 70 1785 0 0
 71 1776 0 0
 72 1787 0 0
 73 1779 0 0
 74 1778 0 0
 75 1791 0 0
 76 1783 0 0
 77 1788 0 0
 78 1788 0 0
 79 1792 0 0
 80 1793 0 0
 81 1795 0 0
 82 1796 0 0
 83 1793 0 0
 84 1794 0 0
 85 1784 0 0
 86 1789 0 0
 87 1793 0 0
 88 1789 0 0
 89 1781 0 0
 90 1788 0 0
 91 1786 0 0
 92 1790 0 0
 93 1788 0 0
 94 1793 0 0
 95 1788 0 0
 96 1793 0 0
 97 1788 0 0
 98 1787 0 0
 99 1784 0 0
 100 1796 0 0
 101 1804 0 0
 102 1790 0 0
 103 1789 0 0
 104 1790 0 0
 105 1799 0 0
 106 1785 0 0
 107 1795 0 0
 108 1785 0 0
 109 1788 0 0
 110 1799 0 0
 111 1804 0 0
 112 1790 0 0
 113 1788 0 0
 114 1787 0 0
 115 1795 0 0
 116 1798 0 0
 117 1784 0 0
 118 1786 0 0
 119 1793 0 0
 120 1787 0 0
 121 1786 0 0
 122 1780 0 0
 123 1789 0 0
 124 1796 0 0
 125 1796 0 0
 126 1791 0 0
 127 1802 0 0
 128 1788 0 0
 129 1797 0 0
 130 1794 0 0
 131 1791 0 0
 132 1789 0 0
 133 1849 0 0
 134 1794 0 0
 135 1794 0 0
 136 1790 0 0
 137 1791 0 0
 138 1789 0 0
 139 1797 0 0
 140 1794 0 0
 141 1793 0 0
 142 1792 0 0
 143 1792 0 0
 144 1798 0 0
 145 1804 0 0
 146 1793 0 0
 147 1788 0 0
 148 1802 0 0
 149 1798 0 0
 150 1794 0 0
 151 1801 0 0
 152 1802 0 0
 153 1796 0 0
 154 1798 0 0
 155 1788 0 0
 156 1796 0 0
 157 1796 0 0
 158 1796 0 0
 159 1792 0 0
 160 1792 0 0
 161 1792 0 0
 162 1796 0 0
 163 1790 0 0
 164 1788 0 0
 165 1805 0 0
 166 1796 0 0
 167 1806 0 0
 168 1802 0 0
 169 1802 0 0
 170 1805 0 0
 171 1804 0 0
 172 1799 0 0
 173 1793 0 0
 174 1792 0 0
 175 1802 0 0
 176 1796 0 0
 177 1795 0 0
 178 1795 0 0
 179 1805 0 0
 180 1801 0 0
 181 1804 0 0
 182 1803 0 0
 183 1802 0 0
 184 1792 0 0
 185 1802 0 0
 186 1799 0 0
 187 1808 0 0
 188 1800 0 0
 189 1805 0 0
 190 1795 0 0
 191 1803 0 0
 192 1805 0 0
 193 1795 0 0
 194 1804 0 0
 195 1806 0 0
 196 1794 0 0
 197 1797 0 0
 198 1794 0 0
 199 1799 0 0
 200 1787 0 0
 201 1797 0 0
 202 1792 0 0
 203 1790 0 0
 204 1793 0 0
 205 1792 0 0
 206 1791 0 0
 207 1799 0 0
 208 1792 0 0
 209 1783 0 0
 210 1790 0 0
 211 1796 0 0
 212 1789 0 0
 213 1798 0 0
 214 1797 0 0
 215 1797 0 0
 216 1793 0 0
 217 1797 0 0
 218 1798 0 0
 219 1804 0 0
 220 1803 0 0
 221 1802 0 0
 222 1804 0 0
 223 1794 0 0
 224 1797 0 0
 225 1800 0 0
 226 1803 0 0
 227 1799 0 0
 228 1790 0 0
 229 1790 0 0
 230 1786 0 0
 231 1794 0 0
 232 1793 0 0
 233 1786 0 0
 234 1794 0 0
 235 1790 0 0
 236 1797 0 0
 237 1793 0 0
 238 1792 0 0
 239 1797 0 0
 240 1798 0 0
 241 1802 0 0
 242 1801 0 0
 243 1796 0 0
 244 1797 0 0
 245 1793 0 0
 246 1790 0 0
 247 1791 0 0
 248 1797 0 0
 249 1792 0 0
 250 1787 0 0
 251 1778 0 0
 252 1766 0 0
 253 1761 0 0
 254 1754 0 0
 255 1793 0 0
[END] of [DATA]
[END] of [Spectrum]


#TBID:2021-07-18 03:00:00;SAM_84C8;CALIBRATED;

[Spectrum]
Version            = 1
IDData             = 96B1_2021-07-18_03-00-00_000_706
IDDevice           = SAM_84C8
IDDataType         = SPECTRUM
IDDataTypeSub1     = CALIBRATED
IDDataTypeSub2     = 
IDDataTypeSub3     = 
DateTime           = 2021-07-18 03:00:00
PositionLatitude   = 0
PositionLongitude  = 0
Comment            = 
CommentSub1        = 
CommentSub2        = 
CommentSub3        = 
IDMethodType       = SAM Control
MethodName         = SAM_84C8
Mission            = No Mission
MissionSub         = 1
RecordType         = 0
[Attributes]
CalFactor = 1
IDBasisSpec = 
IDDataBack = DLAB_2015-08-21_12-14-03_013_778
IDDataCal = DLAB_2015-08-24_11-04-47_772_747
IntegrationTime = 4096
P31 = -1
P31e = 0
PathLength = +INF
PathLengthCustomOn = 0
RAWDynamic = 65535
Salinity = 0
Temperature = -NAN
Unit1 = $01 $01 Wavelength nm
Unit2 = $03 $03 Intensity mW/(m^2 nm Sr)
Unit3 = $f0 $03 Error mW/(m^2 nm Sr)
Unit4 = $f1 $00 Status 
p999 = 369
[END] of [Attributes]
[DATA]
 0 11 0 0
 303.516048156 0 0 0
 306.890006053 0 0 0
 310.26457112 0 0 0
 313.639731825 0 0 0
 317.015476636 -0.00147469166098403 0 0
 320.391794021 -0.00134642764393714 0 0
 323.768672448 -0.00124540070316311 0 0
 327.146100385 -0.0013098382978886 0 0
 330.5240663 -0.0007239066062488 0 0
 333.902558661 -0.000713507755592542 0 0
 337.281565936 -0.000781267951913832 0 0
 340.661076593 -0.000627335978530794 0 0
 344.0410791 -0.000469072757330537 0 0
 347.421561925 -0.000337282369190596 0 0
 350.802513536 -0.000309907095871116 0 0
 354.183922401 -0.000272139005117058 0 0
 357.565776988 -0.000221840513307622 0 0
 360.948065765 -0.000105709571657181 0 0
 364.3307772 -0.000113629501479524 0 0
 367.713899761 -1.16513007811273e-005 0 0
 371.097421916 -7.9626454330324e-005 0 0
 374.481332133 -0.00017164481148371 0 0
 377.86561888 -2.97030582136385e-005 0 0
 381.250270625 -4.53944657516528e-005 0 0
 384.635275836 -5.90020901276016e-005 0 0
 388.020622981 -1.12705687871876e-005 0 0
 391.406300528 -7.09301330541966e-005 0 0
 394.792296945 -4.6880811754883e-005 0 0
 398.1786007 -5.89489730101785e-005 0 0
 401.565200261 -0.000128004536920599 0 0
 404.952084096 -8.65431108572249e-005 0 0
 408.339240673 -8.20636101233713e-005 0 0
 411.72665846 -0.000106127604242666 0 0
 415.114325925 1.91861971350365e-007 0 0
 418.502231536 -9.33772348710379e-005 0 0
 421.890363761 -6.78770367534846e-005 0 0
 425.278711068 -5.33683039652996e-005 0 0
 428.667261925 -3.46256264936592e-005 0 0
 432.0560048 -7.75052482581083e-005 0 0
 435.444928161 1.98769344844293e-005 0 0
 438.834020476 4.5182803966985e-005 0 0
 442.223270213 -2.96456971675045e-005 0 0
 445.61266584 -4.80476133439012e-005 0 0
 449.002195825 -3.48044102893085e-005 0 0
 452.391848636 -1.05019695135543e-006 0 0
 455.781612741 5.75211250078017e-005 0 0
 459.171476608 2.10883290440294e-005 0 0
 462.561428705 0.000102365013956764 0 0
 465.9514575 3.26643972507246e-005 0 0
 469.341551461 -5.73689996255547e-006 0 0
 472.731699056 5.91121842148389e-005 0 0
 476.121888753 -1.18110747406909e-005 0 0
 479.51210902 -3.14990782155106e-005 0 0
 482.902348325 0.000122723026111457 0 0
 486.292595136 -1.08506210599883e-006 0 0
 489.682837921 -4.05179011181107e-005 0 0
 493.073065148 6.00963147552238e-005 0 0
 496.463265285 2.78953010694134e-005 0 0
 499.8534268 6.0251605014875e-005 0 0
 503.243538161 -6.56696438180159e-005 0 0
 506.633587836 -9.60946790599621e-005 0 0
 510.023564293 -0.000106160905203663 0 0
 513.413456 -7.09193663641612e-005 0 0
 516.803251425 -1.02759896843746e-005 0 0
 520.192939036 -5.69078597632222e-005 0 0
 523.582507301 -7.0715530177107e-005 0 0
 526.971944688 -3.83980196187534e-005 0 0
 530.361239665 -7.13613939760192e-006 0 0
 533.7503807 -3.32655303091431e-005 0 0
 537.139356261 -3.2350816773492e-005 0 0
 540.528154816 -9.19281456319723e-005 0 0
 543.916764833 -3.01109754017466e-005 0 0
 547.30517478 -4.91641824642452e-005 0 0
 550.693373125 -4.87767630859288e-005 0 0
 554.081348336 7.12106991092406e-005 0 0
 557.469088881 -1.51582056593396e-005 0 0
 560.856583228 4.05294295131941e-005 0 0
 564.243819845 4.10366102094205e-005 0 0
 567.6307872 7.95840644931673e-005 0 0
 571.017473761 9.85879100203538e-005 0 0
 574.403867996 0.000157532489626774 0 0
 577.789958373 7.7007217473563e-005 0 0
 581.17573336 7.43119053950891e-005 0 0
 584.561181425 6.87847138716106e-005 0 0
 587.946291036 2.4822940925844e-005 0 0
 591.331050661 7.98191320597695e-005 0 0
 594.715448768 7.94028301101013e-005 0 0
 598.099473825 7.6446783172475e-005 0 0
 601.4831143 -1.89147462499881e-005 0 0
 604.866358661 -4.84255840136586e-005 0 0
 608.249195376 -2.71437570868299e-005 0 0
 611.631612913 4.31563419774581e-005 0 0
 615.01359974 0.000105980071107428 0 0
 618.395144325 2.64110673892652e-005 0 0
 621.776235136 4.83719763284085e-005 0 0
 625.156860641 3.6098658246974e-005 0 0
 628.537009308 4.37118551086166e-005 0 0
 631.916669605 4.8101396265661e-005 0 0
 635.29583 2.48931433053828e-005 0 0
 638.674478961 6.37852302009228e-005 0 0
 642.052604956 0.000143968197355297 0 0
 645.430196453 1.05634424526246e-005 0 0
 648.80724192 8.59765296015799e-005 0 0
 652.183729825 9.62798683518414e-005 0 0
 655.559648636 0.000125652281078985 0 0
 658.934986821 3.03267271651066e-005 0 0
 662.309732848 0.000190189568586321 0 0
 665.683875185 8.70870227823977e-005 0 0
 669.0574023 0.00010628434305274 0 0
 672.430302661 0.000125705380345117 0 0
 675.802564736 8.76224751181524e-005 0 0
 679.174176993 3.06047623006262e-005 0 0
 682.5451279 -1.14702402678079e-005 0 0
 685.915405925 -3.93764598555234e-006 0 0
 689.284999536 3.72655178281347e-005 0 0
 692.653897201 4.63779602903421e-005 0 0
 696.022087388 -2.86421463146826e-005 0 0
 699.389558565 3.7999295638698e-005 0 0
 702.7562992 3.96401278703259e-006 0 0
 706.122297761 0.000131014465012665 0 0
 709.487542716 -3.32252284520992e-005 0 0
 712.852022533 -3.29680252004063e-005 0 0
 716.21572568 0.000118594011140244 0 0
 719.578640625 0.000310467659326847 0 0
 722.940755836 0.000201038934954883 0 0
 726.302059781 8.52079678804138e-005 0 0
 729.662540928 0.000128702517710539 0 0
 733.022187745 8.90577803027566e-005 0 0
 736.3809887 0.000179910120331661 0 0
 739.738932261 0.000269052264385038 0 0
 743.096006896 2.38224180694418e-005 0 0
 746.452201073 6.24511048962567e-006 0 0
 749.80750326 2.14983586006812e-005 0 0
 753.161901925 5.73109042546881e-005 0 0
 756.515385536 0.000190954211917638 0 0
 759.867942561 7.66454191504936e-005 0 0
 763.219561468 2.20457331963287e-005 0 0
 766.570230725 0.000121568212879313 0 0
 769.9199388 9.05112724714111e-005 0 0
 773.268674161 0.000167736833899913 0 0
 776.616425276 0.000231377382195047 0 0
 779.963180613 4.44109722575384e-005 0 0
 783.30892864 0.000135861907336887 0 0
 786.653657825 9.70390542275353e-005 0 0
 789.997356636 0.000411367243902235 0 0
 793.340013541 7.08834285603609e-005 0 0
 796.681617008 0.000109592454130577 0 0
 800.022155505 0.000393537161596153 0 0
 803.3616175 0.000451783326000384 0 0
 806.699991461 0.000260905468331599 0 0
 810.037265856 0.000480706746549125 0 0
 813.373429153 0.00037488937117926 0 0
 816.70846982 0.000383586134040005 0 0
 820.042376325 0.000592515003672358 0 0
 823.375137136 0.000269135819460185 0 0
 826.706740721 0.000331093735587397 0 0
 830.037175548 0.000247495550282649 0 0
 833.366430085 0.000340761965949771 0 0
 836.6944928 0.000339965199132105 0 0
 840.021352161 6.33914095199756e-005 0 0
 843.346996636 0.000305498358439378 0 0
 846.671414693 0.000374412154648723 0 0
 849.9945948 0.000155763638726151 0 0
 853.316525425 0.000422248807981378 0 0
 856.637195036 0.000910629318294509 0 0
 859.956592101 0.000487572854199635 0 0
 863.274705088 0.000988156595641323 0 0
 866.591522465 0.000917883717830982 0 0
 869.9070327 0.00129398392777551 0 0
 873.221224261 0.00116820602636076 0 0
 876.534085616 0.00156046666589366 0 0
 879.845605233 0.000876398044003959 0 0
 883.15577158 0.00146770947983257 0 0
 886.464573125 0.000822270062732261 0 0
 889.771998336 0.000757208232242974 0 0
 893.078035681 0.0011135258045145 0 0
 896.382673628 0.000899999614479429 0 0
 899.685900645 0.001286993758505 0 0
 902.9877052 0.00187293083444734 0 0
 906.288075761 0.00110758892180083 0 0
 909.587000796 0.00180977221812174 0 0
 912.884468773 0.00179383330216068 0 0
 916.18046816 0.0018588634217427 0 0
 919.474987425 0.00134976750011679 0 0
 922.768015036 0.00193427862851629 0 0
 926.059539461 0.00222350439049971 0 0
 929.349549168 0.00232535698202919 0 0
 932.638032625 0.00242672272583997 0 0
 935.9249783 0.00343315882822902 0 0
 939.210374661 0.0029609047408521 0 0
 942.494210176 0.00320970973384381 0 0
 945.776473313 0.00282565083376176 0 0
 949.05715254 0.00356360353955081 0 0
 952.336236325 0.00329490841100456 0 0
 955.613713136 0 0 0
 958.889571441 0 0 0
 962.163799708 0 0 0
 965.436386405 0 0 0
 968.70732 0 0 0
 971.976588961 0 0 0
 975.244181756 0 0 0
 978.510086853 0 0 0
 981.77429272 0 0 0
 985.036787825 0 0 0
 988.297560636 0 0 0
 991.556599621 0 0 0
 994.813893248 0 0 0
 998.069429985 0 0 0
 1001.3231983 0 0 0
 1004.575186661 0 0 0
 1007.825383536 0 0 0
 1011.073777393 0 0 0
 1014.3203567 0 0 0
 1017.565109925 0 0 0
 1020.808025536 0 0 0
 1024.049092001 0 0 0
 1027.288297788 0 0 0
 1030.525631365 0 0 0
 1033.7610812 0 0 0
 1036.994635761 0 0 0
 1040.226283516 0 0 0
 1043.456012933 0 0 0
 1046.68381248 0 0 0
 1049.909670625 0 0 0
 1053.133575836 0 0 0
 1056.355516581 0 0 0
 1059.575481328 0 0 0
 1062.793458545 0 0 0
 1066.0094367 0 0 0
 1069.223404261 0 0 0
 1072.435349696 0 0 0
 1075.645261473 0 0 0
 1078.85312806 0 0 0
 1082.058937925 0 0 0
 1085.262679536 0 0 0
 1088.464341361 0 0 0
 1091.663911868 0 0 0
 1094.861379525 0 0 0
 1098.0567328 0 0 0
 1101.249960161 0 0 0
 1104.441050076 0 0 0
 1107.629991013 0 0 0
 1110.81677144 0 0 0
 1114.001379825 0 0 0
 1117.183804636 0 0 0
 1120.364034341 0 0 0
 1123.542057408 0 0 0
 1126.717862305 0 0 0
 1129.8914375 0 0 0
 1133.062771461 0 0 0
 1136.231852656 0 0 0
 1139.398669553 0 0 0
 1142.56321062 0 0 0
 1145.725464325 0 0 0
 1148.885419136 0 0 0
[END] of [DATA]
[END] of [Spectrum]

