
#TBID:2021-07-08 02:30:00;SAM_84C8;CALIBRATED;

[Spectrum]
Version            = 1
IDData             = 96B1_2021-07-08_02-30-00_000_696
IDDevice           = SAM_84C8
IDDataType         = SPECTRUM
IDDataTypeSub1     = CALIBRATED
IDDataTypeSub2     = 
IDDataTypeSub3     = 
DateTime           = 2021-07-08 02:30:00
PositionLatitude   = 0
PositionLongitude  = 0
Comment            = 
CommentSub1        = 
CommentSub2        = 
CommentSub3        = 
IDMethodType       = SAM Control
MethodName         = SAM_84C8
Mission            = No Mission
MissionSub         = 1
RecordType         = 0
[Attributes]
CalFactor = 1
IDBasisSpec = 
IDDataBack = DLAB_2015-08-21_12-14-03_013_778
IDDataCal = DLAB_2015-08-24_11-04-47_772_747
IntegrationTime = 4096
P31 = -1
P31e = 0
PathLength = +INF
PathLengthCustomOn = 0
RAWDynamic = 65535
Salinity = 0
Temperature = -NAN
Unit1 = $01 $01 Wavelength nm
Unit2 = $03 $03 Intensity mW/(m^2 nm Sr)
Unit3 = $f0 $03 Error mW/(m^2 nm Sr)
Unit4 = $f1 $00 Status 
p999 = 268
[END] of [Attributes]
[DATA]
 0 11 0 0
 303.516048156 0 0 0
 306.890006053 0 0 0
 310.26457112 0 0 0
 313.639731825 0 0 0
 317.015476636 -0.00105132622293942 0 0
 320.391794021 -0.000926443210684765 0 0
 323.768672448 -0.000584628526415036 0 0
 327.146100385 -0.000583105391314062 0 0
 330.5240663 -0.000714336751450181 0 0
 333.902558661 -0.00034305603826639 0 0
 337.281565936 -0.000394470672638281 0 0
 340.661076593 -0.00050246223529812 0 0
 344.0410791 -0.000298677919578193 0 0
 347.421561925 -0.000430198278391051 0 0
 350.802513536 -0.000372151588414743 0 0
 354.183922401 -0.000138929738770185 0 0
 357.565776988 -0.000157116618930472 0 0
 360.948065765 -0.000100500298743639 0 0
 364.3307772 -7.19518139708598e-005 0 0
 367.713899761 -9.78626161257241e-005 0 0
 371.097421916 -1.8888225493686e-005 0 0
 374.481332133 2.40405690737463e-005 0 0
 377.86561888 -8.30221362310035e-005 0 0
 381.250270625 2.04722567840888e-005 0 0
 384.635275836 4.92616102364032e-005 0 0
 388.020622981 7.71119676663565e-005 0 0
 391.406300528 -2.407054831787e-005 0 0
 394.792296945 -5.45319266664088e-007 0 0
 398.1786007 -3.35686303796208e-005 0 0
 401.565200261 6.96588742280504e-005 0 0
 404.952084096 6.63497671550497e-005 0 0
 408.339240673 1.05638801337003e-005 0 0
 411.72665846 3.15567480945909e-005 0 0
 415.114325925 -1.1141700595118e-005 0 0
 418.502231536 -3.02479320870433e-005 0 0
 421.890363761 6.10809681159825e-005 0 0
 425.278711068 -1.03491613942074e-005 0 0
 428.667261925 -6.26344458292938e-006 0 0
 432.0560048 9.17500640798549e-006 0 0
 435.444928161 7.91566841465446e-008 0 0
 438.834020476 3.47343717444717e-006 0 0
 442.223270213 -3.76509094814696e-005 0 0
 445.61266584 2.15653578546463e-005 0 0
 449.002195825 1.94667516299009e-006 0 0
 452.391848636 2.50173387536366e-005 0 0
 455.781612741 3.73098362041114e-005 0 0
 459.171476608 3.64960052033134e-005 0 0
 462.561428705 -3.04069396098434e-005 0 0
 465.9514575 -1.82068464138885e-006 0 0
 469.341551461 -2.14894796134248e-006 0 0
 472.731699056 -1.59352081300305e-005 0 0
 476.121888753 1.84164543117865e-005 0 0
 479.51210902 1.25433024421986e-005 0 0
 482.902348325 3.09470790772176e-005 0 0
 486.292595136 0.000113760311610981 0 0
 489.682837921 5.60790457681456e-006 0 0
 493.073065148 7.08185797358039e-006 0 0
 496.463265285 8.91764627515726e-005 0 0
 499.8534268 6.89947846695775e-006 0 0
 503.243538161 8.07804438137018e-005 0 0
 506.633587836 -7.67306615707538e-006 0 0
 510.023564293 -5.26336749340494e-006 0 0
 513.413456 1.43507957473048e-005 0 0
 516.803251425 8.61029994810394e-005 0 0
 520.192939036 -2.75610778834105e-005 0 0
 523.582507301 2.04653003044716e-005 0 0
 526.971944688 1.57028540003193e-006 0 0
 530.361239665 3.19370123591443e-005 0 0
 533.7503807 -6.60257165832595e-006 0 0
 537.139356261 2.86031908813846e-005 0 0
 540.528154816 2.57856944051807e-005 0 0
 543.916764833 7.25558475675372e-006 0 0
 547.30517478 3.36965360060114e-005 0 0
 550.693373125 0.000102715375685562 0 0
 554.081348336 4.00133593451675e-005 0 0
 557.469088881 -4.06901588747649e-007 0 0
 560.856583228 8.7590404878929e-006 0 0
 564.243819845 6.79892485928188e-005 0 0
 567.6307872 9.49490226171097e-005 0 0
 571.017473761 0.0001019903827375 0 0
 574.403867996 3.61494321878085e-005 0 0
 577.789958373 5.50612649384162e-005 0 0
 581.17573336 5.18958844135389e-005 0 0
 584.561181425 8.57953365961505e-005 0 0
 587.946291036 8.31208685061316e-005 0 0
 591.331050661 4.18106105270631e-005 0 0
 594.715448768 0.000126298652740683 0 0
 598.099473825 5.11931517253176e-005 0 0
 601.4831143 4.54130970242602e-005 0 0
 604.866358661 0.000109689269662107 0 0
 608.249195376 8.48678671846763e-006 0 0
 611.631612913 6.33017339990787e-005 0 0
 615.01359974 6.28578462462247e-005 0 0
 618.395144325 9.46766493053092e-005 0 0
 621.776235136 0.000133431978169458 0 0
 625.156860641 7.96056137564293e-006 0 0
 628.537009308 0.000115089672438802 0 0
 631.916669605 7.00125377807735e-005 0 0
 635.29583 0.000118160715162507 0 0
 638.674478961 0.000123546145298977 0 0
 642.052604956 5.53689559620594e-005 0 0
 645.430196453 9.28390572851523e-005 0 0
 648.80724192 7.17701604487276e-005 0 0
 652.183729825 0.000161990237392269 0 0
 655.559648636 9.05781404816735e-005 0 0
 658.934986821 0.000139242089853176 0 0
 662.309732848 0.00013350184374496 0 0
 665.683875185 3.00949363256441e-005 0 0
 669.0574023 0.000154158402329694 0 0
 672.430302661 8.93157329082541e-005 0 0
 675.802564736 7.21966739629591e-005 0 0
 679.174176993 0.000166485116543435 0 0
 682.5451279 0.000213437993408834 0 0
 685.915405925 0.000178766436904862 0 0
 689.284999536 0.000154747017827981 0 0
 692.653897201 7.50124801636637e-005 0 0
 696.022087388 6.78965597781181e-005 0 0
 699.389558565 0.000226443673710901 0 0
 702.7562992 0.000193788872006993 0 0
 706.122297761 9.12661656238198e-005 0 0
 709.487542716 8.92930190785325e-005 0 0
 712.852022533 0.00013679325868028 0 0
 716.21572568 0.000101695888973173 0 0
 719.578640625 0.000246659783245549 0 0
 722.940755836 0.000184086794198612 0 0
 726.302059781 0.00013871930663957 0 0
 729.662540928 0.00018236593831482 0 0
 733.022187745 0.000213857326858085 0 0
 736.3809887 0.00016273051899827 0 0
 739.738932261 0.000155729910650109 0 0
 743.096006896 0.000103315017076346 0 0
 746.452201073 0.000160551708207393 0 0
 749.80750326 -2.14295275916185e-005 0 0
 753.161901925 0.000165381201909889 0 0
 756.515385536 0.000172452583172035 0 0
 759.867942561 0.000317728632826964 0 0
 763.219561468 0.000292869573745821 0 0
 766.570230725 0.000396456899364569 0 0
 769.9199388 0.000288320077145187 0 0
 773.268674161 0.00025831714237548 0 0
 776.616425276 0.000295546355493757 0 0
 779.963180613 0.000196262782306659 0 0
 783.30892864 0.000320849999532663 0 0
 786.653657825 0.000287131301230807 0 0
 789.997356636 0.000233014193129747 0 0
 793.340013541 0.000144178842998115 0 0
 796.681617008 0.000385172686671556 0 0
 800.022155505 9.28857277057781e-005 0 0
 803.3616175 0.000247625422808151 0 0
 806.699991461 0.000197247673601812 0 0
 810.037265856 0.00033817328245486 0 0
 813.373429153 2.88954997145214e-005 0 0
 816.70846982 0.00014833804038977 0 0
 820.042376325 0.000263604422776897 0 0
 823.375137136 0.000723119359996878 0 0
 826.706740721 0.000252082671620563 0 0
 830.037175548 0.000213052578312116 0 0
 833.366430085 0.000304938397547434 0 0
 836.6944928 0.000302644979542029 0 0
 840.021352161 0.000186222367058726 0 0
 843.346996636 0.000603311505270276 0 0
 846.671414693 0.000686428041058328 0 0
 849.9945948 0.000420799059044184 0 0
 853.316525425 0.000569983982492453 0 0
 856.637195036 0.000249925523996 0 0
 859.956592101 0.000293968211225248 0 0
 863.274705088 0.000487952614148544 0 0
 866.591522465 0.000395806929364218 0 0
 869.9070327 0.000749628949087019 0 0
 873.221224261 0.000769980575278803 0 0
 876.534085616 0.000883691414469685 0 0
 879.845605233 0.000628830983905231 0 0
 883.15577158 0.000456232842574753 0 0
 886.464573125 0.000654044126506815 0 0
 889.771998336 0.000482010935852807 0 0
 893.078035681 0.000724055285095193 0 0
 896.382673628 0.00103840760600772 0 0
 899.685900645 0.000868534334562704 0 0
 902.9877052 0.00143838557282768 0 0
 906.288075761 0.000533979230876 0 0
 909.587000796 0.00108479172766556 0 0
 912.884468773 0.00103677987871499 0 0
 916.18046816 0.00106733137245495 0 0
 919.474987425 0.000955969597211087 0 0
 922.768015036 0.00152041822063703 0 0
 926.059539461 0.00115286003110132 0 0
 929.349549168 0.000362928469964943 0 0
 932.638032625 0.000893721016278242 0 0
 935.9249783 0.00181857593861776 0 0
 939.210374661 0.00126014510211583 0 0
 942.494210176 0.00120789984299999 0 0
 945.776473313 0.001153781231875 0 0
 949.05715254 0.00249054848192415 0 0
 952.336236325 0.00193827993188325 0 0
 955.613713136 0 0 0
 958.889571441 0 0 0
 962.163799708 0 0 0
 965.436386405 0 0 0
 968.70732 0 0 0
 971.976588961 0 0 0
 975.244181756 0 0 0
 978.510086853 0 0 0
 981.77429272 0 0 0
 985.036787825 0 0 0
 988.297560636 0 0 0
 991.556599621 0 0 0
 994.813893248 0 0 0
 998.069429985 0 0 0
 1001.3231983 0 0 0
 1004.575186661 0 0 0
 1007.825383536 0 0 0
 1011.073777393 0 0 0
 1014.3203567 0 0 0
 1017.565109925 0 0 0
 1020.808025536 0 0 0
 1024.049092001 0 0 0
 1027.288297788 0 0 0
 1030.525631365 0 0 0
 1033.7610812 0 0 0
 1036.994635761 0 0 0
 1040.226283516 0 0 0
 1043.456012933 0 0 0
 1046.68381248 0 0 0
 1049.909670625 0 0 0
 1053.133575836 0 0 0
 1056.355516581 0 0 0
 1059.575481328 0 0 0
 1062.793458545 0 0 0
 1066.0094367 0 0 0
 1069.223404261 0 0 0
 1072.435349696 0 0 0
 1075.645261473 0 0 0
 1078.85312806 0 0 0
 1082.058937925 0 0 0
 1085.262679536 0 0 0
 1088.464341361 0 0 0
 1091.663911868 0 0 0
 1094.861379525 0 0 0
 1098.0567328 0 0 0
 1101.249960161 0 0 0
 1104.441050076 0 0 0
 1107.629991013 0 0 0
 1110.81677144 0 0 0
 1114.001379825 0 0 0
 1117.183804636 0 0 0
 1120.364034341 0 0 0
 1123.542057408 0 0 0
 1126.717862305 0 0 0
 1129.8914375 0 0 0
 1133.062771461 0 0 0
 1136.231852656 0 0 0
 1139.398669553 0 0 0
 1142.56321062 0 0 0
 1145.725464325 0 0 0
 1148.885419136 0 0 0
[END] of [DATA]
[END] of [Spectrum]


#TBID:2021-07-08 03:00:00;SAM_84CE;RAW;

[Spectrum]
Version            = 1
IDData             = 96B1_2021-07-08_03-00-00_000_699
IDDevice           = SAM_84CE
IDDataType         = SPECTRUM
IDDataTypeSub1     = RAW
IDDataTypeSub2     = 
IDDataTypeSub3     = 
DateTime           = 2021-07-08 03:00:00
PositionLatitude   = 0
PositionLongitude  = 0
Comment            = 
CommentSub1        = 
CommentSub2        = 
CommentSub3        = 
IDMethodType       = SAM Control
MethodName         = SAM_84CE
Mission            = No Mission
MissionSub         = 1
RecordType         = 0
[Attributes]
CalFactor = 1
IDBasisSpec = 
IDDataBack = DLAB_2015-08-21_11-56-43_233_004
IDDataCal = DLAB_2015-08-26_10-05-37_585_478
IntegrationTime = 4096
P31 = -1
P31e = 0
PathLength = +INF
PathLengthCustomOn = 0
RAWDynamic = 65535
Salinity = 0
Temperature = -NAN
Unit1 = $05 $00 Pixel 
Unit2 = $03 $05 Intensity counts
Unit3 = $f0 $05 Error counts
Unit4 = $f1 $00 Status 
p999 = 269
[END] of [Attributes]
[DATA]
 0 11 0 0
 1 1557 0 0
 2 1561 0 0
 3 1564 0 0
 4 1570 0 0
 5 1573 0 0
 6 1567 0 0
 7 1568 0 0
 8 1576 0 0
 9 1585 0 0
 10 1584 0 0
 11 1586 0 0
 12 1585 0 0
 13 1588 0 0
 14 1590 0 0
 15 1583 0 0
 16 1579 0 0
 17 1579 0 0
 18 1586 0 0
 19 1577 0 0
 20 1591 0 0
 21 1588 0 0
 22 1589 0 0
 23 1600 0 0
 24 1590 0 0
 25 1593 0 0
 26 1601 0 0
 27 1598 0 0
 28 1588 0 0
 29 1593 0 0
 30 1596 0 0
 31 1599 0 0
 32 1596 0 0
 33 1591 0 0
 34 1584 0 0
 35 1589 0 0
 36 1591 0 0
 37 1588 0 0
 38 1594 0 0
 39 1589 0 0
 40 1596 0 0
 41 1590 0 0
 42 1592 0 0
 43 1595 0 0
 44 1587 0 0
 45 1593 0 0
 46 1596 0 0
 47 1597 0 0
 48 1594 0 0
 49 1590 0 0
 50 1598 0 0
 51 1585 0 0
 52 1588 0 0
 53 1595 0 0
 54 1594 0 0
 55 1595 0 0
 56 1597 0 0
 57 1586 0 0
 58 1594 0 0
 59 1586 0 0
 60 1586 0 0
 61 1591 0 0
 62 1597 0 0
 63 1597 0 0
 64 1591 0 0
 65 1591 0 0
 66 1597 0 0
 67 1590 0 0
 68 1594 0 0
 69 1585 0 0
 70 1576 0 0
 71 1591 0 0
 72 1591 0 0
 73 1595 0 0
 74 1585 0 0
 75 1587 0 0
 76 1596 0 0
 77 1593 0 0
 78 1582 0 0
 79 1590 0 0
 80 1596 0 0
 81 1597 0 0
 82 1595 0 0
 83 1585 0 0
 84 1591 0 0
 85 1591 0 0
 86 1595 0 0
 87 1588 0 0
 88 1590 0 0
 89 1586 0 0
 90 1592 0 0
 91 1596 0 0
 92 1589 0 0
 93 1596 0 0
 94 1588 0 0
 95 1581 0 0
 96 1587 0 0
 97 1592 0 0
 98 1596 0 0
 99 1596 0 0
 100 1591 0 0
 101 1590 0 0
 102 1596 0 0
 103 1593 0 0
 104 1594 0 0
 105 1595 0 0
 106 1596 0 0
 107 1591 0 0
 108 1589 0 0
 109 1602 0 0
 110 1593 0 0
 111 1598 0 0
 112 1591 0 0
 113 1590 0 0
 114 1594 0 0
 115 1589 0 0
 116 1592 0 0
 117 1596 0 0
 118 1595 0 0
 119 1595 0 0
 120 1595 0 0
 121 1592 0 0
 122 1595 0 0
 123 1591 0 0
 124 1591 0 0
 125 1592 0 0
 126 1602 0 0
 127 1590 0 0
 128 1592 0 0
 129 1597 0 0
 130 1592 0 0
 131 1602 0 0
 132 1592 0 0
 133 1594 0 0
 134 1593 0 0
 135 1594 0 0
 136 1592 0 0
 137 1602 0 0
 138 1585 0 0
 139 1596 0 0
 140 1589 0 0
 141 1587 0 0
 142 1592 0 0
 143 1591 0 0
 144 1593 0 0
 145 1607 0 0
 146 1592 0 0
 147 1583 0 0
 148 1593 0 0
 149 1591 0 0
 150 1594 0 0
 151 1589 0 0
 152 1592 0 0
 153 1600 0 0
 154 1593 0 0
 155 1595 0 0
 156 1594 0 0
 157 1590 0 0
 158 1589 0 0
 159 1589 0 0
 160 1594 0 0
 161 1597 0 0
 162 1591 0 0
 163 1592 0 0
 164 1592 0 0
 165 1588 0 0
 166 1591 0 0
 167 1596 0 0
 168 1592 0 0
 169 1594 0 0
 170 1597 0 0
 171 1597 0 0
 172 1596 0 0
 173 1598 0 0
 174 1588 0 0
 175 1596 0 0
 176 1593 0 0
 177 1592 0 0
 178 1594 0 0
 179 1595 0 0
 180 1593 0 0
 181 1593 0 0
 182 1587 0 0
 183 1590 0 0
 184 1585 0 0
 185 1591 0 0
 186 1595 0 0
 187 1596 0 0
 188 1593 0 0
 189 1591 0 0
 190 1593 0 0
 191 1594 0 0
 192 1593 0 0
 193 1595 0 0
 194 1593 0 0
 195 1589 0 0
 196 1589 0 0
 197 1594 0 0
 198 1602 0 0
 199 1592 0 0
 200 1590 0 0
 201 1594 0 0
 202 1594 0 0
 203 1596 0 0
 204 1592 0 0
 205 1589 0 0
 206 1601 0 0
 207 1603 0 0
 208 1592 0 0
 209 1592 0 0
 210 1591 0 0
 211 1593 0 0
 212 1591 0 0
 213 1590 0 0
 214 1585 0 0
 215 1597 0 0
 216 1595 0 0
 217 1588 0 0
 218 1590 0 0
 219 1591 0 0
 220 1588 0 0
 221 1588 0 0
 222 1594 0 0
 223 1591 0 0
 224 1588 0 0
 225 1590 0 0
 226 1591 0 0
 227 1593 0 0
 228 1586 0 0
 229 1600 0 0
 230 1593 0 0
 231 1590 0 0
 232 1588 0 0
 233 1592 0 0
 234 1584 0 0
 235 1598 0 0
 236 1582 0 0
 237 1592 0 0
 238 1592 0 0
 239 1590 0 0
 240 1587 0 0
 241 1593 0 0
 242 1585 0 0
 243 1596 0 0
 244 1591 0 0
 245 1583 0 0
 246 1579 0 0
 247 1594 0 0
 248 1583 0 0
 249 1583 0 0
 250 1575 0 0
 251 1579 0 0
 252 1576 0 0
 253 1564 0 0
 254 1560 0 0
 255 1614 0 0
[END] of [DATA]
[END] of [Spectrum]


#TBID:2021-07-08 03:00:00;SAM_84CE;CALIBRATED;

[Spectrum]
Version            = 1
IDData             = 96B1_2021-07-08_03-00-00_000_700
IDDevice           = SAM_84CE
IDDataType         = SPECTRUM
IDDataTypeSub1     = CALIBRATED
IDDataTypeSub2     = 
IDDataTypeSub3     = 
DateTime           = 2021-07-08 03:00:00
PositionLatitude   = 0
PositionLongitude  = 0
Comment            = 
CommentSub1        = 
CommentSub2        = 
CommentSub3        = 
IDMethodType       = SAM Control
MethodName         = SAM_84CE
Mission            = No Mission
MissionSub         = 1
RecordType         = 0
[Attributes]
CalFactor = 1
IDBasisSpec = 
IDDataBack = DLAB_2015-08-21_11-56-43_233_004
IDDataCal = DLAB_2015-08-26_10-05-37_585_478
IntegrationTime = 4096
P31 = -1
P31e = 0
PathLength = +INF
PathLengthCustomOn = 0
RAWDynamic = 65535
Salinity = 0
Temperature = -NAN
Unit1 = $01 $01 Wavelength nm
Unit2 = $03 $06 Intensity mW/(m^2 nm)
Unit3 = $f0 $06 Error mW/(m^2 nm)
Unit4 = $f1 $00 Status 
p999 = 269
[END] of [Attributes]
[DATA]
 0 11 0 0
 303.485180022 0 0 0
 306.85638880275 0 0 0
 310.228324544 0 0 0
 313.60097308125 0 0 0
 316.97432025 -0.00042853548204201 0 0
 320.34835188575 -0.000233318719967073 0 0
 323.723053824 0.00104412835630052 0 0
 327.09841190025 0.00335408084420236 0 0
 330.47441195 0.00382698039340155 0 0
 333.85103980875 0.00433022421497612 0 0
 337.228281312 0.00382649902610258 0 0
 340.60612229525 0.00324504473949644 0 0
 343.984548594 0.00391727633556683 0 0
 347.36354604375 0.00270980203147141 0 0
 350.74310048 0.00278588324347408 0 0
 354.12319773825 0.001310673049926 0 0
 357.503823654 0.00208958999577247 0 0
 360.88496406275 0.00242644856743015 0 0
 364.2666048 0.00185346644673484 0 0
 367.64873170125 0.00249417647932928 0 0
 371.031330602 0.0025621676968515 0 0
 374.41438733775 0.00326834729047251 0 0
 377.797887744 0.0029012612557541 0 0
 381.18181765625 0.00280826238230583 0 0
 384.56616291 0.00341434470408766 0 0
 387.95090934075 0.004099866574221 0 0
 391.336042784 0.00314651620255284 0 0
 394.72154907525 0.00350516813790328 0 0
 398.10741405 0.00390228109267091 0 0
 401.49362354375 0.004208098058782 0 0
 404.880163392 0.00307824480345109 0 0
 408.26701943025 0.00303748241135884 0 0
 411.654177494 0.00260922248322542 0 0
 415.04162341875 0.00181086282147701 0 0
 418.42934304 0.00273321936047106 0 0
 421.81732219325 0.00163637512052055 0 0
 425.205546714 0.00242347651078787 0 0
 428.59400243775 0.00173841650133725 0 0
 431.9826752 0.00152002488508725 0 0
 435.37155083625 0.00216969492327665 0 0
 438.760615182 0.00166631288997427 0 0
 442.14985407275 0.00161951533605223 0 0
 445.539253344 0.00203748108248826 0 0
 448.92879883125 0.00186702624737312 0 0
 452.31847637 0.0026167039067566 0 0
 455.70827179575 0.00177439586949494 0 0
 459.098170944 0.00155943743628691 0 0
 462.48815965025 0.00203288303210204 0 0
 465.87822375 0.00162091840100934 0 0
 469.26834907875 0.00238892694510673 0 0
 472.658521472 0.0016414269172798 0 0
 476.04872676525 0.00208150892590929 0 0
 479.438950794 0.00213589601827939 0 0
 482.82917939375 0.00165310006715572 0 0
 486.2193984 0.00289603015119044 0 0
 489.60959364825 0.00327235903791323 0 0
 492.999750974 0.00170415321225034 0 0
 496.38985621275 0.00215140061610081 0 0
 499.7798952 0.00147597034155067 0 0
 503.16985377125 0.00205414338442466 0 0
 506.559717762 0.00207817698187607 0 0
 509.94947300775 0.00182891607622526 0 0
 513.339105344 0.00230697451385846 0 0
 516.72860060625 0.0016560607552444 0 0
 520.11794463 0.00201168291327069 0 0
 523.50712325075 0.0015667347482314 0 0
 526.896122304 0.00148993584434681 0 0
 530.28492762525 0.00167251394897983 0 0
 533.67352505 0.00158531112300363 0 0
 537.06190041375 0.00127205660046294 0 0
 540.450039552 0.00204636863292436 0 0
 543.83792830025 0.00154609965509288 0 0
 547.225552494 0.00174790090411184 0 0
 550.61289796875 0.0011030100219613 0 0
 553.99995056 0.00110205001895097 0 0
 557.38669610325 0.00120588245824094 0 0
 560.773120434 0.00195227647760672 0 0
 564.15920938775 0.0011160554091857 0 0
 567.5449488 0.00126726592568785 0 0
 570.93032450625 0.00181261705137531 0 0
 574.315322342 0.00186655055908525 0 0
 577.69992814275 0.00229864530763819 0 0
 581.084127744 0.00138514948462266 0 0
 584.46790698125 0.00205565588875489 0 0
 587.85125169 0.00197517567976957 0 0
 591.23414770575 0.00231119547458991 0 0
 594.616580864 0.00123382118267201 0 0
 597.99853700025 0.00187914031252669 0 0
 601.38000195 0.00131163249076048 0 0
 604.76096154875 0.00110981194559997 0 0
 608.141401632 0.00190962178023799 0 0
 611.52130803525 0.00115899493310551 0 0
 614.900666594 0.00143063555594835 0 0
 618.27946314375 0.00142281122555112 0 0
 621.65768352 0.00092125158466987 0 0
 625.03531355825 0.00185713138797693 0 0
 628.412339094 0.00159715343374437 0 0
 631.78874596275 0.00168805313717778 0 0
 635.16452 0.00201815080183722 0 0
 638.53964704125 0.00136419296993685 0 0
 641.914112922 0.00195748116336838 0 0
 645.28790347775 0.00254806591091568 0 0
 648.661004544 0.00171331255559785 0 0
 652.03340195625 0.0026734651022053 0 0
 655.40508155 0.001920029807174 0 0
 658.77602916075 0.00272043936612899 0 0
 662.146230624 0.00234187835659178 0 0
 665.51567177525 0.00197491059937657 0 0
 668.88433845 0.00274224669991281 0 0
 672.25221648375 0.00266141845239005 0 0
 675.619291712 0.00174445404868716 0 0
 678.98554997025 0.00166722699029139 0 0
 682.350977094 0.00235255547180695 0 0
 685.71555891875 0.00218332109203606 0 0
 689.07928128 0.00176544057483414 0 0
 692.44213001325 0.00303801637735629 0 0
 695.804090954 0.0023031487448212 0 0
 699.16514993775 0.00261823615993057 0 0
 702.5252928 0.00245676527629231 0 0
 705.88450537625 0.00227115875617803 0 0
 709.242773502 0.00244544354758722 0 0
 712.60008301275 0.00228161704670378 0 0
 715.956419744 0.00232828338573374 0 0
 719.31176953125 0.00211119425133952 0 0
 722.66611821 0.00262256630031152 0 0
 726.01945161575 0.00310841406721539 0 0
 729.371755584 0.00242602920268171 0 0
 732.72301595025 0.00216894398538364 0 0
 736.07321855 0.00367235226935557 0 0
 739.42234921875 0.00333133382390665 0 0
 742.770393792 0.00285782017053615 0 0
 746.11733810525 0.00274504324012889 0 0
 749.463167994 0.00310891469765835 0 0
 752.80786929375 0.00279615155033486 0 0
 756.15142784 0.00276070919876779 0 0
 759.49382946825 0.00268033051295755 0 0
 762.835060014 0.00371616224035828 0 0
 766.17510531275 0.00263896379972033 0 0
 769.5139512 0.0025099642009623 0 0
 772.85158351125 0.00309517845812789 0 0
 776.187988082 0.00126575712744913 0 0
 779.52315074775 0.00340222272720624 0 0
 782.857057344 0.00273816351658869 0 0
 786.18969370625 0.00309958864599519 0 0
 789.52104567 0.00478465283889892 0 0
 792.85109907075 0.00162788708821744 0 0
 796.179839744 0.00231301657267308 0 0
 799.50725352525 0.00292895980459814 0 0
 802.83332625 0.00381155525442392 0 0
 806.15804375375 0.00533964718906366 0 0
 809.481391872 0.00410136996276987 0 0
 812.80335644025 0.00506284565057408 0 0
 816.123923294 0.00617304362631958 0 0
 819.44307826875 0.0044767920493863 0 0
 822.7608072 0.00570205467415243 0 0
 826.07709592325 0.00595771494249213 0 0
 829.391930274 0.00303497733560055 0 0
 832.70529608775 0.00564565628970339 0 0
 836.0171792 0.00274194660468997 0 0
 839.32756544625 0.00491030039629388 0 0
 842.636440662 0.00576114595878195 0 0
 845.94379068275 0.00384244770377647 0 0
 849.249601344 0.00515555482915679 0 0
 852.55385848125 0.00498658783269703 0 0
 855.85654793 0.00447759387573968 0 0
 859.15765552575 0.00733854324600386 0 0
 862.457167104 0.00954655173794447 0 0
 865.75506850025 0.00753115263887132 0 0
 869.05134555 0.0063365646362143 0 0
 872.34598408875 0.00830101309652123 0 0
 875.638969952 0.00761464400846473 0 0
 878.93028897525 0.00969744938271262 0 0
 882.219926994 0.0127371394708204 0 0
 885.50786984375 0.0076374886628879 0 0
 888.79410336 0.0106996664854031 0 0
 892.07861337825 0.00852231494523928 0 0
 895.361385734 0.00753043226931198 0 0
 898.64240626275 0.00674068432965671 0 0
 901.9216608 0.0098698388718522 0 0
 905.19913518125 0.00660202666577784 0 0
 908.474815242 0.00881464899804686 0 0
 911.74868681775 0.0030901244020303 0 0
 915.020735744 0.0176749714719665 0 0
 918.29094785625 0.00930820349338636 0 0
 921.55930899 0.00994973545991165 0 0
 924.82580498075 0.0117272686764689 0 0
 928.090421664 0.0113808217937626 0 0
 931.35314487525 0.0165699998344731 0 0
 934.61396045 0.013219690316923 0 0
 937.87285422375 0.0167887706625199 0 0
 941.129812032 0.0132900969963819 0 0
 944.38481971025 0.0190485334446555 0 0
 947.637863094 0.0231730977743341 0 0
 950.88892801875 0.0232730464532433 0 0
 954.13800032 0 0 0
 957.38506583325 0 0 0
 960.630110394 0 0 0
 963.87311983775 0 0 0
 967.11408 0 0 0
 970.35297671625 0 0 0
 973.589795822 0 0 0
 976.82452315275 0 0 0
 980.057144544 0 0 0
 983.28764583125 0 0 0
 986.51601285 0 0 0
 989.74223143575 0 0 0
 992.966287424 0 0 0
 996.18816665025 0 0 0
 999.40785495 0 0 0
 1002.62533815875 0 0 0
 1005.840602112 0 0 0
 1009.05363264525 0 0 0
 1012.264415594 0 0 0
 1015.47293679375 0 0 0
 1018.67918208 0 0 0
 1021.88313728825 0 0 0
 1025.084788254 0 0 0
 1028.28412081275 0 0 0
 1031.4811208 0 0 0
 1034.67577405125 0 0 0
 1037.868066402 0 0 0
 1041.05798368775 0 0 0
 1044.245511744 0 0 0
 1047.43063640625 0 0 0
 1050.61334351 0 0 0
 1053.79361889075 0 0 0
 1056.971448384 0 0 0
 1060.14681782525 0 0 0
 1063.31971305 0 0 0
 1066.49011989375 0 0 0
 1069.658024192 0 0 0
 1072.82341178025 0 0 0
 1075.986268494 0 0 0
 1079.14658016875 0 0 0
 1082.30433264 0 0 0
 1085.45951174325 0 0 0
 1088.612103314 0 0 0
 1091.76209318775 0 0 0
 1094.9094672 0 0 0
 1098.05421118625 0 0 0
 1101.196310982 0 0 0
 1104.33575242275 0 0 0
 1107.472521344 0 0 0
 1110.60660358125 0 0 0
 1113.73798497 0 0 0
 1116.86665134575 0 0 0
 1119.992588544 0 0 0
 1123.11578240025 0 0 0
 1126.23621875 0 0 0
 1129.35388342875 0 0 0
 1132.468762272 0 0 0
 1135.58084111525 0 0 0
 1138.690105794 0 0 0
 1141.79654214375 0 0 0
 1144.900136 0 0 0
[END] of [DATA]
[END] of [Spectrum]


#TBID:2021-07-08 03:00:00;SAM_84DC;RAW;

[Spectrum]
Version            = 1
IDData             = 96B1_2021-07-08_03-00-00_000_702
IDDevice           = SAM_84DC
IDDataType         = SPECTRUM
IDDataTypeSub1     = RAW
IDDataTypeSub2     = 
IDDataTypeSub3     = 
DateTime           = 2021-07-08 03:00:00
PositionLatitude   = 0
PositionLongitude  = 0
Comment            = 
CommentSub1        = 
CommentSub2        = 
CommentSub3        = 
IDMethodType       = SAM Control
MethodName         = SAM_84DC
Mission            = No Mission
MissionSub         = 1
RecordType         = 0
[Attributes]
CalFactor = 1
IDBasisSpec = 
IDDataBack = DLAB_2015-08-21_13-19-54_137_939
IDDataCal = DLAB_2015-08-24_10-46-55_592_608
IntegrationTime = 4096
P31 = -1
P31e = 0
PathLength = +INF
PathLengthCustomOn = 0
RAWDynamic = 65535
Salinity = 0
Temperature = -NAN
Unit1 = $05 $00 Pixel 
Unit2 = $03 $05 Intensity counts
Unit3 = $f0 $05 Error counts
Unit4 = $f1 $00 Status 
p999 = 269
[END] of [Attributes]
[DATA]
 0 11 0 0
 1 1652 0 0
 2 1638 0 0
 3 1654 0 0
 4 1661 0 0
 5 1658 0 0
 6 1647 0 0
 7 1661 0 0
 8 1661 0 0
 9 1664 0 0
 10 1666 0 0
 11 1665 0 0
 12 1657 0 0
 13 1660 0 0
 14 1669 0 0
 15 1654 0 0
 16 1665 0 0
 17 1669 0 0
 18 1661 0 0
 19 1670 0 0
 20 1666 0 0
 21 1673 0 0
 22 1675 0 0
 23 1672 0 0
 24 1681 0 0
 25 1674 0 0
 26 1680 0 0
 27 1679 0 0
 28 1672 0 0
 29 1672 0 0
 30 1674 0 0
 31 1684 0 0
 32 1675 0 0
 33 1674 0 0
 34 1676 0 0
 35 1670 0 0
 36 1685 0 0
 37 1683 0 0
 38 1677 0 0
 39 1679 0 0
 40 1684 0 0
 41 1680 0 0
 42 1681 0 0
 43 1681 0 0
 44 1681 0 0
 45 1679 0 0
 46 1679 0 0
 47 1685 0 0
 48 1676 0 0
 49 1677 0 0
 50 1674 0 0
 51 1674 0 0
 52 1680 0 0
 53 1680 0 0
 54 1673 0 0
 55 1679 0 0
 56 1675 0 0
 57 1682 0 0
 58 1679 0 0
 59 1688 0 0
 60 1683 0 0
 61 1683 0 0
 62 1677 0 0
 63 1678 0 0
 64 1675 0 0
 65 1675 0 0
 66 1678 0 0
 67 1678 0 0
 68 1678 0 0
 69 1677 0 0
 70 1680 0 0
 71 1686 0 0
 72 1682 0 0
 73 1686 0 0
 74 1686 0 0
 75 1676 0 0
 76 1690 0 0
 77 1686 0 0
 78 1677 0 0
 79 1684 0 0
 80 1674 0 0
 81 1682 0 0
 82 1681 0 0
 83 1685 0 0
 84 1676 0 0
 85 1687 0 0
 86 1680 0 0
 87 1683 0 0
 88 1673 0 0
 89 1681 0 0
 90 1673 0 0
 91 1676 0 0
 92 1671 0 0
 93 1674 0 0
 94 1678 0 0
 95 1674 0 0
 96 1667 0 0
 97 1679 0 0
 98 1672 0 0
 99 1678 0 0
 100 1673 0 0
 101 1672 0 0
 102 1676 0 0
 103 1675 0 0
 104 1680 0 0
 105 1687 0 0
 106 1677 0 0
 107 1688 0 0
 108 1680 0 0
 109 1678 0 0
 110 1678 0 0
 111 1684 0 0
 112 1677 0 0
 113 1676 0 0
 114 1681 0 0
 115 1684 0 0
 116 1678 0 0
 117 1683 0 0
 118 1679 0 0
 119 1679 0 0
 120 1671 0 0
 121 1686 0 0
 122 1678 0 0
 123 1683 0 0
 124 1682 0 0
 125 1675 0 0
 126 1685 0 0
 127 1684 0 0
 128 1679 0 0
 129 1675 0 0
 130 1686 0 0
 131 1676 0 0
 132 1685 0 0
 133 1680 0 0
 134 1684 0 0
 135 1686 0 0
 136 1678 0 0
 137 1682 0 0
 138 1679 0 0
 139 1682 0 0
 140 1683 0 0
 141 1682 0 0
 142 1684 0 0
 143 1684 0 0
 144 1680 0 0
 145 1679 0 0
 146 1677 0 0
 147 1684 0 0
 148 1684 0 0
 149 1684 0 0
 150 1676 0 0
 151 1688 0 0
 152 1686 0 0
 153 1682 0 0
 154 1678 0 0
 155 1682 0 0
 156 1678 0 0
 157 1686 0 0
 158 1683 0 0
 159 1685 0 0
 160 1681 0 0
 161 1679 0 0
 162 1676 0 0
 163 1679 0 0
 164 1678 0 0
 165 1684 0 0
 166 1685 0 0
 167 1683 0 0
 168 1684 0 0
 169 1685 0 0
 170 1684 0 0
 171 1688 0 0
 172 1678 0 0
 173 1690 0 0
 174 1682 0 0
 175 1681 0 0
 176 1681 0 0
 177 1682 0 0
 178 1679 0 0
 179 1678 0 0
 180 1681 0 0
 181 1686 0 0
 182 1679 0 0
 183 1682 0 0
 184 1679 0 0
 185 1682 0 0
 186 1678 0 0
 187 1682 0 0
 188 1678 0 0
 189 1678 0 0
 190 1683 0 0
 191 1685 0 0
 192 1684 0 0
 193 1681 0 0
 194 1681 0 0
 195 1682 0 0
 196 1683 0 0
 197 1680 0 0
 198 1674 0 0
 199 1691 0 0
 200 1682 0 0
 201 1687 0 0
 202 1673 0 0
 203 1690 0 0
 204 1684 0 0
 205 1688 0 0
 206 1694 0 0
 207 1691 0 0
 208 1679 0 0
 209 1686 0 0
 210 1682 0 0
 211 1685 0 0
 212 1681 0 0
 213 1675 0 0
 214 1683 0 0
 215 1692 0 0
 216 1692 0 0
 217 1689 0 0
 218 1684 0 0
 219 1681 0 0
 220 1688 0 0
 221 1692 0 0
 222 1686 0 0
 223 1695 0 0
 224 1685 0 0
 225 1696 0 0
 226 1692 0 0
 227 1688 0 0
 228 1694 0 0
 229 1690 0 0
 230 1693 0 0
 231 1691 0 0
 232 1699 0 0
 233 1686 0 0
 234 1696 0 0
 235 1699 0 0
 236 1688 0 0
 237 1699 0 0
 238 1691 0 0
 239 1698 0 0
 240 1697 0 0
 241 1699 0 0
 242 1695 0 0
 243 1693 0 0
 244 1694 0 0
 245 1698 0 0
 246 1698 0 0
 247 1698 0 0
 248 1702 0 0
 249 1687 0 0
 250 1681 0 0
 251 1693 0 0
 252 1686 0 0
 253 1677 0 0
 254 1669 0 0
 255 1729 0 0
[END] of [DATA]
[END] of [Spectrum]


#TBID:2021-07-08 03:00:00;SAM_84DC;CALIBRATED;

[Spectrum]
Version            = 1
IDData             = 96B1_2021-07-08_03-00-00_000_703
IDDevice           = SAM_84DC
IDDataType         = SPECTRUM
IDDataTypeSub1     = CALIBRATED
IDDataTypeSub2     = 
IDDataTypeSub3     = 
DateTime           = 2021-07-08 03:00:00
PositionLatitude   = 0
PositionLongitude  = 0
Comment            = 
CommentSub1        = 
CommentSub2        = 
CommentSub3        = 
IDMethodType       = SAM Control
MethodName         = SAM_84DC
Mission            = No Mission
MissionSub         = 1
RecordType         = 0
[Attributes]
CalFactor = 1
IDBasisSpec = 
IDDataBack = DLAB_2015-08-21_13-19-54_137_939
IDDataCal = DLAB_2015-08-24_10-46-55_592_608
IntegrationTime = 4096
P31 = -1
P31e = 0
PathLength = +INF
PathLengthCustomOn = 0
RAWDynamic = 65535
Salinity = 0
Temperature = -NAN
Unit1 = $01 $01 Wavelength nm
Unit2 = $03 $03 Intensity mW/(m^2 nm Sr)
Unit3 = $f0 $03 Error mW/(m^2 nm Sr)
Unit4 = $f1 $00 Status 
p999 = 269
[END] of [Attributes]
[DATA]
 0 11 0 0
 305.71650776488 0 0 0
 309.04007505697 0 0 0
 312.36416914304 0 0 0
 315.68877841375 0 0 0
 319.01389125976 -0.000898575022741414 0 0
 322.33949607173 -0.00101106112506228 0 0
 325.66558124032 -0.000859247175509196 0 0
 328.99213515619 -0.000714676344079412 0 0
 332.31914621 -0.000706240671018558 0 0
 335.64660279241 -0.00050589448193588 0 0
 338.97449329408 -0.000559974495662087 0 0
 342.30280610567 -0.000550716158619761 0 0
 345.63152961784 -0.000449835891923112 0 0
 348.96065222125 -0.000434990654233402 0 0
 352.29016230656 -0.000416732524778306 0 0
 355.62004826443 -0.000351548527740351 0 0
 358.95029848552 -0.000359425862656541 0 0
 362.28090136049 -0.000352390599416781 0 0
 365.61184528 -0.000239350964052076 0 0
 368.94311863471 -0.000270421263300007 0 0
 372.27470981528 -9.36315556436174e-005 0 0
 375.60660721237 -0.000226991333837698 0 0
 378.93879921664 -0.000280286588100006 0 0
 382.27127421875 -8.30533451379283e-005 0 0
 385.60402060936 -8.50373558248986e-005 0 0
 388.93702677913 -9.58992374145451e-005 0 0
 392.27028111872 -0.000117503846751583 0 0
 395.60377201879 -0.00011730079397319 0 0
 398.93748787 -0.000104483936912179 0 0
 402.27141706301 -4.23757362873137e-005 0 0
 405.60554798848 -3.77388920396916e-005 0 0
 408.93986903707 -0.000137105417659344 0 0
 412.27436859944 -7.65432438323967e-005 0 0
 415.60903506625 -0.000128628045904699 0 0
 418.94385682816 -0.000120875749235662 0 0
 422.27882227583 -6.27187035000498e-005 0 0
 425.61391979992 -5.85136645857136e-005 0 0
 428.94913779109 -8.59822446989804e-005 0 0
 432.28446464 -2.15566372652775e-005 0 0
 435.61988873731 -9.73552335064487e-005 0 0
 438.95539847368 -6.66263714588895e-005 0 0
 442.29098223977 -4.2639928554742e-005 0 0
 445.62662842624 -6.8916328714012e-005 0 0
 448.96232542375 -9.29505112380914e-005 0 0
 452.29806162296 -0.000103912455568781 0 0
 455.63382541453 -0.000154860066305672 0 0
 458.96960518912 -0.000110068938000347 0 0
 462.30538933739 -0.000118160547350316 0 0
 465.64116625 -0.000116991593523317 0 0
 468.97692431761 -0.000133012845254977 0 0
 472.31265193088 -0.000159989583172282 0 0
 475.64833748047 -9.8144908719019e-005 0 0
 478.98396935704 -6.37159590815898e-005 0 0
 482.31953595125 -0.00015492189946757 0 0
 485.65502565376 -0.000135163846860738 0 0
 488.99042685523 -0.000159697775247091 0 0
 492.32572794632 -0.000123412968755468 0 0
 495.66091731769 -0.000157105889090714 0 0
 498.99598336 -0.000125358715303408 0 0
 502.33091446391 -9.99949370155428e-005 0 0
 505.66569902008 -0.000133634794380319 0 0
 509.00032541917 -0.000112849710129799 0 0
 512.33478205184 -0.000140570412295289 0 0
 515.66905730875 -0.00018663645719514 0 0
 519.00313958056 -0.00014053457158703 0 0
 522.33701725793 -1.59203311991388e-005 0 0
 525.67067873152 -0.000139989597341268 0 0
 529.00411239199 -0.000153262588867586 0 0
 532.33730663 -0.000111461342677737 0 0
 535.67024983621 -0.000130484529863851 0 0
 539.00293040128 -0.000102033709713356 0 0
 542.33533671587 -6.8468390962915e-005 0 0
 545.66745717064 -7.43776644627949e-005 0 0
 548.99928015625 -8.92804078308197e-005 0 0
 552.33079406336 -0.000112205373684041 0 0
 555.66198728263 -2.87582542946482e-005 0 0
 558.99284820472 -6.15861648920557e-005 0 0
 562.32336522029 -8.41427503749992e-005 0 0
 565.65352672 -0.000119625005749282 0 0
 568.98332109451 -0.000159034360220747 0 0
 572.31273673448 -0.000154465666835419 0 0
 575.64176203057 -8.36562285552458e-005 0 0
 578.97038537344 -7.93931354478864e-005 0 0
 582.29859515375 -9.96087640923999e-005 0 0
 585.62637976216 -0.00014097078647344 0 0
 588.95372758933 -0.000159328499435181 0 0
 592.28062702592 -0.00013789691773503 0 0
 595.60706646259 -0.000210869472256599 0 0
 598.93303429 -0.000198848346945799 0 0
 602.25851889881 -0.000174086007904779 0 0
 605.58350867968 -0.000227704988382202 0 0
 608.90799202327 -0.000301676844449916 0 0
 612.23195732024 -0.000250849826354875 0 0
 615.55539296125 -0.00025298218115724 0 0
 618.87828733696 -0.000301909225296241 0 0
 622.20062883803 -0.000322650525592195 0 0
 625.52240585512 -0.000270772583353599 0 0
 628.84360677889 -0.000261191202193019 0 0
 632.16422 -0.000220636804838019 0 0
 635.48423390911 -0.000334438853487467 0 0
 638.80363689688 -0.000290032223012811 0 0
 642.12241735397 -0.000291629241587374 0 0
 645.44056367104 -0.000281941290218029 0 0
 648.75806423875 -0.000194638895573665 0 0
 652.07490744776 -0.000133288852605345 0 0
 655.39108168873 -0.000291909259082546 0 0
 658.70657535232 -0.000222821735371083 0 0
 662.02137682919 -0.000248091431946182 0 0
 665.33547451 -0.000301864261900316 0 0
 668.64885678541 -0.000238026029762249 0 0
 671.96151204608 -0.000183250528702902 0 0
 675.27342868267 -0.0002953551526582 0 0
 678.58459508584 -0.000188994251748237 0 0
 681.89499964625 -0.000241337165215718 0 0
 685.20463075456 -0.000233434385136564 0 0
 688.51347680143 -0.000240967249350733 0 0
 691.82152617752 -0.000137834871907362 0 0
 695.12876727349 -0.00017289161553032 0 0
 698.43518848 -0.000230217455879382 0 0
 701.74077818771 -0.000225362662249509 0 0
 705.04552478728 -0.00025025759496193 0 0
 708.34941666937 -0.000204568903654163 0 0
 711.65244222464 -0.000232162929113906 0 0
 714.95458984375 -0.000253927808828935 0 0
 718.25584791736 -0.000272018345978805 0 0
 721.55620483613 -0.000188986203398196 0 0
 724.85564899072 -0.000185303294747811 0 0
 728.15416877179 -0.000222866983240143 0 0
 731.45175257 -0.000293981310216263 0 0
 734.74838877601 -0.000213261829637118 0 0
 738.04406578048 -0.000284290926134374 0 0
 741.33877197407 -0.000169260448835824 0 0
 744.63249574744 -0.000241847418143954 0 0
 747.92522549125 -0.000114976170327505 0 0
 751.21694959616 -0.0001526292104311 0 0
 754.50765645283 -0.000173477702005257 0 0
 757.79733445192 -0.000226638707968833 0 0
 761.08597198409 -0.000179672767698901 0 0
 764.37355744 -0.00018796281212534 0 0
 767.66007921031 -9.77421735207243e-005 0 0
 770.94552568568 -0.000286205321790751 0 0
 774.22988525677 -6.67462333887153e-005 0 0
 777.51314631424 -0.000189644170045555 0 0
 780.79529724875 -0.000245084719029702 0 0
 784.07632645096 -0.000159864486910574 0 0
 787.35622231153 -0.000274194621644627 0 0
 790.63497322112 -0.000118481808292453 0 0
 793.91256757039 -0.000243038916187048 0 0
 797.18899375 -0.00020089897360484 0 0
 800.46424015061 -0.00031522000608254 0 0
 803.73829516288 -0.000118542729595219 0 0
 807.01114717747 -0.000128941172121709 0 0
 810.28278458504 -0.000416112913014563 0 0
 813.55319577625 -0.000500583939192357 0 0
 816.82236914176 -0.000308150868034497 0 0
 820.09029307223 -0.000300977616494335 0 0
 823.35695595832 -0.000328548320456934 0 0
 826.62234619069 -0.000247162015148516 0 0
 829.88645216 -0.000316979995303021 0 0
 833.14926225691 -0.000489552964863397 0 0
 836.41076487208 -0.000309936484502034 0 0
 839.67094839617 -0.000295968676556503 0 0
 842.92980121984 -0.00037411957433273 0 0
 846.18731173375 -0.000548244320051655 0 0
 849.44346832856 -0.000354218402711422 0 0
 852.69825939493 -0.000627649194945174 0 0
 855.95167332352 -0.000620295198512512 0 0
 859.20369850499 -0.000451445895109291 0 0
 862.45432333 -0.000427128670568651 0 0
 865.70353618921 -0.000450878977541851 0 0
 868.95132547328 -0.000548816088954336 0 0
 872.19767957287 -0.000315010974566067 0 0
 875.44258687864 -0.000231313240435117 0 0
 878.68603578125 -0.000707883902113767 0 0
 881.92801467136 -0.000549336635453217 0 0
 885.16851193963 -0.000887225430508646 0 0
 888.40751597672 -0.000472927971178281 0 0
 891.64501517329 -0.00107375838308326 0 0
 894.88099792 -0.000626272435581922 0 0
 898.11545260751 -0.000476566611619535 0 0
 901.34836762648 9.80000957950951e-005 0 0
 904.57973136757 -0.00106175021970527 0 0
 907.80953222144 -0.000838882884414935 0 0
 911.03775857875 -0.00104357201068603 0 0
 914.26439883016 -0.000849964436622657 0 0
 917.48944136633 -0.0015981429076144 0 0
 920.71287457792 -0.00110226368740246 0 0
 923.93468685559 -0.000895321118182523 0 0
 927.15486659 -0.000821135403687449 0 0
 930.37340217181 -0.000392032800160235 0 0
 933.59028199168 -0.000518351510265915 0 0
 936.80549444027 -0.0023084695871329 0 0
 940.01902790824 -0.00181217815962796 0 0
 943.23087078625 -0.00136007963197547 0 0
 946.44101146496 -0.000449147942602377 0 0
 949.64943833503 -0.00233904043149024 0 0
 952.85613978712 -0.00221446734321902 0 0
 956.06110421189 0 0 0
 959.26432 0 0 0
 962.46577554211 0 0 0
 965.66545922888 0 0 0
 968.86335945097 0 0 0
 972.05946459904 0 0 0
 975.25376306375 0 0 0
 978.44624323576 0 0 0
 981.63689350573 0 0 0
 984.82570226432 0 0 0
 988.01265790219 0 0 0
 991.19774881 0 0 0
 994.38096337841 0 0 0
 997.56228999808 0 0 0
 1000.74171705967 0 0 0
 1003.91923295384 0 0 0
 1007.09482607125 0 0 0
 1010.26848480256 0 0 0
 1013.44019753843 0 0 0
 1016.60995266952 0 0 0
 1019.77773858649 0 0 0
 1022.94354368 0 0 0
 1026.10735634071 0 0 0
 1029.26916495928 0 0 0
 1032.42895792637 0 0 0
 1035.58672363264 0 0 0
 1038.74245046875 0 0 0
 1041.89612682536 0 0 0
 1045.04774109313 0 0 0
 1048.19728166272 0 0 0
 1051.34473692479 0 0 0
 1054.49009527 0 0 0
 1057.63334508901 0 0 0
 1060.77447477248 0 0 0
 1063.91347271107 0 0 0
 1067.05032729544 0 0 0
 1070.18502691625 0 0 0
 1073.31755996416 0 0 0
 1076.44791482983 0 0 0
 1079.57607990392 0 0 0
 1082.70204357709 0 0 0
 1085.82579424 0 0 0
 1088.94732028331 0 0 0
 1092.06661009768 0 0 0
 1095.18365207377 0 0 0
 1098.29843460224 0 0 0
 1101.41094607375 0 0 0
 1104.52117487896 0 0 0
 1107.62910940853 0 0 0
 1110.73473805312 0 0 0
 1113.83804920339 0 0 0
 1116.93903125 0 0 0
 1120.03767258361 0 0 0
 1123.13396159488 0 0 0
 1126.22788667447 0 0 0
 1129.31943621304 0 0 0
 1132.40859860125 0 0 0
 1135.49536222976 0 0 0
[END] of [DATA]
[END] of [Spectrum]


#TBID:2021-07-08 03:00:00;SAM_84C8;RAW;

[Spectrum]
Version            = 1
IDData             = 96B1_2021-07-08_03-00-00_000_705
IDDevice           = SAM_84C8
IDDataType         = SPECTRUM
IDDataTypeSub1     = RAW
IDDataTypeSub2     = 
IDDataTypeSub3     = 
DateTime           = 2021-07-08 03:00:00
PositionLatitude   = 0
PositionLongitude  = 0
Comment            = 
CommentSub1        = 
CommentSub2        = 
CommentSub3        = 
IDMethodType       = SAM Control
MethodName         = SAM_84C8
Mission            = No Mission
MissionSub         = 1
RecordType         = 0
[Attributes]
CalFactor = 1
IDBasisSpec = 
IDDataBack = DLAB_2015-08-21_12-14-03_013_778
IDDataCal = DLAB_2015-08-24_11-04-47_772_747
IntegrationTime = 4096
P31 = -1
P31e = 0
PathLength = +INF
PathLengthCustomOn = 0
RAWDynamic = 65535
Salinity = 0
Temperature = -NAN
Unit1 = $05 $00 Pixel 
Unit2 = $03 $05 Intensity counts
Unit3 = $f0 $05 Error counts
Unit4 = $f1 $00 Status 
p999 = 269
[END] of [Attributes]
[DATA]
 0 11 0 0
 1 1579 0 0
 2 1565 0 0
 3 1569 0 0
 4 1569 0 0
 5 1571 0 0
 6 1565 0 0
 7 1564 0 0
 8 1567 0 0
 9 1574 0 0
 10 1566 0 0
 11 1577 0 0
 12 1574 0 0
 13 1570 0 0
 14 1572 0 0
 15 1570 0 0
 16 1573 0 0
 17 1582 0 0
 18 1583 0 0
 19 1587 0 0
 20 1577 0 0
 21 1583 0 0
 22 1585 0 0
 23 1589 0 0
 24 1592 0 0
 25 1588 0 0
 26 1584 0 0
 27 1588 0 0
 28 1586 0 0
 29 1585 0 0
 30 1587 0 0
 31 1588 0 0
 32 1588 0 0
 33 1586 0 0
 34 1588 0 0
 35 1579 0 0
 36 1589 0 0
 37 1598 0 0
 38 1584 0 0
 39 1585 0 0
 40 1584 0 0
 41 1591 0 0
 42 1587 0 0
 43 1588 0 0
 44 1581 0 0
 45 1590 0 0
 46 1593 0 0
 47 1590 0 0
 48 1593 0 0
 49 1599 0 0
 50 1587 0 0
 51 1592 0 0
 52 1588 0 0
 53 1590 0 0
 54 1579 0 0
 55 1587 0 0
 56 1590 0 0
 57 1595 0 0
 58 1588 0 0
 59 1586 0 0
 60 1585 0 0
 61 1589 0 0
 62 1601 0 0
 63 1594 0 0
 64 1584 0 0
 65 1585 0 0
 66 1594 0 0
 67 1591 0 0
 68 1594 0 0
 69 1589 0 0
 70 1596 0 0
 71 1594 0 0
 72 1597 0 0
 73 1591 0 0
 74 1590 0 0
 75 1595 0 0
 76 1593 0 0
 77 1595 0 0
 78 1594 0 0
 79 1598 0 0
 80 1598 0 0
 81 1590 0 0
 82 1602 0 0
 83 1596 0 0
 84 1593 0 0
 85 1597 0 0
 86 1593 0 0
 87 1596 0 0
 88 1596 0 0
 89 1591 0 0
 90 1596 0 0
 91 1594 0 0
 92 1596 0 0
 93 1587 0 0
 94 1607 0 0
 95 1588 0 0
 96 1596 0 0
 97 1591 0 0
 98 1590 0 0
 99 1590 0 0
 100 1601 0 0
 101 1608 0 0
 102 1602 0 0
 103 1597 0 0
 104 1596 0 0
 105 1604 0 0
 106 1593 0 0
 107 1596 0 0
 108 1593 0 0
 109 1599 0 0
 110 1606 0 0
 111 1608 0 0
 112 1601 0 0
 113 1600 0 0
 114 1598 0 0
 115 1601 0 0
 116 1608 0 0
 117 1593 0 0
 118 1600 0 0
 119 1605 0 0
 120 1595 0 0
 121 1604 0 0
 122 1593 0 0
 123 1595 0 0
 124 1595 0 0
 125 1605 0 0
 126 1597 0 0
 127 1611 0 0
 128 1594 0 0
 129 1599 0 0
 130 1599 0 0
 131 1600 0 0
 132 1594 0 0
 133 1646 0 0
 134 1602 0 0
 135 1596 0 0
 136 1598 0 0
 137 1600 0 0
 138 1600 0 0
 139 1608 0 0
 140 1600 0 0
 141 1595 0 0
 142 1602 0 0
 143 1600 0 0
 144 1609 0 0
 145 1607 0 0
 146 1607 0 0
 147 1599 0 0
 148 1602 0 0
 149 1598 0 0
 150 1596 0 0
 151 1596 0 0
 152 1606 0 0
 153 1596 0 0
 154 1598 0 0
 155 1593 0 0
 156 1602 0 0
 157 1598 0 0
 158 1604 0 0
 159 1598 0 0
 160 1602 0 0
 161 1600 0 0
 162 1604 0 0
 163 1596 0 0
 164 1594 0 0
 165 1601 0 0
 166 1597 0 0
 167 1604 0 0
 168 1594 0 0
 169 1598 0 0
 170 1610 0 0
 171 1600 0 0
 172 1604 0 0
 173 1590 0 0
 174 1600 0 0
 175 1608 0 0
 176 1599 0 0
 177 1605 0 0
 178 1598 0 0
 179 1600 0 0
 180 1600 0 0
 181 1605 0 0
 182 1602 0 0
 183 1602 0 0
 184 1601 0 0
 185 1602 0 0
 186 1599 0 0
 187 1608 0 0
 188 1601 0 0
 189 1600 0 0
 190 1594 0 0
 191 1600 0 0
 192 1603 0 0
 193 1597 0 0
 194 1601 0 0
 195 1599 0 0
 196 1598 0 0
 197 1600 0 0
 198 1595 0 0
 199 1599 0 0
 200 1595 0 0
 201 1593 0 0
 202 1599 0 0
 203 1593 0 0
 204 1604 0 0
 205 1595 0 0
 206 1598 0 0
 207 1599 0 0
 208 1599 0 0
 209 1598 0 0
 210 1593 0 0
 211 1599 0 0
 212 1595 0 0
 213 1604 0 0
 214 1602 0 0
 215 1605 0 0
 216 1597 0 0
 217 1597 0 0
 218 1602 0 0
 219 1603 0 0
 220 1600 0 0
 221 1602 0 0
 222 1602 0 0
 223 1602 0 0
 224 1606 0 0
 225 1608 0 0
 226 1600 0 0
 227 1599 0 0
 228 1604 0 0
 229 1597 0 0
 230 1598 0 0
 231 1604 0 0
 232 1601 0 0
 233 1597 0 0
 234 1605 0 0
 235 1596 0 0
 236 1602 0 0
 237 1596 0 0
 238 1599 0 0
 239 1603 0 0
 240 1596 0 0
 241 1603 0 0
 242 1600 0 0
 243 1600 0 0
 244 1602 0 0
 245 1598 0 0
 246 1593 0 0
 247 1597 0 0
 248 1599 0 0
 249 1592 0 0
 250 1592 0 0
 251 1586 0 0
 252 1580 0 0
 253 1579 0 0
 254 1574 0 0
 255 1615 0 0
[END] of [DATA]
[END] of [Spectrum]


#TBID:2021-07-08 03:00:00;SAM_84C8;CALIBRATED;

[Spectrum]
Version            = 1
IDData             = 96B1_2021-07-08_03-00-00_000_706
IDDevice           = SAM_84C8
IDDataType         = SPECTRUM
IDDataTypeSub1     = CALIBRATED
IDDataTypeSub2     = 
IDDataTypeSub3     = 
DateTime           = 2021-07-08 03:00:00
PositionLatitude   = 0
PositionLongitude  = 0
Comment            = 
CommentSub1        = 
CommentSub2        = 
CommentSub3        = 
IDMethodType       = SAM Control
MethodName         = SAM_84C8
Mission            = No Mission
MissionSub         = 1
RecordType         = 0
[Attributes]
CalFactor = 1
IDBasisSpec = 
IDDataBack = DLAB_2015-08-21_12-14-03_013_778
IDDataCal = DLAB_2015-08-24_11-04-47_772_747
IntegrationTime = 4096
P31 = -1
P31e = 0
PathLength = +INF
PathLengthCustomOn = 0
RAWDynamic = 65535
Salinity = 0
Temperature = -NAN
Unit1 = $01 $01 Wavelength nm
Unit2 = $03 $03 Intensity mW/(m^2 nm Sr)
Unit3 = $f0 $03 Error mW/(m^2 nm Sr)
Unit4 = $f1 $00 Status 
p999 = 269
[END] of [Attributes]
[DATA]
 0 11 0 0
 303.516048156 0 0 0
 306.890006053 0 0 0
 310.26457112 0 0 0
 313.639731825 0 0 0
 317.015476636 -0.000734435925001833 0 0
 320.391794021 -0.00101044009733525 0 0
 323.768672448 -0.00081621748868366 0 0
 327.146100385 -0.000585096440373178 0 0
 330.5240663 -0.000371735949659584 0 0
 333.902558661 -0.000410576794626335 0 0
 337.281565936 -0.000333213184970208 0 0
 340.661076593 -0.000504083972223219 0 0
 344.0410791 -0.000354470919550199 0 0
 347.421561925 -0.00028181018459331 0 0
 350.802513536 -0.000373421884180939 0 0
 354.183922401 -0.00028864280802729 0 0
 357.565776988 -0.000138467361228581 0 0
 360.948065765 -8.27887708375922e-005 0 0
 364.3307772 -1.8075778898683e-005 0 0
 367.713899761 -0.000135389894569842 0 0
 371.097421916 -7.55086083075012e-005 0 0
 374.481332133 -7.22154829842459e-005 0 0
 377.86561888 -5.7638803282913e-006 0 0
 381.250270625 1.93558716563645e-005 0 0
 384.635275836 7.09574798936976e-006 0 0
 388.020622981 7.59641425176094e-005 0 0
 391.406300528 5.70765374450379e-005 0 0
 394.792296945 -6.27026872386654e-005 0 0
 398.1786007 -3.46721235374709e-005 0 0
 401.565200261 -6.60343863983195e-005 0 0
 404.952084096 9.91279876125713e-006 0 0
 408.339240673 9.58885392046808e-006 0 0
 411.72665846 4.72657010458218e-005 0 0
 415.114325925 6.64496123599328e-005 0 0
 418.502231536 -4.58252925142627e-005 0 0
 421.890363761 1.86097689074754e-005 0 0
 425.278711068 -1.10782994038868e-005 0 0
 428.667261925 -5.67619635947169e-005 0 0
 432.0560048 4.42441170744206e-005 0 0
 435.444928161 -5.59481309410848e-007 0 0
 438.834020476 3.64674138909323e-005 0 0
 442.223270213 2.82381457180878e-005 0 0
 445.61266584 -1.22826988293113e-006 0 0
 449.002195825 -2.11006157138752e-005 0 0
 452.391848636 -2.13955906723251e-005 0 0
 455.781612741 6.01290332405357e-005 0 0
 459.171476608 4.7884287581915e-005 0 0
 462.561428705 4.32023817975501e-005 0 0
 465.9514575 7.34834737760829e-005 0 0
 469.341551461 3.58833432515179e-005 0 0
 472.731699056 2.26814112318926e-005 0 0
 476.121888753 -2.2132670026903e-005 0 0
 479.51210902 3.86701384255857e-005 0 0
 482.902348325 3.01886001761083e-005 0 0
 486.292595136 -1.18759025894736e-005 0 0
 489.682837921 4.82611125995155e-006 0 0
 493.073065148 2.05332873062362e-005 0 0
 496.463265285 1.6753271672657e-005 0 0
 499.8534268 6.34368065998251e-005 0 0
 503.243538161 8.74283314080282e-006 0 0
 506.633587836 1.97141590783322e-005 0 0
 510.023564293 2.16939899100993e-005 0 0
 513.413456 2.71790502242512e-005 0 0
 516.803251425 3.23956238392438e-005 0 0
 520.192939036 -2.50894701040019e-006 0 0
 523.582507301 3.22979271608598e-005 0 0
 526.971944688 2.5280296851854e-005 0 0
 530.361239665 7.43351040999833e-006 0 0
 533.7503807 2.78641797683405e-005 0 0
 537.139356261 2.79615697481755e-005 0 0
 540.528154816 4.80558803581557e-005 0 0
 543.916764833 1.80222207346269e-005 0 0
 547.30517478 2.16785692049819e-005 0 0
 550.693373125 2.22153688906692e-005 0 0
 554.081348336 5.08369262020908e-005 0 0
 557.469088881 3.35852338782691e-005 0 0
 560.856583228 5.47936858102679e-005 0 0
 564.243819845 4.36661359053617e-005 0 0
 567.6307872 8.22562311234181e-005 0 0
 571.017473761 8.90609864123428e-005 0 0
 574.403867996 2.29707002372924e-005 0 0
 577.789958373 7.98389532845495e-005 0 0
 581.17573336 3.81570328442019e-005 0 0
 584.561181425 -2.14455457976895e-005 0 0
 587.946291036 0.000123248013463992 0 0
 591.331050661 5.49972404465736e-005 0 0
 594.715448768 3.96606075418112e-005 0 0
 598.099473825 9.43687151672315e-005 0 0
 601.4831143 4.45776704882312e-005 0 0
 604.866358661 -1.42385886243039e-005 0 0
 608.249195376 7.61774906468002e-006 0 0
 611.631612913 4.66598884160007e-005 0 0
 615.01359974 -1.38546834291364e-006 0 0
 618.395144325 0.000157622835227896 0 0
 621.776235136 -4.47463414765299e-005 0 0
 625.156860641 -9.28536896484996e-006 0 0
 628.537009308 -2.63737692397159e-006 0 0
 631.916669605 4.68479928458871e-007 0 0
 635.29583 2.88201989625247e-005 0 0
 638.674478961 4.96046740759605e-005 0 0
 642.052604956 0.000110613188830784 0 0
 645.430196453 0.000130237064027211 0 0
 648.80724192 0.000129688434687278 0 0
 652.183729825 0.000100734808625768 0 0
 655.559648636 0.000109812346615683 0 0
 658.934986821 7.61858272442935e-005 0 0
 662.309732848 9.06968270280151e-005 0 0
 665.683875185 0.000133611174991992 0 0
 669.0574023 0.000216044381395026 0 0
 672.430302661 0.000151530291429342 0 0
 675.802564736 4.96512722746005e-005 0 0
 679.174176993 0.000143637977334467 0 0
 682.5451279 0.000124690420120213 0 0
 685.915405925 0.000111325332482226 0 0
 689.284999536 4.22121073018122e-005 0 0
 692.653897201 0.000140996373784797 0 0
 696.022087388 4.40753206123622e-005 0 0
 699.389558565 0.000225178946341289 0 0
 702.7562992 0.000146651155287942 0 0
 706.122297761 0.000182302593256335 0 0
 709.487542716 0.000250501239513575 0 0
 712.852022533 0.000135497371017069 0 0
 716.21572568 0.000123793433345497 0 0
 719.578640625 0.000151599069899942 0 0
 722.940755836 0.000276671562944396 0 0
 726.302059781 9.0428586295941e-005 0 0
 729.662540928 0.000204616624906839 0 0
 733.022187745 9.43124980524544e-005 0 0
 736.3809887 9.00475902800767e-005 0 0
 739.738932261 0.000250387406122815 0 0
 743.096006896 0.000101967684889789 0 0
 746.452201073 -1.28725210860272e-005 0 0
 749.80750326 -0.000197295383927812 0 0
 753.161901925 0.000113451318621026 0 0
 756.515385536 9.41764615560281e-005 0 0
 759.867942561 0.000134389901468211 0 0
 763.219561468 0.000106952666990224 0 0
 766.570230725 0.000261241383309659 0 0
 769.9199388 0.00023245041475641 0 0
 773.268674161 0.000173877871762663 0 0
 776.616425276 0.000124950792333771 0 0
 779.963180613 0.000165892420296835 0 0
 783.30892864 0.000201344417848666 0 0
 786.653657825 0.000255168888017868 0 0
 789.997356636 0.000324788093041804 0 0
 793.340013541 0.000335461997750305 0 0
 796.681617008 0.000283448439760457 0 0
 800.022155505 0.000194379523859854 0 0
 803.3616175 0.000245643307243178 0 0
 806.699991461 0.000121269015375937 0 0
 810.037265856 6.79979102164784e-005 0 0
 813.373429153 0.000304368327313835 0 0
 816.70846982 0.000146054078315496 0 0
 820.042376325 0.00034642363379374 0 0
 823.375137136 0.000234780308284434 0 0
 826.706740721 0.000341288711583117 0 0
 830.037175548 6.73323122829406e-005 0 0
 833.366430085 0.000450988330264651 0 0
 836.6944928 0.000351448343621359 0 0
 840.021352161 0.000291078062518636 0 0
 843.346996636 0.000430893367631335 0 0
 846.671414693 0.000505787264715925 0 0
 849.9945948 0.000169531712508906 0 0
 853.316525425 0.000436661995738555 0 0
 856.637195036 0.000246150073742867 0 0
 859.956592101 0.000147776950203774 0 0
 863.274705088 0.000409408187302571 0 0
 866.591522465 -0.000152157964315772 0 0
 869.9070327 0.000502194867864981 0 0
 873.221224261 0.0011026159520649 0 0
 876.534085616 0.000703542606536686 0 0
 879.845605233 0.000805664598261465 0 0
 883.15577158 0.000639661248295084 0 0
 886.464573125 0.00103933578689412 0 0
 889.771998336 0.000779673317662579 0 0
 893.078035681 0.000822876163156809 0 0
 896.382673628 0.00135734776039902 0 0
 899.685900645 0.000974710606309256 0 0
 902.9877052 0.000614695300802365 0 0
 906.288075761 0.000284290306591075 0 0
 909.587000796 0.00120444870181852 0 0
 912.884468773 0.000897129247205589 0 0
 916.18046816 0.0010596465952774 0 0
 919.474987425 0.0018158956300868 0 0
 922.768015036 0.00105588102811951 0 0
 926.059539461 0.00130328113944655 0 0
 929.349549168 0.00135809363958994 0 0
 932.638032625 0.00158698930531571 0 0
 935.9249783 0.0014380691429769 0 0
 939.210374661 0.00163929534005067 0 0
 942.494210176 0.00140236137525339 0 0
 945.776473313 0.0011417533930125 0 0
 949.05715254 0.00270515949344948 0 0
 952.336236325 0.00121386666633304 0 0
 955.613713136 0 0 0
 958.889571441 0 0 0
 962.163799708 0 0 0
 965.436386405 0 0 0
 968.70732 0 0 0
 971.976588961 0 0 0
 975.244181756 0 0 0
 978.510086853 0 0 0
 981.77429272 0 0 0
 985.036787825 0 0 0
 988.297560636 0 0 0
 991.556599621 0 0 0
 994.813893248 0 0 0
 998.069429985 0 0 0
 1001.3231983 0 0 0
 1004.575186661 0 0 0
 1007.825383536 0 0 0
 1011.073777393 0 0 0
 1014.3203567 0 0 0
 1017.565109925 0 0 0
 1020.808025536 0 0 0
 1024.049092001 0 0 0
 1027.288297788 0 0 0
 1030.525631365 0 0 0
 1033.7610812 0 0 0
 1036.994635761 0 0 0
 1040.226283516 0 0 0
 1043.456012933 0 0 0
 1046.68381248 0 0 0
 1049.909670625 0 0 0
 1053.133575836 0 0 0
 1056.355516581 0 0 0
 1059.575481328 0 0 0
 1062.793458545 0 0 0
 1066.0094367 0 0 0
 1069.223404261 0 0 0
 1072.435349696 0 0 0
 1075.645261473 0 0 0
 1078.85312806 0 0 0
 1082.058937925 0 0 0
 1085.262679536 0 0 0
 1088.464341361 0 0 0
 1091.663911868 0 0 0
 1094.861379525 0 0 0
 1098.0567328 0 0 0
 1101.249960161 0 0 0
 1104.441050076 0 0 0
 1107.629991013 0 0 0
 1110.81677144 0 0 0
 1114.001379825 0 0 0
 1117.183804636 0 0 0
 1120.364034341 0 0 0
 1123.542057408 0 0 0
 1126.717862305 0 0 0
 1129.8914375 0 0 0
 1133.062771461 0 0 0
 1136.231852656 0 0 0
 1139.398669553 0 0 0
 1142.56321062 0 0 0
 1145.725464325 0 0 0
 1148.885419136 0 0 0
[END] of [DATA]
[END] of [Spectrum]

