
#TBID:2021-07-29 02:30:00;SAM_84C8;CALIBRATED;

[Spectrum]
Version            = 1
IDData             = 96B1_2021-07-29_02-30-00_000_976
IDDevice           = SAM_84C8
IDDataType         = SPECTRUM
IDDataTypeSub1     = CALIBRATED
IDDataTypeSub2     = 
IDDataTypeSub3     = 
DateTime           = 2021-07-29 02:30:00
PositionLatitude   = 0
PositionLongitude  = 0
Comment            = 
CommentSub1        = 
CommentSub2        = 
CommentSub3        = 
IDMethodType       = SAM Control
MethodName         = SAM_84C8
Mission            = No Mission
MissionSub         = 1
RecordType         = 0
[Attributes]
CalFactor = 1
IDBasisSpec = 
IDDataBack = DLAB_2015-08-21_12-14-03_013_778
IDDataCal = DLAB_2015-08-24_11-04-47_772_747
IntegrationTime = 4096
P31 = -1
P31e = 0
PathLength = +INF
PathLengthCustomOn = 0
RAWDynamic = 65535
Salinity = 0
Temperature = -NAN
Unit1 = $01 $01 Wavelength nm
Unit2 = $03 $03 Intensity mW/(m^2 nm Sr)
Unit3 = $f0 $03 Error mW/(m^2 nm Sr)
Unit4 = $f1 $00 Status 
p999 = 896
[END] of [Attributes]
[DATA]
 0 11 0 0
 303.516048156 0 0 0
 306.890006053 0 0 0
 310.26457112 0 0 0
 313.639731825 0 0 0
 317.015476636 -0.00153046435342104 0 0
 320.391794021 -0.00143723508896468 0 0
 323.768672448 -0.00136863152712256 0 0
 327.146100385 -0.000995252546549487 0 0
 330.5240663 -0.0011794316946631 0 0
 333.902558661 -0.000852199038926468 0 0
 337.281565936 -0.000914284210850218 0 0
 340.661076593 -0.00057544039692761 0 0
 344.0410791 -0.000257964108787815 0 0
 347.421561925 -0.000143129723100093 0 0
 350.802513536 5.08569017286797e-005 0 0
 354.183922401 0.000296063352220935 0 0
 357.565776988 0.0002871745204381 0 0
 360.948065765 0.000171423747343308 0 0
 364.3307772 -4.45055319529577e-005 0 0
 367.713899761 9.38307791699088e-005 0 0
 371.097421916 4.5967849365776e-005 0 0
 374.481332133 0.000128758691642332 0 0
 377.86561888 0.00014222376478113 0 0
 381.250270625 0.000171184249026889 0 0
 384.635275836 0.000121057537846218 0 0
 388.020622981 0.000149424952037439 0 0
 391.406300528 0.000212513208765538 0 0
 394.792296945 7.06531204103567e-005 0 0
 398.1786007 1.60885617236459e-005 0 0
 401.565200261 -1.6885646328925e-005 0 0
 404.952084096 -5.37070565190177e-005 0 0
 408.339240673 7.19905315673381e-005 0 0
 411.72665846 -4.32917924377429e-005 0 0
 415.114325925 1.23972370429317e-005 0 0
 418.502231536 0.000139463310462139 0 0
 421.890363761 0.000151428791886807 0 0
 425.278711068 0.000153706890783688 0 0
 428.667261925 0.000186737744516917 0 0
 432.0560048 0.000146143042407081 0 0
 435.444928161 0.000166763673002655 0 0
 438.834020476 0.000121131203201158 0 0
 442.223270213 0.000100900842106385 0 0
 445.61266584 0.000115820088769495 0 0
 449.002195825 0.000119674728561032 0 0
 452.391848636 0.000110849468513977 0 0
 455.781612741 0.000148797913153499 0 0
 459.171476608 6.66414585584354e-005 0 0
 462.561428705 0.000161527646115977 0 0
 465.9514575 0.000131193202656763 0 0
 469.341551461 0.000120559010480151 0 0
 472.731699056 0.000134888192019367 0 0
 476.121888753 0.00013121674565396 0 0
 479.51210902 9.98815827295214e-005 0 0
 482.902348325 0.000146994350946959 0 0
 486.292595136 6.52015294353458e-005 0 0
 489.682837921 0.00011115000235334 0 0
 493.073065148 9.96593422042116e-005 0 0
 496.463265285 0.000196617460506009 0 0
 499.8534268 0.000214733881884963 0 0
 503.243538161 0.000116403438102499 0 0
 506.633587836 0.00012613309142163 0 0
 510.023564293 0.000154170146293034 0 0
 513.413456 0.000143387943721294 0 0
 516.803251425 0.000119210285835572 0 0
 520.192939036 0.000146372287892061 0 0
 523.582507301 8.93729508210852e-005 0 0
 526.971944688 0.000141798067415093 0 0
 530.361239665 0.000109421059063201 0 0
 533.7503807 0.000116307164561296 0 0
 537.139356261 -1.18189405107964e-005 0 0
 540.528154816 2.00590751601305e-005 0 0
 543.916764833 -9.84436650222064e-006 0 0
 547.30517478 -4.03088385055915e-005 0 0
 550.693373125 6.27823014487257e-005 0 0
 554.081348336 5.72037302355755e-005 0 0
 557.469088881 -2.92681486833839e-005 0 0
 560.856583228 9.62897041290288e-005 0 0
 564.243819845 5.02399501452154e-005 0 0
 567.6307872 0.000112986147371304 0 0
 571.017473761 0.000132612637191822 0 0
 574.403867996 0.000317064507975128 0 0
 577.789958373 0.000201603593156976 0 0
 581.17573336 0.000227608565010851 0 0
 584.561181425 0.000438580860057267 0 0
 587.946291036 0.000389752825259594 0 0
 591.331050661 0.000342000362224151 0 0
 594.715448768 0.000348060254671742 0 0
 598.099473825 0.000205158840225728 0 0
 601.4831143 0.000188271034685254 0 0
 604.866358661 0.000132765491549922 0 0
 608.249195376 0.000204020258820713 0 0
 611.631612913 0.00013424854937957 0 0
 615.01359974 0.000181663975965865 0 0
 618.395144325 0.000198404871177741 0 0
 621.776235136 0.000367123141122236 0 0
 625.156860641 0.00035923293199516 0 0
 628.537009308 0.000373718387180644 0 0
 631.916669605 0.000198621411891219 0 0
 635.29583 0.000180011841762495 0 0
 638.674478961 0.000278519365807493 0 0
 642.052604956 0.000158561013584772 0 0
 645.430196453 0.000217855251251462 0 0
 648.80724192 0.000160286768247268 0 0
 652.183729825 0.000192061084241279 0 0
 655.559648636 0.000345148515784738 0 0
 658.934986821 0.000314653147656067 0 0
 662.309732848 0.000289682310144626 0 0
 665.683875185 0.000438344371964836 0 0
 669.0574023 0.000311792499948937 0 0
 672.430302661 0.000437952032545294 0 0
 675.802564736 0.000317822892357185 0 0
 679.174176993 0.000263886078434299 0 0
 682.5451279 0.000311911328153743 0 0
 685.915405925 0.000256017156516247 0 0
 689.284999536 0.000299434759933055 0 0
 692.653897201 -2.5830828955426e-005 0 0
 696.022087388 -1.10896542978092e-005 0 0
 699.389558565 0.000101235664119304 0 0
 702.7562992 0.000205254803100817 0 0
 706.122297761 0.000195124625317253 0 0
 709.487542716 0.000124113994692503 0 0
 712.852022533 0.000125130269711379 0 0
 716.21572568 0.000206984188629539 0 0
 719.578640625 0.000258379597219666 0 0
 722.940755836 0.000313183866111748 0 0
 726.302059781 0.00029142239529375 0 0
 729.662540928 0.000359062567133796 0 0
 733.022187745 0.00029661913141583 0 0
 736.3809887 0.00031734693099879 0 0
 739.738932261 0.000407705497190129 0 0
 743.096006896 0.0002609528829036 0 0
 746.452201073 0.000566118606633739 0 0
 749.80750326 0.000614180142158878 0 0
 753.161901925 0.000582223778579951 0 0
 756.515385536 0.000671996559303285 0 0
 759.867942561 0.000642541345864126 0 0
 763.219561468 0.00059589949263093 0 0
 766.570230725 0.000704035051269695 0 0
 769.9199388 0.000464989009563751 0 0
 773.268674161 0.000299769147949046 0 0
 776.616425276 0.000337803972056323 0 0
 779.963180613 0.00046959604039508 0 0
 783.30892864 0.000335583564397815 0 0
 786.653657825 0.000453672296392967 0 0
 789.997356636 0.000591451877691932 0 0
 793.340013541 0.000771659098306701 0 0
 796.681617008 0.000867900476558777 0 0
 800.022155505 0.00104079948423912 0 0
 803.3616175 0.000979026066283237 0 0
 806.699991461 0.00113979373105253 0 0
 810.037265856 0.00127634130731412 0 0
 813.373429153 0.00127844024570501 0 0
 816.70846982 0.000785563459112251 0 0
 820.042376325 0.000753420899362224 0 0
 823.375137136 0.000745205045752719 0 0
 826.706740721 0.000963182247322063 0 0
 830.037175548 0.000475349057164635 0 0
 833.366430085 0.000230535601634891 0 0
 836.6944928 0.000328482054642853 0 0
 840.021352161 0.000213185260176991 0 0
 843.346996636 0.00068795313647485 0 0
 846.671414693 0.000597749841762969 0 0
 849.9945948 0.000637646221122578 0 0
 853.316525425 0.000602413654946106 0 0
 856.637195036 0.000895527517281973 0 0
 859.956592101 0.000969608904054231 0 0
 863.274705088 0.00112044194611875 0 0
 866.591522465 0.0012112822435809 0 0
 869.9070327 0.00151892400161373 0 0
 873.221224261 0.000980805814086899 0 0
 876.534085616 0.00250503068586669 0 0
 879.845605233 0.00267504852145593 0 0
 883.15577158 0.00276743075465091 0 0
 886.464573125 0.00382863034237406 0 0
 889.771998336 0.00386862256285832 0 0
 893.078035681 0.00370612060542511 0 0
 896.382673628 0.00304231461378698 0 0
 899.685900645 0.00373529367171959 0 0
 902.9877052 0.00359814038057912 0 0
 906.288075761 0.0032670606994002 0 0
 909.587000796 0.00317526945257319 0 0
 912.884468773 0.00388124274156434 0 0
 916.18046816 0.00376468816177536 0 0
 919.474987425 0.00348752754446202 0 0
 922.768015036 0.00418094941414652 0 0
 926.059539461 0.00409934409456963 0 0
 929.349549168 0.00379485321381189 0 0
 932.638032625 0.00379373061971668 0 0
 935.9249783 0.00450269144300336 0 0
 939.210374661 0.00486748879446728 0 0
 942.494210176 0.00439935675468814 0 0
 945.776473313 0.0032105416773616 0 0
 949.05715254 0.00351310683095662 0 0
 952.336236325 0.00513886945058693 0 0
 955.613713136 0 0 0
 958.889571441 0 0 0
 962.163799708 0 0 0
 965.436386405 0 0 0
 968.70732 0 0 0
 971.976588961 0 0 0
 975.244181756 0 0 0
 978.510086853 0 0 0
 981.77429272 0 0 0
 985.036787825 0 0 0
 988.297560636 0 0 0
 991.556599621 0 0 0
 994.813893248 0 0 0
 998.069429985 0 0 0
 1001.3231983 0 0 0
 1004.575186661 0 0 0
 1007.825383536 0 0 0
 1011.073777393 0 0 0
 1014.3203567 0 0 0
 1017.565109925 0 0 0
 1020.808025536 0 0 0
 1024.049092001 0 0 0
 1027.288297788 0 0 0
 1030.525631365 0 0 0
 1033.7610812 0 0 0
 1036.994635761 0 0 0
 1040.226283516 0 0 0
 1043.456012933 0 0 0
 1046.68381248 0 0 0
 1049.909670625 0 0 0
 1053.133575836 0 0 0
 1056.355516581 0 0 0
 1059.575481328 0 0 0
 1062.793458545 0 0 0
 1066.0094367 0 0 0
 1069.223404261 0 0 0
 1072.435349696 0 0 0
 1075.645261473 0 0 0
 1078.85312806 0 0 0
 1082.058937925 0 0 0
 1085.262679536 0 0 0
 1088.464341361 0 0 0
 1091.663911868 0 0 0
 1094.861379525 0 0 0
 1098.0567328 0 0 0
 1101.249960161 0 0 0
 1104.441050076 0 0 0
 1107.629991013 0 0 0
 1110.81677144 0 0 0
 1114.001379825 0 0 0
 1117.183804636 0 0 0
 1120.364034341 0 0 0
 1123.542057408 0 0 0
 1126.717862305 0 0 0
 1129.8914375 0 0 0
 1133.062771461 0 0 0
 1136.231852656 0 0 0
 1139.398669553 0 0 0
 1142.56321062 0 0 0
 1145.725464325 0 0 0
 1148.885419136 0 0 0
[END] of [DATA]
[END] of [Spectrum]


#TBID:2021-07-29 03:00:00;SAM_84CE;RAW;

[Spectrum]
Version            = 1
IDData             = 96B1_2021-07-29_03-00-00_000_979
IDDevice           = SAM_84CE
IDDataType         = SPECTRUM
IDDataTypeSub1     = RAW
IDDataTypeSub2     = 
IDDataTypeSub3     = 
DateTime           = 2021-07-29 03:00:00
PositionLatitude   = 0
PositionLongitude  = 0
Comment            = 
CommentSub1        = 
CommentSub2        = 
CommentSub3        = 
IDMethodType       = SAM Control
MethodName         = SAM_84CE
Mission            = No Mission
MissionSub         = 1
RecordType         = 0
[Attributes]
CalFactor = 1
IDBasisSpec = 
IDDataBack = DLAB_2015-08-21_11-56-43_233_004
IDDataCal = DLAB_2015-08-26_10-05-37_585_478
IntegrationTime = 4096
P31 = -1
P31e = 0
PathLength = +INF
PathLengthCustomOn = 0
RAWDynamic = 65535
Salinity = 0
Temperature = -NAN
Unit1 = $05 $00 Pixel 
Unit2 = $03 $05 Intensity counts
Unit3 = $f0 $05 Error counts
Unit4 = $f1 $00 Status 
p999 = 897
[END] of [Attributes]
[DATA]
 0 11 0 0
 1 1581 0 0
 2 1592 0 0
 3 1588 0 0
 4 1596 0 0
 5 1609 0 0
 6 1604 0 0
 7 1604 0 0
 8 1606 0 0
 9 1612 0 0
 10 1618 0 0
 11 1618 0 0
 12 1616 0 0
 13 1617 0 0
 14 1622 0 0
 15 1620 0 0
 16 1619 0 0
 17 1615 0 0
 18 1616 0 0
 19 1622 0 0
 20 1631 0 0
 21 1623 0 0
 22 1629 0 0
 23 1635 0 0
 24 1635 0 0
 25 1636 0 0
 26 1638 0 0
 27 1640 0 0
 28 1625 0 0
 29 1632 0 0
 30 1630 0 0
 31 1642 0 0
 32 1631 0 0
 33 1634 0 0
 34 1627 0 0
 35 1628 0 0
 36 1640 0 0
 37 1626 0 0
 38 1635 0 0
 39 1632 0 0
 40 1634 0 0
 41 1632 0 0
 42 1636 0 0
 43 1635 0 0
 44 1629 0 0
 45 1625 0 0
 46 1634 0 0
 47 1640 0 0
 48 1632 0 0
 49 1626 0 0
 50 1632 0 0
 51 1630 0 0
 52 1636 0 0
 53 1629 0 0
 54 1632 0 0
 55 1629 0 0
 56 1628 0 0
 57 1626 0 0
 58 1632 0 0
 59 1630 0 0
 60 1631 0 0
 61 1627 0 0
 62 1634 0 0
 63 1636 0 0
 64 1628 0 0
 65 1628 0 0
 66 1638 0 0
 67 1630 0 0
 68 1634 0 0
 69 1628 0 0
 70 1623 0 0
 71 1625 0 0
 72 1632 0 0
 73 1630 0 0
 74 1634 0 0
 75 1631 0 0
 76 1641 0 0
 77 1631 0 0
 78 1633 0 0
 79 1632 0 0
 80 1634 0 0
 81 1633 0 0
 82 1633 0 0
 83 1624 0 0
 84 1633 0 0
 85 1628 0 0
 86 1625 0 0
 87 1630 0 0
 88 1627 0 0
 89 1627 0 0
 90 1626 0 0
 91 1633 0 0
 92 1631 0 0
 93 1632 0 0
 94 1628 0 0
 95 1624 0 0
 96 1624 0 0
 97 1628 0 0
 98 1632 0 0
 99 1632 0 0
 100 1635 0 0
 101 1635 0 0
 102 1632 0 0
 103 1630 0 0
 104 1631 0 0
 105 1637 0 0
 106 1638 0 0
 107 1627 0 0
 108 1636 0 0
 109 1644 0 0
 110 1633 0 0
 111 1644 0 0
 112 1638 0 0
 113 1632 0 0
 114 1634 0 0
 115 1636 0 0
 116 1630 0 0
 117 1635 0 0
 118 1632 0 0
 119 1634 0 0
 120 1633 0 0
 121 1635 0 0
 122 1638 0 0
 123 1631 0 0
 124 1636 0 0
 125 1632 0 0
 126 1640 0 0
 127 1630 0 0
 128 1638 0 0
 129 1625 0 0
 130 1634 0 0
 131 1640 0 0
 132 1634 0 0
 133 1638 0 0
 134 1630 0 0
 135 1637 0 0
 136 1633 0 0
 137 1639 0 0
 138 1629 0 0
 139 1638 0 0
 140 1634 0 0
 141 1634 0 0
 142 1637 0 0
 143 1633 0 0
 144 1631 0 0
 145 1641 0 0
 146 1638 0 0
 147 1633 0 0
 148 1633 0 0
 149 1626 0 0
 150 1632 0 0
 151 1632 0 0
 152 1638 0 0
 153 1637 0 0
 154 1635 0 0
 155 1632 0 0
 156 1636 0 0
 157 1629 0 0
 158 1628 0 0
 159 1639 0 0
 160 1636 0 0
 161 1641 0 0
 162 1632 0 0
 163 1635 0 0
 164 1640 0 0
 165 1631 0 0
 166 1629 0 0
 167 1637 0 0
 168 1634 0 0
 169 1640 0 0
 170 1634 0 0
 171 1640 0 0
 172 1640 0 0
 173 1636 0 0
 174 1633 0 0
 175 1640 0 0
 176 1635 0 0
 177 1640 0 0
 178 1642 0 0
 179 1640 0 0
 180 1643 0 0
 181 1639 0 0
 182 1638 0 0
 183 1631 0 0
 184 1633 0 0
 185 1641 0 0
 186 1642 0 0
 187 1642 0 0
 188 1631 0 0
 189 1635 0 0
 190 1636 0 0
 191 1640 0 0
 192 1640 0 0
 193 1640 0 0
 194 1638 0 0
 195 1638 0 0
 196 1638 0 0
 197 1645 0 0
 198 1646 0 0
 199 1635 0 0
 200 1643 0 0
 201 1645 0 0
 202 1638 0 0
 203 1640 0 0
 204 1640 0 0
 205 1646 0 0
 206 1653 0 0
 207 1648 0 0
 208 1641 0 0
 209 1646 0 0
 210 1645 0 0
 211 1643 0 0
 212 1643 0 0
 213 1648 0 0
 214 1644 0 0
 215 1656 0 0
 216 1646 0 0
 217 1644 0 0
 218 1649 0 0
 219 1650 0 0
 220 1646 0 0
 221 1649 0 0
 222 1651 0 0
 223 1651 0 0
 224 1642 0 0
 225 1650 0 0
 226 1653 0 0
 227 1657 0 0
 228 1648 0 0
 229 1663 0 0
 230 1661 0 0
 231 1652 0 0
 232 1653 0 0
 233 1656 0 0
 234 1651 0 0
 235 1661 0 0
 236 1648 0 0
 237 1660 0 0
 238 1659 0 0
 239 1653 0 0
 240 1658 0 0
 241 1657 0 0
 242 1655 0 0
 243 1662 0 0
 244 1657 0 0
 245 1654 0 0
 246 1652 0 0
 247 1653 0 0
 248 1645 0 0
 249 1649 0 0
 250 1640 0 0
 251 1639 0 0
 252 1630 0 0
 253 1623 0 0
 254 1613 0 0
 255 1668 0 0
[END] of [DATA]
[END] of [Spectrum]


#TBID:2021-07-29 03:00:00;SAM_84CE;CALIBRATED;

[Spectrum]
Version            = 1
IDData             = 96B1_2021-07-29_03-00-00_000_980
IDDevice           = SAM_84CE
IDDataType         = SPECTRUM
IDDataTypeSub1     = CALIBRATED
IDDataTypeSub2     = 
IDDataTypeSub3     = 
DateTime           = 2021-07-29 03:00:00
PositionLatitude   = 0
PositionLongitude  = 0
Comment            = 
CommentSub1        = 
CommentSub2        = 
CommentSub3        = 
IDMethodType       = SAM Control
MethodName         = SAM_84CE
Mission            = No Mission
MissionSub         = 1
RecordType         = 0
[Attributes]
CalFactor = 1
IDBasisSpec = 
IDDataBack = DLAB_2015-08-21_11-56-43_233_004
IDDataCal = DLAB_2015-08-26_10-05-37_585_478
IntegrationTime = 4096
P31 = -1
P31e = 0
PathLength = +INF
PathLengthCustomOn = 0
RAWDynamic = 65535
Salinity = 0
Temperature = -NAN
Unit1 = $01 $01 Wavelength nm
Unit2 = $03 $06 Intensity mW/(m^2 nm)
Unit3 = $f0 $06 Error mW/(m^2 nm)
Unit4 = $f1 $00 Status 
p999 = 897
[END] of [Attributes]
[DATA]
 0 11 0 0
 303.485180022 0 0 0
 306.85638880275 0 0 0
 310.228324544 0 0 0
 313.60097308125 0 0 0
 316.97432025 -0.0135713898536899 0 0
 320.34835188575 -0.0119061678806089 0 0
 323.723053824 -0.00996848841841303 0 0
 327.09841190025 -0.0095846730364948 0 0
 330.47441195 -0.00933323121120055 0 0
 333.85103980875 -0.00606699076285252 0 0
 337.228281312 -0.00654550721961535 0 0
 340.60612229525 -0.00668596170434365 0 0
 343.984548594 -0.00587508563637995 0 0
 347.36354604375 -0.00549233777657971 0 0
 350.74310048 -0.00353121704702424 0 0
 354.12319773825 -0.00385520915730418 0 0
 357.503823654 -0.00351235765591092 0 0
 360.88496406275 -0.00401372918551227 0 0
 364.2666048 -0.00169449343607277 0 0
 367.64873170125 -0.00197086378010904 0 0
 371.031330602 -0.00291476841797344 0 0
 374.41438733775 -0.0014086060730868 0 0
 377.797887744 -0.00290726766181399 0 0
 381.18181765625 -0.00109481165393771 0 0
 384.56616291 -0.000959072023310322 0 0
 387.95090934075 -0.00152244220125694 0 0
 391.336042784 -0.00140541488549117 0 0
 394.72154907525 -0.00198902908128524 0 0
 398.10741405 -0.00104180597892797 0 0
 401.49362354375 -0.00150648488279532 0 0
 404.880163392 -0.000760959728231451 0 0
 408.26701943025 -0.00197615175727795 0 0
 411.654177494 -0.00082388847014052 0 0
 415.04162341875 -0.00141865901217477 0 0
 418.42934304 -0.000869105004114568 0 0
 421.81732219325 -0.000410929327085493 0 0
 425.205546714 -0.000899887924959621 0 0
 428.59400243775 -0.00105531174248339 0 0
 431.9826752 -0.00092490988606563 0 0
 435.37155083625 -0.000751688560098501 0 0
 438.760615182 -0.000755087640553755 0 0
 442.14985407275 -0.000563231480942275 0 0
 445.539253344 -0.00058368643256328 0 0
 448.92879883125 -0.00057038983731716 0 0
 452.31847637 -0.000992968854208215 0 0
 455.70827179575 -0.00123875583546624 0 0
 459.098170944 -0.000949082161137333 0 0
 462.48815965025 -0.0011435016330473 0 0
 465.87822375 -0.0018756677603353 0 0
 469.26834907875 -0.00141782935552516 0 0
 472.658521472 -0.000816102144241894 0 0
 476.04872676525 -1.81209814802157e-005 0 0
 479.438950794 -0.00181239568409426 0 0
 482.82917939375 -0.00182262542370284 0 0
 486.2193984 -0.00117008293535948 0 0
 489.60959364825 -0.00125156549860959 0 0
 492.999750974 -0.00162369546274622 0 0
 496.38985621275 -0.00145774776592713 0 0
 499.7798952 -0.00129920329398782 0 0
 503.16985377125 -0.000564681891294671 0 0
 506.559717762 -0.00171497408373894 0 0
 509.94947300775 -0.00176804197272983 0 0
 513.339105344 -0.000952036878032484 0 0
 516.72860060625 -0.00176794178913684 0 0
 520.11794463 -0.00131579093530513 0 0
 523.50712325075 -0.00119081856312385 0 0
 526.896122304 -0.00130724085635569 0 0
 530.28492762525 -0.00105869688777062 0 0
 533.67352505 -0.000764002494257117 0 0
 537.06190041375 -0.000609222849060399 0 0
 540.450039552 -0.00122176507299616 0 0
 543.83792830025 -0.000954391688850824 0 0
 547.225552494 -0.00139425333395256 0 0
 550.61289796875 -0.000542321301640209 0 0
 553.99995056 -0.00109392594379956 0 0
 557.38669610325 -0.000899511937025182 0 0
 560.773120434 -0.000954820068700258 0 0
 564.15920938775 -0.000376851923098223 0 0
 567.5449488 -0.00128228259894186 0 0
 570.93032450625 -0.00125493050469703 0 0
 574.315322342 -0.00149981205353732 0 0
 577.69992814275 -0.000895113613314402 0 0
 581.084127744 -0.00175400001407498 0 0
 584.46790698125 -0.000773493156218185 0 0
 587.85125169 -0.0015693641682691 0 0
 591.23414770575 -0.00224657707375047 0 0
 594.616580864 -0.0017900044998679 0 0
 597.99853700025 -0.00189276578627441 0 0
 601.38000195 -0.00196190517885989 0 0
 604.76096154875 -0.00320569078917691 0 0
 608.141401632 -0.00202430540510339 0 0
 611.52130803525 -0.00208645194740825 0 0
 614.900666594 -0.0027309973247289 0 0
 618.27946314375 -0.00219488001566313 0 0
 621.65768352 -0.00230864919377098 0 0
 625.03531355825 -0.00239611559680892 0 0
 628.412339094 -0.00296647812882371 0 0
 631.78874596275 -0.00304919685071455 0 0
 635.16452 -0.0028833854836348 0 0
 638.53964704125 -0.00226332207385418 0 0
 641.914112922 -0.00158959822448102 0 0
 645.28790347775 -0.00278099653828009 0 0
 648.661004544 -0.00353998689840009 0 0
 652.03340195625 -0.00267623137893195 0 0
 655.40508155 -0.0025124794481405 0 0
 658.77602916075 -0.0017686842382365 0 0
 662.146230624 -0.00340961689930737 0 0
 665.51567177525 -0.0015596363976572 0 0
 668.88433845 -0.00183506810196831 0 0
 672.25221648375 -0.00233343387833137 0 0
 675.619291712 -0.00201038506941501 0 0
 678.98554997025 -0.00187123394921035 0 0
 682.350977094 -0.0021932443579759 0 0
 685.71555891875 -0.00275624503892036 0 0
 689.07928128 -0.00176171437934086 0 0
 692.44213001325 -0.0023798660219358 0 0
 695.804090954 -0.00298803144039089 0 0
 699.16514993775 -0.00317092301200366 0 0
 702.5252928 -0.00296109664499371 0 0
 705.88450537625 -0.00340110726722903 0 0
 709.242773502 -0.00217856558745781 0 0
 712.60008301275 -0.00236460269262321 0 0
 715.956419744 -0.0029972273547961 0 0
 719.31176953125 -0.00213211753929535 0 0
 722.66611821 -0.00273239908320076 0 0
 726.01945161575 -0.00269674648494772 0 0
 729.371755584 -0.00295370950906692 0 0
 732.72301595025 -0.00189840209471355 0 0
 736.07321855 -0.00445530697149617 0 0
 739.42234921875 -0.00170393991992678 0 0
 742.770393792 -0.00314783329101076 0 0
 746.11733810525 -0.00241306357011488 0 0
 749.463167994 -0.00165233470528235 0 0
 752.80786929375 -0.00369899955746805 0 0
 756.15142784 -0.00237612684657337 0 0
 759.49382946825 -0.00302092759818257 0 0
 762.835060014 -0.00306130164530055 0 0
 766.17510531275 -0.00247730066842672 0 0
 769.5139512 -0.00320248512179148 0 0
 772.85158351125 -0.00193047184639826 0 0
 776.187988082 -0.00332425638325215 0 0
 779.52315074775 -0.00182528477232076 0 0
 782.857057344 -0.00344808263666244 0 0
 786.18969370625 -0.00440691260305174 0 0
 789.52104567 -0.00412049840617088 0 0
 792.85109907075 -0.00392126923449273 0 0
 796.179839744 -0.00216727872228544 0 0
 799.50725352525 -0.00496112861586876 0 0
 802.83332625 -0.0060494835896841 0 0
 806.15804375375 -0.00383315936011554 0 0
 809.481391872 -0.0035970952946502 0 0
 812.80335644025 -0.00179553892243146 0 0
 816.123923294 -0.00444748269065889 0 0
 819.44307826875 -0.00452276123380724 0 0
 822.7608072 -0.00571834620600086 0 0
 826.07709592325 -0.00373559915569242 0 0
 829.391930274 -0.00839989495787211 0 0
 832.70529608775 -0.00626124741267304 0 0
 836.0171792 -0.0042657650110422 0 0
 839.32756544625 -0.00650514793585015 0 0
 842.636440662 -0.00511992170774573 0 0
 845.94379068275 -0.00924457338242944 0 0
 849.249601344 -0.00738212943733575 0 0
 852.55385848125 -0.00506844886763724 0 0
 855.85654793 -0.00931276593638291 0 0
 859.15765552575 -0.0105118252681859 0 0
 862.457167104 -0.0070131423626382 0 0
 865.75506850025 -0.00900693440467896 0 0
 869.05134555 -0.00783602404849783 0 0
 872.34598408875 -0.013742112963392 0 0
 875.638969952 -0.0102610483136757 0 0
 878.93028897525 -0.00799692543142656 0 0
 882.219926994 -0.0110518365423949 0 0
 885.50786984375 -0.0104215362188737 0 0
 888.79410336 -0.00899311899039782 0 0
 892.07861337825 -0.0138500996102211 0 0
 895.361385734 -0.00940419668626543 0 0
 898.64240626275 -0.0108417909057046 0 0
 901.9216608 -0.0117456357724064 0 0
 905.19913518125 -0.0100472773651206 0 0
 908.474815242 -0.0133902741544435 0 0
 911.74868681775 -0.0137594036436908 0 0
 915.020735744 -0.0131817616509877 0 0
 918.29094785625 -0.0132637819497615 0 0
 921.55930899 -0.0108265591064361 0 0
 924.82580498075 -0.0146201613609411 0 0
 928.090421664 -0.0179336156587146 0 0
 931.35314487525 -0.0277281908195692 0 0
 934.61396045 -0.0227657261887188 0 0
 937.87285422375 -0.0229397760125669 0 0
 941.129812032 -0.0226465603615293 0 0
 944.38481971025 -0.0167224048967508 0 0
 947.637863094 -0.0185192609382438 0 0
 950.88892801875 -0.0203591288384852 0 0
 954.13800032 0 0 0
 957.38506583325 0 0 0
 960.630110394 0 0 0
 963.87311983775 0 0 0
 967.11408 0 0 0
 970.35297671625 0 0 0
 973.589795822 0 0 0
 976.82452315275 0 0 0
 980.057144544 0 0 0
 983.28764583125 0 0 0
 986.51601285 0 0 0
 989.74223143575 0 0 0
 992.966287424 0 0 0
 996.18816665025 0 0 0
 999.40785495 0 0 0
 1002.62533815875 0 0 0
 1005.840602112 0 0 0
 1009.05363264525 0 0 0
 1012.264415594 0 0 0
 1015.47293679375 0 0 0
 1018.67918208 0 0 0
 1021.88313728825 0 0 0
 1025.084788254 0 0 0
 1028.28412081275 0 0 0
 1031.4811208 0 0 0
 1034.67577405125 0 0 0
 1037.868066402 0 0 0
 1041.05798368775 0 0 0
 1044.245511744 0 0 0
 1047.43063640625 0 0 0
 1050.61334351 0 0 0
 1053.79361889075 0 0 0
 1056.971448384 0 0 0
 1060.14681782525 0 0 0
 1063.31971305 0 0 0
 1066.49011989375 0 0 0
 1069.658024192 0 0 0
 1072.82341178025 0 0 0
 1075.986268494 0 0 0
 1079.14658016875 0 0 0
 1082.30433264 0 0 0
 1085.45951174325 0 0 0
 1088.612103314 0 0 0
 1091.76209318775 0 0 0
 1094.9094672 0 0 0
 1098.05421118625 0 0 0
 1101.196310982 0 0 0
 1104.33575242275 0 0 0
 1107.472521344 0 0 0
 1110.60660358125 0 0 0
 1113.73798497 0 0 0
 1116.86665134575 0 0 0
 1119.992588544 0 0 0
 1123.11578240025 0 0 0
 1126.23621875 0 0 0
 1129.35388342875 0 0 0
 1132.468762272 0 0 0
 1135.58084111525 0 0 0
 1138.690105794 0 0 0
 1141.79654214375 0 0 0
 1144.900136 0 0 0
[END] of [DATA]
[END] of [Spectrum]


#TBID:2021-07-29 03:00:00;SAM_84DC;RAW;

[Spectrum]
Version            = 1
IDData             = 96B1_2021-07-29_03-00-00_000_982
IDDevice           = SAM_84DC
IDDataType         = SPECTRUM
IDDataTypeSub1     = RAW
IDDataTypeSub2     = 
IDDataTypeSub3     = 
DateTime           = 2021-07-29 03:00:00
PositionLatitude   = 0
PositionLongitude  = 0
Comment            = 
CommentSub1        = 
CommentSub2        = 
CommentSub3        = 
IDMethodType       = SAM Control
MethodName         = SAM_84DC
Mission            = No Mission
MissionSub         = 1
RecordType         = 0
[Attributes]
CalFactor = 1
IDBasisSpec = 
IDDataBack = DLAB_2015-08-21_13-19-54_137_939
IDDataCal = DLAB_2015-08-24_10-46-55_592_608
IntegrationTime = 4096
P31 = -1
P31e = 0
PathLength = +INF
PathLengthCustomOn = 0
RAWDynamic = 65535
Salinity = 0
Temperature = -NAN
Unit1 = $05 $00 Pixel 
Unit2 = $03 $05 Intensity counts
Unit3 = $f0 $05 Error counts
Unit4 = $f1 $00 Status 
p999 = 897
[END] of [Attributes]
[DATA]
 0 11 0 0
 1 1764 0 0
 2 1753 0 0
 3 1766 0 0
 4 1779 0 0
 5 1773 0 0
 6 1769 0 0
 7 1786 0 0
 8 1790 0 0
 9 1793 0 0
 10 1790 0 0
 11 1794 0 0
 12 1788 0 0
 13 1792 0 0
 14 1802 0 0
 15 1788 0 0
 16 1789 0 0
 17 1800 0 0
 18 1792 0 0
 19 1793 0 0
 20 1798 0 0
 21 1790 0 0
 22 1808 0 0
 23 1813 0 0
 24 1811 0 0
 25 1803 0 0
 26 1807 0 0
 27 1812 0 0
 28 1804 0 0
 29 1811 0 0
 30 1804 0 0
 31 1812 0 0
 32 1808 0 0
 33 1806 0 0
 34 1812 0 0
 35 1808 0 0
 36 1814 0 0
 37 1812 0 0
 38 1811 0 0
 39 1807 0 0
 40 1820 0 0
 41 1811 0 0
 42 1811 0 0
 43 1811 0 0
 44 1811 0 0
 45 1813 0 0
 46 1809 0 0
 47 1819 0 0
 48 1808 0 0
 49 1812 0 0
 50 1808 0 0
 51 1812 0 0
 52 1812 0 0
 53 1803 0 0
 54 1809 0 0
 55 1811 0 0
 56 1806 0 0
 57 1815 0 0
 58 1812 0 0
 59 1821 0 0
 60 1815 0 0
 61 1814 0 0
 62 1805 0 0
 63 1810 0 0
 64 1808 0 0
 65 1808 0 0
 66 1806 0 0
 67 1810 0 0
 68 1816 0 0
 69 1811 0 0
 70 1816 0 0
 71 1822 0 0
 72 1814 0 0
 73 1811 0 0
 74 1813 0 0
 75 1809 0 0
 76 1812 0 0
 77 1812 0 0
 78 1804 0 0
 79 1818 0 0
 80 1816 0 0
 81 1818 0 0
 82 1815 0 0
 83 1816 0 0
 84 1810 0 0
 85 1822 0 0
 86 1807 0 0
 87 1810 0 0
 88 1803 0 0
 89 1804 0 0
 90 1804 0 0
 91 1798 0 0
 92 1797 0 0
 93 1803 0 0
 94 1806 0 0
 95 1804 0 0
 96 1799 0 0
 97 1806 0 0
 98 1799 0 0
 99 1802 0 0
 100 1809 0 0
 101 1800 0 0
 102 1804 0 0
 103 1805 0 0
 104 1806 0 0
 105 1814 0 0
 106 1813 0 0
 107 1815 0 0
 108 1815 0 0
 109 1811 0 0
 110 1811 0 0
 111 1818 0 0
 112 1813 0 0
 113 1806 0 0
 114 1812 0 0
 115 1810 0 0
 116 1806 0 0
 117 1808 0 0
 118 1803 0 0
 119 1807 0 0
 120 1802 0 0
 121 1818 0 0
 122 1804 0 0
 123 1811 0 0
 124 1810 0 0
 125 1808 0 0
 126 1814 0 0
 127 1813 0 0
 128 1810 0 0
 129 1805 0 0
 130 1810 0 0
 131 1808 0 0
 132 1815 0 0
 133 1810 0 0
 134 1812 0 0
 135 1812 0 0
 136 1804 0 0
 137 1812 0 0
 138 1805 0 0
 139 1807 0 0
 140 1806 0 0
 141 1816 0 0
 142 1805 0 0
 143 1812 0 0
 144 1812 0 0
 145 1807 0 0
 146 1803 0 0
 147 1807 0 0
 148 1819 0 0
 149 1814 0 0
 150 1809 0 0
 151 1814 0 0
 152 1812 0 0
 153 1817 0 0
 154 1817 0 0
 155 1806 0 0
 156 1804 0 0
 157 1812 0 0
 158 1809 0 0
 159 1814 0 0
 160 1811 0 0
 161 1804 0 0
 162 1807 0 0
 163 1804 0 0
 164 1806 0 0
 165 1808 0 0
 166 1812 0 0
 167 1809 0 0
 168 1811 0 0
 169 1813 0 0
 170 1812 0 0
 171 1820 0 0
 172 1803 0 0
 173 1818 0 0
 174 1819 0 0
 175 1814 0 0
 176 1815 0 0
 177 1813 0 0
 178 1817 0 0
 179 1809 0 0
 180 1815 0 0
 181 1810 0 0
 182 1812 0 0
 183 1816 0 0
 184 1812 0 0
 185 1812 0 0
 186 1815 0 0
 187 1818 0 0
 188 1814 0 0
 189 1813 0 0
 190 1811 0 0
 191 1812 0 0
 192 1823 0 0
 193 1813 0 0
 194 1817 0 0
 195 1809 0 0
 196 1821 0 0
 197 1820 0 0
 198 1808 0 0
 199 1823 0 0
 200 1814 0 0
 201 1820 0 0
 202 1808 0 0
 203 1823 0 0
 204 1825 0 0
 205 1824 0 0
 206 1821 0 0
 207 1818 0 0
 208 1814 0 0
 209 1816 0 0
 210 1820 0 0
 211 1821 0 0
 212 1816 0 0
 213 1813 0 0
 214 1815 0 0
 215 1824 0 0
 216 1822 0 0
 217 1820 0 0
 218 1819 0 0
 219 1819 0 0
 220 1828 0 0
 221 1830 0 0
 222 1824 0 0
 223 1830 0 0
 224 1818 0 0
 225 1831 0 0
 226 1827 0 0
 227 1815 0 0
 228 1830 0 0
 229 1824 0 0
 230 1826 0 0
 231 1825 0 0
 232 1831 0 0
 233 1824 0 0
 234 1824 0 0
 235 1830 0 0
 236 1829 0 0
 237 1835 0 0
 238 1837 0 0
 239 1834 0 0
 240 1838 0 0
 241 1835 0 0
 242 1830 0 0
 243 1835 0 0
 244 1836 0 0
 245 1833 0 0
 246 1837 0 0
 247 1838 0 0
 248 1840 0 0
 249 1830 0 0
 250 1824 0 0
 251 1824 0 0
 252 1818 0 0
 253 1804 0 0
 254 1788 0 0
 255 1840 0 0
[END] of [DATA]
[END] of [Spectrum]


#TBID:2021-07-29 03:00:00;SAM_84DC;CALIBRATED;

[Spectrum]
Version            = 1
IDData             = 96B1_2021-07-29_03-00-00_000_983
IDDevice           = SAM_84DC
IDDataType         = SPECTRUM
IDDataTypeSub1     = CALIBRATED
IDDataTypeSub2     = 
IDDataTypeSub3     = 
DateTime           = 2021-07-29 03:00:00
PositionLatitude   = 0
PositionLongitude  = 0
Comment            = 
CommentSub1        = 
CommentSub2        = 
CommentSub3        = 
IDMethodType       = SAM Control
MethodName         = SAM_84DC
Mission            = No Mission
MissionSub         = 1
RecordType         = 0
[Attributes]
CalFactor = 1
IDBasisSpec = 
IDDataBack = DLAB_2015-08-21_13-19-54_137_939
IDDataCal = DLAB_2015-08-24_10-46-55_592_608
IntegrationTime = 4096
P31 = -1
P31e = 0
PathLength = +INF
PathLengthCustomOn = 0
RAWDynamic = 65535
Salinity = 0
Temperature = -NAN
Unit1 = $01 $01 Wavelength nm
Unit2 = $03 $03 Intensity mW/(m^2 nm Sr)
Unit3 = $f0 $03 Error mW/(m^2 nm Sr)
Unit4 = $f1 $00 Status 
p999 = 897
[END] of [Attributes]
[DATA]
 0 11 0 0
 305.71650776488 0 0 0
 309.04007505697 0 0 0
 312.36416914304 0 0 0
 315.68877841375 0 0 0
 319.01389125976 -0.00180505022578407 0 0
 322.33949607173 -0.00158145762456382 0 0
 325.66558124032 -0.00128791105350352 0 0
 328.99213515619 -0.000977677018163992 0 0
 332.31914621 -0.000953415218240235 0 0
 335.64660279241 -0.000884387078659836 0 0
 338.97449329408 -0.000771456091785031 0 0
 342.30280610567 -0.000692979063392146 0 0
 345.63152961784 -0.000557488181948164 0 0
 348.96065222125 -0.000512518291375877 0 0
 352.29016230656 -0.000468952045205364 0 0
 355.62004826443 -0.000580772453219989 0 0
 358.95029848552 -0.000458686933754863 0 0
 362.28090136049 -0.000451024619591929 0 0
 365.61184528 -0.000479282637674371 0 0
 368.94311863471 -0.000355423865850036 0 0
 372.27470981528 -0.000462216313261956 0 0
 375.60660721237 -0.000298882492278549 0 0
 378.93879921664 -0.000195919230761302 0 0
 382.27127421875 -0.00021733634469927 0 0
 385.60402060936 -0.000239346843596426 0 0
 388.93702677913 -0.000287918670238762 0 0
 392.27028111872 -0.000189374655211148 0 0
 395.60377201879 -0.000205576792475464 0 0
 398.93748787 -6.36269360249899e-005 0 0
 402.27141706301 -0.000157190968095575 0 0
 405.60554798848 -0.000178958478692536 0 0
 408.93986903707 -0.000193779360523615 0 0
 412.27436859944 -0.000143964872585748 0 0
 415.60903506625 -0.000138310539070984 0 0
 418.94385682816 -0.000104788517223123 0 0
 422.27882227583 -0.000154465202892475 0 0
 425.61391979992 -0.000145833797994114 0 0
 428.94913779109 -0.000115524437382431 0 0
 432.28446464 -0.000113444673935002 0 0
 435.61988873731 -0.000104817881167645 0 0
 438.95539847368 -0.000125236423625188 0 0
 442.29098223977 -0.000111620457002389 0 0
 445.62662842624 -0.000138761361672721 0 0
 448.96232542375 -0.000164178220576473 0 0
 452.29806162296 -0.000133508622221475 0 0
 455.63382541453 -0.000229997862793475 0 0
 458.96960518912 -0.000141334688180759 0 0
 462.30538933739 -0.000173732618420614 0 0
 465.64116625 -0.000137685012564018 0 0
 468.97692431761 -0.000166221217735691 0 0
 472.31265193088 -0.000144256826775008 0 0
 475.64833748047 -0.00015668798052628 0 0
 478.98396935704 -0.000234878189690907 0 0
 482.31953595125 -0.000164011237388031 0 0
 485.65502565376 -0.000195185223614974 0 0
 488.99042685523 -0.000232982798169282 0 0
 492.32572794632 -0.000171341868083702 0 0
 495.66091731769 -0.000205088023782698 0 0
 498.99598336 -0.000173116777617063 0 0
 502.33091446391 -0.000159911358138423 0 0
 505.66569902008 -0.000205158167042074 0 0
 509.00032541917 -0.000219693803671242 0 0
 512.33478205184 -0.000197122863707914 0 0
 515.66905730875 -0.000230093679471323 0 0
 519.00313958056 -0.000182799261744044 0 0
 522.33701725793 -0.000112244847214214 0 0
 525.67067873152 -0.000190780172784923 0 0
 529.00411239199 -0.000139844395439044 0 0
 532.33730663 -0.000139520082645123 0 0
 535.67024983621 -0.000137831503564091 0 0
 539.00293040128 -0.000109321252146337 0 0
 542.33533671587 -0.000116021702329857 0 0
 545.66745717064 -0.000192720361959334 0 0
 548.99928015625 -0.000188043789153223 0 0
 552.33079406336 -0.000150387395009589 0 0
 555.66198728263 -0.000181612836480095 0 0
 558.99284820472 -0.000174572894426799 0 0
 562.32336522029 -0.000188370907860243 0 0
 565.65352672 -0.000149344739287643 0 0
 568.98332109451 -0.000100265633922265 0 0
 572.31273673448 -0.00016268283731124 0 0
 575.64176203057 -0.000115315569925073 0 0
 578.97038537344 -0.000147450584492329 0 0
 582.29859515375 -0.000132735807022401 0 0
 585.62637976216 -0.000162405787822535 0 0
 588.95372758933 -0.000283007530749993 0 0
 592.28062702592 -0.000264336620918272 0 0
 595.60706646259 -0.000300223346317398 0 0
 598.93303429 -0.000385059546101126 0 0
 602.25851889881 -0.000253299676888664 0 0
 605.58350867968 -0.000435022644656879 0 0
 608.90799202327 -0.000455203872297334 0 0
 612.23195732024 -0.000363188245967842 0 0
 615.55539296125 -0.000381586719810104 0 0
 618.87828733696 -0.00040195091974751 0 0
 622.20062883803 -0.000393617692718081 0 0
 625.52240585512 -0.000418959955756781 0 0
 628.84360677889 -0.000412612446215378 0 0
 632.16422 -0.000424173275763204 0 0
 635.48423390911 -0.000346332994641964 0 0
 638.80363689688 -0.000437872349527554 0 0
 642.12241735397 -0.000443357257636226 0 0
 645.44056367104 -0.000401347521021514 0 0
 648.75806423875 -0.000388536214784382 0 0
 652.07490744776 -0.00031169039170085 0 0
 655.39108168873 -0.000305305851685563 0 0
 658.70657535232 -0.000404926155367111 0 0
 662.02137682919 -0.000280562575031188 0 0
 665.33547451 -0.000372354243621401 0 0
 668.64885678541 -0.000308758207301241 0 0
 671.96151204608 -0.000235012694283882 0 0
 675.27342868267 -0.000309086880142236 0 0
 678.58459508584 -0.000317048830906671 0 0
 681.89499964625 -0.000351200512407074 0 0
 685.20463075456 -0.000441790025517699 0 0
 688.51347680143 -0.000412539299321077 0 0
 691.82152617752 -0.000370934153309125 0 0
 695.12876727349 -0.000428564066398631 0 0
 698.43518848 -0.000407385463803778 0 0
 701.74077818771 -0.000342633712597064 0 0
 705.04552478728 -0.000347725410173075 0 0
 708.34941666937 -0.000427186722457637 0 0
 711.65244222464 -0.000414143675030794 0 0
 714.95458984375 -0.000436638731122768 0 0
 718.25584791736 -0.000350232857635535 0 0
 721.55620483613 -0.000351549968879085 0 0
 724.85564899072 -0.000348196419915028 0 0
 728.15416877179 -0.000343950487772506 0 0
 731.45175257 -0.000436847915633456 0 0
 734.74838877601 -0.000485395480779402 0 0
 738.04406578048 -0.000386209784058168 0 0
 741.33877197407 -0.000315974375427355 0 0
 744.63249574744 -0.000390458337531555 0 0
 747.92522549125 -0.000310626539282167 0 0
 751.21694959616 -0.000396573219418482 0 0
 754.50765645283 -0.000421106312262243 0 0
 757.79733445192 -0.00038414514641747 0 0
 761.08597198409 -0.000434249233005202 0 0
 764.37355744 -0.000470040748252432 0 0
 767.66007921031 -0.000432388673329872 0 0
 770.94552568568 -0.000353550079298564 0 0
 774.22988525677 -0.000462228692052099 0 0
 777.51314631424 -0.000413206012419305 0 0
 780.79529724875 -0.000368867565578024 0 0
 784.07632645096 -0.000394664177869128 0 0
 787.35622231153 -0.000571697740622104 0 0
 790.63497322112 -0.000511751281812997 0 0
 793.91256757039 -0.000294167488015496 0 0
 797.18899375 -0.000407972763607279 0 0
 800.46424015061 -0.000434231023725001 0 0
 803.73829516288 -0.000474487363278927 0 0
 807.01114717747 -0.00049826133615415 0 0
 810.28278458504 -0.000477710360418908 0 0
 813.55319577625 -0.000416007653940762 0 0
 816.82236914176 -0.00079812863853018 0 0
 820.09029307223 -0.000729648749604708 0 0
 823.35695595832 -0.000773884430044977 0 0
 826.62234619069 -0.000709926173028029 0 0
 829.88645216 -0.000664043802042531 0 0
 833.14926225691 -0.000804040440721231 0 0
 836.41076487208 -0.000881267326823254 0 0
 839.67094839617 -0.000587374309663386 0 0
 842.92980121984 -0.000998266443260462 0 0
 846.18731173375 -0.00103428538571857 0 0
 849.44346832856 -0.00109666043912346 0 0
 852.69825939493 -0.00122156271047459 0 0
 855.95167332352 -0.00130547531741398 0 0
 859.20369850499 -0.00110071986008085 0 0
 862.45432333 -0.00103535241427387 0 0
 865.70353618921 -0.00108437494750415 0 0
 868.95132547328 -0.000906128915385588 0 0
 872.19767957287 -0.00123675886438975 0 0
 875.44258687864 -0.000943480506074272 0 0
 878.68603578125 -0.000684368640192304 0 0
 881.92801467136 -0.000875568086242531 0 0
 885.16851193963 -0.00113402112535948 0 0
 888.40751597672 -0.00100974779295601 0 0
 891.64501517329 -0.000949898936984043 0 0
 894.88099792 -0.0012000630343408 0 0
 898.11545260751 -0.000759343426517704 0 0
 901.34836762648 -0.00127265651827123 0 0
 904.57973136757 -0.00147830720403818 0 0
 907.80953222144 -0.00115603576599462 0 0
 911.03775857875 -0.00149410437946904 0 0
 914.26439883016 -0.00169799373045021 0 0
 917.48944136633 -0.00156161531606845 0 0
 920.71287457792 -0.00120128921227593 0 0
 923.93468685559 -0.000999024356001793 0 0
 927.15486659 -0.00107995551591629 0 0
 930.37340217181 -0.00176714991078464 0 0
 933.59028199168 -0.0021293243847301 0 0
 936.80549444027 -0.00191109524078058 0 0
 940.01902790824 -0.00267827023065236 0 0
 943.23087078625 -0.00150013223217945 0 0
 946.44101146496 -0.00243208462184552 0 0
 949.64943833503 -0.00206575920081126 0 0
 952.85613978712 -0.0014830775646522 0 0
 956.06110421189 0 0 0
 959.26432 0 0 0
 962.46577554211 0 0 0
 965.66545922888 0 0 0
 968.86335945097 0 0 0
 972.05946459904 0 0 0
 975.25376306375 0 0 0
 978.44624323576 0 0 0
 981.63689350573 0 0 0
 984.82570226432 0 0 0
 988.01265790219 0 0 0
 991.19774881 0 0 0
 994.38096337841 0 0 0
 997.56228999808 0 0 0
 1000.74171705967 0 0 0
 1003.91923295384 0 0 0
 1007.09482607125 0 0 0
 1010.26848480256 0 0 0
 1013.44019753843 0 0 0
 1016.60995266952 0 0 0
 1019.77773858649 0 0 0
 1022.94354368 0 0 0
 1026.10735634071 0 0 0
 1029.26916495928 0 0 0
 1032.42895792637 0 0 0
 1035.58672363264 0 0 0
 1038.74245046875 0 0 0
 1041.89612682536 0 0 0
 1045.04774109313 0 0 0
 1048.19728166272 0 0 0
 1051.34473692479 0 0 0
 1054.49009527 0 0 0
 1057.63334508901 0 0 0
 1060.77447477248 0 0 0
 1063.91347271107 0 0 0
 1067.05032729544 0 0 0
 1070.18502691625 0 0 0
 1073.31755996416 0 0 0
 1076.44791482983 0 0 0
 1079.57607990392 0 0 0
 1082.70204357709 0 0 0
 1085.82579424 0 0 0
 1088.94732028331 0 0 0
 1092.06661009768 0 0 0
 1095.18365207377 0 0 0
 1098.29843460224 0 0 0
 1101.41094607375 0 0 0
 1104.52117487896 0 0 0
 1107.62910940853 0 0 0
 1110.73473805312 0 0 0
 1113.83804920339 0 0 0
 1116.93903125 0 0 0
 1120.03767258361 0 0 0
 1123.13396159488 0 0 0
 1126.22788667447 0 0 0
 1129.31943621304 0 0 0
 1132.40859860125 0 0 0
 1135.49536222976 0 0 0
[END] of [DATA]
[END] of [Spectrum]


#TBID:2021-07-29 03:00:00;SAM_84C8;RAW;

[Spectrum]
Version            = 1
IDData             = 96B1_2021-07-29_03-00-00_000_985
IDDevice           = SAM_84C8
IDDataType         = SPECTRUM
IDDataTypeSub1     = RAW
IDDataTypeSub2     = 
IDDataTypeSub3     = 
DateTime           = 2021-07-29 03:00:00
PositionLatitude   = 0
PositionLongitude  = 0
Comment            = 
CommentSub1        = 
CommentSub2        = 
CommentSub3        = 
IDMethodType       = SAM Control
MethodName         = SAM_84C8
Mission            = No Mission
MissionSub         = 1
RecordType         = 0
[Attributes]
CalFactor = 1
IDBasisSpec = 
IDDataBack = DLAB_2015-08-21_12-14-03_013_778
IDDataCal = DLAB_2015-08-24_11-04-47_772_747
IntegrationTime = 4096
P31 = -1
P31e = 0
PathLength = +INF
PathLengthCustomOn = 0
RAWDynamic = 65535
Salinity = 0
Temperature = -NAN
Unit1 = $05 $00 Pixel 
Unit2 = $03 $05 Intensity counts
Unit3 = $f0 $05 Error counts
Unit4 = $f1 $00 Status 
p999 = 897
[END] of [Attributes]
[DATA]
 0 11 0 0
 1 1667 0 0
 2 1655 0 0
 3 1654 0 0
 4 1662 0 0
 5 1656 0 0
 6 1656 0 0
 7 1652 0 0
 8 1653 0 0
 9 1664 0 0
 10 1660 0 0
 11 1669 0 0
 12 1681 0 0
 13 1677 0 0
 14 1677 0 0
 15 1681 0 0
 16 1682 0 0
 17 1689 0 0
 18 1682 0 0
 19 1683 0 0
 20 1680 0 0
 21 1686 0 0
 22 1704 0 0
 23 1703 0 0
 24 1703 0 0
 25 1712 0 0
 26 1700 0 0
 27 1700 0 0
 28 1707 0 0
 29 1703 0 0
 30 1704 0 0
 31 1696 0 0
 32 1705 0 0
 33 1701 0 0
 34 1703 0 0
 35 1696 0 0
 36 1698 0 0
 37 1708 0 0
 38 1701 0 0
 39 1696 0 0
 40 1701 0 0
 41 1702 0 0
 42 1692 0 0
 43 1694 0 0
 44 1691 0 0
 45 1694 0 0
 46 1695 0 0
 47 1692 0 0
 48 1696 0 0
 49 1704 0 0
 50 1691 0 0
 51 1692 0 0
 52 1699 0 0
 53 1698 0 0
 54 1686 0 0
 55 1695 0 0
 56 1697 0 0
 57 1717 0 0
 58 1705 0 0
 59 1702 0 0
 60 1703 0 0
 61 1703 0 0
 62 1719 0 0
 63 1713 0 0
 64 1687 0 0
 65 1693 0 0
 66 1699 0 0
 67 1700 0 0
 68 1712 0 0
 69 1698 0 0
 70 1705 0 0
 71 1703 0 0
 72 1708 0 0
 73 1698 0 0
 74 1702 0 0
 75 1708 0 0
 76 1703 0 0
 77 1714 0 0
 78 1718 0 0
 79 1719 0 0
 80 1716 0 0
 81 1724 0 0
 82 1728 0 0
 83 1726 0 0
 84 1728 0 0
 85 1722 0 0
 86 1720 0 0
 87 1723 0 0
 88 1709 0 0
 89 1705 0 0
 90 1716 0 0
 91 1711 0 0
 92 1697 0 0
 93 1692 0 0
 94 1704 0 0
 95 1712 0 0
 96 1711 0 0
 97 1711 0 0
 98 1715 0 0
 99 1710 0 0
 100 1721 0 0
 101 1727 0 0
 102 1717 0 0
 103 1710 0 0
 104 1712 0 0
 105 1722 0 0
 106 1717 0 0
 107 1711 0 0
 108 1709 0 0
 109 1714 0 0
 110 1722 0 0
 111 1729 0 0
 112 1714 0 0
 113 1714 0 0
 114 1710 0 0
 115 1720 0 0
 116 1710 0 0
 117 1704 0 0
 118 1703 0 0
 119 1712 0 0
 120 1705 0 0
 121 1706 0 0
 122 1703 0 0
 123 1707 0 0
 124 1710 0 0
 125 1714 0 0
 126 1725 0 0
 127 1728 0 0
 128 1720 0 0
 129 1726 0 0
 130 1721 0 0
 131 1725 0 0
 132 1721 0 0
 133 1764 0 0
 134 1713 0 0
 135 1707 0 0
 136 1714 0 0
 137 1715 0 0
 138 1710 0 0
 139 1722 0 0
 140 1712 0 0
 141 1710 0 0
 142 1719 0 0
 143 1716 0 0
 144 1722 0 0
 145 1720 0 0
 146 1715 0 0
 147 1709 0 0
 148 1721 0 0
 149 1714 0 0
 150 1726 0 0
 151 1727 0 0
 152 1729 0 0
 153 1724 0 0
 154 1736 0 0
 155 1734 0 0
 156 1736 0 0
 157 1721 0 0
 158 1723 0 0
 159 1723 0 0
 160 1717 0 0
 161 1714 0 0
 162 1712 0 0
 163 1710 0 0
 164 1707 0 0
 165 1707 0 0
 166 1717 0 0
 167 1721 0 0
 168 1726 0 0
 169 1725 0 0
 170 1726 0 0
 171 1733 0 0
 172 1736 0 0
 173 1728 0 0
 174 1725 0 0
 175 1733 0 0
 176 1724 0 0
 177 1728 0 0
 178 1726 0 0
 179 1732 0 0
 180 1731 0 0
 181 1733 0 0
 182 1711 0 0
 183 1722 0 0
 184 1709 0 0
 185 1716 0 0
 186 1718 0 0
 187 1722 0 0
 188 1716 0 0
 189 1719 0 0
 190 1711 0 0
 191 1718 0 0
 192 1720 0 0
 193 1714 0 0
 194 1712 0 0
 195 1722 0 0
 196 1722 0 0
 197 1728 0 0
 198 1725 0 0
 199 1726 0 0
 200 1720 0 0
 201 1726 0 0
 202 1723 0 0
 203 1706 0 0
 204 1717 0 0
 205 1711 0 0
 206 1713 0 0
 207 1714 0 0
 208 1712 0 0
 209 1707 0 0
 210 1706 0 0
 211 1716 0 0
 212 1712 0 0
 213 1718 0 0
 214 1718 0 0
 215 1713 0 0
 216 1720 0 0
 217 1730 0 0
 218 1727 0 0
 219 1725 0 0
 220 1730 0 0
 221 1730 0 0
 222 1728 0 0
 223 1722 0 0
 224 1730 0 0
 225 1726 0 0
 226 1720 0 0
 227 1714 0 0
 228 1712 0 0
 229 1714 0 0
 230 1700 0 0
 231 1707 0 0
 232 1706 0 0
 233 1704 0 0
 234 1709 0 0
 235 1709 0 0
 236 1713 0 0
 237 1708 0 0
 238 1709 0 0
 239 1716 0 0
 240 1729 0 0
 241 1725 0 0
 242 1729 0 0
 243 1724 0 0
 244 1726 0 0
 245 1726 0 0
 246 1720 0 0
 247 1712 0 0
 248 1714 0 0
 249 1715 0 0
 250 1708 0 0
 251 1696 0 0
 252 1686 0 0
 253 1678 0 0
 254 1666 0 0
 255 1703 0 0
[END] of [DATA]
[END] of [Spectrum]


#TBID:2021-07-29 03:00:00;SAM_84C8;CALIBRATED;

[Spectrum]
Version            = 1
IDData             = 96B1_2021-07-29_03-00-00_000_986
IDDevice           = SAM_84C8
IDDataType         = SPECTRUM
IDDataTypeSub1     = CALIBRATED
IDDataTypeSub2     = 
IDDataTypeSub3     = 
DateTime           = 2021-07-29 03:00:00
PositionLatitude   = 0
PositionLongitude  = 0
Comment            = 
CommentSub1        = 
CommentSub2        = 
CommentSub3        = 
IDMethodType       = SAM Control
MethodName         = SAM_84C8
Mission            = No Mission
MissionSub         = 1
RecordType         = 0
[Attributes]
CalFactor = 1
IDBasisSpec = 
IDDataBack = DLAB_2015-08-21_12-14-03_013_778
IDDataCal = DLAB_2015-08-24_11-04-47_772_747
IntegrationTime = 4096
P31 = -1
P31e = 0
PathLength = +INF
PathLengthCustomOn = 0
RAWDynamic = 65535
Salinity = 0
Temperature = -NAN
Unit1 = $01 $01 Wavelength nm
Unit2 = $03 $03 Intensity mW/(m^2 nm Sr)
Unit3 = $f0 $03 Error mW/(m^2 nm Sr)
Unit4 = $f1 $00 Status 
p999 = 897
[END] of [Attributes]
[DATA]
 0 11 0 0
 303.516048156 0 0 0
 306.890006053 0 0 0
 310.26457112 0 0 0
 313.639731825 0 0 0
 317.015476636 -0.0021743854388302 0 0
 320.391794021 -0.00205472571515194 0 0
 323.768672448 -0.00190829754928979 0 0
 327.146100385 -0.00168017342288274 0 0
 330.5240663 -0.00128661406840764 0 0
 333.902558661 -0.00115148022927862 0 0
 337.281565936 -0.0011068077435213 0 0
 340.661076593 -0.000783022723340368 0 0
 344.0410791 -0.000613832973474127 0 0
 347.421561925 -0.000570265544499203 0 0
 350.802513536 -0.00050045146080059 0 0
 354.183922401 -0.000448965464869549 0 0
 357.565776988 -0.000327153968565361 0 0
 360.948065765 -0.000412014818973514 0 0
 364.3307772 -0.000394191495440297 0 0
 367.713899761 -0.000382867082147275 0 0
 371.097421916 -0.000326697215699704 0 0
 374.481332133 -2.5674095175985e-005 0 0
 377.86561888 -5.58185249976532e-005 0 0
 381.250270625 -9.22826411160787e-005 0 0
 384.635275836 0.000159804546397546 0 0
 388.020622981 6.4485891030137e-005 0 0
 391.406300528 -3.66426320276152e-005 0 0
 394.792296945 2.77080298115195e-005 0 0
 398.1786007 -5.98130143336091e-006 0 0
 401.565200261 -5.74867794297285e-005 0 0
 404.952084096 -0.000148110712741366 0 0
 408.339240673 1.73890636263275e-005 0 0
 411.72665846 2.13921314790896e-005 0 0
 415.114325925 4.20388622167715e-005 0 0
 418.502231536 -3.92664039133308e-005 0 0
 421.890363761 -8.64099236808327e-005 0 0
 425.278711068 -9.7116584546071e-005 0 0
 428.667261925 -5.1227879319452e-005 0 0
 432.0560048 -2.19240162584778e-005 0 0
 435.444928161 4.54962263904967e-006 0 0
 438.834020476 -2.57853723665861e-005 0 0
 442.223270213 -9.98452513053527e-005 0 0
 445.61266584 -0.000118276628535359 0 0
 449.002195825 -9.46027866184748e-005 0 0
 452.391848636 -0.000165084933826675 0 0
 455.781612741 -0.000110688956003556 0 0
 459.171476608 -0.000127629240841239 0 0
 462.561428705 -0.000124654388514639 0 0
 465.9514575 -7.29021799700297e-005 0 0
 469.341551461 -0.000126292087203322 0 0
 472.731699056 -0.000194445995746469 0 0
 476.121888753 -9.58583506427017e-005 0 0
 479.51210902 -7.62879399013163e-005 0 0
 482.902348325 -0.000100269770814714 0 0
 486.292595136 -0.000130575147907697 0 0
 489.682837921 -0.000129642339240509 0 0
 493.073065148 9.80768211062522e-005 0 0
 496.463265285 2.31201456136612e-005 0 0
 499.8534268 5.54738026374501e-005 0 0
 503.243538161 2.93250076187746e-005 0 0
 506.633587836 -1.62804798024884e-005 0 0
 510.023564293 4.17194554098458e-005 0 0
 513.413456 6.03815912234068e-005 0 0
 516.803251425 -0.000147119439949775 0 0
 520.192939036 -0.000112738322851647 0 0
 523.582507301 -0.000112477742611418 0 0
 526.971944688 -6.68500333609392e-005 0 0
 530.361239665 2.46521874553447e-005 0 0
 533.7503807 -6.05788050246141e-005 0 0
 537.139356261 -5.92989043682793e-005 0 0
 540.528154816 -3.84796993448321e-005 0 0
 543.916764833 -4.53109320763905e-005 0 0
 547.30517478 -8.71156565727593e-005 0 0
 550.693373125 -2.97610134493396e-005 0 0
 554.081348336 1.0089380387792e-005 0 0
 557.469088881 -4.20953696143335e-005 0 0
 560.856583228 8.33221984044163e-005 0 0
 564.243819845 0.000131755246719397 0 0
 567.6307872 0.000135699563728436 0 0
 571.017473761 0.000106753844541506 0 0
 574.403867996 0.00024076658615635 0 0
 577.789958373 0.000200187725251483 0 0
 581.17573336 0.000213146615990496 0 0
 584.561181425 0.000224099095269586 0 0
 587.946291036 0.000238329636739366 0 0
 591.331050661 0.0002008258536741 0 0
 594.715448768 0.000189091364398582 0 0
 598.099473825 4.22321857279401e-005 0 0
 601.4831143 6.14804983088852e-006 0 0
 604.866358661 3.87512542291967e-005 0 0
 608.249195376 1.45700502949827e-005 0 0
 611.631612913 -0.000198588362281992 0 0
 615.01359974 -0.000184434912651695 0 0
 618.395144325 -0.000154448396388306 0 0
 621.776235136 7.52330295413721e-005 0 0
 625.156860641 -3.47004242034706e-005 0 0
 628.537009308 5.48356707964383e-005 0 0
 631.916669605 0.000145272545593554 0 0
 635.29583 8.96895616482275e-005 0 0
 638.674478961 0.000112404279772222 0 0
 642.052604956 0.00015647632555199 0 0
 645.430196453 0.000100318658633565 0 0
 648.80724192 5.97493865501616e-005 0 0
 652.183729825 8.95974579409511e-005 0 0
 655.559648636 0.000139229367761816 0 0
 658.934986821 0.000229813812509571 0 0
 662.309732848 5.83038414043817e-005 0 0
 665.683875185 0.000121980136939594 0 0
 669.0574023 0.000183349901888814 0 0
 672.430302661 0.000139791695481968 0 0
 675.802564736 0.000144579279383481 0 0
 679.174176993 6.66791926305764e-005 0 0
 682.5451279 6.87672917465626e-005 0 0
 685.915405925 1.07767767975691e-005 0 0
 689.284999536 9.66245915122683e-005 0 0
 692.653897201 -0.000185188156946088 0 0
 696.022087388 -8.12996223653007e-005 0 0
 699.389558565 -8.3414531844063e-005 0 0
 702.7562992 -7.24755278384541e-005 0 0
 706.122297761 3.10026149375086e-005 0 0
 709.487542716 -8.73911905182726e-005 0 0
 712.852022533 -1.74173732418693e-005 0 0
 716.21572568 1.72052781378195e-005 0 0
 719.578640625 0.000115137426424915 0 0
 722.940755836 9.93260904172618e-005 0 0
 726.302059781 0.000359290434695608 0 0
 729.662540928 0.000215087536244261 0 0
 733.022187745 0.000317638002414622 0 0
 736.3809887 0.00033849105571681 0 0
 739.738932261 0.000381041413958381 0 0
 743.096006896 0.000306762177246562 0 0
 746.452201073 0.000243849960072738 0 0
 749.80750326 -0.000161291350347173 0 0
 753.161901925 -2.68997172948183e-005 0 0
 756.515385536 -4.81437595639845e-005 0 0
 759.867942561 0.000119953780888783 0 0
 763.219561468 6.5963112744896e-005 0 0
 766.570230725 8.59069778758211e-005 0 0
 769.9199388 0.000162990834489284 0 0
 773.268674161 4.7986595576281e-005 0 0
 776.616425276 8.11280788614823e-005 0 0
 779.963180613 0.000178679941143078 0 0
 783.30892864 0.000184973790220723 0 0
 786.653657825 0.000147506022458494 0 0
 789.997356636 0.000213966779940454 0 0
 793.340013541 6.01572703499588e-005 0 0
 796.681617008 6.52036918420985e-005 0 0
 800.022155505 0.000278638524440597 0 0
 803.3616175 0.000225822151593449 0 0
 806.699991461 0.000618210509718145 0 0
 810.037265856 0.000621112845507655 0 0
 813.373429153 0.000560007111326 0 0
 816.70846982 0.000616550265615967 0 0
 820.042376325 0.00125980121815092 0 0
 823.375137136 0.00131452494523657 0 0
 826.706740721 0.00114159432724717 0 0
 830.037175548 0.000374669600635386 0 0
 833.366430085 0.000572237331011022 0 0
 836.6944928 0.000787807834213012 0 0
 840.021352161 0.000207193506150711 0 0
 843.346996636 0.000286689107060586 0 0
 846.671414693 -6.90904280265088e-009 0 0
 849.9945948 1.11988640072258e-005 0 0
 853.316525425 0.000206050991623708 0 0
 856.637195036 -0.000471185474352653 0 0
 859.956592101 0.000392746090293816 0 0
 863.274705088 0.000442479524921932 0 0
 866.591522465 0.00104732424389712 0 0
 869.9070327 0.00134796954549668 0 0
 873.221224261 0.00105576589899644 0 0
 876.534085616 0.00214473307000069 0 0
 879.845605233 0.00221022873514812 0 0
 883.15577158 0.00266261452281072 0 0
 886.464573125 0.0018641855387092 0 0
 889.771998336 0.00163334656360759 0 0
 893.078035681 0.00170645107288419 0 0
 896.382673628 0.0020554054568026 0 0
 899.685900645 0.00226131719335571 0 0
 902.9877052 0.00241773384901528 0 0
 906.288075761 0.00203886112589056 0 0
 909.587000796 0.00265440968273089 0 0
 912.884468773 -0.000102475273072214 0 0
 916.18046816 0.00153610278028557 0 0
 919.474987425 0.000578245078097464 0 0
 922.768015036 0.000667359012559397 0 0
 926.059539461 0.00169260636104597 0 0
 929.349549168 0.000930265622741818 0 0
 932.638032625 0.00131358772654038 0 0
 935.9249783 0.00189056371076605 0 0
 939.210374661 0.00172595825157864 0 0
 942.494210176 0.00169977313046448 0 0
 945.776473313 0.00123797610391247 0 0
 949.05715254 0.00280615291063789 0 0
 952.336236325 -0.000103248361940063 0 0
 955.613713136 0 0 0
 958.889571441 0 0 0
 962.163799708 0 0 0
 965.436386405 0 0 0
 968.70732 0 0 0
 971.976588961 0 0 0
 975.244181756 0 0 0
 978.510086853 0 0 0
 981.77429272 0 0 0
 985.036787825 0 0 0
 988.297560636 0 0 0
 991.556599621 0 0 0
 994.813893248 0 0 0
 998.069429985 0 0 0
 1001.3231983 0 0 0
 1004.575186661 0 0 0
 1007.825383536 0 0 0
 1011.073777393 0 0 0
 1014.3203567 0 0 0
 1017.565109925 0 0 0
 1020.808025536 0 0 0
 1024.049092001 0 0 0
 1027.288297788 0 0 0
 1030.525631365 0 0 0
 1033.7610812 0 0 0
 1036.994635761 0 0 0
 1040.226283516 0 0 0
 1043.456012933 0 0 0
 1046.68381248 0 0 0
 1049.909670625 0 0 0
 1053.133575836 0 0 0
 1056.355516581 0 0 0
 1059.575481328 0 0 0
 1062.793458545 0 0 0
 1066.0094367 0 0 0
 1069.223404261 0 0 0
 1072.435349696 0 0 0
 1075.645261473 0 0 0
 1078.85312806 0 0 0
 1082.058937925 0 0 0
 1085.262679536 0 0 0
 1088.464341361 0 0 0
 1091.663911868 0 0 0
 1094.861379525 0 0 0
 1098.0567328 0 0 0
 1101.249960161 0 0 0
 1104.441050076 0 0 0
 1107.629991013 0 0 0
 1110.81677144 0 0 0
 1114.001379825 0 0 0
 1117.183804636 0 0 0
 1120.364034341 0 0 0
 1123.542057408 0 0 0
 1126.717862305 0 0 0
 1129.8914375 0 0 0
 1133.062771461 0 0 0
 1136.231852656 0 0 0
 1139.398669553 0 0 0
 1142.56321062 0 0 0
 1145.725464325 0 0 0
 1148.885419136 0 0 0
[END] of [DATA]
[END] of [Spectrum]

