
#TBID:2021-12-08 00:30:00;SAM_84DC;RAW;

[Spectrum]
Version            = 1
IDData             = 96B1_2021-12-08_00-30-00_000_362
IDDevice           = SAM_84DC
IDDataType         = SPECTRUM
IDDataTypeSub1     = RAW
IDDataTypeSub2     = 
IDDataTypeSub3     = 
DateTime           = 2021-12-08 00:30:00
PositionLatitude   = 0
PositionLongitude  = 0
Comment            = 
CommentSub1        = 
CommentSub2        = 
CommentSub3        = 
IDMethodType       = SAM Control
MethodName         = SAM_84DC
Mission            = No Mission
MissionSub         = 1
RecordType         = 0
[Attributes]
CalFactor = 1
IDBasisSpec = 
IDDataBack = DLAB_2015-08-21_13-19-54_137_939
IDDataCal = DLAB_2015-08-24_10-46-55_592_608
IntegrationTime = 4096
P31 = -1
P31e = 0
PathLength = +INF
PathLengthCustomOn = 0
RAWDynamic = 65535
Salinity = 0
Temperature = -NAN
Unit1 = $05 $00 Pixel 
Unit2 = $03 $05 Intensity counts
Unit3 = $f0 $05 Error counts
Unit4 = $f1 $00 Status 
p999 = 1235
[END] of [Attributes]
[DATA]
 0 11 0 0
 1 1354 0 0
 2 1340 0 0
 3 1354 0 0
 4 1360 0 0
 5 1351 0 0
 6 1347 0 0
 7 1359 0 0
 8 1358 0 0
 9 1363 0 0
 10 1368 0 0
 11 1355 0 0
 12 1355 0 0
 13 1355 0 0
 14 1359 0 0
 15 1355 0 0
 16 1356 0 0
 17 1360 0 0
 18 1356 0 0
 19 1362 0 0
 20 1358 0 0
 21 1358 0 0
 22 1354 0 0
 23 1365 0 0
 24 1360 0 0
 25 1357 0 0
 26 1356 0 0
 27 1362 0 0
 28 1355 0 0
 29 1360 0 0
 30 1359 0 0
 31 1363 0 0
 32 1357 0 0
 33 1360 0 0
 34 1356 0 0
 35 1356 0 0
 36 1360 0 0
 37 1356 0 0
 38 1360 0 0
 39 1353 0 0
 40 1364 0 0
 41 1363 0 0
 42 1358 0 0
 43 1360 0 0
 44 1367 0 0
 45 1362 0 0
 46 1364 0 0
 47 1362 0 0
 48 1354 0 0
 49 1359 0 0
 50 1361 0 0
 51 1356 0 0
 52 1361 0 0
 53 1357 0 0
 54 1358 0 0
 55 1364 0 0
 56 1359 0 0
 57 1362 0 0
 58 1360 0 0
 59 1364 0 0
 60 1357 0 0
 61 1363 0 0
 62 1357 0 0
 63 1356 0 0
 64 1363 0 0
 65 1360 0 0
 66 1352 0 0
 67 1359 0 0
 68 1362 0 0
 69 1359 0 0
 70 1363 0 0
 71 1359 0 0
 72 1360 0 0
 73 1362 0 0
 74 1360 0 0
 75 1360 0 0
 76 1363 0 0
 77 1360 0 0
 78 1359 0 0
 79 1367 0 0
 80 1356 0 0
 81 1365 0 0
 82 1357 0 0
 83 1362 0 0
 84 1356 0 0
 85 1366 0 0
 86 1357 0 0
 87 1359 0 0
 88 1359 0 0
 89 1366 0 0
 90 1359 0 0
 91 1367 0 0
 92 1360 0 0
 93 1363 0 0
 94 1367 0 0
 95 1357 0 0
 96 1354 0 0
 97 1355 0 0
 98 1356 0 0
 99 1363 0 0
 100 1356 0 0
 101 1361 0 0
 102 1356 0 0
 103 1362 0 0
 104 1360 0 0
 105 1360 0 0
 106 1362 0 0
 107 1364 0 0
 108 1352 0 0
 109 1360 0 0
 110 1356 0 0
 111 1359 0 0
 112 1352 0 0
 113 1357 0 0
 114 1354 0 0
 115 1364 0 0
 116 1358 0 0
 117 1355 0 0
 118 1354 0 0
 119 1357 0 0
 120 1355 0 0
 121 1362 0 0
 122 1353 0 0
 123 1362 0 0
 124 1360 0 0
 125 1357 0 0
 126 1359 0 0
 127 1361 0 0
 128 1358 0 0
 129 1352 0 0
 130 1358 0 0
 131 1356 0 0
 132 1358 0 0
 133 1354 0 0
 134 1354 0 0
 135 1362 0 0
 136 1356 0 0
 137 1363 0 0
 138 1357 0 0
 139 1355 0 0
 140 1357 0 0
 141 1361 0 0
 142 1350 0 0
 143 1357 0 0
 144 1352 0 0
 145 1352 0 0
 146 1357 0 0
 147 1353 0 0
 148 1355 0 0
 149 1358 0 0
 150 1351 0 0
 151 1357 0 0
 152 1353 0 0
 153 1362 0 0
 154 1358 0 0
 155 1358 0 0
 156 1352 0 0
 157 1361 0 0
 158 1355 0 0
 159 1356 0 0
 160 1352 0 0
 161 1354 0 0
 162 1351 0 0
 163 1358 0 0
 164 1355 0 0
 165 1354 0 0
 166 1362 0 0
 167 1361 0 0
 168 1357 0 0
 169 1351 0 0
 170 1355 0 0
 171 1365 0 0
 172 1352 0 0
 173 1361 0 0
 174 1354 0 0
 175 1352 0 0
 176 1360 0 0
 177 1354 0 0
 178 1353 0 0
 179 1357 0 0
 180 1350 0 0
 181 1351 0 0
 182 1354 0 0
 183 1352 0 0
 184 1356 0 0
 185 1356 0 0
 186 1354 0 0
 187 1358 0 0
 188 1357 0 0
 189 1354 0 0
 190 1352 0 0
 191 1353 0 0
 192 1354 0 0
 193 1356 0 0
 194 1356 0 0
 195 1352 0 0
 196 1355 0 0
 197 1352 0 0
 198 1352 0 0
 199 1361 0 0
 200 1355 0 0
 201 1353 0 0
 202 1352 0 0
 203 1358 0 0
 204 1360 0 0
 205 1355 0 0
 206 1361 0 0
 207 1362 0 0
 208 1350 0 0
 209 1353 0 0
 210 1346 0 0
 211 1353 0 0
 212 1348 0 0
 213 1354 0 0
 214 1352 0 0
 215 1356 0 0
 216 1353 0 0
 217 1355 0 0
 218 1349 0 0
 219 1352 0 0
 220 1357 0 0
 221 1357 0 0
 222 1354 0 0
 223 1361 0 0
 224 1350 0 0
 225 1351 0 0
 226 1356 0 0
 227 1352 0 0
 228 1358 0 0
 229 1354 0 0
 230 1359 0 0
 231 1362 0 0
 232 1358 0 0
 233 1353 0 0
 234 1353 0 0
 235 1353 0 0
 236 1350 0 0
 237 1353 0 0
 238 1356 0 0
 239 1364 0 0
 240 1355 0 0
 241 1360 0 0
 242 1356 0 0
 243 1352 0 0
 244 1353 0 0
 245 1356 0 0
 246 1354 0 0
 247 1354 0 0
 248 1361 0 0
 249 1357 0 0
 250 1354 0 0
 251 1359 0 0
 252 1355 0 0
 253 1354 0 0
 254 1358 0 0
 255 1419 0 0
[END] of [DATA]
[END] of [Spectrum]


#TBID:2021-12-08 00:30:00;SAM_84DC;CALIBRATED;

[Spectrum]
Version            = 1
IDData             = 96B1_2021-12-08_00-30-00_000_363
IDDevice           = SAM_84DC
IDDataType         = SPECTRUM
IDDataTypeSub1     = CALIBRATED
IDDataTypeSub2     = 
IDDataTypeSub3     = 
DateTime           = 2021-12-08 00:30:00
PositionLatitude   = 0
PositionLongitude  = 0
Comment            = 
CommentSub1        = 
CommentSub2        = 
CommentSub3        = 
IDMethodType       = SAM Control
MethodName         = SAM_84DC
Mission            = No Mission
MissionSub         = 1
RecordType         = 0
[Attributes]
CalFactor = 1
IDBasisSpec = 
IDDataBack = DLAB_2015-08-21_13-19-54_137_939
IDDataCal = DLAB_2015-08-24_10-46-55_592_608
IntegrationTime = 4096
P31 = -1
P31e = 0
PathLength = +INF
PathLengthCustomOn = 0
RAWDynamic = 65535
Salinity = 0
Temperature = -NAN
Unit1 = $01 $01 Wavelength nm
Unit2 = $03 $03 Intensity mW/(m^2 nm Sr)
Unit3 = $f0 $03 Error mW/(m^2 nm Sr)
Unit4 = $f1 $00 Status 
p999 = 1235
[END] of [Attributes]
[DATA]
 0 11 0 0
 305.71650776488 0 0 0
 309.04007505697 0 0 0
 312.36416914304 0 0 0
 315.68877841375 0 0 0
 319.01389125976 0.000302330744972386 0 0
 322.33949607173 0.000375109990707494 0 0
 325.66558124032 0.000375954899469704 0 0
 328.99213515619 0.000401657452394699 0 0
 332.31914621 0.000406933908555323 0 0
 335.64660279241 0.000618013665541372 0 0
 338.97449329408 0.00014597845830227 0 0
 342.30280610567 0.000289049337512367 0 0
 345.63152961784 0.000251803739534281 0 0
 348.96065222125 0.000101917161201044 0 0
 352.29016230656 0.00028876385323621 0 0
 355.62004826443 0.000130922791391464 0 0
 358.95029848552 0.000105077402094827 0 0
 362.28090136049 0.000178126363467024 0 0
 365.61184528 0.000246340682956619 0 0
 368.94311863471 0.000229594045817809 0 0
 372.27470981528 0.000294680273509226 0 0
 375.60660721237 5.84272951961254e-005 0 0
 378.93879921664 0.000287275633996749 0 0
 382.27127421875 0.00021214729852585 0 0
 385.60402060936 0.000290190031705868 0 0
 388.93702677913 0.000136718589778223 0 0
 392.27028111872 0.000245068291447412 0 0
 395.60377201879 0.000233726117718205 0 0
 398.93748787 0.00032202329186142 0 0
 402.27141706301 0.000312507707483677 0 0
 405.60554798848 0.000201524866238378 0 0
 408.93986903707 0.000133576100498366 0 0
 412.27436859944 0.000234389444065408 0 0
 415.60903506625 8.28971894202887e-005 0 0
 418.94385682816 0.000153306639847628 0 0
 422.27882227583 6.53303675944151e-005 0 0
 425.61391979992 4.0742314396499e-005 0 0
 428.94913779109 0.000117798594627678 0 0
 432.28446464 8.14516076638412e-005 0 0
 435.61988873731 6.56749153996659e-005 0 0
 438.95539847368 0.0001257056443878 0 0
 442.29098223977 8.8480084196984e-005 0 0
 445.62662842624 8.46272974596803e-005 0 0
 448.96232542375 0.000137803720668072 0 0
 452.29806162296 0.000100240693994694 0 0
 455.63382541453 7.73840319293577e-005 0 0
 458.96960518912 3.66886648872986e-005 0 0
 462.30538933739 4.39791423606712e-005 0 0
 465.64116625 9.66178933484288e-005 0 0
 468.97692431761 0.000144853128563242 0 0
 472.31265193088 5.89009406159027e-005 0 0
 475.64833748047 0.000109855181702072 0 0
 478.98396935704 9.56658750890315e-005 0 0
 482.31953595125 0.000106571360705673 0 0
 485.65502565376 0.000128930210857897 0 0
 488.99042685523 9.35980321344634e-005 0 0
 492.32572794632 7.97483358597338e-005 0 0
 495.66091731769 5.91717926552423e-005 0 0
 498.99598336 2.57563475397979e-005 0 0
 502.33091446391 2.40672996624216e-005 0 0
 505.66569902008 6.35752816967533e-005 0 0
 509.00032541917 8.0422408123513e-005 0 0
 512.33478205184 2.44296812380191e-005 0 0
 515.66905730875 9.09708731661456e-005 0 0
 519.00313958056 9.53907137670414e-005 0 0
 522.33701725793 9.20612918496094e-005 0 0
 525.67067873152 4.04663295291273e-005 0 0
 529.00411239199 5.44277094176953e-005 0 0
 532.33730663 7.17794081296807e-005 0 0
 535.67024983621 6.05367863423697e-005 0 0
 539.00293040128 -1.34620401432882e-005 0 0
 542.33533671587 7.02753880841635e-005 0 0
 545.66745717064 4.45258988986576e-005 0 0
 548.99928015625 1.00473356705699e-005 0 0
 552.33079406336 9.06722321651396e-005 0 0
 555.66198728263 6.23776852725257e-005 0 0
 558.99284820472 4.14483656681263e-005 0 0
 562.32336522029 0.000106445880455163 0 0
 565.65352672 8.53805031479819e-005 0 0
 568.98332109451 3.89234546794083e-005 0 0
 572.31273673448 5.91807655359104e-005 0 0
 575.64176203057 5.33188810448214e-005 0 0
 578.97038537344 7.25798090202872e-005 0 0
 582.29859515375 9.23928724814843e-005 0 0
 585.62637976216 4.29553541349203e-005 0 0
 588.95372758933 3.22108457857347e-006 0 0
 592.28062702592 1.52757512640987e-005 0 0
 595.60706646259 7.86075412296276e-005 0 0
 598.93303429 8.31070720181384e-005 0 0
 602.25851889881 0.000127387373082432 0 0
 605.58350867968 0.000149378446804195 0 0
 608.90799202327 5.31058209384197e-005 0 0
 612.23195732024 0.000109602944489608 0 0
 615.55539296125 0.00011235300507956 0 0
 618.87828733696 -2.24539135232763e-005 0 0
 622.20062883803 1.96616923091359e-005 0 0
 625.52240585512 -9.12541664994559e-005 0 0
 628.84360677889 4.68428713610374e-005 0 0
 632.16422 0.000111776470821454 0 0
 635.48423390911 -2.51911834705703e-005 0 0
 638.80363689688 0.000129946735111871 0 0
 642.12241735397 -1.71658240212967e-005 0 0
 645.44056367104 0.000122658334818574 0 0
 648.75806423875 9.06815119695684e-005 0 0
 652.07490744776 2.77822512637416e-005 0 0
 655.39108168873 9.35004050349955e-005 0 0
 658.70657535232 -2.21523800446453e-006 0 0
 662.02137682919 -0.000101447559949383 0 0
 665.33547451 3.48043075138163e-005 0 0
 668.64885678541 2.37885975462565e-005 0 0
 671.96151204608 2.16853921687342e-005 0 0
 675.27342868267 -9.04355271272086e-005 0 0
 678.58459508584 0.000130613044994302 0 0
 681.89499964625 -7.28089238930533e-005 0 0
 685.20463075456 7.31614794657307e-005 0 0
 688.51347680143 6.93923824427582e-005 0 0
 691.82152617752 1.68281584066072e-005 0 0
 695.12876727349 4.37042598777719e-005 0 0
 698.43518848 4.96402891222122e-005 0 0
 701.74077818771 0.000179962521476019 0 0
 705.04552478728 -7.16139702354367e-006 0 0
 708.34941666937 1.9202375350369e-005 0 0
 711.65244222464 7.61611372166201e-005 0 0
 714.95458984375 3.46856225651454e-005 0 0
 718.25584791736 0.000101543500739902 0 0
 721.55620483613 1.68499313114214e-005 0 0
 724.85564899072 8.42320922195297e-005 0 0
 728.15416877179 8.98341061346999e-005 0 0
 731.45175257 -2.24166883488703e-005 0 0
 734.74838877601 -4.68919119082068e-005 0 0
 738.04406578048 5.62379638698343e-005 0 0
 741.33877197407 2.23164139861775e-005 0 0
 744.63249574744 -2.56860808528962e-005 0 0
 747.92522549125 1.4626621846287e-005 0 0
 751.21694959616 0.000115330011876286 0 0
 754.50765645283 0.000144718646926002 0 0
 757.79733445192 0.00016647653510132 0 0
 761.08597198409 0.000147451394974482 0 0
 764.37355744 2.3261424405851e-005 0 0
 767.66007921031 0.000140710393144907 0 0
 770.94552568568 7.9380504680232e-005 0 0
 774.22988525677 -2.20273688048648e-005 0 0
 777.51314631424 3.53416331076485e-005 0 0
 780.79529724875 -4.12070894207003e-005 0 0
 784.07632645096 7.64307434808419e-005 0 0
 787.35622231153 0.000163581988664202 0 0
 790.63497322112 1.84460245932471e-005 0 0
 793.91256757039 -4.18232464105752e-005 0 0
 797.18899375 0.00010029926639871 0 0
 800.46424015061 2.93790599269743e-005 0 0
 803.73829516288 4.00647237560766e-005 0 0
 807.01114717747 -3.3262373149567e-005 0 0
 810.28278458504 0.00014819918578652 0 0
 813.55319577625 8.52615488918861e-005 0 0
 816.82236914176 0.000145453006834874 0 0
 820.09029307223 8.9934919399067e-005 0 0
 823.35695595832 0.000119095230113437 0 0
 826.62234619069 8.85218299454384e-005 0 0
 829.88645216 -1.23628411863229e-005 0 0
 833.14926225691 -0.000172466418957146 0 0
 836.41076487208 0.000215362962940233 0 0
 839.67094839617 0.000252892418809864 0 0
 842.92980121984 0.000412719606400816 0 0
 846.18731173375 0.000163790362135556 0 0
 849.44346832856 -1.70394866116228e-005 0 0
 852.69825939493 0.000152922854036356 0 0
 855.95167332352 0.000260143503495598 0 0
 859.20369850499 0.000134755741836472 0 0
 862.45432333 -0.000303159499877127 0 0
 865.70353618921 4.13917761868251e-005 0 0
 868.95132547328 0.000418030382565522 0 0
 872.19767957287 0.000453840345855598 0 0
 875.44258687864 0.000322090622036086 0 0
 878.68603578125 -4.94565683126026e-005 0 0
 881.92801467136 4.46967525512129e-005 0 0
 885.16851193963 0.000452522627253021 0 0
 888.40751597672 0.000256730039005056 0 0
 891.64501517329 -0.00012596436075873 0 0
 894.88099792 0.000855555712669169 0 0
 898.11545260751 1.97355533037924e-005 0 0
 901.34836762648 0.000181795696655067 0 0
 904.57973136757 0.000144399854333327 0 0
 907.80953222144 -0.000165742074531521 0 0
 911.03775857875 0.000503031643345202 0 0
 914.26439883016 0.000383532718035622 0 0
 917.48944136633 -4.93730260657249e-005 0 0
 920.71287457792 0.000512614102841754 0 0
 923.93468685559 0.00122660667104237 0 0
 927.15486659 0.000948860202522655 0 0
 930.37340217181 0.000361216062984368 0 0
 933.59028199168 0.000107626520954485 0 0
 936.80549444027 -0.00130049563540987 0 0
 940.01902790824 0.000164549626004197 0 0
 943.23087078625 0.000729936094145274 0 0
 946.44101146496 0.00072928299820501 0 0
 949.64943833503 -0.000675589462139797 0 0
 952.85613978712 -0.00047896617373835 0 0
 956.06110421189 0 0 0
 959.26432 0 0 0
 962.46577554211 0 0 0
 965.66545922888 0 0 0
 968.86335945097 0 0 0
 972.05946459904 0 0 0
 975.25376306375 0 0 0
 978.44624323576 0 0 0
 981.63689350573 0 0 0
 984.82570226432 0 0 0
 988.01265790219 0 0 0
 991.19774881 0 0 0
 994.38096337841 0 0 0
 997.56228999808 0 0 0
 1000.74171705967 0 0 0
 1003.91923295384 0 0 0
 1007.09482607125 0 0 0
 1010.26848480256 0 0 0
 1013.44019753843 0 0 0
 1016.60995266952 0 0 0
 1019.77773858649 0 0 0
 1022.94354368 0 0 0
 1026.10735634071 0 0 0
 1029.26916495928 0 0 0
 1032.42895792637 0 0 0
 1035.58672363264 0 0 0
 1038.74245046875 0 0 0
 1041.89612682536 0 0 0
 1045.04774109313 0 0 0
 1048.19728166272 0 0 0
 1051.34473692479 0 0 0
 1054.49009527 0 0 0
 1057.63334508901 0 0 0
 1060.77447477248 0 0 0
 1063.91347271107 0 0 0
 1067.05032729544 0 0 0
 1070.18502691625 0 0 0
 1073.31755996416 0 0 0
 1076.44791482983 0 0 0
 1079.57607990392 0 0 0
 1082.70204357709 0 0 0
 1085.82579424 0 0 0
 1088.94732028331 0 0 0
 1092.06661009768 0 0 0
 1095.18365207377 0 0 0
 1098.29843460224 0 0 0
 1101.41094607375 0 0 0
 1104.52117487896 0 0 0
 1107.62910940853 0 0 0
 1110.73473805312 0 0 0
 1113.83804920339 0 0 0
 1116.93903125 0 0 0
 1120.03767258361 0 0 0
 1123.13396159488 0 0 0
 1126.22788667447 0 0 0
 1129.31943621304 0 0 0
 1132.40859860125 0 0 0
 1135.49536222976 0 0 0
[END] of [DATA]
[END] of [Spectrum]


#TBID:2021-12-08 00:30:00;SAM_84C8;RAW;

[Spectrum]
Version            = 1
IDData             = 96B1_2021-12-08_00-30-00_000_365
IDDevice           = SAM_84C8
IDDataType         = SPECTRUM
IDDataTypeSub1     = RAW
IDDataTypeSub2     = 
IDDataTypeSub3     = 
DateTime           = 2021-12-08 00:30:00
PositionLatitude   = 0
PositionLongitude  = 0
Comment            = 
CommentSub1        = 
CommentSub2        = 
CommentSub3        = 
IDMethodType       = SAM Control
MethodName         = SAM_84C8
Mission            = No Mission
MissionSub         = 1
RecordType         = 0
[Attributes]
CalFactor = 1
IDBasisSpec = 
IDDataBack = DLAB_2015-08-21_12-14-03_013_778
IDDataCal = DLAB_2015-08-24_11-04-47_772_747
IntegrationTime = 4096
P31 = -1
P31e = 0
PathLength = +INF
PathLengthCustomOn = 0
RAWDynamic = 65535
Salinity = 0
Temperature = -NAN
Unit1 = $05 $00 Pixel 
Unit2 = $03 $05 Intensity counts
Unit3 = $f0 $05 Error counts
Unit4 = $f1 $00 Status 
p999 = 1235
[END] of [Attributes]
[DATA]
 0 11 0 0
 1 1276 0 0
 2 1265 0 0
 3 1264 0 0
 4 1273 0 0
 5 1274 0 0
 6 1270 0 0
 7 1272 0 0
 8 1272 0 0
 9 1270 0 0
 10 1266 0 0
 11 1268 0 0
 12 1279 0 0
 13 1270 0 0
 14 1268 0 0
 15 1271 0 0
 16 1275 0 0
 17 1275 0 0
 18 1270 0 0
 19 1277 0 0
 20 1271 0 0
 21 1273 0 0
 22 1274 0 0
 23 1279 0 0
 24 1276 0 0
 25 1279 0 0
 26 1270 0 0
 27 1277 0 0
 28 1276 0 0
 29 1276 0 0
 30 1276 0 0
 31 1277 0 0
 32 1276 0 0
 33 1275 0 0
 34 1275 0 0
 35 1280 0 0
 36 1273 0 0
 37 1284 0 0
 38 1271 0 0
 39 1273 0 0
 40 1277 0 0
 41 1280 0 0
 42 1275 0 0
 43 1282 0 0
 44 1272 0 0
 45 1280 0 0
 46 1277 0 0
 47 1276 0 0
 48 1282 0 0
 49 1277 0 0
 50 1278 0 0
 51 1284 0 0
 52 1272 0 0
 53 1282 0 0
 54 1270 0 0
 55 1278 0 0
 56 1281 0 0
 57 1277 0 0
 58 1278 0 0
 59 1277 0 0
 60 1277 0 0
 61 1277 0 0
 62 1292 0 0
 63 1278 0 0
 64 1280 0 0
 65 1282 0 0
 66 1282 0 0
 67 1278 0 0
 68 1287 0 0
 69 1285 0 0
 70 1283 0 0
 71 1284 0 0
 72 1283 0 0
 73 1282 0 0
 74 1282 0 0
 75 1283 0 0
 76 1282 0 0
 77 1282 0 0
 78 1282 0 0
 79 1281 0 0
 80 1285 0 0
 81 1283 0 0
 82 1283 0 0
 83 1286 0 0
 84 1290 0 0
 85 1286 0 0
 86 1286 0 0
 87 1283 0 0
 88 1276 0 0
 89 1285 0 0
 90 1285 0 0
 91 1286 0 0
 92 1283 0 0
 93 1274 0 0
 94 1284 0 0
 95 1280 0 0
 96 1284 0 0
 97 1283 0 0
 98 1285 0 0
 99 1282 0 0
 100 1286 0 0
 101 1284 0 0
 102 1283 0 0
 103 1286 0 0
 104 1286 0 0
 105 1288 0 0
 106 1280 0 0
 107 1288 0 0
 108 1284 0 0
 109 1284 0 0
 110 1293 0 0
 111 1289 0 0
 112 1284 0 0
 113 1285 0 0
 114 1287 0 0
 115 1284 0 0
 116 1286 0 0
 117 1280 0 0
 118 1285 0 0
 119 1286 0 0
 120 1281 0 0
 121 1284 0 0
 122 1280 0 0
 123 1281 0 0
 124 1283 0 0
 125 1282 0 0
 126 1282 0 0
 127 1292 0 0
 128 1286 0 0
 129 1283 0 0
 130 1287 0 0
 131 1285 0 0
 132 1286 0 0
 133 1318 0 0
 134 1288 0 0
 135 1281 0 0
 136 1286 0 0
 137 1290 0 0
 138 1285 0 0
 139 1288 0 0
 140 1285 0 0
 141 1286 0 0
 142 1286 0 0
 143 1284 0 0
 144 1290 0 0
 145 1285 0 0
 146 1289 0 0
 147 1282 0 0
 148 1290 0 0
 149 1284 0 0
 150 1285 0 0
 151 1288 0 0
 152 1289 0 0
 153 1284 0 0
 154 1284 0 0
 155 1279 0 0
 156 1291 0 0
 157 1285 0 0
 158 1285 0 0
 159 1281 0 0
 160 1284 0 0
 161 1283 0 0
 162 1287 0 0
 163 1284 0 0
 164 1277 0 0
 165 1291 0 0
 166 1291 0 0
 167 1288 0 0
 168 1284 0 0
 169 1288 0 0
 170 1289 0 0
 171 1285 0 0
 172 1286 0 0
 173 1279 0 0
 174 1283 0 0
 175 1288 0 0
 176 1283 0 0
 177 1288 0 0
 178 1278 0 0
 179 1285 0 0
 180 1284 0 0
 181 1288 0 0
 182 1288 0 0
 183 1282 0 0
 184 1280 0 0
 185 1290 0 0
 186 1283 0 0
 187 1287 0 0
 188 1283 0 0
 189 1286 0 0
 190 1279 0 0
 191 1288 0 0
 192 1286 0 0
 193 1280 0 0
 194 1283 0 0
 195 1286 0 0
 196 1279 0 0
 197 1280 0 0
 198 1285 0 0
 199 1282 0 0
 200 1284 0 0
 201 1290 0 0
 202 1278 0 0
 203 1283 0 0
 204 1282 0 0
 205 1283 0 0
 206 1285 0 0
 207 1284 0 0
 208 1286 0 0
 209 1274 0 0
 210 1279 0 0
 211 1285 0 0
 212 1283 0 0
 213 1286 0 0
 214 1282 0 0
 215 1282 0 0
 216 1285 0 0
 217 1284 0 0
 218 1286 0 0
 219 1282 0 0
 220 1281 0 0
 221 1286 0 0
 222 1281 0 0
 223 1281 0 0
 224 1287 0 0
 225 1282 0 0
 226 1288 0 0
 227 1289 0 0
 228 1280 0 0
 229 1284 0 0
 230 1275 0 0
 231 1284 0 0
 232 1278 0 0
 233 1286 0 0
 234 1283 0 0
 235 1281 0 0
 236 1280 0 0
 237 1280 0 0
 238 1279 0 0
 239 1282 0 0
 240 1279 0 0
 241 1283 0 0
 242 1282 0 0
 243 1280 0 0
 244 1282 0 0
 245 1283 0 0
 246 1277 0 0
 247 1285 0 0
 248 1283 0 0
 249 1285 0 0
 250 1281 0 0
 251 1281 0 0
 252 1280 0 0
 253 1283 0 0
 254 1285 0 0
 255 1331 0 0
[END] of [DATA]
[END] of [Spectrum]


#TBID:2021-12-08 00:30:00;SAM_84C8;CALIBRATED;

[Spectrum]
Version            = 1
IDData             = 96B1_2021-12-08_00-30-00_000_366
IDDevice           = SAM_84C8
IDDataType         = SPECTRUM
IDDataTypeSub1     = CALIBRATED
IDDataTypeSub2     = 
IDDataTypeSub3     = 
DateTime           = 2021-12-08 00:30:00
PositionLatitude   = 0
PositionLongitude  = 0
Comment            = 
CommentSub1        = 
CommentSub2        = 
CommentSub3        = 
IDMethodType       = SAM Control
MethodName         = SAM_84C8
Mission            = No Mission
MissionSub         = 1
RecordType         = 0
[Attributes]
CalFactor = 1
IDBasisSpec = 
IDDataBack = DLAB_2015-08-21_12-14-03_013_778
IDDataCal = DLAB_2015-08-24_11-04-47_772_747
IntegrationTime = 4096
P31 = -1
P31e = 0
PathLength = +INF
PathLengthCustomOn = 0
RAWDynamic = 65535
Salinity = 0
Temperature = -NAN
Unit1 = $01 $01 Wavelength nm
Unit2 = $03 $03 Intensity mW/(m^2 nm Sr)
Unit3 = $f0 $03 Error mW/(m^2 nm Sr)
Unit4 = $f1 $00 Status 
p999 = 1235
[END] of [Attributes]
[DATA]
 0 11 0 0
 303.516048156 0 0 0
 306.890006053 0 0 0
 310.26457112 0 0 0
 313.639731825 0 0 0
 317.015476636 -4.23475143061563e-005 0 0
 320.391794021 -0.000308952584497501 0 0
 323.768672448 -4.49625042478011e-005 0 0
 327.146100385 3.01377188912971e-005 0 0
 330.5240663 -9.038221858016e-005 0 0
 333.902558661 -1.09269123877739e-005 0 0
 337.281565936 -0.000233450990767917 0 0
 340.661076593 -2.96726236741982e-006 0 0
 344.0410791 -2.42366764726458e-005 0 0
 347.421561925 -7.79499061982811e-005 0 0
 350.802513536 -7.23617875923766e-005 0 0
 354.183922401 1.19621735519393e-005 0 0
 357.565776988 -3.64449514476488e-005 0 0
 360.948065765 -9.84165895782202e-005 0 0
 364.3307772 2.1568850682731e-005 0 0
 367.713899761 -2.2808059237486e-005 0 0
 371.097421916 -3.53596095849765e-005 0 0
 374.481332133 -5.00025478939389e-005 0 0
 377.86561888 3.66737531957347e-005 0 0
 381.250270625 -5.76747021566207e-005 0 0
 384.635275836 7.2053968207774e-005 0 0
 388.020622981 3.80859126089486e-005 0 0
 391.406300528 8.10777881636456e-005 0 0
 394.792296945 -1.86274626766995e-005 0 0
 398.1786007 2.82269864600002e-005 0 0
 401.565200261 -4.35969181057691e-005 0 0
 404.952084096 3.14614594207063e-005 0 0
 408.339240673 1.25139325601661e-005 0 0
 411.72665846 6.66708782208724e-005 0 0
 415.114325925 5.33724247832397e-005 0 0
 418.502231536 0.000148481782288424 0 0
 421.890363761 -3.4672281008651e-005 0 0
 425.278711068 -3.51398537233106e-005 0 0
 428.667261925 -6.7138371610837e-005 0 0
 432.0560048 4.62291610744081e-005 0 0
 435.444928161 5.88338520914374e-005 0 0
 438.834020476 4.95404990050119e-005 0 0
 442.223270213 3.00855024059265e-005 0 0
 445.61266584 6.71526133298022e-005 0 0
 449.002195825 1.44046702315667e-005 0 0
 452.391848636 3.40035792510721e-006 0 0
 455.781612741 1.51426162258716e-005 0 0
 459.171476608 2.57776217881599e-005 0 0
 462.561428705 5.76490710457308e-005 0 0
 465.9514575 -5.10850873444069e-005 0 0
 469.341551461 7.67859960653494e-005 0 0
 472.731699056 7.73275707063126e-005 0 0
 476.121888753 -7.30033896518037e-005 0 0
 479.51210902 9.46562155328443e-005 0 0
 482.902348325 7.34218975393458e-005 0 0
 486.292595136 3.2058233664674e-005 0 0
 489.682837921 4.93883303211516e-005 0 0
 493.073065148 -6.25490703366365e-005 0 0
 496.463265285 4.77917821350503e-005 0 0
 499.8534268 0.000108825929185367 0 0
 503.243538161 6.81144902887974e-005 0 0
 506.633587836 2.20616355270822e-005 0 0
 510.023564293 6.55959719672353e-005 0 0
 513.413456 -2.48885708880593e-005 0 0
 516.803251425 0.000140546092597381 0 0
 520.192939036 0.000115593955676649 0 0
 523.582507301 3.43860377825761e-005 0 0
 526.971944688 1.51188633725024e-005 0 0
 530.361239665 6.90233936875823e-005 0 0
 533.7503807 0.000123460641272491 0 0
 537.139356261 1.83372527500377e-005 0 0
 540.528154816 7.28712304200427e-005 0 0
 543.916764833 -2.8777196930084e-006 0 0
 547.30517478 5.77324696080714e-005 0 0
 550.693373125 6.97547429821418e-005 0 0
 554.081348336 5.27469674121367e-005 0 0
 557.469088881 4.70538158557669e-005 0 0
 560.856583228 4.50680565168091e-005 0 0
 564.243819845 4.56382801773184e-005 0 0
 567.6307872 2.41366069154619e-005 0 0
 571.017473761 7.88535682609033e-005 0 0
 574.403867996 8.74771250477146e-005 0 0
 577.789958373 -7.23692290328937e-006 0 0
 581.17573336 6.63578334338945e-005 0 0
 584.561181425 0.000100587182443578 0 0
 587.946291036 0.000139147448258617 0 0
 591.331050661 0.000127135862947425 0 0
 594.715448768 2.7737940771325e-005 0 0
 598.099473825 -2.0494576253708e-005 0 0
 601.4831143 0.000137310015987473 0 0
 604.866358661 3.70958395510824e-006 0 0
 608.249195376 7.27955730987623e-005 0 0
 611.631612913 3.35215892714662e-005 0 0
 615.01359974 -1.45861494228727e-005 0 0
 618.395144325 -1.52575345594884e-005 0 0
 621.776235136 2.24062915558785e-005 0 0
 625.156860641 -6.5623273321396e-006 0 0
 628.537009308 6.68864711249114e-005 0 0
 631.916669605 0.000123361404078441 0 0
 635.29583 0.000102452492533939 0 0
 638.674478961 -2.05306609354352e-006 0 0
 642.052604956 -0.000111406086660503 0 0
 645.430196453 -1.19021680916422e-006 0 0
 648.80724192 0.000152637184857271 0 0
 652.183729825 0.000144170476296561 0 0
 655.559648636 3.17440981894112e-005 0 0
 658.934986821 5.89886647145995e-005 0 0
 662.309732848 0.000177463752805608 0 0
 665.683875185 0.000199908091890665 0 0
 669.0574023 0.000156493722294425 0 0
 672.430302661 0.000133922397508281 0 0
 675.802564736 -9.63005386553001e-005 0 0
 679.174176993 3.90221293776154e-005 0 0
 682.5451279 6.26886908363833e-005 0 0
 685.915405925 0.000137075572352688 0 0
 689.284999536 -6.53762137506774e-005 0 0
 692.653897201 -7.93649313272885e-005 0 0
 696.022087388 2.52690791657139e-005 0 0
 699.389558565 0.000160677850491073 0 0
 702.7562992 -1.00499029943057e-005 0 0
 706.122297761 0.000139989887455308 0 0
 709.487542716 6.86583668628486e-005 0 0
 712.852022533 0.0001160590560689 0 0
 716.21572568 8.08982001521641e-005 0 0
 719.578640625 0.000155505674557982 0 0
 722.940755836 2.23894516003431e-005 0 0
 726.302059781 2.38657014979668e-005 0 0
 729.662540928 4.36263630939958e-005 0 0
 733.022187745 0.000192838455859294 0 0
 736.3809887 -1.13644756638227e-006 0 0
 739.738932261 0.000254387018607578 0 0
 743.096006896 3.32537433753469e-005 0 0
 746.452201073 8.95433623549705e-005 0 0
 749.80750326 -0.000591954982792497 0 0
 753.161901925 6.71354767687984e-005 0 0
 756.515385536 2.15931487848226e-005 0 0
 759.867942561 0.000138720737642041 0 0
 763.219561468 0.000164045260403361 0 0
 766.570230725 0.000185461258927239 0 0
 769.9199388 1.95417013289126e-005 0 0
 773.268674161 9.55796390125968e-005 0 0
 776.616425276 0.000214161316188077 0 0
 779.963180613 5.56000529980014e-005 0 0
 783.30892864 8.83870872158488e-005 0 0
 786.653657825 4.82543182709447e-005 0 0
 789.997356636 1.82978989958815e-005 0 0
 793.340013541 0.000147754229068252 0 0
 796.681617008 0.000122539176464719 0 0
 800.022155505 0.000200124455717634 0 0
 803.3616175 0.000180233493599067 0 0
 806.699991461 0.000164392037612247 0 0
 810.037265856 0.000227550295396627 0 0
 813.373429153 0.000112639239304715 0 0
 816.70846982 0.000152905964538321 0 0
 820.042376325 0.000268336949120719 0 0
 823.375137136 0.000153799460513027 0 0
 826.706740721 0.000394812335560651 0 0
 830.037175548 2.75904215477136e-005 0 0
 833.366430085 0.000112042259996395 0 0
 836.6944928 0.000101689950980088 0 0
 840.021352161 -2.34890238610898e-005 0 0
 843.346996636 0.00015815922263883 0 0
 846.671414693 0.000220046400319763 0 0
 849.9945948 0.000179857767845975 0 0
 853.316525425 0.000123175162019934 0 0
 856.637195036 0.000393392633615109 0 0
 859.956592101 0.000586350733268203 0 0
 863.274705088 0.00012416790033562 0 0
 866.591522465 1.61147195702138e-005 0 0
 869.9070327 0.000677648125458795 0 0
 873.221224261 0.000357700108276319 0 0
 876.534085616 0.000455229384791205 0 0
 879.845605233 0.000275163755192772 0 0
 883.15577158 0.000749718291727287 0 0
 886.464573125 0.000567217836842077 0 0
 889.771998336 -1.22209433785039e-005 0 0
 893.078035681 0.000421779658083201 0 0
 896.382673628 0.000833804488096336 0 0
 899.685900645 9.4072117117279e-005 0 0
 902.9877052 0.000283922041957557 0 0
 906.288075761 -0.000181345795453781 0 0
 909.587000796 0.000592086539976898 0 0
 912.884468773 0.000654578150373481 0 0
 916.18046816 -2.39069867572882e-005 0 0
 919.474987425 0.000538061618617293 0 0
 922.768015036 0.00108121942043865 0 0
 926.059539461 0.000692748405574743 0 0
 929.349549168 -0.000120703201254669 0 0
 932.638032625 0.000561733384908198 0 0
 935.9249783 0.00109869821713505 0 0
 939.210374661 0.00108681927905992 0 0
 942.494210176 0.0014366781162393 0 0
 945.776473313 9.53314119754779e-005 0 0
 949.05715254 0.00160685608152574 0 0
 952.336236325 -0.000169104113353716 0 0
 955.613713136 0 0 0
 958.889571441 0 0 0
 962.163799708 0 0 0
 965.436386405 0 0 0
 968.70732 0 0 0
 971.976588961 0 0 0
 975.244181756 0 0 0
 978.510086853 0 0 0
 981.77429272 0 0 0
 985.036787825 0 0 0
 988.297560636 0 0 0
 991.556599621 0 0 0
 994.813893248 0 0 0
 998.069429985 0 0 0
 1001.3231983 0 0 0
 1004.575186661 0 0 0
 1007.825383536 0 0 0
 1011.073777393 0 0 0
 1014.3203567 0 0 0
 1017.565109925 0 0 0
 1020.808025536 0 0 0
 1024.049092001 0 0 0
 1027.288297788 0 0 0
 1030.525631365 0 0 0
 1033.7610812 0 0 0
 1036.994635761 0 0 0
 1040.226283516 0 0 0
 1043.456012933 0 0 0
 1046.68381248 0 0 0
 1049.909670625 0 0 0
 1053.133575836 0 0 0
 1056.355516581 0 0 0
 1059.575481328 0 0 0
 1062.793458545 0 0 0
 1066.0094367 0 0 0
 1069.223404261 0 0 0
 1072.435349696 0 0 0
 1075.645261473 0 0 0
 1078.85312806 0 0 0
 1082.058937925 0 0 0
 1085.262679536 0 0 0
 1088.464341361 0 0 0
 1091.663911868 0 0 0
 1094.861379525 0 0 0
 1098.0567328 0 0 0
 1101.249960161 0 0 0
 1104.441050076 0 0 0
 1107.629991013 0 0 0
 1110.81677144 0 0 0
 1114.001379825 0 0 0
 1117.183804636 0 0 0
 1120.364034341 0 0 0
 1123.542057408 0 0 0
 1126.717862305 0 0 0
 1129.8914375 0 0 0
 1133.062771461 0 0 0
 1136.231852656 0 0 0
 1139.398669553 0 0 0
 1142.56321062 0 0 0
 1145.725464325 0 0 0
 1148.885419136 0 0 0
[END] of [DATA]
[END] of [Spectrum]


#TBID:2021-12-08 01:00:00;SAM_84CE;RAW;

[Spectrum]
Version            = 1
IDData             = 96B1_2021-12-08_01-00-00_000_369
IDDevice           = SAM_84CE
IDDataType         = SPECTRUM
IDDataTypeSub1     = RAW
IDDataTypeSub2     = 
IDDataTypeSub3     = 
DateTime           = 2021-12-08 01:00:00
PositionLatitude   = 0
PositionLongitude  = 0
Comment            = 
CommentSub1        = 
CommentSub2        = 
CommentSub3        = 
IDMethodType       = SAM Control
MethodName         = SAM_84CE
Mission            = No Mission
MissionSub         = 1
RecordType         = 0
[Attributes]
CalFactor = 1
IDBasisSpec = 
IDDataBack = DLAB_2015-08-21_11-56-43_233_004
IDDataCal = DLAB_2015-08-26_10-05-37_585_478
IntegrationTime = 4096
P31 = -1
P31e = 0
PathLength = +INF
PathLengthCustomOn = 0
RAWDynamic = 65535
Salinity = 0
Temperature = -NAN
Unit1 = $05 $00 Pixel 
Unit2 = $03 $05 Intensity counts
Unit3 = $f0 $05 Error counts
Unit4 = $f1 $00 Status 
p999 = 1236
[END] of [Attributes]
[DATA]
 0 11 0 0
 1 1142 0 0
 2 1144 0 0
 3 1140 0 0
 4 1153 0 0
 5 1145 0 0
 6 1142 0 0
 7 1143 0 0
 8 1148 0 0
 9 1144 0 0
 10 1144 0 0
 11 1148 0 0
 12 1144 0 0
 13 1147 0 0
 14 1147 0 0
 15 1144 0 0
 16 1144 0 0
 17 1140 0 0
 18 1138 0 0
 19 1141 0 0
 20 1147 0 0
 21 1144 0 0
 22 1140 0 0
 23 1146 0 0
 24 1144 0 0
 25 1146 0 0
 26 1148 0 0
 27 1143 0 0
 28 1136 0 0
 29 1143 0 0
 30 1140 0 0
 31 1142 0 0
 32 1141 0 0
 33 1141 0 0
 34 1134 0 0
 35 1137 0 0
 36 1138 0 0
 37 1137 0 0
 38 1142 0 0
 39 1138 0 0
 40 1144 0 0
 41 1136 0 0
 42 1142 0 0
 43 1137 0 0
 44 1134 0 0
 45 1137 0 0
 46 1137 0 0
 47 1140 0 0
 48 1137 0 0
 49 1134 0 0
 50 1136 0 0
 51 1130 0 0
 52 1132 0 0
 53 1136 0 0
 54 1132 0 0
 55 1131 0 0
 56 1131 0 0
 57 1133 0 0
 58 1134 0 0
 59 1134 0 0
 60 1126 0 0
 61 1137 0 0
 62 1134 0 0
 63 1128 0 0
 64 1127 0 0
 65 1129 0 0
 66 1138 0 0
 67 1131 0 0
 68 1129 0 0
 69 1129 0 0
 70 1125 0 0
 71 1131 0 0
 72 1127 0 0
 73 1127 0 0
 74 1130 0 0
 75 1127 0 0
 76 1130 0 0
 77 1126 0 0
 78 1125 0 0
 79 1129 0 0
 80 1131 0 0
 81 1124 0 0
 82 1128 0 0
 83 1124 0 0
 84 1122 0 0
 85 1129 0 0
 86 1128 0 0
 87 1125 0 0
 88 1122 0 0
 89 1122 0 0
 90 1124 0 0
 91 1130 0 0
 92 1128 0 0
 93 1127 0 0
 94 1121 0 0
 95 1119 0 0
 96 1121 0 0
 97 1128 0 0
 98 1130 0 0
 99 1128 0 0
 100 1123 0 0
 101 1129 0 0
 102 1124 0 0
 103 1127 0 0
 104 1122 0 0
 105 1128 0 0
 106 1124 0 0
 107 1123 0 0
 108 1125 0 0
 109 1125 0 0
 110 1122 0 0
 111 1126 0 0
 112 1126 0 0
 113 1124 0 0
 114 1123 0 0
 115 1123 0 0
 116 1121 0 0
 117 1122 0 0
 118 1123 0 0
 119 1120 0 0
 120 1119 0 0
 121 1116 0 0
 122 1119 0 0
 123 1118 0 0
 124 1122 0 0
 125 1122 0 0
 126 1116 0 0
 127 1117 0 0
 128 1122 0 0
 129 1119 0 0
 130 1121 0 0
 131 1118 0 0
 132 1117 0 0
 133 1121 0 0
 134 1114 0 0
 135 1114 0 0
 136 1117 0 0
 137 1121 0 0
 138 1112 0 0
 139 1121 0 0
 140 1110 0 0
 141 1117 0 0
 142 1112 0 0
 143 1114 0 0
 144 1117 0 0
 145 1125 0 0
 146 1118 0 0
 147 1111 0 0
 148 1120 0 0
 149 1114 0 0
 150 1114 0 0
 151 1113 0 0
 152 1111 0 0
 153 1114 0 0
 154 1117 0 0
 155 1118 0 0
 156 1113 0 0
 157 1116 0 0
 158 1112 0 0
 159 1120 0 0
 160 1115 0 0
 161 1124 0 0
 162 1113 0 0
 163 1121 0 0
 164 1118 0 0
 165 1112 0 0
 166 1115 0 0
 167 1118 0 0
 168 1119 0 0
 169 1118 0 0
 170 1120 0 0
 171 1119 0 0
 172 1120 0 0
 173 1118 0 0
 174 1123 0 0
 175 1123 0 0
 176 1120 0 0
 177 1121 0 0
 178 1122 0 0
 179 1118 0 0
 180 1123 0 0
 181 1120 0 0
 182 1119 0 0
 183 1118 0 0
 184 1116 0 0
 185 1120 0 0
 186 1117 0 0
 187 1121 0 0
 188 1119 0 0
 189 1120 0 0
 190 1124 0 0
 191 1116 0 0
 192 1120 0 0
 193 1119 0 0
 194 1125 0 0
 195 1119 0 0
 196 1118 0 0
 197 1123 0 0
 198 1127 0 0
 199 1124 0 0
 200 1120 0 0
 201 1122 0 0
 202 1118 0 0
 203 1123 0 0
 204 1124 0 0
 205 1129 0 0
 206 1126 0 0
 207 1125 0 0
 208 1125 0 0
 209 1125 0 0
 210 1123 0 0
 211 1119 0 0
 212 1124 0 0
 213 1129 0 0
 214 1124 0 0
 215 1130 0 0
 216 1129 0 0
 217 1126 0 0
 218 1125 0 0
 219 1126 0 0
 220 1125 0 0
 221 1124 0 0
 222 1127 0 0
 223 1124 0 0
 224 1124 0 0
 225 1129 0 0
 226 1130 0 0
 227 1128 0 0
 228 1126 0 0
 229 1138 0 0
 230 1134 0 0
 231 1132 0 0
 232 1126 0 0
 233 1131 0 0
 234 1133 0 0
 235 1133 0 0
 236 1125 0 0
 237 1132 0 0
 238 1131 0 0
 239 1132 0 0
 240 1128 0 0
 241 1133 0 0
 242 1126 0 0
 243 1138 0 0
 244 1136 0 0
 245 1136 0 0
 246 1128 0 0
 247 1140 0 0
 248 1140 0 0
 249 1136 0 0
 250 1131 0 0
 251 1134 0 0
 252 1133 0 0
 253 1136 0 0
 254 1135 0 0
 255 1190 0 0
[END] of [DATA]
[END] of [Spectrum]


#TBID:2021-12-08 01:00:00;SAM_84CE;CALIBRATED;

[Spectrum]
Version            = 1
IDData             = 96B1_2021-12-08_01-00-00_000_370
IDDevice           = SAM_84CE
IDDataType         = SPECTRUM
IDDataTypeSub1     = CALIBRATED
IDDataTypeSub2     = 
IDDataTypeSub3     = 
DateTime           = 2021-12-08 01:00:00
PositionLatitude   = 0
PositionLongitude  = 0
Comment            = 
CommentSub1        = 
CommentSub2        = 
CommentSub3        = 
IDMethodType       = SAM Control
MethodName         = SAM_84CE
Mission            = No Mission
MissionSub         = 1
RecordType         = 0
[Attributes]
CalFactor = 1
IDBasisSpec = 
IDDataBack = DLAB_2015-08-21_11-56-43_233_004
IDDataCal = DLAB_2015-08-26_10-05-37_585_478
IntegrationTime = 4096
P31 = -1
P31e = 0
PathLength = +INF
PathLengthCustomOn = 0
RAWDynamic = 65535
Salinity = 0
Temperature = -NAN
Unit1 = $01 $01 Wavelength nm
Unit2 = $03 $06 Intensity mW/(m^2 nm)
Unit3 = $f0 $06 Error mW/(m^2 nm)
Unit4 = $f1 $00 Status 
p999 = 1236
[END] of [Attributes]
[DATA]
 0 11 0 0
 303.485180022 0 0 0
 306.85638880275 0 0 0
 310.228324544 0 0 0
 313.60097308125 0 0 0
 316.97432025 0.00971909078133248 0 0
 320.34835188575 0.0103934910046907 0 0
 323.723053824 0.0107153261918546 0 0
 327.09841190025 0.0115954589238036 0 0
 330.47441195 0.00694542099717465 0 0
 333.85103980875 0.00770693440043608 0 0
 337.228281312 0.00762897291652931 0 0
 340.60612229525 0.00588115496415518 0 0
 343.984548594 0.00636922208917242 0 0
 347.36354604375 0.00444622749858035 0 0
 350.74310048 0.00529471126108544 0 0
 354.12319773825 0.00446694432985839 0 0
 357.503823654 0.00423571925329361 0 0
 360.88496406275 0.0027708989172634 0 0
 364.2666048 0.00439940884102617 0 0
 367.64873170125 0.00356701223960623 0 0
 371.031330602 0.00365339785255667 0 0
 374.41438733775 0.00342888344711644 0 0
 377.797887744 0.0020746205179598 0 0
 381.18181765625 0.0035843779687635 0 0
 384.56616291 0.00399670567823206 0 0
 387.95090934075 0.00344717492411462 0 0
 391.336042784 0.00209083143649777 0 0
 394.72154907525 0.00306876550745859 0 0
 398.10741405 0.00386968271637468 0 0
 401.49362354375 0.00304421052389197 0 0
 404.880163392 0.0017851445825972 0 0
 408.26701943025 0.00215272344042296 0 0
 411.654177494 0.00258233127471344 0 0
 415.04162341875 0.00178556630580874 0 0
 418.42934304 0.00242444870064945 0 0
 421.81732219325 0.00121202474410767 0 0
 425.205546714 0.00227592756120925 0 0
 428.59400243775 0.00147837974355921 0 0
 431.9826752 0.00138596840938436 0 0
 435.37155083625 0.00192881975234298 0 0
 438.760615182 0.00121343249149647 0 0
 442.14985407275 0.00160157495125503 0 0
 445.539253344 0.00115576111747094 0 0
 448.92879883125 0.00152056061937476 0 0
 452.31847637 0.00192707623641738 0 0
 455.70827179575 0.000723296437531748 0 0
 459.098170944 0.000714531357781106 0 0
 462.48815965025 0.00116659630524314 0 0
 465.87822375 0.000858401576040292 0 0
 469.26834907875 0.000859239550907874 0 0
 472.658521472 0.000982780799926747 0 0
 476.04872676525 0.00128608599171055 0 0
 479.438950794 0.000940541649670872 0 0
 482.82917939375 4.38318166313724e-005 0 0
 486.2193984 0.000993536872162524 0 0
 489.60959364825 0.00107459269379283 0 0
 492.999750974 0.00127008599377255 0 0
 496.38985621275 0.000755049339333146 0 0
 499.7798952 0.00117944493939726 0 0
 503.16985377125 0.000673033800976165 0 0
 506.559717762 0.00151926474234539 0 0
 509.94947300775 9.27061829414497e-005 0 0
 513.339105344 -0.000164144014058837 0 0
 516.72860060625 -0.000122189038680656 0 0
 520.11794463 0.000527534699751154 0 0
 523.50712325075 0.000480824733019921 0 0
 526.896122304 0.000433793611816139 0 0
 530.28492762525 -3.3711585191492e-005 0 0
 533.67352505 0.000904439552465938 0 0
 537.06190041375 0.00114502486914466 0 0
 540.450039552 0.000948995296807948 0 0
 543.83792830025 2.4320913551974e-005 0 0
 547.225552494 -0.00020178493241007 0 0
 550.61289796875 0.000546588883434255 0 0
 553.99995056 1.05385132538433e-006 0 0
 557.38669610325 -0.000559736472659457 0 0
 560.773120434 5.31372961926754e-005 0 0
 564.15920938775 0.000310260238204011 0 0
 567.5449488 -1.06873248123182e-005 0 0
 570.93032450625 4.21297727120074e-005 0 0
 574.315322342 -0.000891353585244039 0 0
 577.69992814275 0.000212236202829847 0 0
 581.084127744 -1.59567853825128e-006 0 0
 584.46790698125 -0.0003784000227556 0 0
 587.85125169 0.000394209841235037 0 0
 591.23414770575 2.86157056479972e-005 0 0
 594.616580864 -0.000553327662120869 0 0
 597.99853700025 -0.000632903056735925 0 0
 601.38000195 -0.000680615971657613 0 0
 604.76096154875 -0.00147948969526613 0 0
 608.141401632 -0.000421891072988757 0 0
 611.52130803525 -0.000467775199022302 0 0
 614.900666594 -0.00139011757535547 0 0
 618.27946314375 -0.00113523589924336 0 0
 621.65768352 -0.000925610740339387 0 0
 625.03531355825 -0.000663632099951101 0 0
 628.412339094 -0.000689145286206205 0 0
 631.78874596275 -0.0010202764236801 0 0
 635.16452 -0.0011307732951163 0 0
 638.53964704125 -0.00188566297340468 0 0
 641.914112922 -9.71671275760695e-005 0 0
 645.28790347775 -0.00162933274768766 0 0
 648.661004544 -0.00140015005359437 0 0
 652.03340195625 -0.00167384425823 0 0
 655.40508155 -0.0014955446563975 0 0
 658.77602916075 -0.00174629459432444 0 0
 662.146230624 -0.00135309010839643 0 0
 665.51567177525 -0.00092319063613341 0 0
 668.88433845 -0.00283956611335367 0 0
 672.25221648375 -0.00169336126844486 0 0
 675.619291712 -0.00280928700943674 0 0
 678.98554997025 -0.00143888180869244 0 0
 682.350977094 -0.000946266848559135 0 0
 685.71555891875 -0.00212325715943851 0 0
 689.07928128 -0.00153488769418489 0 0
 692.44213001325 -0.00132607071382819 0 0
 695.804090954 -0.00275545209159034 0 0
 699.16514993775 -0.00208619257652921 0 0
 702.5252928 -0.00293728186731771 0 0
 705.88450537625 -0.00337712305571359 0 0
 709.242773502 -0.00324100110673711 0 0
 712.60008301275 -0.00343214143168531 0 0
 715.956419744 -0.00275349688612195 0 0
 719.31176953125 -0.00210766041081905 0 0
 722.66611821 -0.00182560860635884 0 0
 726.01945161575 -0.00488135235870047 0 0
 729.371755584 -0.00270749721104637 0 0
 732.72301595025 -0.00231873573217039 0 0
 736.07321855 -0.00263809678900863 0 0
 739.42234921875 -0.00145280407235402 0 0
 742.770393792 -0.00495079902365279 0 0
 746.11733810525 -0.00308194525124378 0 0
 749.463167994 -0.00233064968871498 0 0
 752.80786929375 -0.00414876562195947 0 0
 756.15142784 -0.00452206357569765 0 0
 759.49382946825 -0.00348355952128228 0 0
 762.835060014 -0.00402753885914191 0 0
 766.17510531275 -0.00320619314060107 0 0
 769.5139512 -0.00394325161751016 0 0
 772.85158351125 -0.00450847113805724 0 0
 776.187988082 -0.00409171844935015 0 0
 779.52315074775 -0.00477799794208245 0 0
 782.857057344 -0.00480566283986971 0 0
 786.18969370625 -0.00437517264005363 0 0
 789.52104567 -0.00467604912604677 0 0
 792.85109907075 -0.00570914330807112 0 0
 796.179839744 -0.00464277262066724 0 0
 799.50725352525 -0.0046000261709961 0 0
 802.83332625 -0.00533844094058331 0 0
 806.15804375375 -0.00519065715809137 0 0
 809.481391872 -0.00536593326502354 0 0
 812.80335644025 -0.00663184658485488 0 0
 816.123923294 -0.0079083466636051 0 0
 819.44307826875 -0.00609375557251939 0 0
 822.7608072 -0.00567182726147891 0 0
 826.07709592325 -0.00760325565372124 0 0
 829.391930274 -0.00789726320870844 0 0
 832.70529608775 -0.00715099406296046 0 0
 836.0171792 -0.00666529272382206 0 0
 839.32756544625 -0.0100351120086329 0 0
 842.636440662 -0.00667010121092223 0 0
 845.94379068275 -0.0119931601499382 0 0
 849.249601344 -0.00731665850121824 0 0
 852.55385848125 -0.0099415383265024 0 0
 855.85654793 -0.012481308138646 0 0
 859.15765552575 -0.0104363480228827 0 0
 862.457167104 -0.0104910733431903 0 0
 865.75506850025 -0.00966680820192795 0 0
 869.05134555 -0.0139530684048175 0 0
 872.34598408875 -0.0136523242625369 0 0
 875.638969952 -0.016048478726066 0 0
 878.93028897525 -0.0131355657884094 0 0
 882.219926994 -0.014572403817078 0 0
 885.50786984375 -0.0065703320654144 0 0
 888.79410336 -0.0117986665102379 0 0
 892.07861337825 -0.0147427645301396 0 0
 895.361385734 -0.0144903651097835 0 0
 898.64240626275 -0.0172026863833438 0 0
 901.9216608 -0.0205911614193366 0 0
 905.19913518125 -0.016914305486814 0 0
 908.474815242 -0.0193295849064774 0 0
 911.74868681775 -0.0199634139701489 0 0
 915.020735744 -0.0117088865615865 0 0
 918.29094785625 -0.0172697315847231 0 0
 921.55930899 -0.020850919130666 0 0
 924.82580498075 -0.0312249725742286 0 0
 928.090421664 -0.0289822182243898 0 0
 931.35314487525 -0.024169350978441 0 0
 934.61396045 -0.0243431691040345 0 0
 937.87285422375 -0.0189980403111221 0 0
 941.129812032 -0.0420894935217368 0 0
 944.38481971025 -0.0289144288973586 0 0
 947.637863094 -0.0334179712562835 0 0
 950.88892801875 -0.0178443060551001 0 0
 954.13800032 0 0 0
 957.38506583325 0 0 0
 960.630110394 0 0 0
 963.87311983775 0 0 0
 967.11408 0 0 0
 970.35297671625 0 0 0
 973.589795822 0 0 0
 976.82452315275 0 0 0
 980.057144544 0 0 0
 983.28764583125 0 0 0
 986.51601285 0 0 0
 989.74223143575 0 0 0
 992.966287424 0 0 0
 996.18816665025 0 0 0
 999.40785495 0 0 0
 1002.62533815875 0 0 0
 1005.840602112 0 0 0
 1009.05363264525 0 0 0
 1012.264415594 0 0 0
 1015.47293679375 0 0 0
 1018.67918208 0 0 0
 1021.88313728825 0 0 0
 1025.084788254 0 0 0
 1028.28412081275 0 0 0
 1031.4811208 0 0 0
 1034.67577405125 0 0 0
 1037.868066402 0 0 0
 1041.05798368775 0 0 0
 1044.245511744 0 0 0
 1047.43063640625 0 0 0
 1050.61334351 0 0 0
 1053.79361889075 0 0 0
 1056.971448384 0 0 0
 1060.14681782525 0 0 0
 1063.31971305 0 0 0
 1066.49011989375 0 0 0
 1069.658024192 0 0 0
 1072.82341178025 0 0 0
 1075.986268494 0 0 0
 1079.14658016875 0 0 0
 1082.30433264 0 0 0
 1085.45951174325 0 0 0
 1088.612103314 0 0 0
 1091.76209318775 0 0 0
 1094.9094672 0 0 0
 1098.05421118625 0 0 0
 1101.196310982 0 0 0
 1104.33575242275 0 0 0
 1107.472521344 0 0 0
 1110.60660358125 0 0 0
 1113.73798497 0 0 0
 1116.86665134575 0 0 0
 1119.992588544 0 0 0
 1123.11578240025 0 0 0
 1126.23621875 0 0 0
 1129.35388342875 0 0 0
 1132.468762272 0 0 0
 1135.58084111525 0 0 0
 1138.690105794 0 0 0
 1141.79654214375 0 0 0
 1144.900136 0 0 0
[END] of [DATA]
[END] of [Spectrum]


#TBID:2021-12-08 01:00:00;SAM_84DC;RAW;

[Spectrum]
Version            = 1
IDData             = 96B1_2021-12-08_01-00-00_000_372
IDDevice           = SAM_84DC
IDDataType         = SPECTRUM
IDDataTypeSub1     = RAW
IDDataTypeSub2     = 
IDDataTypeSub3     = 
DateTime           = 2021-12-08 01:00:00
PositionLatitude   = 0
PositionLongitude  = 0
Comment            = 
CommentSub1        = 
CommentSub2        = 
CommentSub3        = 
IDMethodType       = SAM Control
MethodName         = SAM_84DC
Mission            = No Mission
MissionSub         = 1
RecordType         = 0
[Attributes]
CalFactor = 1
IDBasisSpec = 
IDDataBack = DLAB_2015-08-21_13-19-54_137_939
IDDataCal = DLAB_2015-08-24_10-46-55_592_608
IntegrationTime = 4096
P31 = -1
P31e = 0
PathLength = +INF
PathLengthCustomOn = 0
RAWDynamic = 65535
Salinity = 0
Temperature = -NAN
Unit1 = $05 $00 Pixel 
Unit2 = $03 $05 Intensity counts
Unit3 = $f0 $05 Error counts
Unit4 = $f1 $00 Status 
p999 = 1236
[END] of [Attributes]
[DATA]
 0 11 0 0
 1 1360 0 0
 2 1346 0 0
 3 1360 0 0
 4 1364 0 0
 5 1360 0 0
 6 1356 0 0
 7 1357 0 0
 8 1370 0 0
 9 1366 0 0
 10 1361 0 0
 11 1367 0 0
 12 1359 0 0
 13 1367 0 0
 14 1364 0 0
 15 1354 0 0
 16 1365 0 0
 17 1366 0 0
 18 1363 0 0
 19 1361 0 0
 20 1362 0 0
 21 1360 0 0
 22 1367 0 0
 23 1367 0 0
 24 1366 0 0
 25 1366 0 0
 26 1366 0 0
 27 1364 0 0
 28 1366 0 0
 29 1368 0 0
 30 1362 0 0
 31 1372 0 0
 32 1363 0 0
 33 1365 0 0
 34 1363 0 0
 35 1364 0 0
 36 1367 0 0
 37 1370 0 0
 38 1368 0 0
 39 1368 0 0
 40 1377 0 0
 41 1370 0 0
 42 1368 0 0
 43 1373 0 0
 44 1373 0 0
 45 1377 0 0
 46 1374 0 0
 47 1372 0 0
 48 1372 0 0
 49 1372 0 0
 50 1367 0 0
 51 1370 0 0
 52 1373 0 0
 53 1371 0 0
 54 1372 0 0
 55 1376 0 0
 56 1370 0 0
 57 1373 0 0
 58 1372 0 0
 59 1380 0 0
 60 1374 0 0
 61 1377 0 0
 62 1368 0 0
 63 1373 0 0
 64 1377 0 0
 65 1374 0 0
 66 1365 0 0
 67 1368 0 0
 68 1376 0 0
 69 1376 0 0
 70 1372 0 0
 71 1379 0 0
 72 1371 0 0
 73 1373 0 0
 74 1376 0 0
 75 1370 0 0
 76 1377 0 0
 77 1377 0 0
 78 1368 0 0
 79 1381 0 0
 80 1378 0 0
 81 1381 0 0
 82 1379 0 0
 83 1378 0 0
 84 1374 0 0
 85 1382 0 0
 86 1375 0 0
 87 1374 0 0
 88 1373 0 0
 89 1385 0 0
 90 1378 0 0
 91 1375 0 0
 92 1373 0 0
 93 1375 0 0
 94 1377 0 0
 95 1376 0 0
 96 1376 0 0
 97 1379 0 0
 98 1377 0 0
 99 1375 0 0
 100 1380 0 0
 101 1376 0 0
 102 1375 0 0
 103 1378 0 0
 104 1377 0 0
 105 1382 0 0
 106 1379 0 0
 107 1386 0 0
 108 1380 0 0
 109 1376 0 0
 110 1374 0 0
 111 1380 0 0
 112 1376 0 0
 113 1377 0 0
 114 1379 0 0
 115 1385 0 0
 116 1380 0 0
 117 1383 0 0
 118 1375 0 0
 119 1377 0 0
 120 1377 0 0
 121 1387 0 0
 122 1377 0 0
 123 1382 0 0
 124 1375 0 0
 125 1379 0 0
 126 1379 0 0
 127 1378 0 0
 128 1373 0 0
 129 1378 0 0
 130 1380 0 0
 131 1380 0 0
 132 1384 0 0
 133 1376 0 0
 134 1381 0 0
 135 1382 0 0
 136 1378 0 0
 137 1386 0 0
 138 1379 0 0
 139 1380 0 0
 140 1381 0 0
 141 1384 0 0
 142 1381 0 0
 143 1381 0 0
 144 1379 0 0
 145 1376 0 0
 146 1379 0 0
 147 1380 0 0
 148 1380 0 0
 149 1384 0 0
 150 1382 0 0
 151 1386 0 0
 152 1381 0 0
 153 1383 0 0
 154 1384 0 0
 155 1387 0 0
 156 1382 0 0
 157 1382 0 0
 158 1381 0 0
 159 1380 0 0
 160 1382 0 0
 161 1381 0 0
 162 1383 0 0
 163 1379 0 0
 164 1382 0 0
 165 1384 0 0
 166 1388 0 0
 167 1388 0 0
 168 1384 0 0
 169 1391 0 0
 170 1387 0 0
 171 1386 0 0
 172 1381 0 0
 173 1389 0 0
 174 1383 0 0
 175 1380 0 0
 176 1383 0 0
 177 1384 0 0
 178 1385 0 0
 179 1384 0 0
 180 1385 0 0
 181 1382 0 0
 182 1386 0 0
 183 1387 0 0
 184 1380 0 0
 185 1384 0 0
 186 1387 0 0
 187 1387 0 0
 188 1373 0 0
 189 1382 0 0
 190 1383 0 0
 191 1383 0 0
 192 1390 0 0
 193 1392 0 0
 194 1390 0 0
 195 1385 0 0
 196 1391 0 0
 197 1388 0 0
 198 1382 0 0
 199 1388 0 0
 200 1384 0 0
 201 1385 0 0
 202 1384 0 0
 203 1393 0 0
 204 1392 0 0
 205 1393 0 0
 206 1387 0 0
 207 1386 0 0
 208 1387 0 0
 209 1386 0 0
 210 1383 0 0
 211 1387 0 0
 212 1386 0 0
 213 1388 0 0
 214 1387 0 0
 215 1390 0 0
 216 1388 0 0
 217 1392 0 0
 218 1386 0 0
 219 1392 0 0
 220 1385 0 0
 221 1383 0 0
 222 1388 0 0
 223 1396 0 0
 224 1386 0 0
 225 1393 0 0
 226 1390 0 0
 227 1392 0 0
 228 1392 0 0
 229 1388 0 0
 230 1391 0 0
 231 1393 0 0
 232 1389 0 0
 233 1390 0 0
 234 1393 0 0
 235 1391 0 0
 236 1383 0 0
 237 1393 0 0
 238 1391 0 0
 239 1396 0 0
 240 1392 0 0
 241 1394 0 0
 242 1395 0 0
 243 1392 0 0
 244 1392 0 0
 245 1394 0 0
 246 1398 0 0
 247 1395 0 0
 248 1398 0 0
 249 1394 0 0
 250 1391 0 0
 251 1395 0 0
 252 1390 0 0
 253 1395 0 0
 254 1394 0 0
 255 1456 0 0
[END] of [DATA]
[END] of [Spectrum]


#TBID:2021-12-08 01:00:00;SAM_84DC;CALIBRATED;

[Spectrum]
Version            = 1
IDData             = 96B1_2021-12-08_01-00-00_000_373
IDDevice           = SAM_84DC
IDDataType         = SPECTRUM
IDDataTypeSub1     = CALIBRATED
IDDataTypeSub2     = 
IDDataTypeSub3     = 
DateTime           = 2021-12-08 01:00:00
PositionLatitude   = 0
PositionLongitude  = 0
Comment            = 
CommentSub1        = 
CommentSub2        = 
CommentSub3        = 
IDMethodType       = SAM Control
MethodName         = SAM_84DC
Mission            = No Mission
MissionSub         = 1
RecordType         = 0
[Attributes]
CalFactor = 1
IDBasisSpec = 
IDDataBack = DLAB_2015-08-21_13-19-54_137_939
IDDataCal = DLAB_2015-08-24_10-46-55_592_608
IntegrationTime = 4096
P31 = -1
P31e = 0
PathLength = +INF
PathLengthCustomOn = 0
RAWDynamic = 65535
Salinity = 0
Temperature = -NAN
Unit1 = $01 $01 Wavelength nm
Unit2 = $03 $03 Intensity mW/(m^2 nm Sr)
Unit3 = $f0 $03 Error mW/(m^2 nm Sr)
Unit4 = $f1 $00 Status 
p999 = 1236
[END] of [Attributes]
[DATA]
 0 11 0 0
 305.71650776488 0 0 0
 309.04007505697 0 0 0
 312.36416914304 0 0 0
 315.68877841375 0 0 0
 319.01389125976 -0.000893938320935575 0 0
 322.33949607173 -0.000735548853604944 0 0
 325.66558124032 -0.00107459490568644 0 0
 328.99213515619 -0.00047248867297995 0 0
 332.31914621 -0.000702684202713214 0 0
 335.64660279241 -0.000710842438240558 0 0
 338.97449329408 -0.000556931594998452 0 0
 342.30280610567 -0.00054795377211933 0 0
 345.63152961784 -0.000333318119190119 0 0
 348.96065222125 -0.00057847463939261 0 0
 352.29016230656 -0.000452966477727695 0 0
 355.62004826443 -0.000385581774318116 0 0
 358.95029848552 -0.000444231437963847 0 0
 362.28090136049 -0.000350475375724062 0 0
 365.61184528 -0.000429742089679486 0 0
 368.94311863471 -0.000376424508832986 0 0
 372.27470981528 -0.000371887090972393 0 0
 375.60660721237 -0.000417985754770106 0 0
 378.93879921664 -0.000416150903814289 0 0
 382.27127421875 -0.000420425509325101 0 0
 385.60402060936 -0.000282642311388439 0 0
 388.93702677913 -0.000409713853344408 0 0
 392.27028111872 -0.000443604231403933 0 0
 395.60377201879 -0.000264773638529931 0 0
 398.93748787 -0.000210114231888819 0 0
 402.27141706301 -0.000279597289610168 0 0
 405.60554798848 -0.000262610845308553 0 0
 408.93986903707 -0.000348575353720054 0 0
 412.27436859944 -0.0002320095877813 0 0
 415.60903506625 -0.000328236366563489 0 0
 418.94385682816 -0.000220196920791344 0 0
 422.27882227583 -0.00029901544294241 0 0
 425.61391979992 -0.000226871907416299 0 0
 428.94913779109 -0.000204151015432782 0 0
 432.28446464 -0.00015734023285366 0 0
 435.61988873731 -0.000189203204721159 0 0
 438.95539847368 -0.000188398712852947 0 0
 442.29098223977 -0.0001954232477611 0 0
 445.62662842624 -0.00017166356728137 0 0
 448.96232542375 -0.000197731769603645 0 0
 452.29806162296 -0.000146192693644056 0 0
 455.63382541453 -0.000231860783367554 0 0
 458.96960518912 -0.000281073449191167 0 0
 462.30538933739 -0.000187462188920336 0 0
 465.64116625 -0.000199765269686119 0 0
 468.97692431761 -0.000241448347232819 0 0
 472.31265193088 -0.00023249706917712 0 0
 475.64833748047 -0.000208343632120922 0 0
 478.98396935704 -0.000199537000374814 0 0
 482.31953595125 -0.000191279251149413 0 0
 485.65502565376 -0.000197303625147474 0 0
 488.99042685523 -0.000247924404784487 0 0
 492.32572794632 -0.000263622883208213 0 0
 495.66091731769 -0.000271690091340228 0 0
 498.99598336 -0.000252238343539681 0 0
 502.33091446391 -0.000238155155134184 0 0
 505.66569902008 -0.000232239832418853 0 0
 509.00032541917 -0.000246234693149691 0 0
 512.33478205184 -0.000223070459061943 0 0
 515.66905730875 -0.000185339226679432 0 0
 519.00313958056 -0.000173337017679042 0 0
 522.33701725793 -0.000180346893568821 0 0
 525.67067873152 -0.000267862340222939 0 0
 529.00411239199 -0.0001941005688675 0 0
 532.33730663 -0.000141237964683941 0 0
 535.67024983621 -0.000231081554374819 0 0
 539.00293040128 -0.000191726539657725 0 0
 542.33533671587 -0.000198260958458568 0 0
 545.66745717064 -0.000224689716259347 0 0
 548.99928015625 -0.000210053914133642 0 0
 552.33079406336 -0.000193128463657591 0 0
 555.66198728263 -0.000183343265712382 0 0
 558.99284820472 -0.000176329164834073 0 0
 562.32336522029 -0.000200878286758473 0 0
 565.65352672 -0.000172999221083479 0 0
 568.98332109451 -0.000135526869701353 0 0
 572.31273673448 -0.000187334348738699 0 0
 575.64176203057 -0.000128883859083568 0 0
 578.97038537344 -0.000185113444643135 0 0
 582.29859515375 -0.00014693311113526 0 0
 585.62637976216 -0.000226710791869816 0 0
 588.95372758933 -0.000246963927338249 0 0
 592.28062702592 -0.000279509385300262 0 0
 595.60706646259 -0.000235977172405916 0 0
 598.93303429 -0.000170200470152671 0 0
 602.25851889881 -0.000131018382049463 0 0
 605.58350867968 -0.000268386188858744 0 0
 608.90799202327 -0.000300085890793468 0 0
 612.23195732024 -0.000263780867461405 0 0
 615.55539296125 -0.000295577314978569 0 0
 618.87828733696 -0.000300255643569773 0 0
 622.20062883803 -0.000215782320979096 0 0
 625.52240585512 -0.000299563272849072 0 0
 628.84360677889 -0.000212736404105863 0 0
 632.16422 -0.000298851693228485 0 0
 635.48423390911 -0.000250264931471033 0 0
 638.80363689688 -0.000254249262455102 0 0
 642.12241735397 -0.00034188310677553 0 0
 645.44056367104 -0.000262204723143071 0 0
 648.75806423875 -0.000283048035939171 0 0
 652.07490744776 -0.000259699086021586 0 0
 655.39108168873 -0.000289848244835926 0 0
 658.70657535232 -0.000295663503369492 0 0
 662.02137682919 -0.000283704943716831 0 0
 665.33547451 -0.000375510511459655 0 0
 668.64885678541 -0.000349930668853789 0 0
 671.96151204608 -0.000295225825673998 0 0
 675.27342868267 -0.000350282062594339 0 0
 678.58459508584 -0.000205927088661747 0 0
 681.89499964625 -0.000316001575928287 0 0
 685.20463075456 -0.000250707391593029 0 0
 688.51347680143 -0.000238781618140918 0 0
 691.82152617752 -0.000175395893555037 0 0
 695.12876727349 -0.000291237815495566 0 0
 698.43518848 -0.000309209561323378 0 0
 701.74077818771 -0.000141109674621168 0 0
 705.04552478728 -0.000268604477825202 0 0
 708.34941666937 -0.000264548834108982 0 0
 711.65244222464 -0.000292436806742427 0 0
 714.95458984375 -0.000440130022631568 0 0
 718.25584791736 -0.000227657876680957 0 0
 721.55620483613 -0.000355058539357087 0 0
 724.85564899072 -0.000351712098875468 0 0
 728.15416877179 -0.000389797639974081 0 0
 731.45175257 -0.000270366995271271 0 0
 734.74838877601 -0.000382008460476435 0 0
 738.04406578048 -0.000238727201415499 0 0
 741.33877197407 -0.000232311061916479 0 0
 744.63249574744 -0.000372035496285154 0 0
 747.92522549125 -0.000224640071397631 0 0
 751.21694959616 -0.000286608821584789 0 0
 754.50765645283 -0.000217101395003894 0 0
 757.79733445192 -0.000177173876059342 0 0
 761.08597198409 -0.000224520435162185 0 0
 764.37355744 -0.000281543170082192 0 0
 767.66007921031 -0.00019258126253546 0 0
 770.94552568568 -0.000283456556178185 0 0
 774.22988525677 -0.000189723110994287 0 0
 777.51314631424 -0.000314952718637208 0 0
 780.79529724875 -0.000320810695741613 0 0
 784.07632645096 -0.000291471957001989 0 0
 787.35622231153 -0.00027111168776921 0 0
 790.63497322112 -0.000287253323244586 0 0
 793.91256757039 -0.000417865645664958 0 0
 797.18899375 -0.000259084997241886 0 0
 800.46424015061 -0.000183775001522209 0 0
 803.73829516288 -0.000247641819532311 0 0
 807.01114717747 -0.000366224593572599 0 0
 810.28278458504 -0.00044790514393293 0 0
 813.55319577625 -0.000347934058494349 0 0
 816.82236914176 -0.000188330976559567 0 0
 820.09029307223 -0.000216576046244622 0 0
 823.35695595832 -0.000573137064583004 0 0
 826.62234619069 -0.000415003937695484 0 0
 829.88645216 -0.000626590873257684 0 0
 833.14926225691 -0.000531138085637982 0 0
 836.41076487208 -0.000304521026280975 0 0
 839.67094839617 -3.56840333930714e-005 0 0
 842.92980121984 -0.000474693003449041 0 0
 846.18731173375 -0.00043060380734246 0 0
 849.44346832856 -0.000464449971436347 0 0
 852.69825939493 -0.000559773364598949 0 0
 855.95167332352 -0.000421486459349388 0 0
 859.20369850499 -0.000577590551160902 0 0
 862.45432333 -0.000140449963344529 0 0
 865.70353618921 -0.000370178853979769 0 0
 868.95132547328 -0.000843073710721238 0 0
 872.19767957287 -0.000227641506336327 0 0
 875.44258687864 -0.000467190296570369 0 0
 878.68603578125 -0.000783132740262462 0 0
 881.92801467136 -0.000802531194274761 0 0
 885.16851193963 -0.000877152136841257 0 0
 888.40751597672 -0.00046250428531851 0 0
 891.64501517329 -0.000675254078242265 0 0
 894.88099792 -0.000214034529677479 0 0
 898.11545260751 -0.000257270306188297 0 0
 901.34836762648 -0.000536452310715941 0 0
 904.57973136757 -0.000489761524800366 0 0
 907.80953222144 -0.000476422448323868 0 0
 911.03775857875 -0.00115116183009689 0 0
 914.26439883016 -0.000835947423501529 0 0
 917.48944136633 -0.000663036564037845 0 0
 920.71287457792 -0.000675692195639833 0 0
 923.93468685559 -0.00188449046353548 0 0
 927.15486659 -0.000503872040310157 0 0
 930.37340217181 -0.000689828862333655 0 0
 933.59028199168 -0.00116274066005157 0 0
 936.80549444027 -0.00159125735225306 0 0
 940.01902790824 -0.000141129928475018 0 0
 943.23087078625 1.88998161866611e-005 0 0
 946.44101146496 -0.000222526607831715 0 0
 949.64943833503 -0.00103204324128633 0 0
 952.85613978712 -0.000850859281484222 0 0
 956.06110421189 0 0 0
 959.26432 0 0 0
 962.46577554211 0 0 0
 965.66545922888 0 0 0
 968.86335945097 0 0 0
 972.05946459904 0 0 0
 975.25376306375 0 0 0
 978.44624323576 0 0 0
 981.63689350573 0 0 0
 984.82570226432 0 0 0
 988.01265790219 0 0 0
 991.19774881 0 0 0
 994.38096337841 0 0 0
 997.56228999808 0 0 0
 1000.74171705967 0 0 0
 1003.91923295384 0 0 0
 1007.09482607125 0 0 0
 1010.26848480256 0 0 0
 1013.44019753843 0 0 0
 1016.60995266952 0 0 0
 1019.77773858649 0 0 0
 1022.94354368 0 0 0
 1026.10735634071 0 0 0
 1029.26916495928 0 0 0
 1032.42895792637 0 0 0
 1035.58672363264 0 0 0
 1038.74245046875 0 0 0
 1041.89612682536 0 0 0
 1045.04774109313 0 0 0
 1048.19728166272 0 0 0
 1051.34473692479 0 0 0
 1054.49009527 0 0 0
 1057.63334508901 0 0 0
 1060.77447477248 0 0 0
 1063.91347271107 0 0 0
 1067.05032729544 0 0 0
 1070.18502691625 0 0 0
 1073.31755996416 0 0 0
 1076.44791482983 0 0 0
 1079.57607990392 0 0 0
 1082.70204357709 0 0 0
 1085.82579424 0 0 0
 1088.94732028331 0 0 0
 1092.06661009768 0 0 0
 1095.18365207377 0 0 0
 1098.29843460224 0 0 0
 1101.41094607375 0 0 0
 1104.52117487896 0 0 0
 1107.62910940853 0 0 0
 1110.73473805312 0 0 0
 1113.83804920339 0 0 0
 1116.93903125 0 0 0
 1120.03767258361 0 0 0
 1123.13396159488 0 0 0
 1126.22788667447 0 0 0
 1129.31943621304 0 0 0
 1132.40859860125 0 0 0
 1135.49536222976 0 0 0
[END] of [DATA]
[END] of [Spectrum]


#TBID:2021-12-08 01:00:00;SAM_84C8;RAW;

[Spectrum]
Version            = 1
IDData             = 96B1_2021-12-08_01-00-00_000_375
IDDevice           = SAM_84C8
IDDataType         = SPECTRUM
IDDataTypeSub1     = RAW
IDDataTypeSub2     = 
IDDataTypeSub3     = 
DateTime           = 2021-12-08 01:00:00
PositionLatitude   = 0
PositionLongitude  = 0
Comment            = 
CommentSub1        = 
CommentSub2        = 
CommentSub3        = 
IDMethodType       = SAM Control
MethodName         = SAM_84C8
Mission            = No Mission
MissionSub         = 1
RecordType         = 0
[Attributes]
CalFactor = 1
IDBasisSpec = 
IDDataBack = DLAB_2015-08-21_12-14-03_013_778
IDDataCal = DLAB_2015-08-24_11-04-47_772_747
IntegrationTime = 4096
P31 = -1
P31e = 0
PathLength = +INF
PathLengthCustomOn = 0
RAWDynamic = 65535
Salinity = 0
Temperature = -NAN
Unit1 = $05 $00 Pixel 
Unit2 = $03 $05 Intensity counts
Unit3 = $f0 $05 Error counts
Unit4 = $f1 $00 Status 
p999 = 1236
[END] of [Attributes]
[DATA]
 0 11 0 0
 1 1268 0 0
 2 1261 0 0
 3 1263 0 0
 4 1273 0 0
 5 1269 0 0
 6 1264 0 0
 7 1264 0 0
 8 1267 0 0
 9 1270 0 0
 10 1260 0 0
 11 1270 0 0
 12 1271 0 0
 13 1269 0 0
 14 1267 0 0
 15 1271 0 0
 16 1272 0 0
 17 1270 0 0
 18 1273 0 0
 19 1270 0 0
 20 1268 0 0
 21 1268 0 0
 22 1274 0 0
 23 1279 0 0
 24 1272 0 0
 25 1269 0 0
 26 1262 0 0
 27 1273 0 0
 28 1276 0 0
 29 1273 0 0
 30 1273 0 0
 31 1272 0 0
 32 1274 0 0
 33 1273 0 0
 34 1269 0 0
 35 1269 0 0
 36 1268 0 0
 37 1276 0 0
 38 1276 0 0
 39 1264 0 0
 40 1267 0 0
 41 1270 0 0
 42 1275 0 0
 43 1275 0 0
 44 1272 0 0
 45 1278 0 0
 46 1274 0 0
 47 1271 0 0
 48 1276 0 0
 49 1280 0 0
 50 1270 0 0
 51 1277 0 0
 52 1271 0 0
 53 1275 0 0
 54 1266 0 0
 55 1268 0 0
 56 1273 0 0
 57 1276 0 0
 58 1273 0 0
 59 1273 0 0
 60 1270 0 0
 61 1276 0 0
 62 1280 0 0
 63 1273 0 0
 64 1266 0 0
 65 1272 0 0
 66 1276 0 0
 67 1276 0 0
 68 1273 0 0
 69 1272 0 0
 70 1279 0 0
 71 1275 0 0
 72 1275 0 0
 73 1276 0 0
 74 1276 0 0
 75 1276 0 0
 76 1277 0 0
 77 1281 0 0
 78 1276 0 0
 79 1277 0 0
 80 1278 0 0
 81 1278 0 0
 82 1277 0 0
 83 1275 0 0
 84 1276 0 0
 85 1280 0 0
 86 1276 0 0
 87 1274 0 0
 88 1270 0 0
 89 1278 0 0
 90 1281 0 0
 91 1277 0 0
 92 1274 0 0
 93 1272 0 0
 94 1280 0 0
 95 1277 0 0
 96 1281 0 0
 97 1275 0 0
 98 1273 0 0
 99 1276 0 0
 100 1279 0 0
 101 1282 0 0
 102 1275 0 0
 103 1276 0 0
 104 1277 0 0
 105 1278 0 0
 106 1279 0 0
 107 1276 0 0
 108 1273 0 0
 109 1278 0 0
 110 1280 0 0
 111 1283 0 0
 112 1276 0 0
 113 1276 0 0
 114 1278 0 0
 115 1280 0 0
 116 1278 0 0
 117 1273 0 0
 118 1272 0 0
 119 1279 0 0
 120 1278 0 0
 121 1282 0 0
 122 1264 0 0
 123 1274 0 0
 124 1277 0 0
 125 1280 0 0
 126 1280 0 0
 127 1281 0 0
 128 1275 0 0
 129 1276 0 0
 130 1275 0 0
 131 1275 0 0
 132 1282 0 0
 133 1316 0 0
 134 1274 0 0
 135 1278 0 0
 136 1278 0 0
 137 1278 0 0
 138 1272 0 0
 139 1279 0 0
 140 1278 0 0
 141 1277 0 0
 142 1278 0 0
 143 1278 0 0
 144 1279 0 0
 145 1280 0 0
 146 1281 0 0
 147 1278 0 0
 148 1279 0 0
 149 1279 0 0
 150 1276 0 0
 151 1270 0 0
 152 1280 0 0
 153 1277 0 0
 154 1275 0 0
 155 1277 0 0
 156 1277 0 0
 157 1276 0 0
 158 1281 0 0
 159 1272 0 0
 160 1276 0 0
 161 1269 0 0
 162 1276 0 0
 163 1277 0 0
 164 1270 0 0
 165 1278 0 0
 166 1279 0 0
 167 1276 0 0
 168 1280 0 0
 169 1278 0 0
 170 1275 0 0
 171 1276 0 0
 172 1275 0 0
 173 1267 0 0
 174 1272 0 0
 175 1279 0 0
 176 1273 0 0
 177 1278 0 0
 178 1277 0 0
 179 1278 0 0
 180 1274 0 0
 181 1275 0 0
 182 1277 0 0
 183 1277 0 0
 184 1274 0 0
 185 1277 0 0
 186 1279 0 0
 187 1282 0 0
 188 1272 0 0
 189 1274 0 0
 190 1274 0 0
 191 1279 0 0
 192 1282 0 0
 193 1274 0 0
 194 1277 0 0
 195 1280 0 0
 196 1273 0 0
 197 1277 0 0
 198 1275 0 0
 199 1272 0 0
 200 1270 0 0
 201 1275 0 0
 202 1274 0 0
 203 1272 0 0
 204 1274 0 0
 205 1275 0 0
 206 1278 0 0
 207 1275 0 0
 208 1273 0 0
 209 1271 0 0
 210 1271 0 0
 211 1277 0 0
 212 1274 0 0
 213 1277 0 0
 214 1276 0 0
 215 1281 0 0
 216 1276 0 0
 217 1271 0 0
 218 1272 0 0
 219 1274 0 0
 220 1280 0 0
 221 1273 0 0
 222 1281 0 0
 223 1273 0 0
 224 1274 0 0
 225 1280 0 0
 226 1278 0 0
 227 1276 0 0
 228 1276 0 0
 229 1271 0 0
 230 1272 0 0
 231 1278 0 0
 232 1275 0 0
 233 1272 0 0
 234 1270 0 0
 235 1275 0 0
 236 1276 0 0
 237 1272 0 0
 238 1274 0 0
 239 1272 0 0
 240 1270 0 0
 241 1280 0 0
 242 1273 0 0
 243 1271 0 0
 244 1276 0 0
 245 1275 0 0
 246 1276 0 0
 247 1272 0 0
 248 1279 0 0
 249 1273 0 0
 250 1276 0 0
 251 1278 0 0
 252 1272 0 0
 253 1278 0 0
 254 1279 0 0
 255 1325 0 0
[END] of [DATA]
[END] of [Spectrum]


#TBID:2021-12-08 01:00:00;SAM_84C8;CALIBRATED;

[Spectrum]
Version            = 1
IDData             = 96B1_2021-12-08_01-00-00_000_376
IDDevice           = SAM_84C8
IDDataType         = SPECTRUM
IDDataTypeSub1     = CALIBRATED
IDDataTypeSub2     = 
IDDataTypeSub3     = 
DateTime           = 2021-12-08 01:00:00
PositionLatitude   = 0
PositionLongitude  = 0
Comment            = 
CommentSub1        = 
CommentSub2        = 
CommentSub3        = 
IDMethodType       = SAM Control
MethodName         = SAM_84C8
Mission            = No Mission
MissionSub         = 1
RecordType         = 0
[Attributes]
CalFactor = 1
IDBasisSpec = 
IDDataBack = DLAB_2015-08-21_12-14-03_013_778
IDDataCal = DLAB_2015-08-24_11-04-47_772_747
IntegrationTime = 4096
P31 = -1
P31e = 0
PathLength = +INF
PathLengthCustomOn = 0
RAWDynamic = 65535
Salinity = 0
Temperature = -NAN
Unit1 = $01 $01 Wavelength nm
Unit2 = $03 $03 Intensity mW/(m^2 nm Sr)
Unit3 = $f0 $03 Error mW/(m^2 nm Sr)
Unit4 = $f1 $00 Status 
p999 = 1236
[END] of [Attributes]
[DATA]
 0 11 0 0
 303.516048156 0 0 0
 306.890006053 0 0 0
 310.26457112 0 0 0
 313.639731825 0 0 0
 317.015476636 4.38466467328663e-005 0 0
 320.391794021 -0.000272629606486485 0 0
 323.768672448 -8.74558918200235e-005 0 0
 327.146100385 9.783338690098e-005 0 0
 330.5240663 0.000146950180425612 0 0
 333.902558661 1.82712525246323e-005 0 0
 337.281565936 4.65832385718443e-005 0 0
 340.661076593 -3.54020008694127e-005 0 0
 344.0410791 0.000135602728852563 0 0
 347.421561925 6.90513829845279e-005 0 0
 350.802513536 8.51548874159851e-005 0 0
 354.183922401 9.44811881031004e-005 0 0
 357.565776988 8.53563956132877e-007 0 0
 360.948065765 8.70335261439115e-005 0 0
 364.3307772 1.95357927554794e-005 0 0
 367.713899761 4.81894945757114e-005 0 0
 371.097421916 -3.57918390981206e-007 0 0
 374.481332133 8.11595450202488e-005 0 0
 377.86561888 0.000171603664913148 0 0
 381.250270625 3.77324485050541e-007 0 0
 384.635275836 8.23536588793979e-006 0 0
 388.020622981 1.51294096340024e-005 0 0
 391.406300528 0.000140509456609719 0 0
 394.792296945 0.000121509148751086 0 0
 398.1786007 0.000105471507509525 0 0
 401.565200261 3.1194642869396e-005 0 0
 404.952084096 6.63497671550513e-005 0 0
 408.339240673 9.83162393246119e-005 0 0
 411.72665846 0.000147987811144891 0 0
 415.114325925 6.73214248650469e-005 0 0
 418.502231536 8.78120627297797e-005 0 0
 421.890363761 -8.41735786157356e-006 0 0
 425.278711068 -4.9722613916901e-005 0 0
 428.667261925 8.0898382752486e-005 0 0
 432.0560048 2.10852704079078e-005 0 0
 435.444928161 2.30701244522176e-005 0 0
 438.834020476 1.46789387008015e-005 0 0
 442.223270213 0.0001064429121699 0 0
 445.61266584 6.59205253439874e-005 0 0
 449.002195825 9.16442396567373e-005 0 0
 452.391848636 5.93501906577737e-005 0 0
 455.781612741 6.07810102987202e-005 0 0
 459.171476608 4.85541865453631e-005 0 0
 462.561428705 6.86560723776777e-005 0 0
 465.9514575 7.41872509575556e-005 0 0
 469.341551461 6.24341880604968e-005 0 0
 472.731699056 7.5870339786995e-005 0 0
 476.121888753 5.14583180094378e-006 0 0
 479.51210902 9.3163253476651e-005 0 0
 482.902348325 0.000112862800397036 0 0
 486.292595136 -1.11051282692244e-005 0 0
 489.682837921 3.37524639838889e-005 0 0
 493.073065148 2.13245478552171e-005 0 0
 496.463265285 7.48509963843158e-005 0 0
 499.8534268 0.000150233549789721 0 0
 503.243538161 6.65312460981845e-005 0 0
 506.633587836 0.000105005803382888 0 0
 510.023564293 -5.26336749340376e-006 0 0
 513.413456 7.67938065833443e-007 0 0
 516.803251425 4.63742558556026e-005 0 0
 520.192939036 7.55105462798326e-005 0 0
 523.582507301 4.55226277650592e-005 0 0
 526.971944688 7.47326064513691e-005 0 0
 530.361239665 -1.57454779202741e-005 0 0
 533.7503807 5.19258741605424e-005 0 0
 537.139356261 5.17015516769179e-005 0 0
 540.528154816 4.86921713853844e-005 0 0
 543.916764833 -1.55443502552118e-005 0 0
 547.30517478 6.78528627036755e-005 0 0
 550.693373125 7.9896476121656e-005 0 0
 554.081348336 5.14736066054401e-005 0 0
 557.469088881 6.88600914383816e-005 0 0
 560.856583228 0.000113795836857256 0 0
 564.243819845 5.61563829610839e-005 0 0
 567.6307872 5.88747731087237e-005 0 0
 571.017473761 7.74925791740448e-005 0 0
 574.403867996 0.000111060119064428 0 0
 577.789958373 4.09002034065749e-006 0 0
 581.17573336 1.28486220585819e-005 0 0
 584.561181425 5.91936902005002e-006 0 0
 587.946291036 0.000151261303340235 0 0
 591.331050661 8.36975526243323e-005 0 0
 594.715448768 -2.46614838057513e-006 0 0
 598.099473825 -7.46044389388469e-006 0 0
 601.4831143 0.000135639162915415 0 0
 604.866358661 4.81526779612698e-005 0 0
 608.249195376 3.9772142254828e-005 0 0
 611.631612913 2.37898105310251e-007 0 0
 615.01359974 6.28578462462261e-005 0 0
 618.395144325 3.08438973838145e-005 0 0
 621.776235136 8.50820823861257e-005 0 0
 625.156860641 5.6975310764414e-005 0 0
 628.537009308 4.83467783118765e-005 0 0
 631.916669605 3.57168380179896e-005 0 0
 635.29583 0.000118160715162508 0 0
 638.674478961 -4.07885982568063e-006 0 0
 642.052604956 -1.96798132180926e-005 0 0
 645.430196453 -2.25605063760543e-005 0 0
 648.80724192 9.14405177372935e-005 0 0
 652.183729825 0.000101848543694252 0 0
 655.559648636 -3.16156396637955e-005 0 0
 658.934986821 0.000180515279924446 0 0
 662.309732848 7.10296571850959e-005 0 0
 665.683875185 0.000113838410302916 0 0
 669.0574023 0.000175176282012262 0 0
 672.430302661 4.79784208715565e-006 0 0
 675.802564736 -7.73149372335238e-005 0 0
 679.174176993 1.49725091576496e-005 0 0
 682.5451279 1.64913239190193e-005 0 0
 685.915405925 9.04799002061401e-005 0 0
 689.284999536 -1.07055059286635e-006 0 0
 692.653897201 -0.000104264513825829 0 0
 696.022087388 2.2761580306161e-005 0 0
 699.389558565 2.15578398337421e-005 0 0
 702.7562992 -1.25978876818215e-005 0 0
 706.122297761 0.000229744111881731 0 0
 709.487542716 0.000182148954049119 0 0
 712.852022533 -9.6466520697761e-005 0 0
 716.21572568 7.82984890495383e-005 0 0
 719.578640625 0.000176340899400855 0 0
 722.940755836 0.000137142404412019 0 0
 726.302059781 0.000138719306639572 0 0
 729.662540928 -5.3229566777146e-005 0 0
 733.022187745 9.56261774898807e-005 0 0
 736.3809887 -3.77946315613429e-006 0 0
 739.738932261 0.000131732235741538 0 0
 743.096006896 -4.21968590718845e-005 0 0
 746.452201073 0.000160551708207395 0 0
 749.80750326 -0.00047009517682726 0 0
 753.161901925 -0.000112513849203483 0 0
 756.515385536 0.000121217303568833 0 0
 759.867942561 0.000109848496483183 0 0
 763.219561468 2.93652964544249e-005 0 0
 766.570230725 2.20139318278975e-005 0 0
 769.9199388 -3.78379519352357e-005 0 0
 773.268674161 9.25091200812222e-005 0 0
 776.616425276 0.000154687633618541 0 0
 779.963180613 2.36312508823974e-005 0 0
 783.30892864 0.000114580091420561 0 0
 786.653657825 -7.62308700320826e-005 0 0
 789.997356636 7.7171721580975e-005 0 0
 793.340013541 0.000112000368366908 0 0
 796.681617008 0.000218714828089759 0 0
 800.022155505 5.8416136559114e-005 0 0
 803.3616175 0.000247625422808154 0 0
 806.699991461 8.6359902137025e-005 0 0
 810.037265856 -0.00019792273175043 0 0
 813.373429153 2.88954997145248e-005 0 0
 816.70846982 0.000148338040389773 0 0
 820.042376325 0.000178418948588148 0 0
 823.375137136 0.000369748387903455 0 0
 826.706740721 6.85731036975993e-005 0 0
 830.037175548 -7.30890349815343e-005 0 0
 833.366430085 0.000255336533605741 0 0
 836.6944928 -7.399921667824e-006 0 0
 840.021352161 -8.34065641238943e-005 0 0
 843.346996636 -0.000243104806775433 0 0
 846.671414693 -2.29975533045612e-005 0 0
 849.9945948 0.000172973730954599 0 0
 853.316525425 0.000115968568141346 0 0
 856.637195036 -2.19068942296655e-005 0 0
 859.956592101 0.000222848138295888 0 0
 863.274705088 -0.000256152482286987 0 0
 866.591522465 0.000240478298084857 0 0
 869.9070327 0.000425715242759993 0 0
 873.221224261 -0.000241980571000029 0 0
 876.534085616 0.000270211690157315 0 0
 879.845605233 -9.87130294461192e-005 0 0
 883.15577158 0.000267563625262422 0 0
 886.464573125 0.000165646247142633 0 0
 889.771998336 -0.000225639254864753 0 0
 893.078035681 9.62520597625891e-005 0 0
 896.382673628 0.000496811117418746 0 0
 899.685900645 0.000756112399772248 0 0
 902.9877052 0.000270950541610704 0 0
 906.288075761 -0.000559253356533668 0 0
 909.587000796 -0.000182164469248148 0 0
 912.884468773 0.000110675690810559 0 0
 916.18046816 0.000237375437279449 0 0
 919.474987425 0.00066664868895385 0 0
 922.768015036 0.000152145035403597 0 0
 926.059539461 0.00115286003110133 0 0
 929.349549168 0.000195517506850473 0 0
 932.638032625 -0.000160827930426627 0 0
 935.9249783 0.000152573211757759 0 0
 939.210374661 0.00145513665305376 0 0
 942.494210176 0.00100199939708464 0 0
 945.776473313 0.000720779032825206 0 0
 949.05715254 0.00180884291590253 0 0
 952.336236325 4.16342911699867e-005 0 0
 955.613713136 0 0 0
 958.889571441 0 0 0
 962.163799708 0 0 0
 965.436386405 0 0 0
 968.70732 0 0 0
 971.976588961 0 0 0
 975.244181756 0 0 0
 978.510086853 0 0 0
 981.77429272 0 0 0
 985.036787825 0 0 0
 988.297560636 0 0 0
 991.556599621 0 0 0
 994.813893248 0 0 0
 998.069429985 0 0 0
 1001.3231983 0 0 0
 1004.575186661 0 0 0
 1007.825383536 0 0 0
 1011.073777393 0 0 0
 1014.3203567 0 0 0
 1017.565109925 0 0 0
 1020.808025536 0 0 0
 1024.049092001 0 0 0
 1027.288297788 0 0 0
 1030.525631365 0 0 0
 1033.7610812 0 0 0
 1036.994635761 0 0 0
 1040.226283516 0 0 0
 1043.456012933 0 0 0
 1046.68381248 0 0 0
 1049.909670625 0 0 0
 1053.133575836 0 0 0
 1056.355516581 0 0 0
 1059.575481328 0 0 0
 1062.793458545 0 0 0
 1066.0094367 0 0 0
 1069.223404261 0 0 0
 1072.435349696 0 0 0
 1075.645261473 0 0 0
 1078.85312806 0 0 0
 1082.058937925 0 0 0
 1085.262679536 0 0 0
 1088.464341361 0 0 0
 1091.663911868 0 0 0
 1094.861379525 0 0 0
 1098.0567328 0 0 0
 1101.249960161 0 0 0
 1104.441050076 0 0 0
 1107.629991013 0 0 0
 1110.81677144 0 0 0
 1114.001379825 0 0 0
 1117.183804636 0 0 0
 1120.364034341 0 0 0
 1123.542057408 0 0 0
 1126.717862305 0 0 0
 1129.8914375 0 0 0
 1133.062771461 0 0 0
 1136.231852656 0 0 0
 1139.398669553 0 0 0
 1142.56321062 0 0 0
 1145.725464325 0 0 0
 1148.885419136 0 0 0
[END] of [DATA]
[END] of [Spectrum]

