
#TBID:2021-12-19 00:30:00;SAM_84C8;RAW;

[Spectrum]
Version            = 1
IDData             = 96B1_2021-12-19_00-30-00_000_642
IDDevice           = SAM_84C8
IDDataType         = SPECTRUM
IDDataTypeSub1     = RAW
IDDataTypeSub2     = 
IDDataTypeSub3     = 
DateTime           = 2021-12-19 00:30:00
PositionLatitude   = 0
PositionLongitude  = 0
Comment            = 
CommentSub1        = 
CommentSub2        = 
CommentSub3        = 
IDMethodType       = SAM Control
MethodName         = SAM_84C8
Mission            = No Mission
MissionSub         = 1
RecordType         = 0
[Attributes]
CalFactor = 1
IDBasisSpec = 
IDDataBack = DLAB_2015-08-21_12-14-03_013_778
IDDataCal = DLAB_2015-08-24_11-04-47_772_747
IntegrationTime = 4096
P31 = -1
P31e = 0
PathLength = +INF
PathLengthCustomOn = 0
RAWDynamic = 65535
Salinity = 0
Temperature = -NAN
Unit1 = $05 $00 Pixel 
Unit2 = $03 $05 Intensity counts
Unit3 = $f0 $05 Error counts
Unit4 = $f1 $00 Status 
p999 = 1763
[END] of [Attributes]
[DATA]
 0 11 0 0
 1 1107 0 0
 2 1091 0 0
 3 1104 0 0
 4 1103 0 0
 5 1101 0 0
 6 1101 0 0
 7 1102 0 0
 8 1103 0 0
 9 1103 0 0
 10 1098 0 0
 11 1100 0 0
 12 1100 0 0
 13 1101 0 0
 14 1100 0 0
 15 1104 0 0
 16 1104 0 0
 17 1100 0 0
 18 1101 0 0
 19 1103 0 0
 20 1104 0 0
 21 1105 0 0
 22 1101 0 0
 23 1107 0 0
 24 1109 0 0
 25 1104 0 0
 26 1101 0 0
 27 1106 0 0
 28 1106 0 0
 29 1108 0 0
 30 1108 0 0
 31 1104 0 0
 32 1108 0 0
 33 1107 0 0
 34 1109 0 0
 35 1109 0 0
 36 1110 0 0
 37 1114 0 0
 38 1112 0 0
 39 1112 0 0
 40 1109 0 0
 41 1114 0 0
 42 1113 0 0
 43 1117 0 0
 44 1117 0 0
 45 1120 0 0
 46 1116 0 0
 47 1114 0 0
 48 1117 0 0
 49 1117 0 0
 50 1114 0 0
 51 1120 0 0
 52 1116 0 0
 53 1114 0 0
 54 1115 0 0
 55 1118 0 0
 56 1115 0 0
 57 1112 0 0
 58 1120 0 0
 59 1110 0 0
 60 1113 0 0
 61 1119 0 0
 62 1124 0 0
 63 1115 0 0
 64 1115 0 0
 65 1120 0 0
 66 1123 0 0
 67 1123 0 0
 68 1128 0 0
 69 1123 0 0
 70 1122 0 0
 71 1129 0 0
 72 1124 0 0
 73 1124 0 0
 74 1127 0 0
 75 1125 0 0
 76 1126 0 0
 77 1129 0 0
 78 1126 0 0
 79 1124 0 0
 80 1118 0 0
 81 1124 0 0
 82 1125 0 0
 83 1127 0 0
 84 1127 0 0
 85 1121 0 0
 86 1129 0 0
 87 1122 0 0
 88 1122 0 0
 89 1126 0 0
 90 1126 0 0
 91 1130 0 0
 92 1124 0 0
 93 1124 0 0
 94 1127 0 0
 95 1118 0 0
 96 1122 0 0
 97 1127 0 0
 98 1122 0 0
 99 1121 0 0
 100 1125 0 0
 101 1127 0 0
 102 1121 0 0
 103 1120 0 0
 104 1117 0 0
 105 1122 0 0
 106 1123 0 0
 107 1126 0 0
 108 1117 0 0
 109 1122 0 0
 110 1118 0 0
 111 1124 0 0
 112 1119 0 0
 113 1120 0 0
 114 1118 0 0
 115 1123 0 0
 116 1120 0 0
 117 1119 0 0
 118 1122 0 0
 119 1120 0 0
 120 1120 0 0
 121 1119 0 0
 122 1121 0 0
 123 1122 0 0
 124 1114 0 0
 125 1120 0 0
 126 1118 0 0
 127 1126 0 0
 128 1125 0 0
 129 1116 0 0
 130 1121 0 0
 131 1120 0 0
 132 1120 0 0
 133 1140 0 0
 134 1116 0 0
 135 1117 0 0
 136 1118 0 0
 137 1116 0 0
 138 1120 0 0
 139 1124 0 0
 140 1119 0 0
 141 1121 0 0
 142 1126 0 0
 143 1119 0 0
 144 1120 0 0
 145 1122 0 0
 146 1119 0 0
 147 1119 0 0
 148 1115 0 0
 149 1122 0 0
 150 1114 0 0
 151 1119 0 0
 152 1118 0 0
 153 1115 0 0
 154 1114 0 0
 155 1118 0 0
 156 1113 0 0
 157 1120 0 0
 158 1116 0 0
 159 1112 0 0
 160 1121 0 0
 161 1118 0 0
 162 1114 0 0
 163 1110 0 0
 164 1112 0 0
 165 1119 0 0
 166 1113 0 0
 167 1110 0 0
 168 1113 0 0
 169 1118 0 0
 170 1116 0 0
 171 1111 0 0
 172 1111 0 0
 173 1109 0 0
 174 1108 0 0
 175 1115 0 0
 176 1108 0 0
 177 1113 0 0
 178 1112 0 0
 179 1116 0 0
 180 1111 0 0
 181 1112 0 0
 182 1112 0 0
 183 1112 0 0
 184 1111 0 0
 185 1114 0 0
 186 1112 0 0
 187 1112 0 0
 188 1110 0 0
 189 1112 0 0
 190 1107 0 0
 191 1109 0 0
 192 1114 0 0
 193 1108 0 0
 194 1106 0 0
 195 1115 0 0
 196 1106 0 0
 197 1114 0 0
 198 1116 0 0
 199 1116 0 0
 200 1108 0 0
 201 1113 0 0
 202 1108 0 0
 203 1109 0 0
 204 1113 0 0
 205 1114 0 0
 206 1109 0 0
 207 1112 0 0
 208 1111 0 0
 209 1106 0 0
 210 1108 0 0
 211 1110 0 0
 212 1109 0 0
 213 1114 0 0
 214 1117 0 0
 215 1110 0 0
 216 1113 0 0
 217 1115 0 0
 218 1109 0 0
 219 1113 0 0
 220 1111 0 0
 221 1117 0 0
 222 1108 0 0
 223 1113 0 0
 224 1112 0 0
 225 1119 0 0
 226 1106 0 0
 227 1110 0 0
 228 1112 0 0
 229 1114 0 0
 230 1112 0 0
 231 1111 0 0
 232 1108 0 0
 233 1110 0 0
 234 1112 0 0
 235 1109 0 0
 236 1112 0 0
 237 1104 0 0
 238 1113 0 0
 239 1109 0 0
 240 1110 0 0
 241 1112 0 0
 242 1113 0 0
 243 1116 0 0
 244 1112 0 0
 245 1108 0 0
 246 1115 0 0
 247 1109 0 0
 248 1112 0 0
 249 1114 0 0
 250 1109 0 0
 251 1110 0 0
 252 1112 0 0
 253 1112 0 0
 254 1119 0 0
 255 1162 0 0
[END] of [DATA]
[END] of [Spectrum]


#TBID:2021-12-19 00:30:00;SAM_84C8;CALIBRATED;

[Spectrum]
Version            = 1
IDData             = 96B1_2021-12-19_00-30-00_000_643
IDDevice           = SAM_84C8
IDDataType         = SPECTRUM
IDDataTypeSub1     = CALIBRATED
IDDataTypeSub2     = 
IDDataTypeSub3     = 
DateTime           = 2021-12-19 00:30:00
PositionLatitude   = 0
PositionLongitude  = 0
Comment            = 
CommentSub1        = 
CommentSub2        = 
CommentSub3        = 
IDMethodType       = SAM Control
MethodName         = SAM_84C8
Mission            = No Mission
MissionSub         = 1
RecordType         = 0
[Attributes]
CalFactor = 1
IDBasisSpec = 
IDDataBack = DLAB_2015-08-21_12-14-03_013_778
IDDataCal = DLAB_2015-08-24_11-04-47_772_747
IntegrationTime = 4096
P31 = -1
P31e = 0
PathLength = +INF
PathLengthCustomOn = 0
RAWDynamic = 65535
Salinity = 0
Temperature = -NAN
Unit1 = $01 $01 Wavelength nm
Unit2 = $03 $03 Intensity mW/(m^2 nm Sr)
Unit3 = $f0 $03 Error mW/(m^2 nm Sr)
Unit4 = $f1 $00 Status 
p999 = 1763
[END] of [Attributes]
[DATA]
 0 11 0 0
 303.516048156 0 0 0
 306.890006053 0 0 0
 310.26457112 0 0 0
 313.639731825 0 0 0
 317.015476636 -0.000176709000631697 0 0
 320.391794021 -0.000265819048109426 0 0
 323.768672448 -4.28378348691958e-005 0 0
 327.146100385 6.79676510143494e-005 0 0
 330.5240663 1.48861842046525e-005 0 0
 333.902558661 5.6593843972159e-005 0 0
 337.281565936 -0.000168693075233102 0 0
 340.661076593 -0.000264066907308471 0 0
 344.0410791 4.41378297243455e-006 0 0
 347.421561925 -2.66381354457951e-005 0 0
 350.802513536 -2.49552045157462e-006 0 0
 354.183922401 -8.07815855334585e-006 0 0
 357.565776988 -0.000134079300592844 0 0
 360.948065765 -7.86213525067596e-005 0 0
 364.3307772 -5.06047057347159e-005 0 0
 367.713899761 3.2975733044309e-005 0 0
 371.097421916 2.73046612613284e-006 0 0
 374.481332133 -0.000106063765026619 0 0
 377.86561888 -1.41130253095726e-006 0 0
 381.250270625 3.72647986822044e-006 0 0
 384.635275836 -2.93720247648234e-005 0 0
 388.020622981 5.98945904351448e-005 0 0
 391.406300528 6.16482042485801e-005 0 0
 394.792296945 -1.74973287135753e-005 0 0
 398.1786007 6.90562333004602e-005 0 0
 401.565200261 -4.06423587604209e-006 0 0
 404.952084096 -2.29232555769513e-005 0 0
 408.339240673 4.85899024497598e-005 0 0
 411.72665846 0.000100860952291196 0 0
 415.114325925 0.000117014737656481 0 0
 418.502231536 0.000134544144011436 0 0
 421.890363761 6.33975789818999e-005 0 0
 425.278711068 -3.44107157136331e-005 0 0
 428.667261925 7.05219747363631e-005 0 0
 432.0560048 0.000154083218407027 0 0
 435.444928161 8.24634578530632e-005 0 0
 438.834020476 9.4985032972999e-005 0 0
 442.223270213 0.000119374408984764 0 0
 445.61266584 0.000123212616684383 0 0
 449.002195825 0.000183210503410768 0 0
 452.391848636 0.000118478991159342 0 0
 455.781612741 0.000121414876709788 0 0
 459.171476608 0.000122912971487994 0 0
 462.561428705 0.000120251391121176 0 0
 465.9514575 7.62985825019685e-005 0 0
 469.341551461 0.000155003349691796 0 0
 472.731699056 0.000156746655809136 0 0
 476.121888753 0.000113522582306167 0 0
 479.51210902 0.000122276013572423 0 0
 482.902348325 0.000278969679739996 0 0
 486.292595136 0.000171568385629594 0 0
 489.682837921 0.000106459242452159 0 0
 493.073065148 9.45563962051842e-006 0 0
 496.463265285 0.000220493237784773 0 0
 499.8534268 0.000152622450978431 0 0
 503.243538161 0.000154401298677213 0 0
 506.633587836 0.000191862431986606 0 0
 510.023564293 9.40937497937978e-005 0 0
 513.413456 7.09460360867724e-005 0 0
 516.803251425 0.000207496382780988 0 0
 520.192939036 0.000219381355007692 0 0
 523.582507301 0.000172897375689708 0 0
 526.971944688 0.000198702094899467 0 0
 530.361239665 0.000200812498765423 0 0
 533.7503807 0.000217756470647334 0 0
 537.139356261 0.000122921497463143 0 0
 540.528154816 0.000245306098798792 0 0
 543.916764833 0.000123155254400918 0 0
 547.30517478 0.0001949903009672 0 0
 550.693373125 0.000241530348032661 0 0
 554.081348336 0.000190906614938746 0 0
 557.469088881 0.000209318160632281 0 0
 560.856583228 0.000244119269389614 0 0
 564.243819845 0.000211955780445608 0 0
 567.6307872 0.000181126396442703 0 0
 571.017473761 0.000116280768149516 0 0
 574.403867996 0.000225507001792596 0 0
 577.789958373 0.000146384744842738 0 0
 581.17573336 0.000210254226186426 0 0
 584.561181425 0.000194515403574735 0 0
 587.946291036 0.000208044999035322 0 0
 591.331050661 0.000309421629481833 0 0
 594.715448768 0.000157297586343952 0 0
 598.099473825 0.000214934439495596 0 0
 601.4831143 0.000303559896657286 0 0
 604.866358661 0.00017378988601715 0 0
 608.249195376 0.000292662099507065 0 0
 611.631612913 0.00020782302458897 0 0
 615.01359974 0.000303110241901499 0 0
 618.395144325 0.000193085475184284 0 0
 621.776235136 0.00015223471541853 0 0
 625.156860641 0.000125051351582151 0 0
 628.537009308 0.000301413585209808 0 0
 631.916669605 0.000244349011574935 0 0
 635.29583 0.00026248001056248 0 0
 638.674478961 0.00016304912307566 0 0
 642.052604956 0.000133544757191389 0 0
 645.430196453 0.000153744382550793 0 0
 648.80724192 0.000232411411638672 0 0
 652.183729825 0.000165331442597713 0 0
 655.559648636 0.000114338042176629 0 0
 658.934986821 0.000328410877679826 0 0
 662.309732848 0.000345213142642287 0 0
 665.683875185 0.000263878801178854 0 0
 669.0574023 0.000325804419737316 0 0
 672.430302661 2.94488935766396e-005 0 0
 675.802564736 1.16800694310516e-005 0 0
 679.174176993 0.000148447901378459 0 0
 682.5451279 0.000173319227401652 0 0
 685.915405925 0.00016037340842596 0 0
 689.284999536 0.000136197307301692 0 0
 692.653897201 1.15185447923876e-005 0 0
 696.022087388 0.000229630236219302 0 0
 699.389558565 0.000321298226431811 0 0
 702.7562992 8.29515381000391e-005 0 0
 706.122297761 0.000348989010048266 0 0
 709.487542716 0.000186017951339556 0 0
 712.852022533 0.000373940701047961 0 0
 716.21572568 0.000339569454863483 0 0
 719.578640625 0.00018024750405889 0 0
 722.940755836 0.000211471021574129 0 0
 726.302059781 0.000166127553321087 0 0
 729.662540928 0.000139173429047962 0 0
 733.022187745 0.000406968204159491 0 0
 736.3809887 7.15464811518071e-005 0 0
 739.738932261 0.00035171092240346 0 0
 743.096006896 0.000155860972352101 0 0
 746.452201073 0.000189228155570875 0 0
 749.80750326 -0.00078997716748601 0 0
 753.161901925 1.80126141982487e-005 0 0
 756.515385536 0.000176722189805634 0 0
 759.867942561 0.000192134383785926 0 0
 763.219561468 6.01074621384168e-005 0 0
 766.570230725 0.000320676774982151 0 0
 769.9199388 0.000184130706744499 0 0
 773.268674161 0.000207653580007787 0 0
 776.616425276 0.000356585134973022 0 0
 779.963180613 0.000344917712144225 0 0
 783.30892864 0.000237359798630142 0 0
 786.653657825 4.99365505453123e-005 0 0
 789.997356636 0.000238208942181378 0 0
 793.340013541 0.000149541922103314 0 0
 796.681617008 0.000357429710241253 0 0
 800.022155505 2.96914772702188e-005 0 0
 803.3616175 0.000467640250520173 0 0
 806.699991461 0.000129482924373326 0 0
 810.037265856 0.000267970232975592 0 0
 813.373429153 7.51749347512027e-005 0 0
 816.70846982 0.000196301243949523 0 0
 820.042376325 0.000270703212292623 0 0
 823.375137136 0.000553795769202107 0 0
 826.706740721 3.03419437136399e-005 0 0
 830.037175548 0.000268691225341445 0 0
 833.366430085 0.000164399783045956 0 0
 836.6944928 0.000156234887304036 0 0
 840.021352161 0.000356987356807729 0 0
 843.346996636 0.000443432868550525 0 0
 846.671414693 4.59743794807101e-005 0 0
 849.9945948 -6.45255417979353e-005 0 0
 853.316525425 0.000451075183495728 0 0
 856.637195036 0.000261251874755397 0 0
 859.956592101 2.13412649960045e-005 0 0
 863.274705088 -0.000466982259610402 0 0
 866.591522465 -5.7234911867277e-005 0 0
 869.9070327 0.000682146926935547 0 0
 873.221224261 0.000109394827013443 0 0
 876.534085616 0.000109538429027868 0 0
 879.845605233 -0.000174498864170235 0 0
 883.15577158 0.000754959103319282 0 0
 886.464573125 8.42466005819178e-005 0 0
 889.771998336 -0.00030988332518829 0 0
 893.078035681 -9.55767035335049e-005 0 0
 896.382673628 0.000298225738269433 0 0
 899.685900645 0.000550005519323041 0 0
 902.9877052 0.000407151295252666 0 0
 906.288075761 -0.000539008308618694 0 0
 909.587000796 -0.000161048532632941 0 0
 912.884468773 -0.000131875406021579 0 0
 916.18046816 -1.62222095797582e-005 0 0
 919.474987425 0.00069075876464193 0 0
 922.768015036 0.000177483427722709 0 0
 926.059539461 0.00054232729722949 0 0
 929.349549168 -0.000948457407765203 0 0
 932.638032625 4.42232536548487e-005 0 0
 935.9249783 0.000368536528202545 0 0
 939.210374661 0.000707669041125052 0 0
 942.494210176 -0.000404986983337042 0 0
 945.776473313 -0.000325642948211869 0 0
 949.05715254 0.00116500988132649 0 0
 952.336236325 -0.00181549789869514 0 0
 955.613713136 0 0 0
 958.889571441 0 0 0
 962.163799708 0 0 0
 965.436386405 0 0 0
 968.70732 0 0 0
 971.976588961 0 0 0
 975.244181756 0 0 0
 978.510086853 0 0 0
 981.77429272 0 0 0
 985.036787825 0 0 0
 988.297560636 0 0 0
 991.556599621 0 0 0
 994.813893248 0 0 0
 998.069429985 0 0 0
 1001.3231983 0 0 0
 1004.575186661 0 0 0
 1007.825383536 0 0 0
 1011.073777393 0 0 0
 1014.3203567 0 0 0
 1017.565109925 0 0 0
 1020.808025536 0 0 0
 1024.049092001 0 0 0
 1027.288297788 0 0 0
 1030.525631365 0 0 0
 1033.7610812 0 0 0
 1036.994635761 0 0 0
 1040.226283516 0 0 0
 1043.456012933 0 0 0
 1046.68381248 0 0 0
 1049.909670625 0 0 0
 1053.133575836 0 0 0
 1056.355516581 0 0 0
 1059.575481328 0 0 0
 1062.793458545 0 0 0
 1066.0094367 0 0 0
 1069.223404261 0 0 0
 1072.435349696 0 0 0
 1075.645261473 0 0 0
 1078.85312806 0 0 0
 1082.058937925 0 0 0
 1085.262679536 0 0 0
 1088.464341361 0 0 0
 1091.663911868 0 0 0
 1094.861379525 0 0 0
 1098.0567328 0 0 0
 1101.249960161 0 0 0
 1104.441050076 0 0 0
 1107.629991013 0 0 0
 1110.81677144 0 0 0
 1114.001379825 0 0 0
 1117.183804636 0 0 0
 1120.364034341 0 0 0
 1123.542057408 0 0 0
 1126.717862305 0 0 0
 1129.8914375 0 0 0
 1133.062771461 0 0 0
 1136.231852656 0 0 0
 1139.398669553 0 0 0
 1142.56321062 0 0 0
 1145.725464325 0 0 0
 1148.885419136 0 0 0
[END] of [DATA]
[END] of [Spectrum]


#TBID:2021-12-19 00:30:00;SAM_84CE;RAW;

[Spectrum]
Version            = 1
IDData             = 96B1_2021-12-19_00-30-00_000_645
IDDevice           = SAM_84CE
IDDataType         = SPECTRUM
IDDataTypeSub1     = RAW
IDDataTypeSub2     = 
IDDataTypeSub3     = 
DateTime           = 2021-12-19 00:30:00
PositionLatitude   = 0
PositionLongitude  = 0
Comment            = 
CommentSub1        = 
CommentSub2        = 
CommentSub3        = 
IDMethodType       = SAM Control
MethodName         = SAM_84CE
Mission            = No Mission
MissionSub         = 1
RecordType         = 0
[Attributes]
CalFactor = 1
IDBasisSpec = 
IDDataBack = DLAB_2015-08-21_11-56-43_233_004
IDDataCal = DLAB_2015-08-26_10-05-37_585_478
IntegrationTime = 4096
P31 = -1
P31e = 0
PathLength = +INF
PathLengthCustomOn = 0
RAWDynamic = 65535
Salinity = 0
Temperature = -NAN
Unit1 = $05 $00 Pixel 
Unit2 = $03 $05 Intensity counts
Unit3 = $f0 $05 Error counts
Unit4 = $f1 $00 Status 
p999 = 1763
[END] of [Attributes]
[DATA]
 0 11 0 0
 1 1096 0 0
 2 1088 0 0
 3 1093 0 0
 4 1097 0 0
 5 1095 0 0
 6 1092 0 0
 7 1096 0 0
 8 1097 0 0
 9 1098 0 0
 10 1094 0 0
 11 1096 0 0
 12 1101 0 0
 13 1098 0 0
 14 1096 0 0
 15 1096 0 0
 16 1097 0 0
 17 1098 0 0
 18 1098 0 0
 19 1096 0 0
 20 1100 0 0
 21 1100 0 0
 22 1096 0 0
 23 1100 0 0
 24 1100 0 0
 25 1100 0 0
 26 1101 0 0
 27 1102 0 0
 28 1099 0 0
 29 1101 0 0
 30 1101 0 0
 31 1108 0 0
 32 1106 0 0
 33 1106 0 0
 34 1101 0 0
 35 1108 0 0
 36 1108 0 0
 37 1104 0 0
 38 1114 0 0
 39 1113 0 0
 40 1113 0 0
 41 1109 0 0
 42 1114 0 0
 43 1118 0 0
 44 1111 0 0
 45 1114 0 0
 46 1113 0 0
 47 1120 0 0
 48 1111 0 0
 49 1109 0 0
 50 1110 0 0
 51 1112 0 0
 52 1117 0 0
 53 1124 0 0
 54 1114 0 0
 55 1114 0 0
 56 1114 0 0
 57 1114 0 0
 58 1112 0 0
 59 1106 0 0
 60 1109 0 0
 61 1112 0 0
 62 1121 0 0
 63 1114 0 0
 64 1116 0 0
 65 1113 0 0
 66 1116 0 0
 67 1118 0 0
 68 1123 0 0
 69 1116 0 0
 70 1115 0 0
 71 1123 0 0
 72 1116 0 0
 73 1122 0 0
 74 1121 0 0
 75 1121 0 0
 76 1125 0 0
 77 1119 0 0
 78 1120 0 0
 79 1114 0 0
 80 1116 0 0
 81 1118 0 0
 82 1117 0 0
 83 1116 0 0
 84 1114 0 0
 85 1117 0 0
 86 1117 0 0
 87 1114 0 0
 88 1112 0 0
 89 1110 0 0
 90 1110 0 0
 91 1112 0 0
 92 1115 0 0
 93 1115 0 0
 94 1111 0 0
 95 1109 0 0
 96 1106 0 0
 97 1107 0 0
 98 1109 0 0
 99 1110 0 0
 100 1112 0 0
 101 1107 0 0
 102 1105 0 0
 103 1104 0 0
 104 1100 0 0
 105 1108 0 0
 106 1106 0 0
 107 1110 0 0
 108 1108 0 0
 109 1106 0 0
 110 1102 0 0
 111 1110 0 0
 112 1104 0 0
 113 1106 0 0
 114 1101 0 0
 115 1102 0 0
 116 1104 0 0
 117 1104 0 0
 118 1103 0 0
 119 1102 0 0
 120 1104 0 0
 121 1103 0 0
 122 1100 0 0
 123 1098 0 0
 124 1100 0 0
 125 1104 0 0
 126 1104 0 0
 127 1102 0 0
 128 1100 0 0
 129 1094 0 0
 130 1101 0 0
 131 1105 0 0
 132 1096 0 0
 133 1093 0 0
 134 1096 0 0
 135 1101 0 0
 136 1100 0 0
 137 1095 0 0
 138 1092 0 0
 139 1100 0 0
 140 1095 0 0
 141 1097 0 0
 142 1096 0 0
 143 1094 0 0
 144 1094 0 0
 145 1103 0 0
 146 1092 0 0
 147 1092 0 0
 148 1094 0 0
 149 1093 0 0
 150 1094 0 0
 151 1087 0 0
 152 1088 0 0
 153 1092 0 0
 154 1088 0 0
 155 1091 0 0
 156 1090 0 0
 157 1089 0 0
 158 1089 0 0
 159 1095 0 0
 160 1089 0 0
 161 1089 0 0
 162 1085 0 0
 163 1092 0 0
 164 1095 0 0
 165 1087 0 0
 166 1088 0 0
 167 1090 0 0
 168 1086 0 0
 169 1092 0 0
 170 1084 0 0
 171 1091 0 0
 172 1084 0 0
 173 1086 0 0
 174 1086 0 0
 175 1087 0 0
 176 1084 0 0
 177 1089 0 0
 178 1084 0 0
 179 1091 0 0
 180 1084 0 0
 181 1088 0 0
 182 1082 0 0
 183 1083 0 0
 184 1084 0 0
 185 1085 0 0
 186 1090 0 0
 187 1084 0 0
 188 1082 0 0
 189 1086 0 0
 190 1082 0 0
 191 1085 0 0
 192 1082 0 0
 193 1084 0 0
 194 1085 0 0
 195 1086 0 0
 196 1080 0 0
 197 1083 0 0
 198 1089 0 0
 199 1083 0 0
 200 1084 0 0
 201 1085 0 0
 202 1085 0 0
 203 1087 0 0
 204 1082 0 0
 205 1088 0 0
 206 1087 0 0
 207 1092 0 0
 208 1086 0 0
 209 1091 0 0
 210 1079 0 0
 211 1086 0 0
 212 1088 0 0
 213 1087 0 0
 214 1080 0 0
 215 1084 0 0
 216 1086 0 0
 217 1083 0 0
 218 1086 0 0
 219 1089 0 0
 220 1086 0 0
 221 1086 0 0
 222 1083 0 0
 223 1089 0 0
 224 1081 0 0
 225 1088 0 0
 226 1084 0 0
 227 1080 0 0
 228 1087 0 0
 229 1098 0 0
 230 1089 0 0
 231 1086 0 0
 232 1086 0 0
 233 1092 0 0
 234 1095 0 0
 235 1090 0 0
 236 1087 0 0
 237 1093 0 0
 238 1089 0 0
 239 1089 0 0
 240 1086 0 0
 241 1083 0 0
 242 1084 0 0
 243 1088 0 0
 244 1085 0 0
 245 1093 0 0
 246 1090 0 0
 247 1092 0 0
 248 1094 0 0
 249 1088 0 0
 250 1084 0 0
 251 1087 0 0
 252 1086 0 0
 253 1090 0 0
 254 1089 0 0
 255 1138 0 0
[END] of [DATA]
[END] of [Spectrum]


#TBID:2021-12-19 00:30:00;SAM_84CE;CALIBRATED;

[Spectrum]
Version            = 1
IDData             = 96B1_2021-12-19_00-30-00_000_646
IDDevice           = SAM_84CE
IDDataType         = SPECTRUM
IDDataTypeSub1     = CALIBRATED
IDDataTypeSub2     = 
IDDataTypeSub3     = 
DateTime           = 2021-12-19 00:30:00
PositionLatitude   = 0
PositionLongitude  = 0
Comment            = 
CommentSub1        = 
CommentSub2        = 
CommentSub3        = 
IDMethodType       = SAM Control
MethodName         = SAM_84CE
Mission            = No Mission
MissionSub         = 1
RecordType         = 0
[Attributes]
CalFactor = 1
IDBasisSpec = 
IDDataBack = DLAB_2015-08-21_11-56-43_233_004
IDDataCal = DLAB_2015-08-26_10-05-37_585_478
IntegrationTime = 4096
P31 = -1
P31e = 0
PathLength = +INF
PathLengthCustomOn = 0
RAWDynamic = 65535
Salinity = 0
Temperature = -NAN
Unit1 = $01 $01 Wavelength nm
Unit2 = $03 $06 Intensity mW/(m^2 nm)
Unit3 = $f0 $06 Error mW/(m^2 nm)
Unit4 = $f1 $00 Status 
p999 = 1763
[END] of [Attributes]
[DATA]
 0 11 0 0
 303.485180022 0 0 0
 306.85638880275 0 0 0
 310.228324544 0 0 0
 313.60097308125 0 0 0
 316.97432025 0.00752431156406311 0 0
 320.34835188575 0.00837273300335751 0 0
 323.723053824 0.0100446167222747 0 0
 327.09841190025 0.00943550487240679 0 0
 330.47441195 0.00669045415535666 0 0
 333.85103980875 0.00608535041306826 0 0
 337.228281312 0.00546888211492535 0 0
 340.60612229525 0.00656090665730611 0 0
 343.984548594 0.00533601224331342 0 0
 347.36354604375 0.00299214763587934 0 0
 350.74310048 0.00466428781050614 0 0
 354.12319773825 0.00410048586664523 0 0
 357.503823654 0.00488506092608202 0 0
 360.88496406275 0.00376249840920749 0 0
 364.2666048 0.00445053218227696 0 0
 367.64873170125 0.00325027025323872 0 0
 371.031330602 0.00389242921999681 0 0
 374.41438733775 0.00367503888730374 0 0
 377.797887744 0.00193133612340875 0 0
 381.18181765625 0.00384308316424935 0 0
 384.56616291 0.00384826072403836 0 0
 387.95090934075 0.00309220227230233 0 0
 391.336042784 0.00296489301699496 0 0
 394.72154907525 0.00473604735197807 0 0
 398.10741405 0.00451078411686768 0 0
 401.49362354375 0.00422906900535658 0 0
 404.880163392 0.00382002322471611 0 0
 408.26701943025 0.00391272784497283 0 0
 411.654177494 0.00424062246628704 0 0
 415.04162341875 0.00364907629337278 0 0
 418.42934304 0.00474418724751444 0 0
 421.81732219325 0.00325932919171369 0 0
 425.205546714 0.00382870460201301 0 0
 428.59400243775 0.00355200619660983 0 0
 431.9826752 0.00371599762993473 0 0
 435.37155083625 0.00351612536593157 0 0
 438.760615182 0.00320006783948578 0 0
 442.14985407275 0.00346139484189965 0 0
 445.539253344 0.00399286005252671 0 0
 448.92879883125 0.003957976704065 0 0
 452.31847637 0.00441843385629151 0 0
 455.70827179575 0.00316312117960389 0 0
 459.098170944 0.00369462644088302 0 0
 462.48815965025 0.00349684044648375 0 0
 465.87822375 0.0033657767212088 0 0
 469.26834907875 0.00328299081020926 0 0
 472.658521472 0.00446014901089831 0 0
 476.04872676525 0.00519154093890263 0 0
 479.438950794 0.00528004023631638 0 0
 482.82917939375 0.00365182593082068 0 0
 486.2193984 0.00479106267226138 0 0
 489.60959364825 0.00491879568058763 0 0
 492.999750974 0.00487208238570241 0 0
 496.38985621275 0.00395215963969191 0 0
 499.7798952 0.0035440449411848 0 0
 503.16985377125 0.00451448067515805 0 0
 506.559717762 0.00423930430806142 0 0
 509.94947300775 0.00434898444453598 0 0
 513.339105344 0.0038684349170062 0 0
 516.72860060625 0.00418047810975762 0 0
 520.11794463 0.0040989781176726 0 0
 523.50712325075 0.00323837804437515 0 0
 526.896122304 0.00415269444272719 0 0
 530.28492762525 0.00438497505458555 0 0
 533.67352505 0.00446828083609119 0 0
 537.06190041375 0.00498622245900736 0 0
 540.450039552 0.00497269752923484 0 0
 543.83792830025 0.00370642869210391 0 0
 547.225552494 0.00412091302318134 0 0
 550.61289796875 0.00445350289911348 0 0
 553.99995056 0.00425462920931061 0 0
 557.38669610325 0.00383914230707526 0 0
 560.773120434 0.00428778744504148 0 0
 564.15920938775 0.00483895402860504 0 0
 567.5449488 0.00345440979719064 0 0
 570.93032450625 0.00357661902865157 0 0
 574.315322342 0.00378451747000969 0 0
 577.69992814275 0.00437830227942126 0 0
 581.084127744 0.00462778742833227 0 0
 584.46790698125 0.00435566234426915 0 0
 587.85125169 0.00471840407540028 0 0
 591.23414770575 0.00458638825398833 0 0
 594.616580864 0.00409929190428087 0 0
 597.99853700025 0.00424522397531839 0 0
 601.38000195 0.00399921473025784 0 0
 604.76096154875 0.00297854340506297 0 0
 608.141401632 0.0035120361123526 0 0
 611.52130803525 0.00423448075503871 0 0
 614.900666594 0.00350736394827058 0 0
 618.27946314375 0.00412159233455759 0 0
 621.65768352 0.00442944668605727 0 0
 625.03531355825 0.00405738542898629 0 0
 628.412339094 0.00322894310837577 0 0
 631.78874596275 0.00304687140482469 0 0
 635.16452 0.00359742771896376 0 0
 638.53964704125 0.00424632821020917 0 0
 641.914112922 0.00418590567792505 0 0
 645.28790347775 0.00332282155185965 0 0
 648.661004544 0.00289022282024094 0 0
 652.03340195625 0.00289137534583613 0 0
 655.40508155 0.00353386110711393 0 0
 658.77602916075 0.00375036298608316 0 0
 662.146230624 0.00521197618566519 0 0
 665.51567177525 0.00486164673200221 0 0
 668.88433845 0.00255961069784272 0 0
 672.25221648375 0.00350722868688291 0 0
 675.619291712 0.00320530331044118 0 0
 678.98554997025 0.00332836942491278 0 0
 682.350977094 0.00461978730711011 0 0
 685.71555891875 0.00261284858168443 0 0
 689.07928128 0.00342127537647256 0 0
 692.44213001325 0.00450416637124504 0 0
 695.804090954 0.00295437092146268 0 0
 699.16514993775 0.00327850685978457 0 0
 702.5252928 0.00290924605213596 0 0
 705.88450537625 0.00315857458225016 0 0
 709.242773502 0.0037734879466863 0 0
 712.60008301275 0.00230587929077335 0 0
 715.956419744 0.00279137127621457 0 0
 719.31176953125 0.00301610800496193 0 0
 722.66611821 0.00419106874674073 0 0
 726.01945161575 0.00247021459847863 0 0
 729.371755584 0.00400178791001308 0 0
 732.72301595025 0.00286125821178315 0 0
 736.07321855 0.00190492866721016 0 0
 739.42234921875 0.00426053645992577 0 0
 742.770393792 0.00242612415004439 0 0
 746.11733810525 0.00253923349208922 0 0
 749.463167994 0.0017261956929687 0 0
 752.80786929375 0.0023463854858434 0 0
 756.15142784 0.00327036917193478 0 0
 759.49382946825 0.00344231250394523 0 0
 762.835060014 0.000762237043757468 0 0
 766.17510531275 0.00317161599092466 0 0
 769.5139512 0.00228203604843346 0 0
 772.85158351125 0.0033848412998873 0 0
 776.187988082 0.00262357462900704 0 0
 779.52315074775 0.00316118491742976 0 0
 782.857057344 0.00221364389262223 0 0
 786.18969370625 0.00198868994106223 0 0
 789.52104567 0.00217029651007106 0 0
 792.85109907075 0.000143614272416518 0 0
 796.179839744 0.00360306268873115 0 0
 799.50725352525 0.00166510124754392 0 0
 802.83332625 0.00283854952407549 0 0
 806.15804375375 0.00363307852875122 0 0
 809.481391872 0.00160891645906204 0 0
 812.80335644025 0.00172746105579932 0 0
 816.123923294 0.00115479086554764 0 0
 819.44307826875 0.000481977873804094 0 0
 822.7608072 0.00198053911239165 0 0
 826.07709592325 0.00209005844446335 0 0
 829.391930274 0.000371029065033279 0 0
 832.70529608775 0.0033427826066064 0 0
 836.0171792 0.00328729381213991 0 0
 839.32756544625 -0.000156906095281321 0 0
 842.636440662 -0.00115503951692884 0 0
 845.94379068275 -0.00227940464203828 0 0
 849.249601344 0.00227483363998875 0 0
 852.55385848125 0.0038197917650814 0 0
 855.85654793 0.000660940768468141 0 0
 859.15765552575 0.00197965882948177 0 0
 862.457167104 0.00180025091762411 0 0
 865.75506850025 -0.000552301377427635 0 0
 869.05134555 0.000994920268723949 0 0
 872.34598408875 -0.00615496774114086 0 0
 875.638969952 -0.00153322986918425 0 0
 878.93028897525 -0.00503978333920065 0 0
 882.219926994 -0.00255218126494595 0 0
 885.50786984375 0.00118411954087501 0 0
 888.79410336 -0.00278854274459763 0 0
 892.07861337825 -0.00542557442848924 0 0
 895.361385734 -0.000676794050456006 0 0
 898.64240626275 -0.00934157970814831 0 0
 901.9216608 -9.69505894775018e-005 0 0
 905.19913518125 -0.00959379437595227 0 0
 908.474815242 -0.00319895684129456 0 0
 911.74868681775 -0.00945889648557797 0 0
 915.020735744 0.00191520801537413 0 0
 918.29094785625 0.00114222923750338 0 0
 921.55930899 -0.00589522070741983 0 0
 924.82580498075 -0.00335261089478198 0 0
 928.090421664 -0.0157060748188609 0 0
 931.35314487525 -0.0102149526540175 0 0
 934.61396045 -0.00432936211596548 0 0
 937.87285422375 -0.0128779769851952 0 0
 941.129812032 -0.0140173933971678 0 0
 944.38481971025 -0.0138469275381171 0 0
 947.637863094 -0.0111900566688859 0 0
 950.88892801875 -0.00589889783402207 0 0
 954.13800032 0 0 0
 957.38506583325 0 0 0
 960.630110394 0 0 0
 963.87311983775 0 0 0
 967.11408 0 0 0
 970.35297671625 0 0 0
 973.589795822 0 0 0
 976.82452315275 0 0 0
 980.057144544 0 0 0
 983.28764583125 0 0 0
 986.51601285 0 0 0
 989.74223143575 0 0 0
 992.966287424 0 0 0
 996.18816665025 0 0 0
 999.40785495 0 0 0
 1002.62533815875 0 0 0
 1005.840602112 0 0 0
 1009.05363264525 0 0 0
 1012.264415594 0 0 0
 1015.47293679375 0 0 0
 1018.67918208 0 0 0
 1021.88313728825 0 0 0
 1025.084788254 0 0 0
 1028.28412081275 0 0 0
 1031.4811208 0 0 0
 1034.67577405125 0 0 0
 1037.868066402 0 0 0
 1041.05798368775 0 0 0
 1044.245511744 0 0 0
 1047.43063640625 0 0 0
 1050.61334351 0 0 0
 1053.79361889075 0 0 0
 1056.971448384 0 0 0
 1060.14681782525 0 0 0
 1063.31971305 0 0 0
 1066.49011989375 0 0 0
 1069.658024192 0 0 0
 1072.82341178025 0 0 0
 1075.986268494 0 0 0
 1079.14658016875 0 0 0
 1082.30433264 0 0 0
 1085.45951174325 0 0 0
 1088.612103314 0 0 0
 1091.76209318775 0 0 0
 1094.9094672 0 0 0
 1098.05421118625 0 0 0
 1101.196310982 0 0 0
 1104.33575242275 0 0 0
 1107.472521344 0 0 0
 1110.60660358125 0 0 0
 1113.73798497 0 0 0
 1116.86665134575 0 0 0
 1119.992588544 0 0 0
 1123.11578240025 0 0 0
 1126.23621875 0 0 0
 1129.35388342875 0 0 0
 1132.468762272 0 0 0
 1135.58084111525 0 0 0
 1138.690105794 0 0 0
 1141.79654214375 0 0 0
 1144.900136 0 0 0
[END] of [DATA]
[END] of [Spectrum]


#TBID:2021-12-19 01:00:00;SAM_84CE;RAW;

[Spectrum]
Version            = 1
IDData             = 96B1_2021-12-19_01-00-00_000_649
IDDevice           = SAM_84CE
IDDataType         = SPECTRUM
IDDataTypeSub1     = RAW
IDDataTypeSub2     = 
IDDataTypeSub3     = 
DateTime           = 2021-12-19 01:00:00
PositionLatitude   = 0
PositionLongitude  = 0
Comment            = 
CommentSub1        = 
CommentSub2        = 
CommentSub3        = 
IDMethodType       = SAM Control
MethodName         = SAM_84CE
Mission            = No Mission
MissionSub         = 1
RecordType         = 0
[Attributes]
CalFactor = 1
IDBasisSpec = 
IDDataBack = DLAB_2015-08-21_11-56-43_233_004
IDDataCal = DLAB_2015-08-26_10-05-37_585_478
IntegrationTime = 4096
P31 = -1
P31e = 0
PathLength = +INF
PathLengthCustomOn = 0
RAWDynamic = 65535
Salinity = 0
Temperature = -NAN
Unit1 = $05 $00 Pixel 
Unit2 = $03 $05 Intensity counts
Unit3 = $f0 $05 Error counts
Unit4 = $f1 $00 Status 
p999 = 1764
[END] of [Attributes]
[DATA]
 0 11 0 0
 1 1167 0 0
 2 1166 0 0
 3 1166 0 0
 4 1173 0 0
 5 1168 0 0
 6 1166 0 0
 7 1167 0 0
 8 1177 0 0
 9 1171 0 0
 10 1172 0 0
 11 1176 0 0
 12 1170 0 0
 13 1176 0 0
 14 1176 0 0
 15 1175 0 0
 16 1174 0 0
 17 1174 0 0
 18 1174 0 0
 19 1174 0 0
 20 1177 0 0
 21 1180 0 0
 22 1176 0 0
 23 1180 0 0
 24 1182 0 0
 25 1180 0 0
 26 1182 0 0
 27 1180 0 0
 28 1179 0 0
 29 1183 0 0
 30 1181 0 0
 31 1184 0 0
 32 1184 0 0
 33 1187 0 0
 34 1189 0 0
 35 1185 0 0
 36 1194 0 0
 37 1187 0 0
 38 1197 0 0
 39 1195 0 0
 40 1199 0 0
 41 1195 0 0
 42 1199 0 0
 43 1201 0 0
 44 1198 0 0
 45 1196 0 0
 46 1206 0 0
 47 1204 0 0
 48 1199 0 0
 49 1198 0 0
 50 1198 0 0
 51 1196 0 0
 52 1196 0 0
 53 1196 0 0
 54 1199 0 0
 55 1198 0 0
 56 1198 0 0
 57 1198 0 0
 58 1199 0 0
 59 1201 0 0
 60 1197 0 0
 61 1200 0 0
 62 1197 0 0
 63 1197 0 0
 64 1199 0 0
 65 1196 0 0
 66 1202 0 0
 67 1203 0 0
 68 1205 0 0
 69 1203 0 0
 70 1205 0 0
 71 1203 0 0
 72 1204 0 0
 73 1204 0 0
 74 1209 0 0
 75 1206 0 0
 76 1216 0 0
 77 1207 0 0
 78 1204 0 0
 79 1206 0 0
 80 1202 0 0
 81 1202 0 0
 82 1201 0 0
 83 1200 0 0
 84 1202 0 0
 85 1203 0 0
 86 1199 0 0
 87 1206 0 0
 88 1201 0 0
 89 1197 0 0
 90 1203 0 0
 91 1201 0 0
 92 1197 0 0
 93 1202 0 0
 94 1197 0 0
 95 1198 0 0
 96 1196 0 0
 97 1196 0 0
 98 1196 0 0
 99 1194 0 0
 100 1190 0 0
 101 1192 0 0
 102 1192 0 0
 103 1195 0 0
 104 1190 0 0
 105 1194 0 0
 106 1192 0 0
 107 1188 0 0
 108 1191 0 0
 109 1196 0 0
 110 1193 0 0
 111 1189 0 0
 112 1194 0 0
 113 1192 0 0
 114 1190 0 0
 115 1188 0 0
 116 1189 0 0
 117 1195 0 0
 118 1192 0 0
 119 1187 0 0
 120 1188 0 0
 121 1186 0 0
 122 1187 0 0
 123 1189 0 0
 124 1184 0 0
 125 1182 0 0
 126 1184 0 0
 127 1189 0 0
 128 1185 0 0
 129 1181 0 0
 130 1182 0 0
 131 1190 0 0
 132 1187 0 0
 133 1185 0 0
 134 1185 0 0
 135 1185 0 0
 136 1183 0 0
 137 1184 0 0
 138 1177 0 0
 139 1184 0 0
 140 1180 0 0
 141 1187 0 0
 142 1180 0 0
 143 1186 0 0
 144 1182 0 0
 145 1182 0 0
 146 1182 0 0
 147 1182 0 0
 148 1177 0 0
 149 1177 0 0
 150 1180 0 0
 151 1178 0 0
 152 1177 0 0
 153 1177 0 0
 154 1175 0 0
 155 1178 0 0
 156 1177 0 0
 157 1177 0 0
 158 1171 0 0
 159 1176 0 0
 160 1176 0 0
 161 1181 0 0
 162 1177 0 0
 163 1174 0 0
 164 1172 0 0
 165 1174 0 0
 166 1174 0 0
 167 1173 0 0
 168 1173 0 0
 169 1172 0 0
 170 1174 0 0
 171 1175 0 0
 172 1168 0 0
 173 1173 0 0
 174 1171 0 0
 175 1176 0 0
 176 1170 0 0
 177 1170 0 0
 178 1170 0 0
 179 1168 0 0
 180 1172 0 0
 181 1172 0 0
 182 1172 0 0
 183 1164 0 0
 184 1170 0 0
 185 1164 0 0
 186 1170 0 0
 187 1159 0 0
 188 1166 0 0
 189 1165 0 0
 190 1167 0 0
 191 1171 0 0
 192 1165 0 0
 193 1165 0 0
 194 1160 0 0
 195 1162 0 0
 196 1164 0 0
 197 1162 0 0
 198 1162 0 0
 199 1166 0 0
 200 1165 0 0
 201 1162 0 0
 202 1165 0 0
 203 1164 0 0
 204 1161 0 0
 205 1164 0 0
 206 1167 0 0
 207 1157 0 0
 208 1157 0 0
 209 1156 0 0
 210 1159 0 0
 211 1159 0 0
 212 1156 0 0
 213 1159 0 0
 214 1165 0 0
 215 1167 0 0
 216 1164 0 0
 217 1152 0 0
 218 1152 0 0
 219 1162 0 0
 220 1157 0 0
 221 1154 0 0
 222 1155 0 0
 223 1154 0 0
 224 1154 0 0
 225 1154 0 0
 226 1157 0 0
 227 1153 0 0
 228 1147 0 0
 229 1157 0 0
 230 1155 0 0
 231 1150 0 0
 232 1155 0 0
 233 1154 0 0
 234 1155 0 0
 235 1154 0 0
 236 1150 0 0
 237 1156 0 0
 238 1152 0 0
 239 1146 0 0
 240 1148 0 0
 241 1157 0 0
 242 1148 0 0
 243 1152 0 0
 244 1153 0 0
 245 1150 0 0
 246 1146 0 0
 247 1152 0 0
 248 1146 0 0
 249 1146 0 0
 250 1146 0 0
 251 1147 0 0
 252 1146 0 0
 253 1146 0 0
 254 1154 0 0
 255 1196 0 0
[END] of [DATA]
[END] of [Spectrum]


#TBID:2021-12-19 01:00:00;SAM_84CE;CALIBRATED;

[Spectrum]
Version            = 1
IDData             = 96B1_2021-12-19_01-00-00_000_650
IDDevice           = SAM_84CE
IDDataType         = SPECTRUM
IDDataTypeSub1     = CALIBRATED
IDDataTypeSub2     = 
IDDataTypeSub3     = 
DateTime           = 2021-12-19 01:00:00
PositionLatitude   = 0
PositionLongitude  = 0
Comment            = 
CommentSub1        = 
CommentSub2        = 
CommentSub3        = 
IDMethodType       = SAM Control
MethodName         = SAM_84CE
Mission            = No Mission
MissionSub         = 1
RecordType         = 0
[Attributes]
CalFactor = 1
IDBasisSpec = 
IDDataBack = DLAB_2015-08-21_11-56-43_233_004
IDDataCal = DLAB_2015-08-26_10-05-37_585_478
IntegrationTime = 4096
P31 = -1
P31e = 0
PathLength = +INF
PathLengthCustomOn = 0
RAWDynamic = 65535
Salinity = 0
Temperature = -NAN
Unit1 = $01 $01 Wavelength nm
Unit2 = $03 $06 Intensity mW/(m^2 nm)
Unit3 = $f0 $06 Error mW/(m^2 nm)
Unit4 = $f1 $00 Status 
p999 = 1764
[END] of [Attributes]
[DATA]
 0 11 0 0
 303.485180022 0 0 0
 306.85638880275 0 0 0
 310.228324544 0 0 0
 313.60097308125 0 0 0
 316.97432025 0.0130241700732203 0 0
 320.34835188575 0.0138644400422746 0 0
 323.723053824 0.013874151435682 0 0
 327.09841190025 0.016544479857101 0 0
 330.47441195 0.0108679877943734 0 0
 333.85103980875 0.0118658203915675 0 0
 337.228281312 0.0115207067574355 0 0
 340.60612229525 0.00889858930936197 0 0
 343.984548594 0.010008588113392 0 0
 347.36354604375 0.00777790563059419 0 0
 350.74310048 0.00879420470103559 0 0
 354.12319773825 0.00746953948005621 0 0
 357.503823654 0.00782360714022635 0 0
 360.88496406275 0.00654941487603995 0 0
 364.2666048 0.00754860666207725 0 0
 367.64873170125 0.00616225303113328 0 0
 371.031330602 0.00741554372270203 0 0
 374.41438733775 0.00730315602745614 0 0
 377.797887744 0.00566775225823911 0 0
 381.18181765625 0.00806110265586703 0 0
 384.56616291 0.00771924837570396 0 0
 387.95090934075 0.00718011313349508 0 0
 391.336042784 0.00640438209349707 0 0
 394.72154907525 0.00852939329353593 0 0
 398.10741405 0.00858558115389976 0 0
 401.49362354375 0.00778364444975054 0 0
 404.880163392 0.00649643996090214 0 0
 408.26701943025 0.00679532965350594 0 0
 411.654177494 0.00744067627921566 0 0
 415.04162341875 0.0077218153159676 0 0
 418.42934304 0.00700058822313403 0 0
 421.81732219325 0.00658712951200429 0 0
 425.205546714 0.00658997780127046 0 0
 428.59400243775 0.0061723766019118 0 0
 431.9826752 0.00610986326748655 0 0
 435.37155083625 0.00627692540201764 0 0
 438.760615182 0.00589923501441357 0 0
 442.14985407275 0.00602686986790145 0 0
 445.539253344 0.0063501113875731 0 0
 448.92879883125 0.00678440682720959 0 0
 452.31847637 0.00674825706689705 0 0
 455.70827179575 0.00681330284333068 0 0
 459.098170944 0.0063865365049597 0 0
 462.48815965025 0.00674037912146715 0 0
 465.87822375 0.00680740671498812 0 0
 469.26834907875 0.00665668492618215 0 0
 472.658521472 0.00737093991661999 0 0
 476.04872676525 0.00749181807293692 0 0
 479.438950794 0.00669273176285375 0 0
 482.82917939375 0.00680422812020407 0 0
 486.2193984 0.00785743419257703 0 0
 489.60959364825 0.00802285742434539 0 0
 492.999750974 0.00800193548735824 0 0
 496.38985621275 0.00750026534295411 0 0
 499.7798952 0.00817440314404217 0 0
 503.16985377125 0.00815970432983367 0 0
 506.559717762 0.00783869913063915 0 0
 509.94947300775 0.00630496774203296 0 0
 513.339105344 0.00668336124011205 0 0
 516.72860060625 0.00692107485098336 0 0
 520.11794463 0.00676231258302964 0 0
 523.50712325075 0.00618020699467543 0 0
 526.896122304 0.00689866424730701 0 0
 530.28492762525 0.00672869144767806 0 0
 533.67352505 0.00732058065861404 0 0
 537.06190041375 0.00812572096158811 0 0
 540.450039552 0.00700553666007348 0 0
 543.83792830025 0.00658885666137557 0 0
 547.225552494 0.00635679127607346 0 0
 550.61289796875 0.00734330300565724 0 0
 553.99995056 0.00683565301210505 0 0
 557.38669610325 0.00709734631358222 0 0
 560.773120434 0.00725634480628097 0 0
 564.15920938775 0.00740625492219791 0 0
 567.5449488 0.00698308668290013 0 0
 570.93032450625 0.00647554874866078 0 0
 574.315322342 0.00650273954031991 0 0
 577.69992814275 0.00715342895280717 0 0
 581.084127744 0.00746337082166136 0 0
 584.46790698125 0.00776334062038389 0 0
 587.85125169 0.0079453069513133 0 0
 591.23414770575 0.0073565093328014 0 0
 594.616580864 0.00828438730031492 0 0
 597.99853700025 0.0080939509722621 0 0
 601.38000195 0.00763213839702033 0 0
 604.76096154875 0.00751576004181006 0 0
 608.141401632 0.00752608401429977 0 0
 611.52130803525 0.00726949965826232 0 0
 614.900666594 0.00730924860350623 0 0
 618.27946314375 0.00782206827236714 0 0
 621.65768352 0.00865446049806476 0 0
 625.03531355825 0.00855318010333225 0 0
 628.412339094 0.00772084765227876 0 0
 631.78874596275 0.00737461451753581 0 0
 635.16452 0.00755524974907974 0 0
 638.53964704125 0.0072576626164248 0 0
 641.914112922 0.00857119979143346 0 0
 645.28790347775 0.00819121848481853 0 0
 648.661004544 0.0086356847485442 0 0
 652.03340195625 0.00854614616805658 0 0
 655.40508155 0.00847483775829998 0 0
 658.77602916075 0.00875444840042582 0 0
 662.146230624 0.00863575430459931 0 0
 665.51567177525 0.009328132165553 0 0
 668.88433845 0.00848386601499068 0 0
 672.25221648375 0.00964506782097316 0 0
 675.619291712 0.0068688393496838 0 0
 678.98554997025 0.00923338944935468 0 0
 682.350977094 0.00968705045901276 0 0
 685.71555891875 0.00827582943204874 0 0
 689.07928128 0.00849085178970809 0 0
 692.44213001325 0.0094180597101379 0 0
 695.804090954 0.00919912643675702 0 0
 699.16514993775 0.00918557151383567 0 0
 702.5252928 0.00801751586363429 0 0
 705.88450537625 0.00808733004867793 0 0
 709.242773502 0.00851822839074041 0 0
 712.60008301275 0.00794685103695371 0 0
 715.956419744 0.00933553436011511 0 0
 719.31176953125 0.00804204790683784 0 0
 722.66611821 0.00790400813164745 0 0
 726.01945161575 0.006630784211974 0 0
 729.371755584 0.00972622383899049 0 0
 732.72301595025 0.00816487969616529 0 0
 736.07321855 0.00769261863198207 0 0
 739.42234921875 0.0087433113390992 0 0
 742.770393792 0.00787311217330795 0 0
 746.11733810525 0.00944672316067012 0 0
 749.463167994 0.00896590368922109 0 0
 752.80786929375 0.00897382073026146 0 0
 756.15142784 0.00878274414487277 0 0
 759.49382946825 0.0087897932621268 0 0
 762.835060014 0.00767773481710796 0 0
 766.17510531275 0.00918497888636322 0 0
 769.5139512 0.0081369404665178 0 0
 772.85158351125 0.00959810925562716 0 0
 776.187988082 0.0102834364041003 0 0
 779.52315074775 0.00935284365606264 0 0
 782.857057344 0.0107756554014861 0 0
 786.18969370625 0.00965389100509956 0 0
 789.52104567 0.00741534889478194 0 0
 792.85109907075 0.00889745053833321 0 0
 796.179839744 0.0126508185567603 0 0
 799.50725352525 0.00876076428929108 0 0
 802.83332625 0.0105290371235601 0 0
 806.15804375375 0.0123016716101109 0 0
 809.481391872 0.0124028481646354 0 0
 812.80335644025 0.0121713840681878 0 0
 816.123923294 0.0104342323930095 0 0
 819.44307826875 0.0109178688381059 0 0
 822.7608072 0.0127961937137589 0 0
 826.07709592325 0.0133304351418595 0 0
 829.391930274 0.012509585807335 0 0
 832.70529608775 0.0131561647788946 0 0
 836.0171792 0.013021741465122 0 0
 839.32756544625 0.0130804591776538 0 0
 842.636440662 0.0153901455650517 0 0
 845.94379068275 0.0150554323575901 0 0
 849.249601344 0.0145506341620116 0 0
 852.55385848125 0.0136002882142121 0 0
 855.85654793 0.0174038058145177 0 0
 859.15765552575 0.0188488231547308 0 0
 862.457167104 0.0173323745012256 0 0
 865.75506850025 0.0186252808551183 0 0
 869.05134555 0.015598286725008 0 0
 872.34598408875 0.0171452001307431 0 0
 875.638969952 0.0176493015783348 0 0
 878.93028897525 0.0148845674789124 0 0
 882.219926994 0.0208344442025914 0 0
 885.50786984375 0.0235106949710646 0 0
 888.79410336 0.0242418285523237 0 0
 892.07861337825 0.0195132517717373 0 0
 895.361385734 0.019956866485862 0 0
 898.64240626275 0.0174821965041608 0 0
 901.9216608 0.017656393138516 0 0
 905.19913518125 0.0216965318766703 0 0
 908.474815242 0.0245403240574094 0 0
 911.74868681775 0.027130664417055 0 0
 915.020735744 0.0282060283611847 0 0
 918.29094785625 0.0355779885995757 0 0
 921.55930899 0.0200549370972404 0 0
 924.82580498075 0.0253669350302407 0 0
 928.090421664 0.00648023194608413 0 0
 931.35314487525 0.028276709838184 0 0
 934.61396045 0.0273180863725581 0 0
 937.87285422375 0.0316221444863775 0 0
 941.129812032 0.0348083994264991 0 0
 944.38481971025 0.031355576539609 0 0
 947.637863094 0.0317038109403084 0 0
 950.88892801875 0.0254106458191206 0 0
 954.13800032 0 0 0
 957.38506583325 0 0 0
 960.630110394 0 0 0
 963.87311983775 0 0 0
 967.11408 0 0 0
 970.35297671625 0 0 0
 973.589795822 0 0 0
 976.82452315275 0 0 0
 980.057144544 0 0 0
 983.28764583125 0 0 0
 986.51601285 0 0 0
 989.74223143575 0 0 0
 992.966287424 0 0 0
 996.18816665025 0 0 0
 999.40785495 0 0 0
 1002.62533815875 0 0 0
 1005.840602112 0 0 0
 1009.05363264525 0 0 0
 1012.264415594 0 0 0
 1015.47293679375 0 0 0
 1018.67918208 0 0 0
 1021.88313728825 0 0 0
 1025.084788254 0 0 0
 1028.28412081275 0 0 0
 1031.4811208 0 0 0
 1034.67577405125 0 0 0
 1037.868066402 0 0 0
 1041.05798368775 0 0 0
 1044.245511744 0 0 0
 1047.43063640625 0 0 0
 1050.61334351 0 0 0
 1053.79361889075 0 0 0
 1056.971448384 0 0 0
 1060.14681782525 0 0 0
 1063.31971305 0 0 0
 1066.49011989375 0 0 0
 1069.658024192 0 0 0
 1072.82341178025 0 0 0
 1075.986268494 0 0 0
 1079.14658016875 0 0 0
 1082.30433264 0 0 0
 1085.45951174325 0 0 0
 1088.612103314 0 0 0
 1091.76209318775 0 0 0
 1094.9094672 0 0 0
 1098.05421118625 0 0 0
 1101.196310982 0 0 0
 1104.33575242275 0 0 0
 1107.472521344 0 0 0
 1110.60660358125 0 0 0
 1113.73798497 0 0 0
 1116.86665134575 0 0 0
 1119.992588544 0 0 0
 1123.11578240025 0 0 0
 1126.23621875 0 0 0
 1129.35388342875 0 0 0
 1132.468762272 0 0 0
 1135.58084111525 0 0 0
 1138.690105794 0 0 0
 1141.79654214375 0 0 0
 1144.900136 0 0 0
[END] of [DATA]
[END] of [Spectrum]


#TBID:2021-12-19 01:00:00;SAM_84DC;RAW;

[Spectrum]
Version            = 1
IDData             = 96B1_2021-12-19_01-00-00_000_652
IDDevice           = SAM_84DC
IDDataType         = SPECTRUM
IDDataTypeSub1     = RAW
IDDataTypeSub2     = 
IDDataTypeSub3     = 
DateTime           = 2021-12-19 01:00:00
PositionLatitude   = 0
PositionLongitude  = 0
Comment            = 
CommentSub1        = 
CommentSub2        = 
CommentSub3        = 
IDMethodType       = SAM Control
MethodName         = SAM_84DC
Mission            = No Mission
MissionSub         = 1
RecordType         = 0
[Attributes]
CalFactor = 1
IDBasisSpec = 
IDDataBack = DLAB_2015-08-21_13-19-54_137_939
IDDataCal = DLAB_2015-08-24_10-46-55_592_608
IntegrationTime = 4096
P31 = -1
P31e = 0
PathLength = +INF
PathLengthCustomOn = 0
RAWDynamic = 65535
Salinity = 0
Temperature = -NAN
Unit1 = $05 $00 Pixel 
Unit2 = $03 $05 Intensity counts
Unit3 = $f0 $05 Error counts
Unit4 = $f1 $00 Status 
p999 = 1764
[END] of [Attributes]
[DATA]
 0 11 0 0
 1 1198 0 0
 2 1187 0 0
 3 1201 0 0
 4 1201 0 0
 5 1193 0 0
 6 1196 0 0
 7 1197 0 0
 8 1203 0 0
 9 1197 0 0
 10 1200 0 0
 11 1204 0 0
 12 1199 0 0
 13 1207 0 0
 14 1203 0 0
 15 1198 0 0
 16 1202 0 0
 17 1202 0 0
 18 1203 0 0
 19 1205 0 0
 20 1198 0 0
 21 1199 0 0
 22 1206 0 0
 23 1206 0 0
 24 1205 0 0
 25 1203 0 0
 26 1199 0 0
 27 1202 0 0
 28 1204 0 0
 29 1203 0 0
 30 1203 0 0
 31 1203 0 0
 32 1202 0 0
 33 1206 0 0
 34 1206 0 0
 35 1206 0 0
 36 1206 0 0
 37 1211 0 0
 38 1212 0 0
 39 1212 0 0
 40 1213 0 0
 41 1213 0 0
 42 1208 0 0
 43 1213 0 0
 44 1213 0 0
 45 1217 0 0
 46 1211 0 0
 47 1214 0 0
 48 1209 0 0
 49 1212 0 0
 50 1211 0 0
 51 1206 0 0
 52 1210 0 0
 53 1212 0 0
 54 1209 0 0
 55 1212 0 0
 56 1207 0 0
 57 1210 0 0
 58 1213 0 0
 59 1216 0 0
 60 1204 0 0
 61 1210 0 0
 62 1209 0 0
 63 1212 0 0
 64 1212 0 0
 65 1210 0 0
 66 1207 0 0
 67 1207 0 0
 68 1214 0 0
 69 1214 0 0
 70 1205 0 0
 71 1213 0 0
 72 1209 0 0
 73 1214 0 0
 74 1212 0 0
 75 1210 0 0
 76 1211 0 0
 77 1212 0 0
 78 1213 0 0
 79 1212 0 0
 80 1206 0 0
 81 1209 0 0
 82 1210 0 0
 83 1209 0 0
 84 1205 0 0
 85 1208 0 0
 86 1203 0 0
 87 1206 0 0
 88 1205 0 0
 89 1205 0 0
 90 1202 0 0
 91 1205 0 0
 92 1207 0 0
 93 1205 0 0
 94 1211 0 0
 95 1206 0 0
 96 1204 0 0
 97 1206 0 0
 98 1210 0 0
 99 1212 0 0
 100 1206 0 0
 101 1202 0 0
 102 1202 0 0
 103 1205 0 0
 104 1207 0 0
 105 1206 0 0
 106 1200 0 0
 107 1209 0 0
 108 1208 0 0
 109 1208 0 0
 110 1206 0 0
 111 1208 0 0
 112 1203 0 0
 113 1209 0 0
 114 1202 0 0
 115 1204 0 0
 116 1202 0 0
 117 1206 0 0
 118 1201 0 0
 119 1211 0 0
 120 1197 0 0
 121 1207 0 0
 122 1201 0 0
 123 1207 0 0
 124 1203 0 0
 125 1206 0 0
 126 1200 0 0
 127 1205 0 0
 128 1203 0 0
 129 1206 0 0
 130 1201 0 0
 131 1200 0 0
 132 1202 0 0
 133 1211 0 0
 134 1205 0 0
 135 1204 0 0
 136 1207 0 0
 137 1208 0 0
 138 1202 0 0
 139 1208 0 0
 140 1203 0 0
 141 1205 0 0
 142 1202 0 0
 143 1206 0 0
 144 1208 0 0
 145 1207 0 0
 146 1200 0 0
 147 1203 0 0
 148 1204 0 0
 149 1205 0 0
 150 1206 0 0
 151 1205 0 0
 152 1203 0 0
 153 1203 0 0
 154 1206 0 0
 155 1201 0 0
 156 1201 0 0
 157 1201 0 0
 158 1206 0 0
 159 1204 0 0
 160 1200 0 0
 161 1202 0 0
 162 1197 0 0
 163 1200 0 0
 164 1203 0 0
 165 1204 0 0
 166 1204 0 0
 167 1202 0 0
 168 1202 0 0
 169 1204 0 0
 170 1209 0 0
 171 1206 0 0
 172 1196 0 0
 173 1205 0 0
 174 1211 0 0
 175 1207 0 0
 176 1205 0 0
 177 1200 0 0
 178 1200 0 0
 179 1205 0 0
 180 1200 0 0
 181 1197 0 0
 182 1199 0 0
 183 1205 0 0
 184 1198 0 0
 185 1205 0 0
 186 1204 0 0
 187 1204 0 0
 188 1197 0 0
 189 1204 0 0
 190 1200 0 0
 191 1198 0 0
 192 1200 0 0
 193 1204 0 0
 194 1204 0 0
 195 1198 0 0
 196 1204 0 0
 197 1201 0 0
 198 1200 0 0
 199 1205 0 0
 200 1201 0 0
 201 1203 0 0
 202 1196 0 0
 203 1209 0 0
 204 1207 0 0
 205 1204 0 0
 206 1201 0 0
 207 1205 0 0
 208 1201 0 0
 209 1197 0 0
 210 1196 0 0
 211 1202 0 0
 212 1204 0 0
 213 1206 0 0
 214 1203 0 0
 215 1208 0 0
 216 1201 0 0
 217 1207 0 0
 218 1200 0 0
 219 1200 0 0
 220 1202 0 0
 221 1202 0 0
 222 1203 0 0
 223 1206 0 0
 224 1200 0 0
 225 1204 0 0
 226 1207 0 0
 227 1205 0 0
 228 1203 0 0
 229 1203 0 0
 230 1203 0 0
 231 1202 0 0
 232 1209 0 0
 233 1202 0 0
 234 1204 0 0
 235 1206 0 0
 236 1202 0 0
 237 1203 0 0
 238 1203 0 0
 239 1200 0 0
 240 1205 0 0
 241 1207 0 0
 242 1202 0 0
 243 1203 0 0
 244 1197 0 0
 245 1204 0 0
 246 1206 0 0
 247 1204 0 0
 248 1200 0 0
 249 1204 0 0
 250 1204 0 0
 251 1208 0 0
 252 1203 0 0
 253 1205 0 0
 254 1201 0 0
 255 1265 0 0
[END] of [DATA]
[END] of [Spectrum]


#TBID:2021-12-19 01:00:00;SAM_84DC;CALIBRATED;

[Spectrum]
Version            = 1
IDData             = 96B1_2021-12-19_01-00-00_000_653
IDDevice           = SAM_84DC
IDDataType         = SPECTRUM
IDDataTypeSub1     = CALIBRATED
IDDataTypeSub2     = 
IDDataTypeSub3     = 
DateTime           = 2021-12-19 01:00:00
PositionLatitude   = 0
PositionLongitude  = 0
Comment            = 
CommentSub1        = 
CommentSub2        = 
CommentSub3        = 
IDMethodType       = SAM Control
MethodName         = SAM_84DC
Mission            = No Mission
MissionSub         = 1
RecordType         = 0
[Attributes]
CalFactor = 1
IDBasisSpec = 
IDDataBack = DLAB_2015-08-21_13-19-54_137_939
IDDataCal = DLAB_2015-08-24_10-46-55_592_608
IntegrationTime = 4096
P31 = -1
P31e = 0
PathLength = +INF
PathLengthCustomOn = 0
RAWDynamic = 65535
Salinity = 0
Temperature = -NAN
Unit1 = $01 $01 Wavelength nm
Unit2 = $03 $03 Intensity mW/(m^2 nm Sr)
Unit3 = $f0 $03 Error mW/(m^2 nm Sr)
Unit4 = $f1 $00 Status 
p999 = 1764
[END] of [Attributes]
[DATA]
 0 11 0 0
 305.71650776488 0 0 0
 309.04007505697 0 0 0
 312.36416914304 0 0 0
 315.68877841375 0 0 0
 319.01389125976 8.90424619035207e-005 0 0
 322.33949607173 0.000448292937813346 0 0
 325.66558124032 4.27753924030237e-005 0 0
 328.99213515619 0.000329757987537039 0 0
 332.31914621 -1.27293514757269e-005 0 0
 335.64660279241 0.000168450406550469 0 0
 338.97449329408 0.000197707769584137 0 0
 342.30280610567 0.000211702515500194 0 0
 345.63152961784 0.000363255522148448 0 0
 348.96065222125 3.71179420968845e-005 0 0
 352.29016230656 0.000209901720346367 0 0
 355.62004826443 0.000110903234581013 0 0
 358.95029848552 1.64170279099163e-005 0 0
 362.28090136049 0.0001762111397743 0 0
 365.61184528 0.00017445831919933 0 0
 368.94311863471 0.000101590126683646 0 0
 372.27470981528 0.000180470911993682 0 0
 375.60660721237 0.000152851503297536 0 0
 378.93879921664 0.000166750837798594 0 0
 382.27127421875 0.00016997577800245 0 0
 385.60402060936 0.000267987227709961 0 0
 388.93702677913 5.55218010411231e-005 0 0
 392.27028111872 0.000107762866330631 0 0
 395.60377201879 0.000269036517119111 0 0
 398.93748787 0.000248281387821123 0 0
 402.27141706301 0.000259370079539355 0 0
 405.60554798848 8.63904261647196e-005 0 0
 408.93986903707 0.000101432670217136 0 0
 412.27436859944 0.000218525531417559 0 0
 415.60903506625 0.000121627162085425 0 0
 418.94385682816 0.000189677773093368 0 0
 422.27882227583 5.21294324300357e-005 0 0
 425.61391979992 0.000129947055000762 0 0
 428.94913779109 0.000170853961079587 0 0
 432.28446464 0.000206700269111743 0 0
 435.61988873731 8.51926092827905e-005 0 0
 438.95539847368 0.000155295185287288 0 0
 442.29098223977 0.000118124608819111 0 0
 445.62662842624 0.000145813855258217 0 0
 448.96232542375 0.000126030545570817 0 0
 452.29806162296 0.000186009176947394 0 0
 455.63382541453 7.61420848799708e-005 0 0
 458.96960518912 9.28393999051777e-005 0 0
 462.30538933739 0.000136817190501637 0 0
 465.64116625 0.000167376035874692 0 0
 468.97692431761 0.000180094666706038 0 0
 472.31265193088 9.44706507314805e-005 0 0
 475.64833748047 0.000133272410424974 0 0
 478.98396935704 0.000194066833576977 0 0
 482.31953595125 0.000155513949508149 0 0
 485.65502565376 0.000140228352364575 0 0
 488.99042685523 0.000104982113365093 0 0
 492.32572794632 9.11940431619966e-005 0 0
 495.66091731769 0.000135083826645542 0 0
 498.99598336 8.84833547577295e-005 0 0
 502.33091446391 2.2657501518352e-005 0 0
 505.66569902008 6.2186478344096e-005 0 0
 509.00032541917 0.000140309543356931 0 0
 512.33478205184 0.000130881354485311 0 0
 515.66905730875 0.000113023791933162 0 0
 519.00313958056 0.000128193159859049 0 0
 522.33701725793 0.000179182828627573 0 0
 525.67067873152 5.00269084361664e-005 0 0
 529.00411239199 0.000105766884274729 0 0
 532.33730663 0.00015309249130047 0 0
 535.67024983621 8.54281861759866e-006 0 0
 539.00293040128 5.60499030635972e-005 0 0
 542.33533671587 8.92967126309385e-005 0 0
 545.66745717064 9.38820950109563e-005 0 0
 548.99928015625 5.97112074212621e-005 0 0
 552.33079406336 0.000120306039761085 0 0
 555.66198728263 7.16066411780605e-005 0 0
 558.99284820472 9.29656309482147e-005 0 0
 562.32336522029 0.000180298974901848 0 0
 565.65352672 6.23325465263946e-005 0 0
 568.98332109451 7.10915996006815e-005 0 0
 572.31273673448 2.37837234862213e-005 0 0
 575.64176203057 0.000121806435844852 0 0
 578.97038537344 7.12583051553447e-005 0 0
 582.29859515375 0.000115378983902299 0 0
 585.62637976216 -2.06581982559421e-005 0 0
 588.95372758933 -1.09136618574069e-005 0 0
 592.28062702592 1.38307260848597e-005 0 0
 595.60706646259 6.38383058476754e-005 0 0
 598.93303429 -2.69610861870361e-005 0 0
 602.25851889881 7.04765817736203e-005 0 0
 605.58350867968 2.10761991474115e-005 0 0
 608.90799202327 5.15148672819676e-005 0 0
 612.23195732024 3.52494581270671e-005 0 0
 615.55539296125 6.64813225027399e-005 0 0
 618.87828733696 5.65697582666432e-006 0 0
 622.20062883803 6.30769004332045e-005 0 0
 625.52240585512 -3.19792175381858e-005 0 0
 628.84360677889 0.00015413563855402 0 0
 632.16422 0.000141995859517767 0 0
 635.48423390911 2.23853811474109e-005 0 0
 638.80363689688 2.63644808658713e-005 0 0
 642.12241735397 -3.6494233709051e-005 0 0
 645.44056367104 4.96330366412336e-005 0 0
 648.75806423875 8.8672213324895e-005 0 0
 652.07490744776 7.39350393853841e-006 0 0
 655.39108168873 -7.55027631876708e-005 0 0
 658.70657535232 -4.17579120607474e-005 0 0
 662.02137682919 6.61454366183803e-005 0 0
 665.33547451 5.16377359845199e-005 0 0
 668.64885678541 7.86852129496492e-005 0 0
 671.96151204608 5.76019968575741e-005 0 0
 675.27342868267 -1.64954560593294e-005 0 0
 678.58459508584 0.000223743648018613 0 0
 681.89499964625 -5.574277287304e-005 0 0
 685.20463075456 -6.50225721860088e-005 0 0
 688.51347680143 8.19470856798316e-006 0 0
 691.82152617752 9.41596735635867e-005 0 0
 695.12876727349 4.14713127086133e-005 0 0
 698.43518848 0.000189569161623004 0 0
 701.74077818771 7.52155638840264e-005 0 0
 705.04552478728 -5.07352438238228e-005 0 0
 708.34941666937 3.7657738567234e-005 0 0
 711.65244222464 3.21148420265424e-005 0 0
 714.95458984375 -5.14329013185741e-005 0 0
 718.25584791736 0.000141234446953761 0 0
 721.55620483613 -0.00011179765288209 0 0
 724.85564899072 1.86060849579143e-005 0 0
 728.15416877179 4.51625219382913e-005 0 0
 731.45175257 0.000123992064310066 0 0
 734.74838877601 -0.000134830296993489 0 0
 738.04406578048 -1.09085778211386e-005 0 0
 741.33877197407 -4.55842462545336e-005 0 0
 744.63249574744 0.000192931635271006 0 0
 747.92522549125 0.000101859270424795 0 0
 751.21694959616 -9.54178936354568e-007 0 0
 754.50765645283 0.000234532132511434 0 0
 757.79733445192 0.000117011703191827 0 0
 761.08597198409 9.73275313390412e-005 0 0
 764.37355744 0.000164968823597656 0 0
 767.66007921031 0.000113613510569264 0 0
 770.94552568568 2.41506752844348e-006 0 0
 774.22988525677 0.000100949508800706 0 0
 777.51314631424 8.37562996089657e-005 0 0
 780.79529724875 0.000191795915846721 0 0
 784.07632645096 0.000288797342946535 0 0
 787.35622231153 4.95134352738707e-005 0 0
 790.63497322112 0.000101239597965988 0 0
 793.91256757039 1.42532517238453e-005 0 0
 797.18899375 9.68765591259376e-005 0 0
 800.46424015061 0.000281611365975166 0 0
 803.73829516288 6.95730871702647e-005 0 0
 807.01114717747 6.62435777814477e-005 0 0
 810.28278458504 -7.03724017772823e-005 0 0
 813.55319577625 0.00011826692850226 0 0
 816.82236914176 -1.28804211855696e-005 0 0
 820.09029307223 0.000165452113833012 0 0
 823.35695595832 -0.000176257215623715 0 0
 826.62234619069 0.000256363752492404 0 0
 829.88645216 2.75869495174984e-005 0 0
 833.14926225691 -0.000130881298182564 0 0
 836.41076487208 0.000258686628708659 0 0
 839.67094839617 0.00019630880073085 0 0
 842.92980121984 0.000140579739380187 0 0
 846.18731173375 0.000213323209592049 0 0
 849.44346832856 0.000151549971438262 0 0
 852.69825939493 -0.00015930596555626 0 0
 855.95167332352 -0.00013037366271768 0 0
 859.20369850499 -6.22946198593349e-006 0 0
 862.45432333 0.000107488378038488 0 0
 865.70353618921 0.000541732542271683 0 0
 868.95132547328 -4.43744516396314e-005 0 0
 872.19767957287 0.000209205834812335 0 0
 875.44258687864 6.80691769673322e-005 0 0
 878.68603578125 0.0007876867560917 0 0
 881.92801467136 0.000736112663179285 0 0
 885.16851193963 0.000261130047572771 0 0
 888.40751597672 0.000152493180407425 0 0
 891.64501517329 -0.000136734747376069 0 0
 894.88099792 0.000944688232864706 0 0
 898.11545260751 0.000319825234420194 0 0
 901.34836762648 6.20876954265515e-005 0 0
 904.57973136757 -9.18563457361003e-005 0 0
 907.80953222144 0.000520343750926532 0 0
 911.03775857875 -0.0001156098182673 0 0
 914.26439883016 0.000621821941094583 0 0
 917.48944136633 0.000330513926012225 0 0
 920.71287457792 0.000360267141497942 0 0
 923.93468685559 0.00020552863712963 0 0
 927.15486659 0.0013830100681968 0 0
 930.37340217181 0.000501355386360078 0 0
 933.59028199168 -0.000242184731786332 0 0
 936.80549444027 -0.00149433677997201 0 0
 940.01902790824 0.000327578721726406 0 0
 943.23087078625 0.000902308525165509 0 0
 946.44101146496 0.000502661663434336 0 0
 949.64943833503 -0.000271608512440447 0 0
 952.85613978712 -5.74873182930895e-005 0 0
 956.06110421189 0 0 0
 959.26432 0 0 0
 962.46577554211 0 0 0
 965.66545922888 0 0 0
 968.86335945097 0 0 0
 972.05946459904 0 0 0
 975.25376306375 0 0 0
 978.44624323576 0 0 0
 981.63689350573 0 0 0
 984.82570226432 0 0 0
 988.01265790219 0 0 0
 991.19774881 0 0 0
 994.38096337841 0 0 0
 997.56228999808 0 0 0
 1000.74171705967 0 0 0
 1003.91923295384 0 0 0
 1007.09482607125 0 0 0
 1010.26848480256 0 0 0
 1013.44019753843 0 0 0
 1016.60995266952 0 0 0
 1019.77773858649 0 0 0
 1022.94354368 0 0 0
 1026.10735634071 0 0 0
 1029.26916495928 0 0 0
 1032.42895792637 0 0 0
 1035.58672363264 0 0 0
 1038.74245046875 0 0 0
 1041.89612682536 0 0 0
 1045.04774109313 0 0 0
 1048.19728166272 0 0 0
 1051.34473692479 0 0 0
 1054.49009527 0 0 0
 1057.63334508901 0 0 0
 1060.77447477248 0 0 0
 1063.91347271107 0 0 0
 1067.05032729544 0 0 0
 1070.18502691625 0 0 0
 1073.31755996416 0 0 0
 1076.44791482983 0 0 0
 1079.57607990392 0 0 0
 1082.70204357709 0 0 0
 1085.82579424 0 0 0
 1088.94732028331 0 0 0
 1092.06661009768 0 0 0
 1095.18365207377 0 0 0
 1098.29843460224 0 0 0
 1101.41094607375 0 0 0
 1104.52117487896 0 0 0
 1107.62910940853 0 0 0
 1110.73473805312 0 0 0
 1113.83804920339 0 0 0
 1116.93903125 0 0 0
 1120.03767258361 0 0 0
 1123.13396159488 0 0 0
 1126.22788667447 0 0 0
 1129.31943621304 0 0 0
 1132.40859860125 0 0 0
 1135.49536222976 0 0 0
[END] of [DATA]
[END] of [Spectrum]


#TBID:2021-12-19 01:00:00;SAM_84C8;RAW;

[Spectrum]
Version            = 1
IDData             = 96B1_2021-12-19_01-00-00_000_655
IDDevice           = SAM_84C8
IDDataType         = SPECTRUM
IDDataTypeSub1     = RAW
IDDataTypeSub2     = 
IDDataTypeSub3     = 
DateTime           = 2021-12-19 01:00:00
PositionLatitude   = 0
PositionLongitude  = 0
Comment            = 
CommentSub1        = 
CommentSub2        = 
CommentSub3        = 
IDMethodType       = SAM Control
MethodName         = SAM_84C8
Mission            = No Mission
MissionSub         = 1
RecordType         = 0
[Attributes]
CalFactor = 1
IDBasisSpec = 
IDDataBack = DLAB_2015-08-21_12-14-03_013_778
IDDataCal = DLAB_2015-08-24_11-04-47_772_747
IntegrationTime = 4096
P31 = -1
P31e = 0
PathLength = +INF
PathLengthCustomOn = 0
RAWDynamic = 65535
Salinity = 0
Temperature = -NAN
Unit1 = $05 $00 Pixel 
Unit2 = $03 $05 Intensity counts
Unit3 = $f0 $05 Error counts
Unit4 = $f1 $00 Status 
p999 = 1764
[END] of [Attributes]
[DATA]
 0 11 0 0
 1 1104 0 0
 2 1087 0 0
 3 1099 0 0
 4 1103 0 0
 5 1101 0 0
 6 1101 0 0
 7 1106 0 0
 8 1095 0 0
 9 1101 0 0
 10 1093 0 0
 11 1097 0 0
 12 1099 0 0
 13 1094 0 0
 14 1099 0 0
 15 1103 0 0
 16 1105 0 0
 17 1105 0 0
 18 1106 0 0
 19 1103 0 0
 20 1109 0 0
 21 1101 0 0
 22 1107 0 0
 23 1110 0 0
 24 1105 0 0
 25 1102 0 0
 26 1104 0 0
 27 1102 0 0
 28 1107 0 0
 29 1112 0 0
 30 1105 0 0
 31 1107 0 0
 32 1105 0 0
 33 1105 0 0
 34 1109 0 0
 35 1111 0 0
 36 1110 0 0
 37 1108 0 0
 38 1110 0 0
 39 1114 0 0
 40 1114 0 0
 41 1112 0 0
 42 1114 0 0
 43 1115 0 0
 44 1110 0 0
 45 1120 0 0
 46 1116 0 0
 47 1112 0 0
 48 1117 0 0
 49 1122 0 0
 50 1111 0 0
 51 1120 0 0
 52 1119 0 0
 53 1119 0 0
 54 1110 0 0
 55 1123 0 0
 56 1117 0 0
 57 1122 0 0
 58 1117 0 0
 59 1119 0 0
 60 1120 0 0
 61 1118 0 0
 62 1122 0 0
 63 1120 0 0
 64 1118 0 0
 65 1122 0 0
 66 1123 0 0
 67 1122 0 0
 68 1124 0 0
 69 1125 0 0
 70 1129 0 0
 71 1123 0 0
 72 1128 0 0
 73 1127 0 0
 74 1126 0 0
 75 1133 0 0
 76 1130 0 0
 77 1129 0 0
 78 1130 0 0
 79 1129 0 0
 80 1129 0 0
 81 1127 0 0
 82 1125 0 0
 83 1127 0 0
 84 1129 0 0
 85 1126 0 0
 86 1125 0 0
 87 1126 0 0
 88 1126 0 0
 89 1131 0 0
 90 1129 0 0
 91 1125 0 0
 92 1127 0 0
 93 1123 0 0
 94 1123 0 0
 95 1124 0 0
 96 1127 0 0
 97 1123 0 0
 98 1130 0 0
 99 1122 0 0
 100 1123 0 0
 101 1126 0 0
 102 1123 0 0
 103 1120 0 0
 104 1123 0 0
 105 1122 0 0
 106 1124 0 0
 107 1121 0 0
 108 1123 0 0
 109 1121 0 0
 110 1119 0 0
 111 1124 0 0
 112 1125 0 0
 113 1127 0 0
 114 1121 0 0
 115 1122 0 0
 116 1120 0 0
 117 1122 0 0
 118 1120 0 0
 119 1124 0 0
 120 1121 0 0
 121 1121 0 0
 122 1120 0 0
 123 1120 0 0
 124 1124 0 0
 125 1119 0 0
 126 1125 0 0
 127 1131 0 0
 128 1125 0 0
 129 1120 0 0
 130 1122 0 0
 131 1122 0 0
 132 1122 0 0
 133 1139 0 0
 134 1116 0 0
 135 1121 0 0
 136 1116 0 0
 137 1118 0 0
 138 1118 0 0
 139 1125 0 0
 140 1119 0 0
 141 1118 0 0
 142 1122 0 0
 143 1118 0 0
 144 1127 0 0
 145 1118 0 0
 146 1119 0 0
 147 1120 0 0
 148 1120 0 0
 149 1118 0 0
 150 1114 0 0
 151 1117 0 0
 152 1119 0 0
 153 1119 0 0
 154 1118 0 0
 155 1113 0 0
 156 1115 0 0
 157 1115 0 0
 158 1121 0 0
 159 1117 0 0
 160 1112 0 0
 161 1114 0 0
 162 1116 0 0
 163 1118 0 0
 164 1113 0 0
 165 1118 0 0
 166 1117 0 0
 167 1116 0 0
 168 1110 0 0
 169 1115 0 0
 170 1117 0 0
 171 1114 0 0
 172 1116 0 0
 173 1113 0 0
 174 1112 0 0
 175 1120 0 0
 176 1113 0 0
 177 1113 0 0
 178 1111 0 0
 179 1116 0 0
 180 1117 0 0
 181 1114 0 0
 182 1113 0 0
 183 1112 0 0
 184 1109 0 0
 185 1116 0 0
 186 1112 0 0
 187 1118 0 0
 188 1113 0 0
 189 1114 0 0
 190 1112 0 0
 191 1112 0 0
 192 1111 0 0
 193 1109 0 0
 194 1114 0 0
 195 1114 0 0
 196 1109 0 0
 197 1114 0 0
 198 1116 0 0
 199 1112 0 0
 200 1112 0 0
 201 1112 0 0
 202 1108 0 0
 203 1109 0 0
 204 1113 0 0
 205 1114 0 0
 206 1115 0 0
 207 1112 0 0
 208 1114 0 0
 209 1110 0 0
 210 1110 0 0
 211 1116 0 0
 212 1114 0 0
 213 1106 0 0
 214 1113 0 0
 215 1111 0 0
 216 1109 0 0
 217 1110 0 0
 218 1114 0 0
 219 1112 0 0
 220 1114 0 0
 221 1108 0 0
 222 1108 0 0
 223 1113 0 0
 224 1113 0 0
 225 1113 0 0
 226 1114 0 0
 227 1110 0 0
 228 1110 0 0
 229 1110 0 0
 230 1107 0 0
 231 1114 0 0
 232 1111 0 0
 233 1113 0 0
 234 1113 0 0
 235 1115 0 0
 236 1113 0 0
 237 1111 0 0
 238 1113 0 0
 239 1115 0 0
 240 1112 0 0
 241 1112 0 0
 242 1109 0 0
 243 1111 0 0
 244 1113 0 0
 245 1115 0 0
 246 1108 0 0
 247 1109 0 0
 248 1115 0 0
 249 1117 0 0
 250 1111 0 0
 251 1110 0 0
 252 1111 0 0
 253 1112 0 0
 254 1122 0 0
 255 1165 0 0
[END] of [DATA]
[END] of [Spectrum]


#TBID:2021-12-19 01:00:00;SAM_84C8;CALIBRATED;

[Spectrum]
Version            = 1
IDData             = 96B1_2021-12-19_01-00-00_000_656
IDDevice           = SAM_84C8
IDDataType         = SPECTRUM
IDDataTypeSub1     = CALIBRATED
IDDataTypeSub2     = 
IDDataTypeSub3     = 
DateTime           = 2021-12-19 01:00:00
PositionLatitude   = 0
PositionLongitude  = 0
Comment            = 
CommentSub1        = 
CommentSub2        = 
CommentSub3        = 
IDMethodType       = SAM Control
MethodName         = SAM_84C8
Mission            = No Mission
MissionSub         = 1
RecordType         = 0
[Attributes]
CalFactor = 1
IDBasisSpec = 
IDDataBack = DLAB_2015-08-21_12-14-03_013_778
IDDataCal = DLAB_2015-08-24_11-04-47_772_747
IntegrationTime = 4096
P31 = -1
P31e = 0
PathLength = +INF
PathLengthCustomOn = 0
RAWDynamic = 65535
Salinity = 0
Temperature = -NAN
Unit1 = $01 $01 Wavelength nm
Unit2 = $03 $03 Intensity mW/(m^2 nm Sr)
Unit3 = $f0 $03 Error mW/(m^2 nm Sr)
Unit4 = $f1 $00 Status 
p999 = 1764
[END] of [Attributes]
[DATA]
 0 11 0 0
 303.516048156 0 0 0
 306.890006053 0 0 0
 310.26457112 0 0 0
 313.639731825 0 0 0
 317.015476636 -0.00021980608115121 0 0
 320.391794021 -0.000304412212246132 0 0
 323.768672448 7.40189809544161e-005 0 0
 327.146100385 -0.000252591247502088 0 0
 330.5240663 -8.65542766607186e-005 0 0
 333.902558661 -0.000138668883879555 0 0
 337.281565936 -0.000292958264502622 0 0
 340.661076593 -0.000320827699686961 0 0
 344.0410791 -0.000211218622324781 0 0
 347.421561925 -7.51762969684215e-005 0 0
 350.802513536 -4.69558722684516e-005 0 0
 354.183922401 -6.89931548833008e-006 0 0
 357.565776988 -5.39971939906084e-005 0 0
 360.948065765 -2.56596796903226e-006 0 0
 364.3307772 -6.78856981163582e-005 0 0
 367.713899761 0.000107016039163785 0 0
 371.097421916 -8.88916078816782e-005 0 0
 374.481332133 -9.80771296862701e-006 0 0
 377.86561888 3.8850042094399e-005 0 0
 381.250270625 -9.56317964992555e-005 0 0
 384.635275836 -8.97717733889533e-005 0 0
 388.020622981 0.000102364120938795 0 0
 391.406300528 -4.00713821302769e-005 0 0
 394.792296945 -1.63671947504488e-005 0 0
 398.1786007 0.000129748356982229 0 0
 401.565200261 -7.99242477222812e-005 0 0
 404.952084096 1.50434322515995e-005 0 0
 408.339240673 -2.06369586897366e-005 0 0
 411.72665846 5.18859813255933e-005 0 0
 415.114325925 0.000102193925069561 0 0
 418.502231536 0.000150121504438655 0 0
 421.890363761 5.02701174083608e-005 0 0
 425.278711068 -0.000125552966923575 0 0
 428.667261925 3.3858666412736e-005 0 0
 432.0560048 0.000166655163740277 0 0
 435.444928161 0.00012908403138276 0 0
 438.834020476 6.19910562565135e-005 0 0
 442.223270213 0.000119990194547376 0 0
 445.61266584 9.05622850602852e-005 0 0
 449.002195825 9.41358386704501e-005 0 0
 452.391848636 0.000107670500745077 0 0
 455.781612741 0.000110331266720667 0 0
 459.171476608 8.74083264252949e-005 0 0
 462.561428705 0.000108556452205982 0 0
 465.9514575 0.000127674316749405 0 0
 469.341551461 0.000104054431274568 0 0
 472.731699056 0.000144360192994934 0 0
 476.121888753 0.000140801084134012 0 0
 479.51210902 0.000176769128623487 0 0
 482.902348325 0.000197812437321288 0 0
 486.292595136 0.000227834911007715 0 0
 489.682837921 0.000121313315472558 0 0
 493.073065148 0.00013843110910422 0 0
 496.463265285 0.000163987231558363 0 0
 499.8534268 0.000268086008432878 0 0
 503.243538161 0.000240688107065633 0 0
 506.633587836 0.000164475206751198 0 0
 510.023564293 5.32726085827768e-005 0 0
 513.413456 0.000126032070017191 0 0
 516.803251425 0.000234717929339158 0 0
 520.192939036 0.000232981083195897 0 0
 523.582507301 0.00016106474883332 0 0
 526.971944688 0.000174992083447645 0 0
 530.361239665 0.000141871642725585 0 0
 533.7503807 0.000230112475875761 0 0
 537.139356261 0.000192858200982949 0 0
 540.528154816 0.00016576972039531 0 0
 543.916764833 0.000157988488446978 0 0
 547.30517478 0.000218393710000783 0 0
 550.693373125 0.000219345306789974 0 0
 554.081348336 0.000271765026163996 0 0
 557.469088881 0.000244593018192392 0 0
 560.856583228 0.000233096889523693 0 0
 564.243819845 0.000248111758764801 0 0
 567.6307872 0.000229893437444781 0 0
 571.017473761 0.00023945028051023 0 0
 574.403867996 0.000251170848222548 0 0
 577.789958373 0.000134349867646044 0 0
 581.17573336 0.000197961569519124 0 0
 584.561181425 0.00020856765712979 0 0
 587.946291036 0.000263314462845204 0 0
 591.331050661 0.000240385743432631 0 0
 594.715448768 0.00020101403116907 0 0
 598.099473825 0.000259739269482487 0 0
 601.4831143 0.000364546033787417 0 0
 604.866358661 0.000205412856752302 0 0
 608.249195376 0.000199675070551775 0 0
 611.631612913 0.00024023082914549 0 0
 615.01359974 0.000272308652714925 0 0
 618.395144325 0.000114181101281324 0 0
 621.776235136 0.000233713243497854 0 0
 625.156860641 0.000191312031311413 0 0
 628.537009308 0.000218911952191801 0 0
 631.916669605 0.000365336619071427 0 0
 635.29583 0.000263461774476765 0 0
 638.674478961 0.000109365589174017 0 0
 642.052604956 9.70627166177023e-005 0 0
 645.430196453 0.000174046157639338 0 0
 648.80724192 0.000213833851977249 0 0
 652.183729825 0.000266681333829563 0 0
 655.559648636 9.5103836042619e-005 0 0
 658.934986821 0.000329557355181804 0 0
 662.309732848 0.000221425661866255 0 0
 665.683875185 0.000369721247455686 0 0
 669.0574023 0.000284936320354549 0 0
 672.430302661 3.06227531713763e-005 0 0
 675.802564736 -8.49213207958602e-006 0 0
 679.174176993 0.000257873673379309 0 0
 682.5451279 0.000305832727243565 0 0
 685.915405925 0.000205742878673919 0 0
 689.284999536 9.29146494070111e-005 0 0
 692.653897201 -9.64610033137307e-006 0 0
 696.022087388 0.000276018965121042 0 0
 699.389558565 0.000254267675842369 0 0
 702.7562992 0.000153021117006735 0 0
 706.122297761 0.000350271213254357 0 0
 709.487542716 0.000210521600845687 0 0
 712.852022533 0.000328584632835563 0 0
 716.21572568 0.000270677110643885 0 0
 719.578640625 0.000392506357145661 0 0
 722.940755836 0.000165830642614933 0 0
 726.302059781 0.000308389405144216 0 0
 729.662540928 0.000234720495001926 0 0
 733.022187745 0.000384635653723274 0 0
 736.3809887 0.000144229409870005 0 0
 739.738932261 0.000353044126565047 0 0
 743.096006896 0.000181460283896696 0 0
 746.452201073 0.00021517351270926 0 0
 749.80750326 -0.00083844413576764 0 0
 753.161901925 -5.84706190744596e-006 0 0
 756.515385536 0.000254998311421646 0 0
 759.867942561 0.000115622944714949 0 0
 763.219561468 8.79218025191746e-005 0 0
 766.570230725 0.000241924881016097 0 0
 769.9199388 0.000185640697619871 0 0
 773.268674161 0.000181554169091097 0 0
 776.616425276 0.000245463254382565 0 0
 779.963180613 0.000202656542729783 0 0
 783.30892864 0.000180062601932334 0 0
 786.653657825 0.000233299868451123 0 0
 789.997356636 8.40980536498029e-005 0 0
 793.340013541 0.00011915114050717 0 0
 796.681617008 0.00035927924200328 0 0
 800.022155505 0.00016948481914282 0 0
 803.3616175 0.000291231965237556 0 0
 806.699991461 9.45738111344091e-005 0 0
 810.037265856 0.00015521988078162 0 0
 813.373429153 7.73787173719957e-005 0 0
 816.70846982 0.000321919158034598 0 0
 820.042376325 0.000400847686747659 0 0
 823.375137136 0.000291221505216017 0 0
 826.706740721 7.87680796933101e-005 0 0
 830.037175548 -1.48009285698739e-005 0 0
 833.366430085 0.000365562897920623 0 0
 836.6944928 0.00036580227423292 0 0
 840.021352161 -0.000179274628544394 0 0
 843.346996636 0.000164428973098417 0 0
 846.671414693 0.000108377556762629 0 0
 849.9945948 0.000372610800804534 0 0
 853.316525425 0.00045467848043502 0 0
 856.637195036 0.000129111115895693 0 0
 859.956592101 0.000238652598946843 0 0
 863.274705088 -9.07957941902164e-005 0 0
 866.591522465 -0.00036357749022381 0 0
 869.9070327 0.000362732022085276 0 0
 873.221224261 0.000114079832320286 0 0
 876.534085616 0.000289687236960864 0 0
 879.845605233 0.000194325531487048 0 0
 883.15577158 0.0010432037408798 0 0
 886.464573125 0.000382711971304475 0 0
 889.771998336 0.000100104483719527 0 0
 893.078035681 0.00032877177284872 0 0
 896.382673628 0.000195924179313731 0 0
 899.685900645 0.000331407312786019 0 0
 902.9877052 0.000296893542304391 0 0
 906.288075761 7.50914781361202e-005 0 0
 909.587000796 -2.73142674031646e-005 0 0
 912.884468773 -0.000124525372784247 0 0
 916.18046816 -0.000146863421598131 0 0
 919.474987425 0.000264814094152086 0 0
 922.768015036 0.000337959912410577 0 0
 926.059539461 0.000391906188884255 0 0
 929.349549168 -0.000102101983130869 0 0
 932.638032625 0.000405503911322256 0 0
 935.9249783 0.000563931909747849 0 0
 939.210374661 0.0014984681088177 0 0
 942.494210176 1.8252822155642e-005 0 0
 945.776473313 -0.001179619507449 0 0
 949.05715254 0.00117763405847503 0 0
 952.336236325 -0.000142761812788299 0 0
 955.613713136 0 0 0
 958.889571441 0 0 0
 962.163799708 0 0 0
 965.436386405 0 0 0
 968.70732 0 0 0
 971.976588961 0 0 0
 975.244181756 0 0 0
 978.510086853 0 0 0
 981.77429272 0 0 0
 985.036787825 0 0 0
 988.297560636 0 0 0
 991.556599621 0 0 0
 994.813893248 0 0 0
 998.069429985 0 0 0
 1001.3231983 0 0 0
 1004.575186661 0 0 0
 1007.825383536 0 0 0
 1011.073777393 0 0 0
 1014.3203567 0 0 0
 1017.565109925 0 0 0
 1020.808025536 0 0 0
 1024.049092001 0 0 0
 1027.288297788 0 0 0
 1030.525631365 0 0 0
 1033.7610812 0 0 0
 1036.994635761 0 0 0
 1040.226283516 0 0 0
 1043.456012933 0 0 0
 1046.68381248 0 0 0
 1049.909670625 0 0 0
 1053.133575836 0 0 0
 1056.355516581 0 0 0
 1059.575481328 0 0 0
 1062.793458545 0 0 0
 1066.0094367 0 0 0
 1069.223404261 0 0 0
 1072.435349696 0 0 0
 1075.645261473 0 0 0
 1078.85312806 0 0 0
 1082.058937925 0 0 0
 1085.262679536 0 0 0
 1088.464341361 0 0 0
 1091.663911868 0 0 0
 1094.861379525 0 0 0
 1098.0567328 0 0 0
 1101.249960161 0 0 0
 1104.441050076 0 0 0
 1107.629991013 0 0 0
 1110.81677144 0 0 0
 1114.001379825 0 0 0
 1117.183804636 0 0 0
 1120.364034341 0 0 0
 1123.542057408 0 0 0
 1126.717862305 0 0 0
 1129.8914375 0 0 0
 1133.062771461 0 0 0
 1136.231852656 0 0 0
 1139.398669553 0 0 0
 1142.56321062 0 0 0
 1145.725464325 0 0 0
 1148.885419136 0 0 0
[END] of [DATA]
[END] of [Spectrum]

