
#TBID:2021-07-19 02:30:00;SAM_84CE;CALIBRATED;

[Spectrum]
Version            = 1
IDData             = 96B1_2021-07-19_02-30-00_000_176
IDDevice           = SAM_84CE
IDDataType         = SPECTRUM
IDDataTypeSub1     = CALIBRATED
IDDataTypeSub2     = 
IDDataTypeSub3     = 
DateTime           = 2021-07-19 02:30:00
PositionLatitude   = 0
PositionLongitude  = 0
Comment            = 
CommentSub1        = 
CommentSub2        = 
CommentSub3        = 
IDMethodType       = SAM Control
MethodName         = SAM_84CE
Mission            = No Mission
MissionSub         = 1
RecordType         = 0
[Attributes]
CalFactor = 1
IDBasisSpec = 
IDDataBack = DLAB_2015-08-21_11-56-43_233_004
IDDataCal = DLAB_2015-08-26_10-05-37_585_478
IntegrationTime = 4096
P31 = -1
P31e = 0
PathLength = +INF
PathLengthCustomOn = 0
RAWDynamic = 65535
Salinity = 0
Temperature = -NAN
Unit1 = $01 $01 Wavelength nm
Unit2 = $03 $06 Intensity mW/(m^2 nm)
Unit3 = $f0 $06 Error mW/(m^2 nm)
Unit4 = $f1 $00 Status 
p999 = 416
[END] of [Attributes]
[DATA]
 0 11 0 0
 303.485180022 0 0 0
 306.85638880275 0 0 0
 310.228324544 0 0 0
 313.60097308125 0 0 0
 316.97432025 -0.00564436373955254 0 0
 320.34835188575 -0.00503559067607624 0 0
 323.723053824 -0.00449463371506811 0 0
 327.09841190025 -0.00201434864276435 0 0
 330.47441195 -0.00189996713050873 0 0
 333.85103980875 -0.00364415351113827 0 0
 337.228281312 -0.00010093879499541 0 0
 340.60612229525 -0.00159611366050572 0 0
 343.984548594 -0.000863246831840237 0 0
 347.36354604375 -0.00115833274891757 0 0
 350.74310048 -0.00120251001529265 0 0
 354.12319773825 0.000412258753016405 0 0
 357.503823654 -0.000925996755821321 0 0
 360.88496406275 0.000881640937875089 0 0
 364.2666048 0.000524259574213266 0 0
 367.64873170125 0.000798074229748602 0 0
 371.031330602 -9.83553494391583e-005 0 0
 374.41438733775 0.000913816993028479 0 0
 377.797887744 0.000873235979032031 0 0
 381.18181765625 0.00276327017439524 0 0
 384.56616291 0.00213543432949608 0 0
 387.95090934075 0.000962366361428822 0 0
 391.336042784 0.00269245823865817 0 0
 394.72154907525 0.00265474249908795 0 0
 398.10741405 0.00209850427094472 0 0
 401.49362354375 0.00209003245474784 0 0
 404.880163392 0.00177512054987738 0 0
 408.26701943025 0.00111574787233678 0 0
 411.654177494 0.00128258952996652 0 0
 415.04162341875 0.00162535503990954 0 0
 418.42934304 0.00127645522182545 0 0
 421.81732219325 0.0022766230568628 0 0
 425.205546714 0.001257137195071 0 0
 428.59400243775 0.00147171213438539 0 0
 431.9826752 0.00114977366647924 0 0
 435.37155083625 0.00103325821938441 0 0
 438.760615182 0.000881320199279396 0 0
 442.14985407275 0.000949740970289531 0 0
 445.539253344 0.000394003052455942 0 0
 448.92879883125 0.000858021085132261 0 0
 452.31847637 0.00102621126164991 0 0
 455.70827179575 0.000602260745366274 0 0
 459.098170944 0.00106166331251604 0 0
 462.48815965025 0.000676372033454748 0 0
 465.87822375 0.000975183432116619 0 0
 469.26834907875 0.00135516560108192 0 0
 472.658521472 0.00110317847729235 0 0
 476.04872676525 0.00140790752217341 0 0
 479.438950794 0.000933297077739894 0 0
 482.82917939375 0.000830095299764264 0 0
 486.2193984 0.00152325068710754 0 0
 489.60959364825 0.00147487316196594 0 0
 492.999750974 0.00085124920401324 0 0
 496.38985621275 0.00129680311337961 0 0
 499.7798952 0.00117184172395741 0 0
 503.16985377125 0.00134472097544018 0 0
 506.559717762 0.00137767364166427 0 0
 509.94947300775 0.00021724444532888 0 0
 513.339105344 0.0015047563250853 0 0
 516.72860060625 0.00125159609623399 0 0
 520.11794463 0.00137465125997919 0 0
 523.50712325075 0.0014219467462032 0 0
 526.896122304 0.000312177233524712 0 0
 530.28492762525 0.000972523986242869 0 0
 533.67352505 0.0017815984226181 0 0
 537.06190041375 0.00124786008021183 0 0
 540.450039552 0.00148269052584816 0 0
 543.83792830025 0.00109254991251598 0 0
 547.225552494 0.000758152130831594 0 0
 550.61289796875 0.00161754999952395 0 0
 553.99995056 0.00107798452894822 0 0
 557.38669610325 0.000853972155862166 0 0
 560.773120434 0.00148517428411977 0 0
 564.15920938775 0.00154081565435434 0 0
 567.5449488 0.00124183402020526 0 0
 570.93032450625 0.00178667584582713 0 0
 574.315322342 0.00124486473278559 0 0
 577.69992814275 0.00129932961989826 0 0
 581.084127744 0.0014817386999672 0 0
 584.46790698125 0.00113847540035962 0 0
 587.85125169 0.00116664520526788 0 0
 591.23414770575 0.00108495521036868 0 0
 594.616580864 0.00133939115662602 0 0
 597.99853700025 0.00157185671995633 0 0
 601.38000195 0.00184289874740531 0 0
 604.76096154875 0.00065054743437601 0 0
 608.141401632 0.00158913891381507 0 0
 611.52130803525 0.00141798321284725 0 0
 614.900666594 0.000956421986047993 0 0
 618.27946314375 0.00124068489304147 0 0
 621.65768352 0.00103931584288964 0 0
 625.03531355825 0.00166655820332258 0 0
 628.412339094 0.00107713254842227 0 0
 631.78874596275 0.00114824861989339 0 0
 635.16452 0.0014596260384632 0 0
 638.53964704125 0.00239778629748279 0 0
 641.914112922 0.00210059099457844 0 0
 645.28790347775 0.00175237092832456 0 0
 648.661004544 0.00147793050266922 0 0
 652.03340195625 0.00145316773787257 0 0
 655.40508155 0.0022737462564759 0 0
 658.77602916075 0.00307867366872175 0 0
 662.146230624 0.0014831089274202 0 0
 665.51567177525 0.00274773759551257 0 0
 668.88433845 0.00187472569007998 0 0
 672.25221648375 0.0034386494786808 0 0
 675.619291712 0.00354768985616484 0 0
 678.98554997025 0.00141691785630734 0 0
 682.350977094 0.00271531256545546 0 0
 685.71555891875 0.0031554096212403 0 0
 689.07928128 0.00151593122116259 0 0
 692.44213001325 0.00381690856160969 0 0
 695.804090954 0.00267527570290205 0 0
 699.16514993775 0.00235884409927364 0 0
 702.5252928 0.00283780171910803 0 0
 705.88450537625 0.00200733242950793 0 0
 709.242773502 0.00283178373641604 0 0
 712.60008301275 0.00332489354169626 0 0
 715.956419744 0.00271825213561235 0 0
 719.31176953125 0.00382319324467924 0 0
 722.66611821 0.0025735505988606 0 0
 726.01945161575 0.00239657619823978 0 0
 729.371755584 0.00370633315238846 0 0
 732.72301595025 0.00323214083306862 0 0
 736.07321855 0.00317448646593433 0 0
 739.42234921875 0.00237701760313023 0 0
 742.770393792 0.00234994249936939 0 0
 746.11733810525 0.00246205483657436 0 0
 749.463167994 0.00446554466452364 0 0
 752.80786929375 0.0027432378956888 0 0
 756.15142784 0.00463840383675156 0 0
 759.49382946825 0.0045852854904268 0 0
 762.835060014 0.00217018269821207 0 0
 766.17510531275 0.00283520408069035 0 0
 769.5139512 0.00296582050601996 0 0
 772.85158351125 0.00408003212010995 0 0
 776.187988082 0.00280068125964505 0 0
 779.52315074775 0.00334196327476212 0 0
 782.857057344 0.00462026334376234 0 0
 786.18969370625 0.00332176838698177 0 0
 789.52104567 0.00324871849571263 0 0
 792.85109907075 0.00429283146204184 0 0
 796.179839744 0.00349846435499673 0 0
 799.50725352525 0.0038317159167797 0 0
 802.83332625 0.00306308930800206 0 0
 806.15804375375 0.00561114674865881 0 0
 809.481391872 0.0051063915368456 0 0
 812.80335644025 0.00497946103570471 0 0
 816.123923294 0.00686521642090889 0 0
 819.44307826875 0.00519496088994039 0 0
 822.7608072 0.00351566428161798 0 0
 826.07709592325 0.00629613488606964 0 0
 829.391930274 0.00248208241152055 0 0
 832.70529608775 0.00789619193454814 0 0
 836.0171792 0.00705018954354477 0 0
 839.32756544625 0.00530884472709192 0 0
 842.636440662 0.00617850197886793 0 0
 845.94379068275 0.00540414473077 0 0
 849.249601344 0.00620308980703606 0 0
 852.55385848125 0.00979104222876118 0 0
 855.85654793 0.0101665673752576 0 0
 859.15765552575 0.00854617917085389 0 0
 862.457167104 0.0100998589393959 0 0
 865.75506850025 0.0110779742990841 0 0
 869.05134555 0.0131428534270489 0 0
 872.34598408875 0.00812143569481113 0 0
 875.638969952 0.00826806357115393 0 0
 878.93028897525 0.0112487370376508 0 0
 882.219926994 0.00710423183132756 0 0
 885.50786984375 0.0130499917974793 0 0
 888.79410336 0.0124261572668431 0 0
 892.07861337825 0.0103076447850765 0 0
 895.361385734 0.0135413585880152 0 0
 898.64240626275 0.00866095466252892 0 0
 901.9216608 0.0107419329497185 0 0
 905.19913518125 0.0145055873341421 0 0
 908.474815242 0.00975953934496132 0 0
 911.74868681775 0.0167671471671763 0 0
 915.020735744 0.0173803964540862 0 0
 918.29094785625 0.0159334278896687 0 0
 921.55930899 0.0139918161148431 0 0
 924.82580498075 0.0205379848304584 0 0
 928.090421664 0.0158359034734704 0 0
 931.35314487525 0.0212526838359574 0 0
 934.61396045 0.00927608302863347 0 0
 937.87285422375 0.0257095409342104 0 0
 941.129812032 0.0148193164584207 0 0
 944.38481971025 0.0144477696708412 0 0
 947.637863094 0.0183670621878698 0 0
 950.88892801875 0.0137167198763805 0 0
 954.13800032 0 0 0
 957.38506583325 0 0 0
 960.630110394 0 0 0
 963.87311983775 0 0 0
 967.11408 0 0 0
 970.35297671625 0 0 0
 973.589795822 0 0 0
 976.82452315275 0 0 0
 980.057144544 0 0 0
 983.28764583125 0 0 0
 986.51601285 0 0 0
 989.74223143575 0 0 0
 992.966287424 0 0 0
 996.18816665025 0 0 0
 999.40785495 0 0 0
 1002.62533815875 0 0 0
 1005.840602112 0 0 0
 1009.05363264525 0 0 0
 1012.264415594 0 0 0
 1015.47293679375 0 0 0
 1018.67918208 0 0 0
 1021.88313728825 0 0 0
 1025.084788254 0 0 0
 1028.28412081275 0 0 0
 1031.4811208 0 0 0
 1034.67577405125 0 0 0
 1037.868066402 0 0 0
 1041.05798368775 0 0 0
 1044.245511744 0 0 0
 1047.43063640625 0 0 0
 1050.61334351 0 0 0
 1053.79361889075 0 0 0
 1056.971448384 0 0 0
 1060.14681782525 0 0 0
 1063.31971305 0 0 0
 1066.49011989375 0 0 0
 1069.658024192 0 0 0
 1072.82341178025 0 0 0
 1075.986268494 0 0 0
 1079.14658016875 0 0 0
 1082.30433264 0 0 0
 1085.45951174325 0 0 0
 1088.612103314 0 0 0
 1091.76209318775 0 0 0
 1094.9094672 0 0 0
 1098.05421118625 0 0 0
 1101.196310982 0 0 0
 1104.33575242275 0 0 0
 1107.472521344 0 0 0
 1110.60660358125 0 0 0
 1113.73798497 0 0 0
 1116.86665134575 0 0 0
 1119.992588544 0 0 0
 1123.11578240025 0 0 0
 1126.23621875 0 0 0
 1129.35388342875 0 0 0
 1132.468762272 0 0 0
 1135.58084111525 0 0 0
 1138.690105794 0 0 0
 1141.79654214375 0 0 0
 1144.900136 0 0 0
[END] of [DATA]
[END] of [Spectrum]


#TBID:2021-07-19 03:00:00;SAM_84CE;RAW;

[Spectrum]
Version            = 1
IDData             = 96B1_2021-07-19_03-00-00_000_179
IDDevice           = SAM_84CE
IDDataType         = SPECTRUM
IDDataTypeSub1     = RAW
IDDataTypeSub2     = 
IDDataTypeSub3     = 
DateTime           = 2021-07-19 03:00:00
PositionLatitude   = 0
PositionLongitude  = 0
Comment            = 
CommentSub1        = 
CommentSub2        = 
CommentSub3        = 
IDMethodType       = SAM Control
MethodName         = SAM_84CE
Mission            = No Mission
MissionSub         = 1
RecordType         = 0
[Attributes]
CalFactor = 1
IDBasisSpec = 
IDDataBack = DLAB_2015-08-21_11-56-43_233_004
IDDataCal = DLAB_2015-08-26_10-05-37_585_478
IntegrationTime = 4096
P31 = -1
P31e = 0
PathLength = +INF
PathLengthCustomOn = 0
RAWDynamic = 65535
Salinity = 0
Temperature = -NAN
Unit1 = $05 $00 Pixel 
Unit2 = $03 $05 Intensity counts
Unit3 = $f0 $05 Error counts
Unit4 = $f1 $00 Status 
p999 = 417
[END] of [Attributes]
[DATA]
 0 11 0 0
 1 1700 0 0
 2 1703 0 0
 3 1698 0 0
 4 1713 0 0
 5 1725 0 0
 6 1717 0 0
 7 1713 0 0
 8 1720 0 0
 9 1727 0 0
 10 1726 0 0
 11 1733 0 0
 12 1730 0 0
 13 1733 0 0
 14 1736 0 0
 15 1731 0 0
 16 1734 0 0
 17 1730 0 0
 18 1739 0 0
 19 1730 0 0
 20 1744 0 0
 21 1743 0 0
 22 1741 0 0
 23 1753 0 0
 24 1752 0 0
 25 1753 0 0
 26 1757 0 0
 27 1757 0 0
 28 1748 0 0
 29 1751 0 0
 30 1750 0 0
 31 1753 0 0
 32 1755 0 0
 33 1748 0 0
 34 1750 0 0
 35 1750 0 0
 36 1758 0 0
 37 1751 0 0
 38 1755 0 0
 39 1752 0 0
 40 1759 0 0
 41 1754 0 0
 42 1754 0 0
 43 1759 0 0
 44 1744 0 0
 45 1750 0 0
 46 1760 0 0
 47 1765 0 0
 48 1752 0 0
 49 1755 0 0
 50 1761 0 0
 51 1750 0 0
 52 1754 0 0
 53 1756 0 0
 54 1758 0 0
 55 1752 0 0
 56 1760 0 0
 57 1754 0 0
 58 1760 0 0
 59 1757 0 0
 60 1750 0 0
 61 1760 0 0
 62 1762 0 0
 63 1763 0 0
 64 1765 0 0
 65 1766 0 0
 66 1765 0 0
 67 1761 0 0
 68 1764 0 0
 69 1754 0 0
 70 1755 0 0
 71 1760 0 0
 72 1762 0 0
 73 1767 0 0
 74 1764 0 0
 75 1767 0 0
 76 1773 0 0
 77 1762 0 0
 78 1760 0 0
 79 1766 0 0
 80 1770 0 0
 81 1770 0 0
 82 1764 0 0
 83 1767 0 0
 84 1769 0 0
 85 1768 0 0
 86 1771 0 0
 87 1765 0 0
 88 1763 0 0
 89 1765 0 0
 90 1774 0 0
 91 1774 0 0
 92 1768 0 0
 93 1777 0 0
 94 1764 0 0
 95 1763 0 0
 96 1761 0 0
 97 1772 0 0
 98 1773 0 0
 99 1772 0 0
 100 1771 0 0
 101 1773 0 0
 102 1776 0 0
 103 1780 0 0
 104 1766 0 0
 105 1780 0 0
 106 1778 0 0
 107 1771 0 0
 108 1773 0 0
 109 1781 0 0
 110 1776 0 0
 111 1787 0 0
 112 1778 0 0
 113 1776 0 0
 114 1781 0 0
 115 1778 0 0
 116 1777 0 0
 117 1781 0 0
 118 1783 0 0
 119 1777 0 0
 120 1783 0 0
 121 1776 0 0
 122 1780 0 0
 123 1774 0 0
 124 1784 0 0
 125 1775 0 0
 126 1785 0 0
 127 1778 0 0
 128 1777 0 0
 129 1776 0 0
 130 1775 0 0
 131 1783 0 0
 132 1780 0 0
 133 1783 0 0
 134 1776 0 0
 135 1782 0 0
 136 1778 0 0
 137 1788 0 0
 138 1773 0 0
 139 1782 0 0
 140 1777 0 0
 141 1780 0 0
 142 1780 0 0
 143 1779 0 0
 144 1775 0 0
 145 1790 0 0
 146 1784 0 0
 147 1774 0 0
 148 1784 0 0
 149 1781 0 0
 150 1787 0 0
 151 1782 0 0
 152 1783 0 0
 153 1784 0 0
 154 1784 0 0
 155 1789 0 0
 156 1782 0 0
 157 1786 0 0
 158 1774 0 0
 159 1786 0 0
 160 1786 0 0
 161 1783 0 0
 162 1787 0 0
 163 1786 0 0
 164 1784 0 0
 165 1786 0 0
 166 1783 0 0
 167 1786 0 0
 168 1781 0 0
 169 1790 0 0
 170 1786 0 0
 171 1793 0 0
 172 1792 0 0
 173 1785 0 0
 174 1782 0 0
 175 1788 0 0
 176 1781 0 0
 177 1787 0 0
 178 1784 0 0
 179 1789 0 0
 180 1793 0 0
 181 1788 0 0
 182 1786 0 0
 183 1780 0 0
 184 1781 0 0
 185 1786 0 0
 186 1794 0 0
 187 1791 0 0
 188 1788 0 0
 189 1785 0 0
 190 1780 0 0
 191 1790 0 0
 192 1791 0 0
 193 1792 0 0
 194 1785 0 0
 195 1784 0 0
 196 1786 0 0
 197 1784 0 0
 198 1796 0 0
 199 1780 0 0
 200 1788 0 0
 201 1792 0 0
 202 1784 0 0
 203 1784 0 0
 204 1786 0 0
 205 1793 0 0
 206 1796 0 0
 207 1784 0 0
 208 1793 0 0
 209 1792 0 0
 210 1786 0 0
 211 1786 0 0
 212 1784 0 0
 213 1792 0 0
 214 1787 0 0
 215 1793 0 0
 216 1792 0 0
 217 1784 0 0
 218 1784 0 0
 219 1792 0 0
 220 1781 0 0
 221 1788 0 0
 222 1789 0 0
 223 1792 0 0
 224 1784 0 0
 225 1784 0 0
 226 1792 0 0
 227 1787 0 0
 228 1786 0 0
 229 1801 0 0
 230 1793 0 0
 231 1789 0 0
 232 1797 0 0
 233 1791 0 0
 234 1796 0 0
 235 1793 0 0
 236 1784 0 0
 237 1792 0 0
 238 1785 0 0
 239 1785 0 0
 240 1782 0 0
 241 1792 0 0
 242 1781 0 0
 243 1790 0 0
 244 1791 0 0
 245 1784 0 0
 246 1782 0 0
 247 1785 0 0
 248 1774 0 0
 249 1775 0 0
 250 1770 0 0
 251 1776 0 0
 252 1758 0 0
 253 1753 0 0
 254 1750 0 0
 255 1808 0 0
[END] of [DATA]
[END] of [Spectrum]


#TBID:2021-07-19 03:00:00;SAM_84CE;CALIBRATED;

[Spectrum]
Version            = 1
IDData             = 96B1_2021-07-19_03-00-00_000_180
IDDevice           = SAM_84CE
IDDataType         = SPECTRUM
IDDataTypeSub1     = CALIBRATED
IDDataTypeSub2     = 
IDDataTypeSub3     = 
DateTime           = 2021-07-19 03:00:00
PositionLatitude   = 0
PositionLongitude  = 0
Comment            = 
CommentSub1        = 
CommentSub2        = 
CommentSub3        = 
IDMethodType       = SAM Control
MethodName         = SAM_84CE
Mission            = No Mission
MissionSub         = 1
RecordType         = 0
[Attributes]
CalFactor = 1
IDBasisSpec = 
IDDataBack = DLAB_2015-08-21_11-56-43_233_004
IDDataCal = DLAB_2015-08-26_10-05-37_585_478
IntegrationTime = 4096
P31 = -1
P31e = 0
PathLength = +INF
PathLengthCustomOn = 0
RAWDynamic = 65535
Salinity = 0
Temperature = -NAN
Unit1 = $01 $01 Wavelength nm
Unit2 = $03 $06 Intensity mW/(m^2 nm)
Unit3 = $f0 $06 Error mW/(m^2 nm)
Unit4 = $f1 $00 Status 
p999 = 417
[END] of [Attributes]
[DATA]
 0 11 0 0
 303.485180022 0 0 0
 306.85638880275 0 0 0
 310.228324544 0 0 0
 313.60097308125 0 0 0
 316.97432025 -0.0202331903014014 0 0
 320.34835188575 -0.0193235384266786 0 0
 323.723053824 -0.0182766315254661 0 0
 327.09841190025 -0.0157499787754331 0 0
 330.47441195 -0.0147463733913349 0 0
 333.85103980875 -0.0137361291501683 0 0
 337.228281312 -0.0114726564860837 0 0
 340.60612229525 -0.0115602787235239 0 0
 343.984548594 -0.00985371459506067 0 0
 347.36354604375 -0.00964281816137663 0 0
 350.74310048 -0.00800851012460754 0 0
 354.12319773825 -0.00711787160397585 0 0
 357.503823654 -0.00654995598963312 0 0
 360.88496406275 -0.00539153058484516 0 0
 364.2666048 -0.00580481007263946 0 0
 367.64873170125 -0.00515871861064621 0 0
 371.031330602 -0.00484780469379399 0 0
 374.41438733775 -0.00494040151925284 0 0
 377.797887744 -0.00535412424568523 0 0
 381.18181765625 -0.00379434412857306 0 0
 384.56616291 -0.00369959425457804 0 0
 387.95090934075 -0.00385839126479569 0 0
 391.336042784 -0.00412976266885921 0 0
 394.72154907525 -0.00346608413817502 0 0
 398.10741405 -0.00325849556707346 0 0
 401.49362354375 -0.00345678291423271 0 0
 404.880163392 -0.00424932311472112 0 0
 408.26701943025 -0.00306069501197357 0 0
 411.654177494 -0.00345922690431703 0 0
 415.04162341875 -0.00253170570157956 0 0
 418.42934304 -0.00205668446496696 0 0
 421.81732219325 -0.00206366237206204 0 0
 425.205546714 -0.00157439740874769 0 0
 428.59400243775 -0.00229548704880952 0 0
 431.9826752 -0.00211226724229134 0 0
 435.37155083625 -0.00134461205778143 0 0
 438.760615182 -0.0016608484375094 0 0
 442.14985407275 -0.00189081995593622 0 0
 445.539253344 -0.00126746926257675 0 0
 448.92879883125 -0.00224801287815135 0 0
 452.31847637 -0.00158940359612322 0 0
 455.70827179575 -0.00173563920330339 0 0
 459.098170944 -0.00157784947537422 0 0
 462.48815965025 -0.00239256621596017 0 0
 465.87822375 -0.00204053626303131 0 0
 469.26834907875 -0.00158546633023189 0 0
 472.658521472 -0.00213339437894804 0 0
 476.04872676525 -0.00160896684987776 0 0
 479.438950794 -0.00224706999995191 0 0
 482.82917939375 -0.0023957894581362 0 0
 486.2193984 -0.00215490298567982 0 0
 489.60959364825 -0.00102499164870024 0 0
 492.999750974 -0.00194353446583514 0 0
 496.38985621275 -0.00177822182944758 0 0
 499.7798952 -0.0017553962203777 0 0
 503.16985377125 -0.00210427945972907 0 0
 506.559717762 -0.00135727025043927 0 0
 509.94947300775 -0.00207572473862823 0 0
 513.339105344 -0.0013817966220181 0 0
 516.72860060625 -0.000931118356701484 0 0
 520.11794463 -0.00038057425281333 0 0
 523.50712325075 -0.00158569493229167 0 0
 526.896122304 -0.00123043051217162 0 0
 530.28492762525 -0.0010961963500601 0 0
 533.67352505 -0.0012424527870674 0 0
 537.06190041375 -0.000427748947177122 0 0
 540.450039552 -0.000718052721991877 0 0
 543.83792830025 -0.000990198247475317 0 0
 547.225552494 -0.000678772293027063 0 0
 550.61289796875 -0.000578219439609698 0 0
 553.99995056 -0.00048025594872953 0 0
 557.38669610325 -0.000717489366829264 0 0
 560.773120434 -0.000881067090781241 0 0
 564.15920938775 -0.000751640374717619 0 0
 567.5449488 -0.000862656158479116 0 0
 570.93032450625 -0.000593429763218425 0 0
 574.315322342 -0.000706170573154793 0 0
 577.69992814275 -0.000814088017011166 0 0
 581.084127744 -0.000180975649892412 0 0
 584.46790698125 -5.38592345542123e-005 0 0
 587.85125169 -0.00031325432395395 0 0
 591.23414770575 -0.000163446022483052 0 0
 594.616580864 -0.0011565846561438 0 0
 597.99853700025 -0.00110919262521998 0 0
 601.38000195 -0.000883747187433591 0 0
 604.76096154875 -0.0006876543310869 0 0
 608.141401632 -0.000485987646273355 0 0
 611.52130803525 -0.00111524589837668 0 0
 614.900666594 -0.000572507972079007 0 0
 618.27946314375 -0.00135047611039113 0 0
 621.65768352 -0.000993076030750663 0 0
 625.03531355825 -0.00135662549869422 0 0
 628.412339094 -0.000760872304871337 0 0
 631.78874596275 -0.00126225775901449 0 0
 635.16452 -0.00120781119351273 0 0
 638.53964704125 -0.00124960554106874 0 0
 641.914112922 -0.000178944173981837 0 0
 645.28790347775 -0.000205457515682524 0 0
 648.661004544 0.000247524316905973 0 0
 652.03340195625 -0.00176100835568236 0 0
 655.40508155 7.75025313557796e-006 0 0
 658.77602916075 0.000179214782111617 0 0
 662.146230624 -0.000629915852251961 0 0
 665.51567177525 -0.00019582405153484 0 0
 668.88433845 -0.000465298086442786 0 0
 672.25221648375 0.000272576033349371 0 0
 675.619291712 0.000591752678084363 0 0
 678.98554997025 0.000108483746845289 0 0
 682.350977094 0.000595450799447001 0 0
 685.71555891875 0.000634761458303731 0 0
 689.07928128 0.000619965814796603 0 0
 692.44213001325 0.00105642302624102 0 0
 695.804090954 0.000291337377696609 0 0
 699.16514993775 0.00121516092274081 0 0
 702.5252928 -0.000246211989931702 0 0
 705.88450537625 0.000844098171007971 0 0
 709.242773502 0.000139475545515158 0 0
 712.60008301275 0.000182932934684018 0 0
 715.956419744 -0.000218700011910942 0 0
 719.31176953125 0.00175656588843344 0 0
 722.66611821 6.14958995013013e-005 0 0
 726.01945161575 0.000543343125561926 0 0
 729.371755584 0.000961066029459557 0 0
 732.72301595025 3.01875359708323e-005 0 0
 736.07321855 0.000174845000321385 0 0
 739.42234921875 0.000706964216771519 0 0
 742.770393792 -0.000252930565360241 0 0
 746.11733810525 0.00121433323908398 0 0
 749.463167994 0.00179141828752955 0 0
 752.80786929375 3.14130950786536e-005 0 0
 756.15142784 0.00116466875648163 0 0
 759.49382946825 0.000571273216473737 0 0
 762.835060014 0.00157663698113808 0 0
 766.17510531275 0.00097092141147515 0 0
 769.5139512 0.000301910223339271 0 0
 772.85158351125 0.00137168454965927 0 0
 776.187988082 0.000837749436740653 0 0
 779.52315074775 0.00160950401699381 0 0
 782.857057344 0.000902344832706185 0 0
 786.18969370625 -0.000502897154287342 0 0
 789.52104567 0.00136964988436757 0 0
 792.85109907075 0.00083515047068742 0 0
 796.179839744 0.00117986795721665 0 0
 799.50725352525 0.00175537685876211 0 0
 802.83332625 0.00225848841559858 0 0
 806.15804375375 0.00477725524418798 0 0
 809.481391872 0.00351845744980596 0 0
 812.80335644025 0.00370784565894685 0 0
 816.123923294 0.00204163725861513 0 0
 819.44307826875 0.00301801159201079 0 0
 822.7608072 0.00544620047928139 0 0
 826.07709592325 0.00308114542208326 0 0
 829.391930274 0.00366326702205509 0 0
 832.70529608775 0.00111841598088778 0 0
 836.0171792 0.00391444310070743 0 0
 839.32756544625 0.00357233014290045 0 0
 842.636440662 0.00114041859354417 0 0
 845.94379068275 0.00462329621727325 0 0
 849.249601344 0.00479546468051081 0 0
 852.55385848125 0.0033736638568755 0 0
 855.85654793 0.00667396972049027 0 0
 859.15765552575 0.00556482798138038 0 0
 862.457167104 0.0062662304721966 0 0
 865.75506850025 0.00336569929373772 0 0
 869.05134555 0.00741350906514381 0 0
 872.34598408875 0.00376668370334154 0 0
 875.638969952 0.00878146465612405 0 0
 878.93028897525 0.0109093928631331 0 0
 882.219926994 0.00584688637608366 0 0
 885.50786984375 0.00706501236980614 0 0
 888.79410336 0.00816388315016297 0 0
 892.07861337825 0.00188311960334456 0 0
 895.361385734 0.00793501384845549 0 0
 898.64240626275 0.00175998315376938 0 0
 901.9216608 0.00918462209638581 0 0
 905.19913518125 0.0128860052299691 0 0
 908.474815242 0.00928709417150412 0 0
 911.74868681775 0.00865963367237328 0 0
 915.020735744 0.0115625398509517 0 0
 918.29094785625 0.0112341408178871 0 0
 921.55930899 0.0105156267516021 0 0
 924.82580498075 0.0184200242165184 0 0
 928.090421664 0.0120045332289218 0 0
 931.35314487525 0.0172255755946809 0 0
 934.61396045 0.0121351983126434 0 0
 937.87285422375 0.00257777615994319 0 0
 941.129812032 0.0160208460357369 0 0
 944.38481971025 0.0260646981997224 0 0
 947.637863094 0.0283395860297833 0 0
 950.88892801875 0.0173632129122887 0 0
 954.13800032 0 0 0
 957.38506583325 0 0 0
 960.630110394 0 0 0
 963.87311983775 0 0 0
 967.11408 0 0 0
 970.35297671625 0 0 0
 973.589795822 0 0 0
 976.82452315275 0 0 0
 980.057144544 0 0 0
 983.28764583125 0 0 0
 986.51601285 0 0 0
 989.74223143575 0 0 0
 992.966287424 0 0 0
 996.18816665025 0 0 0
 999.40785495 0 0 0
 1002.62533815875 0 0 0
 1005.840602112 0 0 0
 1009.05363264525 0 0 0
 1012.264415594 0 0 0
 1015.47293679375 0 0 0
 1018.67918208 0 0 0
 1021.88313728825 0 0 0
 1025.084788254 0 0 0
 1028.28412081275 0 0 0
 1031.4811208 0 0 0
 1034.67577405125 0 0 0
 1037.868066402 0 0 0
 1041.05798368775 0 0 0
 1044.245511744 0 0 0
 1047.43063640625 0 0 0
 1050.61334351 0 0 0
 1053.79361889075 0 0 0
 1056.971448384 0 0 0
 1060.14681782525 0 0 0
 1063.31971305 0 0 0
 1066.49011989375 0 0 0
 1069.658024192 0 0 0
 1072.82341178025 0 0 0
 1075.986268494 0 0 0
 1079.14658016875 0 0 0
 1082.30433264 0 0 0
 1085.45951174325 0 0 0
 1088.612103314 0 0 0
 1091.76209318775 0 0 0
 1094.9094672 0 0 0
 1098.05421118625 0 0 0
 1101.196310982 0 0 0
 1104.33575242275 0 0 0
 1107.472521344 0 0 0
 1110.60660358125 0 0 0
 1113.73798497 0 0 0
 1116.86665134575 0 0 0
 1119.992588544 0 0 0
 1123.11578240025 0 0 0
 1126.23621875 0 0 0
 1129.35388342875 0 0 0
 1132.468762272 0 0 0
 1135.58084111525 0 0 0
 1138.690105794 0 0 0
 1141.79654214375 0 0 0
 1144.900136 0 0 0
[END] of [DATA]
[END] of [Spectrum]


#TBID:2021-07-19 03:00:00;SAM_84DC;RAW;

[Spectrum]
Version            = 1
IDData             = 96B1_2021-07-19_03-00-00_000_182
IDDevice           = SAM_84DC
IDDataType         = SPECTRUM
IDDataTypeSub1     = RAW
IDDataTypeSub2     = 
IDDataTypeSub3     = 
DateTime           = 2021-07-19 03:00:00
PositionLatitude   = 0
PositionLongitude  = 0
Comment            = 
CommentSub1        = 
CommentSub2        = 
CommentSub3        = 
IDMethodType       = SAM Control
MethodName         = SAM_84DC
Mission            = No Mission
MissionSub         = 1
RecordType         = 0
[Attributes]
CalFactor = 1
IDBasisSpec = 
IDDataBack = DLAB_2015-08-21_13-19-54_137_939
IDDataCal = DLAB_2015-08-24_10-46-55_592_608
IntegrationTime = 4096
P31 = -1
P31e = 0
PathLength = +INF
PathLengthCustomOn = 0
RAWDynamic = 65535
Salinity = 0
Temperature = -NAN
Unit1 = $05 $00 Pixel 
Unit2 = $03 $05 Intensity counts
Unit3 = $f0 $05 Error counts
Unit4 = $f1 $00 Status 
p999 = 417
[END] of [Attributes]
[DATA]
 0 11 0 0
 1 1779 0 0
 2 1769 0 0
 3 1782 0 0
 4 1790 0 0
 5 1782 0 0
 6 1781 0 0
 7 1789 0 0
 8 1796 0 0
 9 1800 0 0
 10 1791 0 0
 11 1797 0 0
 12 1790 0 0
 13 1793 0 0
 14 1799 0 0
 15 1788 0 0
 16 1795 0 0
 17 1800 0 0
 18 1794 0 0
 19 1801 0 0
 20 1800 0 0
 21 1796 0 0
 22 1812 0 0
 23 1804 0 0
 24 1812 0 0
 25 1803 0 0
 26 1805 0 0
 27 1805 0 0
 28 1801 0 0
 29 1801 0 0
 30 1799 0 0
 31 1809 0 0
 32 1804 0 0
 33 1798 0 0
 34 1804 0 0
 35 1799 0 0
 36 1803 0 0
 37 1806 0 0
 38 1802 0 0
 39 1799 0 0
 40 1808 0 0
 41 1802 0 0
 42 1804 0 0
 43 1802 0 0
 44 1805 0 0
 45 1810 0 0
 46 1802 0 0
 47 1806 0 0
 48 1799 0 0
 49 1800 0 0
 50 1799 0 0
 51 1799 0 0
 52 1798 0 0
 53 1790 0 0
 54 1798 0 0
 55 1802 0 0
 56 1796 0 0
 57 1800 0 0
 58 1796 0 0
 59 1803 0 0
 60 1797 0 0
 61 1799 0 0
 62 1792 0 0
 63 1791 0 0
 64 1793 0 0
 65 1796 0 0
 66 1782 0 0
 67 1793 0 0
 68 1794 0 0
 69 1789 0 0
 70 1796 0 0
 71 1796 0 0
 72 1790 0 0
 73 1797 0 0
 74 1798 0 0
 75 1786 0 0
 76 1795 0 0
 77 1788 0 0
 78 1787 0 0
 79 1794 0 0
 80 1788 0 0
 81 1796 0 0
 82 1789 0 0
 83 1791 0 0
 84 1792 0 0
 85 1799 0 0
 86 1790 0 0
 87 1791 0 0
 88 1787 0 0
 89 1792 0 0
 90 1778 0 0
 91 1784 0 0
 92 1774 0 0
 93 1776 0 0
 94 1776 0 0
 95 1778 0 0
 96 1770 0 0
 97 1781 0 0
 98 1776 0 0
 99 1780 0 0
 100 1778 0 0
 101 1778 0 0
 102 1778 0 0
 103 1775 0 0
 104 1779 0 0
 105 1789 0 0
 106 1780 0 0
 107 1792 0 0
 108 1782 0 0
 109 1785 0 0
 110 1780 0 0
 111 1785 0 0
 112 1785 0 0
 113 1773 0 0
 114 1784 0 0
 115 1790 0 0
 116 1779 0 0
 117 1780 0 0
 118 1777 0 0
 119 1775 0 0
 120 1768 0 0
 121 1782 0 0
 122 1774 0 0
 123 1781 0 0
 124 1781 0 0
 125 1772 0 0
 126 1777 0 0
 127 1778 0 0
 128 1778 0 0
 129 1776 0 0
 130 1782 0 0
 131 1774 0 0
 132 1780 0 0
 133 1779 0 0
 134 1775 0 0
 135 1773 0 0
 136 1771 0 0
 137 1773 0 0
 138 1773 0 0
 139 1773 0 0
 140 1774 0 0
 141 1778 0 0
 142 1775 0 0
 143 1773 0 0
 144 1771 0 0
 145 1772 0 0
 146 1765 0 0
 147 1768 0 0
 148 1774 0 0
 149 1770 0 0
 150 1763 0 0
 151 1766 0 0
 152 1765 0 0
 153 1775 0 0
 154 1772 0 0
 155 1774 0 0
 156 1764 0 0
 157 1769 0 0
 158 1769 0 0
 159 1769 0 0
 160 1772 0 0
 161 1763 0 0
 162 1756 0 0
 163 1761 0 0
 164 1764 0 0
 165 1763 0 0
 166 1767 0 0
 167 1767 0 0
 168 1766 0 0
 169 1765 0 0
 170 1764 0 0
 171 1769 0 0
 172 1752 0 0
 173 1767 0 0
 174 1763 0 0
 175 1762 0 0
 176 1764 0 0
 177 1765 0 0
 178 1762 0 0
 179 1758 0 0
 180 1763 0 0
 181 1758 0 0
 182 1761 0 0
 183 1764 0 0
 184 1758 0 0
 185 1768 0 0
 186 1764 0 0
 187 1767 0 0
 188 1756 0 0
 189 1756 0 0
 190 1762 0 0
 191 1761 0 0
 192 1777 0 0
 193 1765 0 0
 194 1761 0 0
 195 1762 0 0
 196 1765 0 0
 197 1764 0 0
 198 1755 0 0
 199 1764 0 0
 200 1762 0 0
 201 1763 0 0
 202 1762 0 0
 203 1771 0 0
 204 1765 0 0
 205 1764 0 0
 206 1774 0 0
 207 1766 0 0
 208 1759 0 0
 209 1765 0 0
 210 1755 0 0
 211 1765 0 0
 212 1762 0 0
 213 1757 0 0
 214 1758 0 0
 215 1765 0 0
 216 1769 0 0
 217 1769 0 0
 218 1765 0 0
 219 1760 0 0
 220 1764 0 0
 221 1769 0 0
 222 1769 0 0
 223 1769 0 0
 224 1760 0 0
 225 1772 0 0
 226 1771 0 0
 227 1766 0 0
 228 1772 0 0
 229 1767 0 0
 230 1770 0 0
 231 1769 0 0
 232 1773 0 0
 233 1763 0 0
 234 1770 0 0
 235 1775 0 0
 236 1765 0 0
 237 1773 0 0
 238 1774 0 0
 239 1774 0 0
 240 1770 0 0
 241 1770 0 0
 242 1769 0 0
 243 1772 0 0
 244 1766 0 0
 245 1773 0 0
 246 1775 0 0
 247 1774 0 0
 248 1782 0 0
 249 1770 0 0
 250 1755 0 0
 251 1760 0 0
 252 1760 0 0
 253 1749 0 0
 254 1738 0 0
 255 1790 0 0
[END] of [DATA]
[END] of [Spectrum]


#TBID:2021-07-19 03:00:00;SAM_84DC;CALIBRATED;

[Spectrum]
Version            = 1
IDData             = 96B1_2021-07-19_03-00-00_000_183
IDDevice           = SAM_84DC
IDDataType         = SPECTRUM
IDDataTypeSub1     = CALIBRATED
IDDataTypeSub2     = 
IDDataTypeSub3     = 
DateTime           = 2021-07-19 03:00:00
PositionLatitude   = 0
PositionLongitude  = 0
Comment            = 
CommentSub1        = 
CommentSub2        = 
CommentSub3        = 
IDMethodType       = SAM Control
MethodName         = SAM_84DC
Mission            = No Mission
MissionSub         = 1
RecordType         = 0
[Attributes]
CalFactor = 1
IDBasisSpec = 
IDDataBack = DLAB_2015-08-21_13-19-54_137_939
IDDataCal = DLAB_2015-08-24_10-46-55_592_608
IntegrationTime = 4096
P31 = -1
P31e = 0
PathLength = +INF
PathLengthCustomOn = 0
RAWDynamic = 65535
Salinity = 0
Temperature = -NAN
Unit1 = $01 $01 Wavelength nm
Unit2 = $03 $03 Intensity mW/(m^2 nm Sr)
Unit3 = $f0 $03 Error mW/(m^2 nm Sr)
Unit4 = $f1 $00 Status 
p999 = 417
[END] of [Attributes]
[DATA]
 0 11 0 0
 305.71650776488 0 0 0
 309.04007505697 0 0 0
 312.36416914304 0 0 0
 315.68877841375 0 0 0
 319.01389125976 0.00114852882453905 0 0
 322.33949607173 0.00127698219180615 0 0
 325.66558124032 0.00108091397844614 0 0
 328.99213515619 0.00133067422200281 0 0
 332.31914621 0.00124803866277009 0 0
 335.64660279241 0.000983283813471474 0 0
 338.97449329408 0.00100255499511677 0 0
 342.30280610567 0.000892630787857329 0 0
 345.63152961784 0.00087365402662016 0 0
 348.96065222125 0.000711724098127662 0 0
 352.29016230656 0.000716111357139259 0 0
 355.62004826443 0.00064042051221738 0 0
 358.95029848552 0.000612947154219242 0 0
 362.28090136049 0.000648313780030103 0 0
 365.61184528 0.000740774779611466 0 0
 368.94311863471 0.000792611283884463 0 0
 372.27470981528 0.000804469332637686 0 0
 375.60660721237 0.000971552307631389 0 0
 378.93879921664 0.000844976736404559 0 0
 382.27127421875 0.00103671150244383 0 0
 385.60402060936 0.000995129058575789 0 0
 388.93702677913 0.000892726528154704 0 0
 392.27028111872 0.000868306197641534 0 0
 395.60377201879 0.000893199753588125 0 0
 398.93748787 0.000865122449996021 0 0
 402.27141706301 0.000812570741888248 0 0
 405.60554798848 0.000772699627541279 0 0
 408.93986903707 0.000685935573488934 0 0
 412.27436859944 0.000623848499570052 0 0
 415.60903506625 0.000582662798233896 0 0
 418.94385682816 0.000559684109381785 0 0
 422.27882227583 0.000448817534119583 0 0
 425.61391979992 0.000484881410221958 0 0
 428.94913779109 0.000457232359541604 0 0
 432.28446464 0.000453100673175142 0 0
 435.61988873731 0.00040953075763474 0 0
 438.95539847368 0.000415341727423194 0 0
 442.29098223977 0.000450485336794134 0 0
 445.62662842624 0.000409608731804745 0 0
 448.96232542375 0.000426835169305634 0 0
 452.29806162296 0.000505526976116262 0 0
 455.63382541453 0.000382282032553416 0 0
 458.96960518912 0.000418896508929464 0 0
 462.30538933739 0.000447366999423887 0 0
 465.64116625 0.000460421550676866 0 0
 468.97692431761 0.000477614575257739 0 0
 472.31265193088 0.000456324047868821 0 0
 475.64833748047 0.000435630157758941 0 0
 478.98396935704 0.000373544638143022 0 0
 482.31953595125 0.000475039136404328 0 0
 485.65502565376 0.000475641928344123 0 0
 488.99042685523 0.000430139933515007 0 0
 492.32572794632 0.000430988478697982 0 0
 495.66091731769 0.000385020617802291 0 0
 498.99598336 0.000388575059743526 0 0
 502.33091446391 0.000395549110624272 0 0
 505.66569902008 0.00037952804442586 0 0
 509.00032541917 0.000377816477407654 0 0
 512.33478205184 0.000315175813794689 0 0
 515.66905730875 0.000316040367641297 0 0
 519.00313958056 0.000382412117072125 0 0
 522.33701725793 0.000304956878201397 0 0
 525.67067873152 0.000290833989657255 0 0
 529.00411239199 0.000277869799988655 0 0
 532.33730663 0.000270481097286471 0 0
 535.67024983621 0.000287162667403593 0 0
 539.00293040128 0.000251692388379756 0 0
 542.33533671587 0.000264404788605677 0 0
 545.66745717064 0.00028962428186542 0 0
 548.99928015625 0.000287149165552281 0 0
 552.33079406336 0.000247389483874476 0 0
 555.66198728263 0.000283295817261302 0 0
 558.99284820472 0.000223515064555716 0 0
 562.32336522029 0.000291674206043223 0 0
 565.65352672 0.000263092379203891 0 0
 568.98332109451 0.000275854214388028 0 0
 572.31273673448 0.000289893628895479 0 0
 575.64176203057 0.000300778630935504 0 0
 578.97038537344 0.000289967194803018 0 0
 582.29859515375 0.000400001128260061 0 0
 585.62637976216 0.0003202274683603 0 0
 588.95372758933 0.00028662275061994 0 0
 592.28062702592 0.000291998073087991 0 0
 595.60706646259 0.000308269151418952 0 0
 598.93303429 0.000290427233021031 0 0
 602.25851889881 0.000241978020447467 0 0
 605.58350867968 0.00023778182476283 0 0
 608.90799202327 0.000100038953803691 0 0
 612.23195732024 0.000142738737325086 0 0
 615.55539296125 8.69597522245345e-005 0 0
 618.87828733696 0.000130502396174941 0 0
 622.20062883803 9.8977937920418e-005 0 0
 625.52240585512 0.000141611704419828 0 0
 628.84360677889 0.000191342001370943 0 0
 632.16422 0.000212211497959207 0 0
 635.48423390911 0.000160540405326557 0 0
 638.80363689688 0.000236353959928212 0 0
 642.12241735397 0.000179017534309381 0 0
 645.44056367104 0.000163118297322232 0 0
 648.75806423875 0.000240374260997529 0 0
 652.07490744776 0.000363177144763286 0 0
 655.39108168873 0.000228496838188463 0 0
 658.70657535232 0.000321410331245615 0 0
 662.02137682919 0.000262019751356958 0 0
 665.33547451 0.000305191252324537 0 0
 668.64885678541 0.0002761018875734 0 0
 671.96151204608 0.000312187341857902 0 0
 675.27342868267 0.0003331354514188 0 0
 678.58459508584 0.000231151764168276 0 0
 681.89499964625 0.000297313226353548 0 0
 685.20463075456 0.000370041277936257 0 0
 688.51347680143 0.000271563269350486 0 0
 691.82152617752 0.000300745292625813 0 0
 695.12876727349 0.000290444922069458 0 0
 698.43518848 0.000197468372167406 0 0
 701.74077818771 0.000226643230837665 0 0
 705.04552478728 0.000184334192861878 0 0
 708.34941666937 0.000232592512545406 0 0
 711.65244222464 0.000248868978882963 0 0
 714.95458984375 0.000249981932274435 0 0
 718.25584791736 0.000191431820106588 0 0
 721.55620483613 0.000170057508850961 0 0
 724.85564899072 0.000216655999729567 0 0
 728.15416877179 0.000286153962997849 0 0
 731.45175257 0.000259774375243762 0 0
 734.74838877601 0.000237125304786139 0 0
 738.04406578048 0.000213312909611208 0 0
 741.33877197407 0.000268456307358741 0 0
 744.63249574744 0.000289958599168697 0 0
 747.92522549125 0.00024517005023235 0 0
 751.21694959616 0.000121649804855232 0 0
 754.50765645283 0.000243513481069979 0 0
 757.79733445192 0.000149554355763861 0 0
 761.08597198409 0.000272761054063073 0 0
 764.37355744 0.00019839038001082 0 0
 767.66007921031 0.000293807779697268 0 0
 770.94552568568 0.000234685761790082 0 0
 774.22988525677 0.000337121012384141 0 0
 777.51314631424 0.000170617907155456 0 0
 780.79529724875 0.000175776959234587 0 0
 784.07632645096 0.000326185828767963 0 0
 787.35622231153 8.8050108716551e-005 0 0
 790.63497322112 0.000141044200549041 0 0
 793.91256757039 0.000203923760119697 0 0
 797.18899375 0.000139660400035534 0 0
 800.46424015061 7.0233588371398e-005 0 0
 803.73829516288 -1.71077303589253e-005 0 0
 807.01114717747 1.07498743776123e-005 0 0
 810.28278458504 0.000229666777514842 0 0
 813.55319577625 0.000206968886205158 0 0
 816.82236914176 0.000348718894158407 0 0
 820.09029307223 0.000141020080339678 0 0
 823.35695595832 6.03062197968247e-006 0 0
 826.62234619069 0.000229988593235026 0 0
 829.88645216 9.00084974922331e-005 0 0
 833.14926225691 0.000261578279127624 0 0
 836.41076487208 0.00013142336051389 0 0
 839.67094839617 -3.85132142970313e-005 0 0
 842.92980121984 1.55176383704741e-006 0 0
 846.18731173375 6.78204701885817e-005 0 0
 849.44346832856 -0.000117544740449064 0 0
 852.69825939493 -0.000196637672246676 0 0
 855.95167332352 -4.1619761305569e-005 0 0
 859.20369850499 1.97414966129339e-005 0 0
 862.45432333 -7.45913414146615e-005 0 0
 865.70353618921 -8.36934153343977e-005 0 0
 868.95132547328 -9.06149350601399e-005 0 0
 872.19767957287 -0.000389275022561347 0 0
 875.44258687864 -6.34776428004026e-005 0 0
 878.68603578125 -0.00019525119222572 0 0
 881.92801467136 -1.86018871541819e-005 0 0
 885.16851193963 -0.000156911639623525 0 0
 888.40751597672 0.000282789253654453 0 0
 891.64501517329 -0.00029290535332726 0 0
 894.88099792 -0.000119331226969723 0 0
 898.11545260751 0.000256344724953267 0 0
 901.34836762648 -0.000219226107460438 0 0
 904.57973136757 -0.000272157129999589 0 0
 907.80953222144 -1.68743954227034e-005 0 0
 911.03775857875 -0.000552693459623964 0 0
 914.26439883016 0.000544728368928452 0 0
 917.48944136633 -0.000144344764085227 0 0
 920.71287457792 0.000276476312758867 0 0
 923.93468685559 -0.000456576650485667 0 0
 927.15486659 -0.000361938430378246 0 0
 930.37340217181 0.000247352862741572 0 0
 933.59028199168 -0.000343445883895497 0 0
 936.80549444027 0.000841449012001482 0 0
 940.01902790824 -0.000151319246957651 0 0
 943.23087078625 -0.000379711430547693 0 0
 946.44101146496 0.000581979130604077 0 0
 949.64943833503 -0.000830052766436635 0 0
 952.85613978712 -0.00019384812446655 0 0
 956.06110421189 0 0 0
 959.26432 0 0 0
 962.46577554211 0 0 0
 965.66545922888 0 0 0
 968.86335945097 0 0 0
 972.05946459904 0 0 0
 975.25376306375 0 0 0
 978.44624323576 0 0 0
 981.63689350573 0 0 0
 984.82570226432 0 0 0
 988.01265790219 0 0 0
 991.19774881 0 0 0
 994.38096337841 0 0 0
 997.56228999808 0 0 0
 1000.74171705967 0 0 0
 1003.91923295384 0 0 0
 1007.09482607125 0 0 0
 1010.26848480256 0 0 0
 1013.44019753843 0 0 0
 1016.60995266952 0 0 0
 1019.77773858649 0 0 0
 1022.94354368 0 0 0
 1026.10735634071 0 0 0
 1029.26916495928 0 0 0
 1032.42895792637 0 0 0
 1035.58672363264 0 0 0
 1038.74245046875 0 0 0
 1041.89612682536 0 0 0
 1045.04774109313 0 0 0
 1048.19728166272 0 0 0
 1051.34473692479 0 0 0
 1054.49009527 0 0 0
 1057.63334508901 0 0 0
 1060.77447477248 0 0 0
 1063.91347271107 0 0 0
 1067.05032729544 0 0 0
 1070.18502691625 0 0 0
 1073.31755996416 0 0 0
 1076.44791482983 0 0 0
 1079.57607990392 0 0 0
 1082.70204357709 0 0 0
 1085.82579424 0 0 0
 1088.94732028331 0 0 0
 1092.06661009768 0 0 0
 1095.18365207377 0 0 0
 1098.29843460224 0 0 0
 1101.41094607375 0 0 0
 1104.52117487896 0 0 0
 1107.62910940853 0 0 0
 1110.73473805312 0 0 0
 1113.83804920339 0 0 0
 1116.93903125 0 0 0
 1120.03767258361 0 0 0
 1123.13396159488 0 0 0
 1126.22788667447 0 0 0
 1129.31943621304 0 0 0
 1132.40859860125 0 0 0
 1135.49536222976 0 0 0
[END] of [DATA]
[END] of [Spectrum]


#TBID:2021-07-19 03:00:00;SAM_84C8;RAW;

[Spectrum]
Version            = 1
IDData             = 96B1_2021-07-19_03-00-00_000_185
IDDevice           = SAM_84C8
IDDataType         = SPECTRUM
IDDataTypeSub1     = RAW
IDDataTypeSub2     = 
IDDataTypeSub3     = 
DateTime           = 2021-07-19 03:00:00
PositionLatitude   = 0
PositionLongitude  = 0
Comment            = 
CommentSub1        = 
CommentSub2        = 
CommentSub3        = 
IDMethodType       = SAM Control
MethodName         = SAM_84C8
Mission            = No Mission
MissionSub         = 1
RecordType         = 0
[Attributes]
CalFactor = 1
IDBasisSpec = 
IDDataBack = DLAB_2015-08-21_12-14-03_013_778
IDDataCal = DLAB_2015-08-24_11-04-47_772_747
IntegrationTime = 4096
P31 = -1
P31e = 0
PathLength = +INF
PathLengthCustomOn = 0
RAWDynamic = 65535
Salinity = 0
Temperature = -NAN
Unit1 = $05 $00 Pixel 
Unit2 = $03 $05 Intensity counts
Unit3 = $f0 $05 Error counts
Unit4 = $f1 $00 Status 
p999 = 417
[END] of [Attributes]
[DATA]
 0 11 0 0
 1 1698 0 0
 2 1684 0 0
 3 1682 0 0
 4 1689 0 0
 5 1682 0 0
 6 1688 0 0
 7 1690 0 0
 8 1691 0 0
 9 1696 0 0
 10 1695 0 0
 11 1700 0 0
 12 1707 0 0
 13 1710 0 0
 14 1709 0 0
 15 1712 0 0
 16 1714 0 0
 17 1717 0 0
 18 1720 0 0
 19 1715 0 0
 20 1716 0 0
 21 1719 0 0
 22 1721 0 0
 23 1726 0 0
 24 1723 0 0
 25 1722 0 0
 26 1712 0 0
 27 1723 0 0
 28 1727 0 0
 29 1719 0 0
 30 1722 0 0
 31 1720 0 0
 32 1716 0 0
 33 1712 0 0
 34 1715 0 0
 35 1710 0 0
 36 1723 0 0
 37 1729 0 0
 38 1724 0 0
 39 1718 0 0
 40 1719 0 0
 41 1721 0 0
 42 1722 0 0
 43 1726 0 0
 44 1726 0 0
 45 1736 0 0
 46 1732 0 0
 47 1725 0 0
 48 1734 0 0
 49 1725 0 0
 50 1722 0 0
 51 1728 0 0
 52 1726 0 0
 53 1723 0 0
 54 1714 0 0
 55 1723 0 0
 56 1733 0 0
 57 1743 0 0
 58 1732 0 0
 59 1725 0 0
 60 1728 0 0
 61 1729 0 0
 62 1742 0 0
 63 1733 0 0
 64 1725 0 0
 65 1728 0 0
 66 1732 0 0
 67 1734 0 0
 68 1737 0 0
 69 1732 0 0
 70 1729 0 0
 71 1732 0 0
 72 1730 0 0
 73 1725 0 0
 74 1726 0 0
 75 1729 0 0
 76 1731 0 0
 77 1731 0 0
 78 1730 0 0
 79 1738 0 0
 80 1734 0 0
 81 1739 0 0
 82 1741 0 0
 83 1739 0 0
 84 1750 0 0
 85 1741 0 0
 86 1748 0 0
 87 1746 0 0
 88 1729 0 0
 89 1735 0 0
 90 1742 0 0
 91 1740 0 0
 92 1736 0 0
 93 1730 0 0
 94 1740 0 0
 95 1742 0 0
 96 1744 0 0
 97 1740 0 0
 98 1736 0 0
 99 1738 0 0
 100 1741 0 0
 101 1748 0 0
 102 1738 0 0
 103 1736 0 0
 104 1737 0 0
 105 1741 0 0
 106 1737 0 0
 107 1737 0 0
 108 1734 0 0
 109 1732 0 0
 110 1749 0 0
 111 1753 0 0
 112 1742 0 0
 113 1738 0 0
 114 1738 0 0
 115 1747 0 0
 116 1740 0 0
 117 1734 0 0
 118 1726 0 0
 119 1736 0 0
 120 1728 0 0
 121 1733 0 0
 122 1727 0 0
 123 1733 0 0
 124 1732 0 0
 125 1738 0 0
 126 1739 0 0
 127 1743 0 0
 128 1735 0 0
 129 1736 0 0
 130 1738 0 0
 131 1738 0 0
 132 1733 0 0
 133 1800 0 0
 134 1747 0 0
 135 1742 0 0
 136 1743 0 0
 137 1747 0 0
 138 1745 0 0
 139 1750 0 0
 140 1742 0 0
 141 1738 0 0
 142 1740 0 0
 143 1742 0 0
 144 1746 0 0
 145 1741 0 0
 146 1739 0 0
 147 1740 0 0
 148 1740 0 0
 149 1735 0 0
 150 1746 0 0
 151 1743 0 0
 152 1751 0 0
 153 1752 0 0
 154 1747 0 0
 155 1743 0 0
 156 1753 0 0
 157 1744 0 0
 158 1742 0 0
 159 1743 0 0
 160 1735 0 0
 161 1734 0 0
 162 1740 0 0
 163 1740 0 0
 164 1730 0 0
 165 1741 0 0
 166 1738 0 0
 167 1742 0 0
 168 1737 0 0
 169 1741 0 0
 170 1745 0 0
 171 1744 0 0
 172 1745 0 0
 173 1734 0 0
 174 1738 0 0
 175 1751 0 0
 176 1742 0 0
 177 1743 0 0
 178 1738 0 0
 179 1744 0 0
 180 1746 0 0
 181 1747 0 0
 182 1748 0 0
 183 1748 0 0
 184 1742 0 0
 185 1746 0 0
 186 1744 0 0
 187 1753 0 0
 188 1738 0 0
 189 1739 0 0
 190 1729 0 0
 191 1745 0 0
 192 1742 0 0
 193 1730 0 0
 194 1743 0 0
 195 1752 0 0
 196 1734 0 0
 197 1745 0 0
 198 1744 0 0
 199 1740 0 0
 200 1745 0 0
 201 1747 0 0
 202 1740 0 0
 203 1744 0 0
 204 1749 0 0
 205 1739 0 0
 206 1744 0 0
 207 1746 0 0
 208 1739 0 0
 209 1734 0 0
 210 1727 0 0
 211 1738 0 0
 212 1734 0 0
 213 1743 0 0
 214 1737 0 0
 215 1734 0 0
 216 1735 0 0
 217 1742 0 0
 218 1737 0 0
 219 1736 0 0
 220 1736 0 0
 221 1745 0 0
 222 1741 0 0
 223 1749 0 0
 224 1753 0 0
 225 1754 0 0
 226 1752 0 0
 227 1739 0 0
 228 1741 0 0
 229 1739 0 0
 230 1739 0 0
 231 1746 0 0
 232 1738 0 0
 233 1737 0 0
 234 1748 0 0
 235 1737 0 0
 236 1742 0 0
 237 1730 0 0
 238 1728 0 0
 239 1736 0 0
 240 1736 0 0
 241 1743 0 0
 242 1746 0 0
 243 1736 0 0
 244 1742 0 0
 245 1741 0 0
 246 1731 0 0
 247 1734 0 0
 248 1737 0 0
 249 1733 0 0
 250 1726 0 0
 251 1723 0 0
 252 1711 0 0
 253 1715 0 0
 254 1704 0 0
 255 1748 0 0
[END] of [DATA]
[END] of [Spectrum]


#TBID:2021-07-19 03:00:00;SAM_84C8;CALIBRATED;

[Spectrum]
Version            = 1
IDData             = 96B1_2021-07-19_03-00-00_000_186
IDDevice           = SAM_84C8
IDDataType         = SPECTRUM
IDDataTypeSub1     = CALIBRATED
IDDataTypeSub2     = 
IDDataTypeSub3     = 
DateTime           = 2021-07-19 03:00:00
PositionLatitude   = 0
PositionLongitude  = 0
Comment            = 
CommentSub1        = 
CommentSub2        = 
CommentSub3        = 
IDMethodType       = SAM Control
MethodName         = SAM_84C8
Mission            = No Mission
MissionSub         = 1
RecordType         = 0
[Attributes]
CalFactor = 1
IDBasisSpec = 
IDDataBack = DLAB_2015-08-21_12-14-03_013_778
IDDataCal = DLAB_2015-08-24_11-04-47_772_747
IntegrationTime = 4096
P31 = -1
P31e = 0
PathLength = +INF
PathLengthCustomOn = 0
RAWDynamic = 65535
Salinity = 0
Temperature = -NAN
Unit1 = $01 $01 Wavelength nm
Unit2 = $03 $03 Intensity mW/(m^2 nm Sr)
Unit3 = $f0 $03 Error mW/(m^2 nm Sr)
Unit4 = $f1 $00 Status 
p999 = 417
[END] of [Attributes]
[DATA]
 0 11 0 0
 303.516048156 0 0 0
 306.890006053 0 0 0
 310.26457112 0 0 0
 313.639731825 0 0 0
 317.015476636 -0.00191326783332964 0 0
 320.391794021 -0.00157571644263167 0 0
 323.768672448 -0.00123052801751284 0 0
 327.146100385 -0.0010450287730272 0 0
 330.5240663 -0.000882766195905889 0 0
 333.902558661 -0.000667885622916909 0 0
 337.281565936 -0.000769016454380211 0 0
 340.661076593 -0.000615983820055097 0 0
 344.0410791 -0.000268519541214946 0 0
 347.421561925 -0.000277649770748513 0 0
 350.802513536 -0.000255284377924668 0 0
 354.183922401 -0.000200229578151047 0 0
 357.565776988 -0.000174668861473428 0 0
 360.948065765 -7.96632070894665e-005 0 0
 364.3307772 -0.000179703884115213 0 0
 367.713899761 -9.58341145882041e-005 0 0
 371.097421916 -9.09505308930874e-005 0 0
 374.481332133 -8.80818651916074e-005 0 0
 377.86561888 -2.49944698028952e-006 0 0
 381.250270625 -9.78645667547019e-005 0 0
 384.635275836 -5.10247648376226e-005 0 0
 388.020622981 -0.000106540056133217 0 0
 391.406300528 1.9360286315799e-005 0 0
 394.792296945 2.2057359995882e-005 0 0
 398.1786007 -9.0950274587839e-005 0 0
 401.565200261 -0.000101293265143754 0 0
 404.952084096 -7.93602239707425e-005 0 0
 408.339240673 -0.000145440313983473 0 0
 411.72665846 -0.000132925229865354 0 0
 415.114325925 -8.78612010450557e-005 0 0
 418.502231536 -0.000131910705401529 0 0
 421.890363761 -2.07726158131404e-005 0 0
 425.278711068 -8.76377904202378e-005 0 0
 428.667261925 -1.73316131334582e-005 0 0
 432.0560048 -1.41189492527787e-006 0 0
 435.444928161 -2.16345350968085e-005 0 0
 438.834020476 -4.0103513205816e-005 0 0
 442.223270213 7.9172221518691e-006 0 0
 445.61266584 1.17086539681263e-005 0 0
 449.002195825 7.04656480401574e-005 0 0
 452.391848636 8.35103457014242e-005 0 0
 455.781612741 8.5556138509694e-005 0 0
 459.171476608 2.57776217881592e-005 0 0
 462.561428705 9.479770054105e-005 0 0
 465.9514575 -6.37530766108982e-005 0 0
 469.341551461 1.22028600435105e-005 0 0
 472.731699056 1.17521793370086e-005 0 0
 476.121888753 -6.65027709758521e-006 0 0
 479.51210902 -1.28370525130915e-005 0 0
 482.902348325 5.15879643949743e-006 0 0
 486.292595136 -2.34375173931966e-005 0 0
 489.682837921 9.16051694317604e-005 0 0
 493.073065148 0.000179576657651166 0 0
 496.463265285 0.00011941911397134 0 0
 499.8534268 9.44925220530901e-005 0 0
 503.243538161 9.66128857198335e-005 0 0
 506.633587836 6.43162116045671e-005 0 0
 510.023564293 7.94597557747508e-005 0 0
 513.413456 5.66085752007748e-005 0 0
 516.803251425 8.75744344301298e-005 0 0
 520.192939036 7.69420966154321e-005 0 0
 523.582507301 4.69147015128686e-005 0 0
 526.971944688 0.00010047490459906 0 0
 530.361239665 8.09440162574364e-005 0 0
 533.7503807 0.000100049262944943 0 0
 537.139356261 -1.63102884432615e-005 0 0
 540.528154816 6.14179919299406e-005 0 0
 543.916764833 -2.56776547049756e-005 0 0
 547.30517478 -1.05801837872555e-005 0 0
 550.693373125 1.27074940723747e-005 0 0
 554.081348336 1.8366225631321e-005 0 0
 557.469088881 4.70538158557662e-005 0 0
 560.856583228 4.50680565168083e-005 0 0
 564.243819845 3.38054145455816e-005 0 0
 567.6307872 0.000120334605604493 0 0
 571.017473761 7.88535682609025e-005 0 0
 574.403867996 0.000174872926403769 0 0
 577.789958373 0.000107448377441669 0 0
 581.17573336 0.000118420849907171 0 0
 584.561181425 0.000247026456333096 0 0
 587.946291036 0.000220915970059539 0 0
 591.331050661 0.000308645945368918 0 0
 594.715448768 0.000228038742515506 0 0
 598.099473825 3.81590193654947e-005 0 0
 601.4831143 0.000152347693635998 0 0
 604.866358661 0.000126782767356785 0 0
 608.249195376 0.000151008961939659 0 0
 611.631612913 9.6585425165235e-005 0 0
 615.01359974 9.62995716487901e-005 0 0
 618.395144325 9.64497813031286e-005 0 0
 621.776235136 0.000231922506616989 0 0
 625.156860641 0.000173158420426682 0 0
 628.537009308 0.000200372259378764 0 0
 631.916669605 0.000157657103841225 0 0
 635.29583 0.000226154745733914 0 0
 638.674478961 0.000107339795441878 0 0
 642.052604956 0.000170026797765072 0 0
 645.430196453 0.000114209346852043 0 0
 648.80724192 0.000172307542145834 0 0
 652.183729825 0.000184264938761905 0 0
 655.559648636 0.00011320661828639 0 0
 658.934986821 0.000224081424999672 0 0
 662.309732848 0.000177463752805607 0 0
 665.683875185 0.000220843960384981 0 0
 669.0574023 0.000135475842611858 0 0
 672.430302661 0.000281828706445205 0 0
 675.802564736 0.000224081485337166 0 0
 679.174176993 0.000233824053159341 0 0
 682.5451279 0.000150220543942967 0 0
 685.915405925 0.000181218840702049 0 0
 689.284999536 0.000246258923091019 0 0
 692.653897201 3.26831899161442e-005 0 0
 696.022087388 0.00013810652784561 0 0
 699.389558565 -2.14428907330712e-005 0 0
 702.7562992 1.28819591933391e-005 0 0
 706.122297761 9.38305720360034e-005 0 0
 709.487542716 6.86583668628472e-005 0 0
 712.852022533 6.94071001932901e-005 0 0
 716.21572568 0.000151090399923073 0 0
 719.578640625 0.00015550567455798 0 0
 722.940755836 0.000186694815853423 0 0
 726.302059781 0.000211807964456955 0 0
 729.662540928 9.07454641123878e-005 0 0
 733.022187745 0.000192838455859293 0 0
 736.3809887 9.40121136647053e-005 0 0
 739.738932261 0.000302382368424723 0 0
 743.096006896 0.000130261660807501 0 0
 746.452201073 4.03837383032907e-005 0 0
 749.80750326 0.000230598707472848 0 0
 753.161901925 0.000319767341417319 0 0
 756.515385536 0.000329004826404051 0 0
 759.867942561 0.000346600873985823 0 0
 763.219561468 0.000374848682236478 0 0
 766.570230725 0.000479666447706052 0 0
 769.9199388 0.000372879566166038 0 0
 773.268674161 0.000316657002071609 0 0
 776.616425276 0.000298676549313206 0 0
 779.963180613 0.00019945966251822 0 0
 783.30892864 0.000353591254788553 0 0
 786.653657825 0.000260215584840963 0 0
 789.997356636 0.000236477359164165 0 0
 793.340013541 0.000179932703699459 0 0
 796.681617008 0.000422163321911956 0 0
 800.022155505 0.000234594046864299 0 0
 803.3616175 0.000251589653938098 0 0
 806.699991461 0.000607943123471403 0 0
 810.037265856 0.000457305730056036 0 0
 813.373429153 0.000628324372570628 0 0
 816.70846982 0.000934020993940067 0 0
 820.042376325 0.000864635268441982 0 0
 823.375137136 0.000816370033188199 0 0
 826.706740721 0.000991218431310292 0 0
 830.037175548 0.000504493110370468 0 0
 833.366430085 0.000508857171529963 0 0
 836.6944928 0.000773453903601442 0 0
 840.021352161 8.43625486119566e-005 0 0
 843.346996636 0.000271014730911588 0 0
 846.671414693 0.000456521598440724 0 0
 849.9945948 0.000613552092002754 0 0
 853.316525425 0.000382612541649137 0 0
 856.637195036 0.000461350738171523 0 0
 859.956592101 0.000444110587409466 0 0
 863.274705088 0.000496220448553383 0 0
 866.591522465 0.000326771982128944 0 0
 869.9070327 0.00100156183178582 0 0
 873.221224261 0.00094801077693897 0 0
 876.534085616 0.00133162899095174 0 0
 879.845605233 0.00118459377188196 0 0
 883.15577158 0.0013157259436643 0 0
 886.464573125 0.0011532952920791 0 0
 889.771998336 0.00140307943805663 0 0
 893.078035681 0.00146811836697088 0 0
 896.382673628 0.00148372027440311 0 0
 899.685900645 0.0013307133998124 0 0
 902.9877052 0.00145135707317454 0 0
 906.288075761 0.00139776794191575 0 0
 909.587000796 0.0018590427368906 0 0
 912.884468773 0.00210988473136616 0 0
 916.18046816 0.00232763482957331 0 0
 919.474987425 0.0024186475222894 0 0
 922.768015036 0.00214543189784244 0 0
 926.059539461 0.00260398131160823 0 0
 929.349549168 0.00272528317169156 0 0
 932.638032625 0.00161628233161307 0 0
 935.9249783 0.00183914387351727 0 0
 939.210374661 0.00128181082999782 0 0
 942.494210176 0.00308388168356219 0 0
 945.776473313 0.00161083910864979 0 0
 949.05715254 0.00183409127019961 0 0
 952.336236325 0.00243878364262703 0 0
 955.613713136 0 0 0
 958.889571441 0 0 0
 962.163799708 0 0 0
 965.436386405 0 0 0
 968.70732 0 0 0
 971.976588961 0 0 0
 975.244181756 0 0 0
 978.510086853 0 0 0
 981.77429272 0 0 0
 985.036787825 0 0 0
 988.297560636 0 0 0
 991.556599621 0 0 0
 994.813893248 0 0 0
 998.069429985 0 0 0
 1001.3231983 0 0 0
 1004.575186661 0 0 0
 1007.825383536 0 0 0
 1011.073777393 0 0 0
 1014.3203567 0 0 0
 1017.565109925 0 0 0
 1020.808025536 0 0 0
 1024.049092001 0 0 0
 1027.288297788 0 0 0
 1030.525631365 0 0 0
 1033.7610812 0 0 0
 1036.994635761 0 0 0
 1040.226283516 0 0 0
 1043.456012933 0 0 0
 1046.68381248 0 0 0
 1049.909670625 0 0 0
 1053.133575836 0 0 0
 1056.355516581 0 0 0
 1059.575481328 0 0 0
 1062.793458545 0 0 0
 1066.0094367 0 0 0
 1069.223404261 0 0 0
 1072.435349696 0 0 0
 1075.645261473 0 0 0
 1078.85312806 0 0 0
 1082.058937925 0 0 0
 1085.262679536 0 0 0
 1088.464341361 0 0 0
 1091.663911868 0 0 0
 1094.861379525 0 0 0
 1098.0567328 0 0 0
 1101.249960161 0 0 0
 1104.441050076 0 0 0
 1107.629991013 0 0 0
 1110.81677144 0 0 0
 1114.001379825 0 0 0
 1117.183804636 0 0 0
 1120.364034341 0 0 0
 1123.542057408 0 0 0
 1126.717862305 0 0 0
 1129.8914375 0 0 0
 1133.062771461 0 0 0
 1136.231852656 0 0 0
 1139.398669553 0 0 0
 1142.56321062 0 0 0
 1145.725464325 0 0 0
 1148.885419136 0 0 0
[END] of [DATA]
[END] of [Spectrum]

