
#TBID:2021-11-03 00:30:00;SAM_84CE;RAW;

[Spectrum]
Version            = 1
IDData             = 96B1_2021-11-03_00-30-00_000_272
IDDevice           = SAM_84CE
IDDataType         = SPECTRUM
IDDataTypeSub1     = RAW
IDDataTypeSub2     = 
IDDataTypeSub3     = 
DateTime           = 2021-11-03 00:30:00
PositionLatitude   = 0
PositionLongitude  = 0
Comment            = 
CommentSub1        = 
CommentSub2        = 
CommentSub3        = 
IDMethodType       = SAM Control
MethodName         = SAM_84CE
Mission            = No Mission
MissionSub         = 1
RecordType         = 0
[Attributes]
CalFactor = 1
IDBasisSpec = 
IDDataBack = DLAB_2015-08-21_11-56-43_233_004
IDDataCal = DLAB_2015-08-26_10-05-37_585_478
IntegrationTime = 4096
P31 = -1
P31e = 0
PathLength = +INF
PathLengthCustomOn = 0
RAWDynamic = 65535
Salinity = 0
Temperature = -NAN
Unit1 = $05 $00 Pixel 
Unit2 = $03 $05 Intensity counts
Unit3 = $f0 $05 Error counts
Unit4 = $f1 $00 Status 
p999 = 1326
[END] of [Attributes]
[DATA]
 0 11 0 0
 1 1302 0 0
 2 1300 0 0
 3 1301 0 0
 4 1312 0 0
 5 1312 0 0
 6 1306 0 0
 7 1310 0 0
 8 1306 0 0
 9 1312 0 0
 10 1308 0 0
 11 1311 0 0
 12 1314 0 0
 13 1312 0 0
 14 1315 0 0
 15 1309 0 0
 16 1308 0 0
 17 1316 0 0
 18 1314 0 0
 19 1314 0 0
 20 1314 0 0
 21 1318 0 0
 22 1316 0 0
 23 1320 0 0
 24 1319 0 0
 25 1317 0 0
 26 1318 0 0
 27 1322 0 0
 28 1316 0 0
 29 1319 0 0
 30 1318 0 0
 31 1317 0 0
 32 1314 0 0
 33 1320 0 0
 34 1315 0 0
 35 1320 0 0
 36 1318 0 0
 37 1316 0 0
 38 1321 0 0
 39 1321 0 0
 40 1322 0 0
 41 1318 0 0
 42 1320 0 0
 43 1321 0 0
 44 1317 0 0
 45 1317 0 0
 46 1319 0 0
 47 1321 0 0
 48 1322 0 0
 49 1315 0 0
 50 1324 0 0
 51 1317 0 0
 52 1319 0 0
 53 1322 0 0
 54 1320 0 0
 55 1320 0 0
 56 1316 0 0
 57 1320 0 0
 58 1318 0 0
 59 1314 0 0
 60 1315 0 0
 61 1318 0 0
 62 1319 0 0
 63 1318 0 0
 64 1322 0 0
 65 1319 0 0
 66 1328 0 0
 67 1316 0 0
 68 1319 0 0
 69 1318 0 0
 70 1313 0 0
 71 1317 0 0
 72 1320 0 0
 73 1319 0 0
 74 1317 0 0
 75 1317 0 0
 76 1325 0 0
 77 1320 0 0
 78 1320 0 0
 79 1324 0 0
 80 1322 0 0
 81 1328 0 0
 82 1318 0 0
 83 1313 0 0
 84 1319 0 0
 85 1316 0 0
 86 1322 0 0
 87 1326 0 0
 88 1318 0 0
 89 1318 0 0
 90 1323 0 0
 91 1323 0 0
 92 1323 0 0
 93 1321 0 0
 94 1316 0 0
 95 1315 0 0
 96 1316 0 0
 97 1321 0 0
 98 1325 0 0
 99 1319 0 0
 100 1319 0 0
 101 1320 0 0
 102 1328 0 0
 103 1322 0 0
 104 1320 0 0
 105 1325 0 0
 106 1320 0 0
 107 1324 0 0
 108 1320 0 0
 109 1326 0 0
 110 1321 0 0
 111 1326 0 0
 112 1324 0 0
 113 1323 0 0
 114 1328 0 0
 115 1316 0 0
 116 1319 0 0
 117 1317 0 0
 118 1326 0 0
 119 1322 0 0
 120 1321 0 0
 121 1322 0 0
 122 1324 0 0
 123 1323 0 0
 124 1324 0 0
 125 1323 0 0
 126 1327 0 0
 127 1316 0 0
 128 1326 0 0
 129 1322 0 0
 130 1321 0 0
 131 1321 0 0
 132 1321 0 0
 133 1324 0 0
 134 1314 0 0
 135 1328 0 0
 136 1320 0 0
 137 1325 0 0
 138 1316 0 0
 139 1325 0 0
 140 1318 0 0
 141 1321 0 0
 142 1321 0 0
 143 1324 0 0
 144 1320 0 0
 145 1326 0 0
 146 1324 0 0
 147 1314 0 0
 148 1321 0 0
 149 1320 0 0
 150 1320 0 0
 151 1321 0 0
 152 1324 0 0
 153 1325 0 0
 154 1321 0 0
 155 1319 0 0
 156 1320 0 0
 157 1318 0 0
 158 1318 0 0
 159 1323 0 0
 160 1322 0 0
 161 1326 0 0
 162 1321 0 0
 163 1330 0 0
 164 1322 0 0
 165 1321 0 0
 166 1319 0 0
 167 1321 0 0
 168 1325 0 0
 169 1326 0 0
 170 1325 0 0
 171 1324 0 0
 172 1324 0 0
 173 1319 0 0
 174 1319 0 0
 175 1323 0 0
 176 1322 0 0
 177 1324 0 0
 178 1324 0 0
 179 1324 0 0
 180 1326 0 0
 181 1326 0 0
 182 1323 0 0
 183 1316 0 0
 184 1318 0 0
 185 1325 0 0
 186 1325 0 0
 187 1324 0 0
 188 1323 0 0
 189 1325 0 0
 190 1320 0 0
 191 1328 0 0
 192 1321 0 0
 193 1317 0 0
 194 1321 0 0
 195 1324 0 0
 196 1324 0 0
 197 1323 0 0
 198 1325 0 0
 199 1322 0 0
 200 1326 0 0
 201 1322 0 0
 202 1323 0 0
 203 1324 0 0
 204 1326 0 0
 205 1324 0 0
 206 1326 0 0
 207 1326 0 0
 208 1328 0 0
 209 1321 0 0
 210 1325 0 0
 211 1318 0 0
 212 1320 0 0
 213 1328 0 0
 214 1324 0 0
 215 1325 0 0
 216 1330 0 0
 217 1320 0 0
 218 1322 0 0
 219 1322 0 0
 220 1320 0 0
 221 1323 0 0
 222 1320 0 0
 223 1322 0 0
 224 1316 0 0
 225 1322 0 0
 226 1319 0 0
 227 1326 0 0
 228 1319 0 0
 229 1329 0 0
 230 1329 0 0
 231 1324 0 0
 232 1321 0 0
 233 1322 0 0
 234 1324 0 0
 235 1327 0 0
 236 1323 0 0
 237 1328 0 0
 238 1323 0 0
 239 1326 0 0
 240 1326 0 0
 241 1330 0 0
 242 1318 0 0
 243 1324 0 0
 244 1327 0 0
 245 1328 0 0
 246 1318 0 0
 247 1324 0 0
 248 1324 0 0
 249 1324 0 0
 250 1321 0 0
 251 1322 0 0
 252 1317 0 0
 253 1319 0 0
 254 1315 0 0
 255 1365 0 0
[END] of [DATA]
[END] of [Spectrum]


#TBID:2021-11-03 00:30:00;SAM_84CE;CALIBRATED;

[Spectrum]
Version            = 1
IDData             = 96B1_2021-11-03_00-30-00_000_273
IDDevice           = SAM_84CE
IDDataType         = SPECTRUM
IDDataTypeSub1     = CALIBRATED
IDDataTypeSub2     = 
IDDataTypeSub3     = 
DateTime           = 2021-11-03 00:30:00
PositionLatitude   = 0
PositionLongitude  = 0
Comment            = 
CommentSub1        = 
CommentSub2        = 
CommentSub3        = 
IDMethodType       = SAM Control
MethodName         = SAM_84CE
Mission            = No Mission
MissionSub         = 1
RecordType         = 0
[Attributes]
CalFactor = 1
IDBasisSpec = 
IDDataBack = DLAB_2015-08-21_11-56-43_233_004
IDDataCal = DLAB_2015-08-26_10-05-37_585_478
IntegrationTime = 4096
P31 = -1
P31e = 0
PathLength = +INF
PathLengthCustomOn = 0
RAWDynamic = 65535
Salinity = 0
Temperature = -NAN
Unit1 = $01 $01 Wavelength nm
Unit2 = $03 $06 Intensity mW/(m^2 nm)
Unit3 = $f0 $06 Error mW/(m^2 nm)
Unit4 = $f1 $00 Status 
p999 = 1326
[END] of [Attributes]
[DATA]
 0 11 0 0
 303.485180022 0 0 0
 306.85638880275 0 0 0
 310.228324544 0 0 0
 313.60097308125 0 0 0
 316.97432025 -0.00068674480172089 0 0
 320.34835188575 -0.000471054955418059 0 0
 323.723053824 0.00199610308731698 0 0
 327.09841190025 -0.000252832717353507 0 0
 330.47441195 -0.000605520087433221 0 0
 333.85103980875 -0.00101146421400013 0 0
 337.228281312 -0.000850722379023299 0 0
 340.60612229525 9.49759175772083e-005 0 0
 343.984548594 -0.000400615557575116 0 0
 347.36354604375 -0.00098892538627281 0 0
 350.74310048 -0.000353368224716575 0 0
 354.12319773825 -0.000935362692348039 0 0
 357.503823654 0.00158332360681875 0 0
 360.88496406275 0.000255367574541945 0 0
 364.2666048 0.00138313170722719 0 0
 367.64873170125 -0.000550633583170981 0 0
 371.031330602 0.000774628775124951 0 0
 374.41438733775 0.000849602530370904 0 0
 377.797887744 -0.000978439273627262 0 0
 381.18181765625 0.000671132506552868 0 0
 384.56616291 0.000217068767608697 0 0
 387.95090934075 -0.000549130091449172 0 0
 391.336042784 -3.18895447098283e-005 0 0
 394.72154907525 0.00117768744219816 0 0
 398.10741405 0.00125094648724204 0 0
 401.49362354375 0.000894688499995888 0 0
 404.880163392 -0.000811079891830459 0 0
 408.26701943025 -0.000653770069535029 0 0
 411.654177494 0.00090611261079844 0 0
 415.04162341875 0.000512308350504754 0 0
 418.42934304 0.00151397111399592 0 0
 421.81732219325 -4.61368982393395e-005 0 0
 425.205546714 0.000962039295913712 0 0
 428.59400243775 0.00023153682805928 0 0
 431.9826752 0.00065184961386846 0 0
 435.37155083625 0.000662681033332585 0 0
 438.760615182 0.000410324584862467 0 0
 442.14985407275 0.00037564865677864 0 0
 445.539253344 0.000573945902459475 0 0
 448.92879883125 0.000821551019027164 0 0
 452.31847637 0.000877102576171148 0 0
 455.70827179575 -0.000123953407626491 0 0
 459.098170944 -0.000274467230237352 0 0
 462.48815965025 0.000636079627554327 0 0
 465.87822375 -0.00017889608675548 0 0
 469.26834907875 0.000684617702255011 0 0
 472.658521472 0.000678245498354873 0 0
 476.04872676525 0.00097794917936326 0 0
 479.438950794 0.000498622761882241 0 0
 482.82917939375 -0.000139874604661389 0 0
 486.2193984 0.000941311566463693 0 0
 489.60959364825 0.000477948222364921 0 0
 492.999750974 0.00094263177632435 0 0
 496.38985621275 1.490685929779e-005 0 0
 499.7798952 -0.000105498469934269 0 0
 503.16985377125 0.000620204472647508 0 0
 506.559717762 0.000393988100090233 0 0
 509.94947300775 -0.000486030448153183 0 0
 513.339105344 -8.53547276614975e-005 0 0
 516.72860060625 0.00058213735028572 0 0
 520.11794463 0.0006020809570512 0 0
 523.50712325075 0.000553218734033998 0 0
 526.896122304 -7.1874487395543e-005 0 0
 530.28492762525 3.50374290058663e-005 0 0
 533.67352505 0.000861501705675251 0 0
 537.06190041375 0.000993796617575238 0 0
 540.450039552 0.000583204184769119 0 0
 543.83792830025 0.00041222529865062 0 0
 547.225552494 7.84451419523876e-005 0 0
 550.61289796875 0.000289318894652907 0 0
 553.99995056 6.72339488329132e-005 0 0
 557.38669610325 5.30728470001161e-005 0 0
 560.773120434 0.000563262060132353 0 0
 564.15920938775 0.000941154131763305 0 0
 567.5449488 0.000631468288623074 0 0
 570.93032450625 0.000230203512936294 0 0
 574.315322342 0.000848043992594322 0 0
 577.69992814275 0.000286509666107791 0 0
 581.084127744 -4.98902862105457e-005 0 0
 584.46790698125 0.000588167107322458 0 0
 587.85125169 8.37918912031154e-005 0 0
 591.23414770575 0.000641735837758588 0 0
 594.616580864 0.00102268123476398 0 0
 597.99853700025 0.000281265631160847 0 0
 601.38000195 0.000249099977470812 0 0
 604.76096154875 -0.000109614515236068 0 0
 608.141401632 9.88935849484667e-005 0 0
 611.52130803525 0.000349656558912549 0 0
 614.900666594 -0.000711501604636022 0 0
 618.27946314375 -0.000299110463630947 0 0
 621.65768352 7.79354545286532e-005 0 0
 625.03531355825 0.000211272065962042 0 0
 628.412339094 -0.000106363259552162 0 0
 631.78874596275 -8.02720056504111e-005 0 0
 635.16452 -0.000851510913429322 0 0
 638.53964704125 -0.000702993685155038 0 0
 641.914112922 0.000199274665644739 0 0
 645.28790347775 0.00112419067891051 0 0
 648.661004544 -0.000319532446967545 0 0
 652.03340195625 1.49601299089939e-005 0 0
 655.40508155 1.88038921762436e-005 0 0
 658.77602916075 -0.000414110781557658 0 0
 662.146230624 0.00100852582182537 0 0
 665.51567177525 0.000224684755186201 0 0
 668.88433845 -0.000453883336313426 0 0
 672.25221648375 0.000284005901383039 0 0
 675.619291712 -0.000629426001663172 0 0
 678.98554997025 0.000324659817104219 0 0
 682.350977094 0.00101488868897807 0 0
 685.71555891875 0.00105298559296135 0 0
 689.07928128 -0.000797700967428098 0 0
 692.44213001325 0.000449345294396437 0 0
 695.804090954 -0.00158092638014769 0 0
 699.16514993775 0.000802491735332037 0 0
 702.5252928 -0.000234304601093731 0 0
 705.88450537625 -0.000654915048708504 0 0
 709.242773502 0.000368865032632254 0 0
 712.60008301275 -2.32961399075397e-005 0 0
 715.956419744 0.000670916198749621 0 0
 719.31176953125 0.000668223671238884 0 0
 722.66611821 0.00073546179445134 0 0
 726.01945161575 -0.00010712940988132 0 0
 729.371755584 -0.000577760833168778 0 0
 732.72301595025 0.000932668581098762 0 0
 736.07321855 0.000411331256946452 0 0
 739.42234921875 0.000945543271965601 0 0
 742.770393792 -0.00184004828775638 0 0
 746.11733810525 0.000301052482158005 0 0
 749.463167994 0.000865257444765722 0 0
 752.80786929375 -0.00162213861261049 0 0
 756.15142784 0.00141949874306512 0 0
 759.49382946825 -0.000149888310711075 0 0
 762.835060014 -0.00039724761285219 0 0
 766.17510531275 0.000480320709050071 0 0
 769.5139512 -0.000196682610317568 0 0
 772.85158351125 0.000343381461413261 0 0
 776.187988082 -0.000210131461200823 0 0
 779.52315074775 0.00053989873611074 0 0
 782.857057344 0.000917771880469877 0 0
 786.18969370625 -0.000487027172788327 0 0
 789.52104567 -0.00126104617151547 0 0
 792.85109907075 -0.000665989081656699 0 0
 796.179839744 -0.000371673993177583 0 0
 799.50725352525 -0.00082650562207721 0 0
 802.83332625 0.000256342008920081 0 0
 806.15804375375 0.000607797721833768 0 0
 809.481391872 0.00136771128128386 0 0
 812.80335644025 0.00222776874501553 0 0
 816.123923294 0.000505878870620239 0 0
 819.44307826875 -0.000191305414215373 0 0
 822.7608072 -0.000810597558928915 0 0
 826.07709592325 5.95387829982494e-005 0 0
 829.391930274 -0.00219239285570123 0 0
 832.70529608775 0.000673542655744008 0 0
 836.0171792 1.52105674400548e-005 0 0
 839.32756544625 -0.00101092966127713 0 0
 842.636440662 9.70285433291389e-005 0 0
 845.94379068275 -0.00152979006908138 0 0
 849.249601344 0.00423896172351238 0 0
 852.55385848125 -0.000916027568181845 0 0
 855.85654793 0.000228866831795897 0 0
 859.15765552575 -0.00051109026552143 0 0
 862.457167104 -0.000808197317789868 0 0
 865.75506850025 0.0026645833841607 0 0
 869.05134555 0.000477986942837791 0 0
 872.34598408875 -0.00103701179240338 0 0
 875.638969952 -0.00293341464637541 0 0
 878.93028897525 -0.000385920374385951 0 0
 882.219926994 -0.00406099581123867 0 0
 885.50786984375 -0.00037717944025712 0 0
 888.79410336 -0.00149367465851757 0 0
 892.07861337825 -0.00207808097879441 0 0
 895.361385734 -0.000330009839761587 0 0
 898.64240626275 -0.00358076870953162 0 0
 901.9216608 -0.0019657236134768 0 0
 905.19913518125 -0.00104240086591882 0 0
 908.474815242 0.000850573216910379 0 0
 911.74868681775 -0.00142188310812105 0 0
 915.020735744 -0.00029410461872758 0 0
 918.29094785625 0.000217779321743059 0 0
 921.55930899 0.0018655741500486 0 0
 924.82580498075 -0.00284430034743645 0 0
 928.090421664 -0.0071523179938219 0 0
 931.35314487525 0.000461566869366779 0 0
 934.61396045 0.00336067209619908 0 0
 937.87285422375 -0.00665418377238789 0 0
 941.129812032 0.00236710083896194 0 0
 944.38481971025 -0.00487543817917915 0 0
 947.637863094 -0.0147945833587342 0 0
 950.88892801875 -0.00288111049396016 0 0
 954.13800032 0 0 0
 957.38506583325 0 0 0
 960.630110394 0 0 0
 963.87311983775 0 0 0
 967.11408 0 0 0
 970.35297671625 0 0 0
 973.589795822 0 0 0
 976.82452315275 0 0 0
 980.057144544 0 0 0
 983.28764583125 0 0 0
 986.51601285 0 0 0
 989.74223143575 0 0 0
 992.966287424 0 0 0
 996.18816665025 0 0 0
 999.40785495 0 0 0
 1002.62533815875 0 0 0
 1005.840602112 0 0 0
 1009.05363264525 0 0 0
 1012.264415594 0 0 0
 1015.47293679375 0 0 0
 1018.67918208 0 0 0
 1021.88313728825 0 0 0
 1025.084788254 0 0 0
 1028.28412081275 0 0 0
 1031.4811208 0 0 0
 1034.67577405125 0 0 0
 1037.868066402 0 0 0
 1041.05798368775 0 0 0
 1044.245511744 0 0 0
 1047.43063640625 0 0 0
 1050.61334351 0 0 0
 1053.79361889075 0 0 0
 1056.971448384 0 0 0
 1060.14681782525 0 0 0
 1063.31971305 0 0 0
 1066.49011989375 0 0 0
 1069.658024192 0 0 0
 1072.82341178025 0 0 0
 1075.986268494 0 0 0
 1079.14658016875 0 0 0
 1082.30433264 0 0 0
 1085.45951174325 0 0 0
 1088.612103314 0 0 0
 1091.76209318775 0 0 0
 1094.9094672 0 0 0
 1098.05421118625 0 0 0
 1101.196310982 0 0 0
 1104.33575242275 0 0 0
 1107.472521344 0 0 0
 1110.60660358125 0 0 0
 1113.73798497 0 0 0
 1116.86665134575 0 0 0
 1119.992588544 0 0 0
 1123.11578240025 0 0 0
 1126.23621875 0 0 0
 1129.35388342875 0 0 0
 1132.468762272 0 0 0
 1135.58084111525 0 0 0
 1138.690105794 0 0 0
 1141.79654214375 0 0 0
 1144.900136 0 0 0
[END] of [DATA]
[END] of [Spectrum]


#TBID:2021-11-03 00:30:00;SAM_84C8;RAW;

[Spectrum]
Version            = 1
IDData             = 96B1_2021-11-03_00-30-00_000_275
IDDevice           = SAM_84C8
IDDataType         = SPECTRUM
IDDataTypeSub1     = RAW
IDDataTypeSub2     = 
IDDataTypeSub3     = 
DateTime           = 2021-11-03 00:30:00
PositionLatitude   = 0
PositionLongitude  = 0
Comment            = 
CommentSub1        = 
CommentSub2        = 
CommentSub3        = 
IDMethodType       = SAM Control
MethodName         = SAM_84C8
Mission            = No Mission
MissionSub         = 1
RecordType         = 0
[Attributes]
CalFactor = 1
IDBasisSpec = 
IDDataBack = DLAB_2015-08-21_12-14-03_013_778
IDDataCal = DLAB_2015-08-24_11-04-47_772_747
IntegrationTime = 4096
P31 = -1
P31e = 0
PathLength = +INF
PathLengthCustomOn = 0
RAWDynamic = 65535
Salinity = 0
Temperature = -NAN
Unit1 = $05 $00 Pixel 
Unit2 = $03 $05 Intensity counts
Unit3 = $f0 $05 Error counts
Unit4 = $f1 $00 Status 
p999 = 1326
[END] of [Attributes]
[DATA]
 0 11 0 0
 1 1310 0 0
 2 1301 0 0
 3 1299 0 0
 4 1304 0 0
 5 1303 0 0
 6 1305 0 0
 7 1304 0 0
 8 1303 0 0
 9 1305 0 0
 10 1300 0 0
 11 1306 0 0
 12 1308 0 0
 13 1311 0 0
 14 1308 0 0
 15 1308 0 0
 16 1313 0 0
 17 1314 0 0
 18 1312 0 0
 19 1313 0 0
 20 1312 0 0
 21 1309 0 0
 22 1318 0 0
 23 1317 0 0
 24 1313 0 0
 25 1317 0 0
 26 1315 0 0
 27 1319 0 0
 28 1314 0 0
 29 1320 0 0
 30 1314 0 0
 31 1318 0 0
 32 1322 0 0
 33 1321 0 0
 34 1316 0 0
 35 1320 0 0
 36 1324 0 0
 37 1326 0 0
 38 1321 0 0
 39 1316 0 0
 40 1316 0 0
 41 1321 0 0
 42 1314 0 0
 43 1319 0 0
 44 1313 0 0
 45 1323 0 0
 46 1323 0 0
 47 1319 0 0
 48 1321 0 0
 49 1321 0 0
 50 1317 0 0
 51 1318 0 0
 52 1320 0 0
 53 1321 0 0
 54 1310 0 0
 55 1321 0 0
 56 1325 0 0
 57 1321 0 0
 58 1320 0 0
 59 1316 0 0
 60 1319 0 0
 61 1324 0 0
 62 1327 0 0
 63 1327 0 0
 64 1322 0 0
 65 1319 0 0
 66 1326 0 0
 67 1323 0 0
 68 1324 0 0
 69 1318 0 0
 70 1325 0 0
 71 1324 0 0
 72 1325 0 0
 73 1319 0 0
 74 1329 0 0
 75 1329 0 0
 76 1325 0 0
 77 1328 0 0
 78 1324 0 0
 79 1326 0 0
 80 1330 0 0
 81 1323 0 0
 82 1325 0 0
 83 1330 0 0
 84 1332 0 0
 85 1325 0 0
 86 1321 0 0
 87 1329 0 0
 88 1325 0 0
 89 1321 0 0
 90 1330 0 0
 91 1330 0 0
 92 1328 0 0
 93 1323 0 0
 94 1334 0 0
 95 1325 0 0
 96 1335 0 0
 97 1328 0 0
 98 1326 0 0
 99 1326 0 0
 100 1333 0 0
 101 1335 0 0
 102 1326 0 0
 103 1326 0 0
 104 1328 0 0
 105 1339 0 0
 106 1325 0 0
 107 1326 0 0
 108 1326 0 0
 109 1322 0 0
 110 1336 0 0
 111 1336 0 0
 112 1328 0 0
 113 1330 0 0
 114 1332 0 0
 115 1334 0 0
 116 1337 0 0
 117 1324 0 0
 118 1331 0 0
 119 1337 0 0
 120 1327 0 0
 121 1333 0 0
 122 1328 0 0
 123 1333 0 0
 124 1330 0 0
 125 1326 0 0
 126 1329 0 0
 127 1336 0 0
 128 1330 0 0
 129 1332 0 0
 130 1327 0 0
 131 1330 0 0
 132 1336 0 0
 133 1368 0 0
 134 1334 0 0
 135 1325 0 0
 136 1328 0 0
 137 1331 0 0
 138 1327 0 0
 139 1335 0 0
 140 1333 0 0
 141 1328 0 0
 142 1336 0 0
 143 1330 0 0
 144 1332 0 0
 145 1336 0 0
 146 1334 0 0
 147 1331 0 0
 148 1336 0 0
 149 1334 0 0
 150 1330 0 0
 151 1331 0 0
 152 1336 0 0
 153 1330 0 0
 154 1331 0 0
 155 1330 0 0
 156 1337 0 0
 157 1332 0 0
 158 1334 0 0
 159 1330 0 0
 160 1334 0 0
 161 1336 0 0
 162 1339 0 0
 163 1329 0 0
 164 1330 0 0
 165 1335 0 0
 166 1335 0 0
 167 1333 0 0
 168 1333 0 0
 169 1332 0 0
 170 1334 0 0
 171 1334 0 0
 172 1335 0 0
 173 1330 0 0
 174 1331 0 0
 175 1343 0 0
 176 1331 0 0
 177 1336 0 0
 178 1329 0 0
 179 1328 0 0
 180 1334 0 0
 181 1332 0 0
 182 1332 0 0
 183 1338 0 0
 184 1331 0 0
 185 1337 0 0
 186 1334 0 0
 187 1333 0 0
 188 1331 0 0
 189 1333 0 0
 190 1332 0 0
 191 1336 0 0
 192 1335 0 0
 193 1327 0 0
 194 1331 0 0
 195 1335 0 0
 196 1327 0 0
 197 1335 0 0
 198 1331 0 0
 199 1333 0 0
 200 1328 0 0
 201 1327 0 0
 202 1331 0 0
 203 1336 0 0
 204 1334 0 0
 205 1330 0 0
 206 1336 0 0
 207 1335 0 0
 208 1331 0 0
 209 1331 0 0
 210 1327 0 0
 211 1328 0 0
 212 1330 0 0
 213 1336 0 0
 214 1335 0 0
 215 1329 0 0
 216 1336 0 0
 217 1338 0 0
 218 1334 0 0
 219 1339 0 0
 220 1338 0 0
 221 1342 0 0
 222 1336 0 0
 223 1336 0 0
 224 1339 0 0
 225 1336 0 0
 226 1337 0 0
 227 1334 0 0
 228 1330 0 0
 229 1334 0 0
 230 1331 0 0
 231 1339 0 0
 232 1337 0 0
 233 1335 0 0
 234 1336 0 0
 235 1338 0 0
 236 1334 0 0
 237 1332 0 0
 238 1335 0 0
 239 1341 0 0
 240 1335 0 0
 241 1343 0 0
 242 1337 0 0
 243 1339 0 0
 244 1336 0 0
 245 1333 0 0
 246 1331 0 0
 247 1331 0 0
 248 1336 0 0
 249 1334 0 0
 250 1336 0 0
 251 1328 0 0
 252 1323 0 0
 253 1325 0 0
 254 1327 0 0
 255 1374 0 0
[END] of [DATA]
[END] of [Spectrum]


#TBID:2021-11-03 00:30:00;SAM_84C8;CALIBRATED;

[Spectrum]
Version            = 1
IDData             = 96B1_2021-11-03_00-30-00_000_276
IDDevice           = SAM_84C8
IDDataType         = SPECTRUM
IDDataTypeSub1     = CALIBRATED
IDDataTypeSub2     = 
IDDataTypeSub3     = 
DateTime           = 2021-11-03 00:30:00
PositionLatitude   = 0
PositionLongitude  = 0
Comment            = 
CommentSub1        = 
CommentSub2        = 
CommentSub3        = 
IDMethodType       = SAM Control
MethodName         = SAM_84C8
Mission            = No Mission
MissionSub         = 1
RecordType         = 0
[Attributes]
CalFactor = 1
IDBasisSpec = 
IDDataBack = DLAB_2015-08-21_12-14-03_013_778
IDDataCal = DLAB_2015-08-24_11-04-47_772_747
IntegrationTime = 4096
P31 = -1
P31e = 0
PathLength = +INF
PathLengthCustomOn = 0
RAWDynamic = 65535
Salinity = 0
Temperature = -NAN
Unit1 = $01 $01 Wavelength nm
Unit2 = $03 $03 Intensity mW/(m^2 nm Sr)
Unit3 = $f0 $03 Error mW/(m^2 nm Sr)
Unit4 = $f1 $00 Status 
p999 = 1326
[END] of [Attributes]
[DATA]
 0 11 0 0
 303.516048156 0 0 0
 306.890006053 0 0 0
 310.26457112 0 0 0
 313.639731825 0 0 0
 317.015476636 -0.00108174769154143 0 0
 320.391794021 -0.00099454879445543 0 0
 323.768672448 -0.000801344803033383 0 0
 327.146100385 -0.000714514629215219 0 0
 330.5240663 -0.000668401448416807 0 0
 333.902558661 -0.000594890210635896 0 0
 337.281565936 -0.000667504046244556 0 0
 340.661076593 -0.000667879401658294 0 0
 344.0410791 -0.000316772946596148 0 0
 347.421561925 -0.000371952484563906 0 0
 350.802513536 -0.000410260461400643 0 0
 354.183922401 -0.000280390906572175 0 0
 357.565776988 -0.000288758438002642 0 0
 360.948065765 -0.00028178299613494 0 0
 364.3307772 -0.000267125374987047 0 0
 367.713899761 -0.000219572708376924 0 0
 371.097421916 -0.000327726677205411 0 0
 374.481332133 -0.000198088781829313 0 0
 377.86561888 -0.000233186070239092 0 0
 381.250270625 -0.000354633146131324 0 0
 384.635275836 -0.00021057127063721 0 0
 388.020622981 -0.000101948755538228 0 0
 391.406300528 -0.000120075551192297 0 0
 394.792296945 -0.000298900685532272 0 0
 398.1786007 -0.000126262055639051 0 0
 401.565200261 -0.000308572734132069 0 0
 404.952084096 -0.000167607120004674 0 0
 408.339240673 -8.88887936159984e-005 0 0
 411.72665846 -2.94309515984229e-005 0 0
 415.114325925 -0.00011575920120867 0 0
 418.502231536 -2.53287656363428e-005 0 0
 421.890363761 -4.54831317162723e-005 0 0
 425.278711068 -0.00016346814342691 0 0
 428.667261925 -8.92747087118957e-005 0 0
 432.0560048 -5.8316489591569e-005 0 0
 435.444928161 -8.8052886426789e-005 0 0
 438.834020476 -7.12299063345758e-005 0 0
 442.223270213 -0.000111545176994992 0 0
 445.61266584 -9.67150887835943e-005 0 0
 449.002195825 -0.00010643788193362 0 0
 452.391848636 -9.70550235721812e-005 0 0
 455.781612741 -5.26629978252186e-005 0 0
 459.171476608 -8.006641443649e-005 0 0
 462.561428705 -0.000100576573101004 0 0
 465.9514575 -0.000149613892750446 0 0
 469.341551461 -8.82597959904604e-005 0 0
 472.731699056 -0.000155829376384544 0 0
 476.121888753 -0.000123136852470549 0 0
 479.51210902 -7.70344209294142e-005 0 0
 482.902348325 -8.73756294958549e-005 0 0
 486.292595136 -8.97241089345413e-005 0 0
 489.682837921 -6.00627340396899e-005 0 0
 493.073065148 -0.000173325547193803 0 0
 496.463265285 -9.22794445670298e-005 0 0
 499.8534268 -7.43231619492745e-005 0 0
 503.243538161 -7.12109984851626e-005 0 0
 506.633587836 -4.52326893370632e-005 0 0
 510.023564293 -0.00016700751191443 0 0
 513.413456 -6.26187311143731e-005 0 0
 516.803251425 1.10598170774341e-005 0 0
 520.192939036 -7.48022389582302e-005 0 0
 523.582507301 -6.30591245641506e-005 0 0
 526.971944688 -6.75274622595637e-005 0 0
 530.361239665 -0.000107136917622496 0 0
 533.7503807 -9.63461885805895e-005 0 0
 537.139356261 -9.45880666947879e-005 0 0
 540.528154816 -6.20224673522637e-005 0 0
 543.916764833 -0.000114344068640401 0 0
 547.30517478 -0.000110519065606344 0 0
 550.693373125 1.52429273572529e-005 0 0
 554.081348336 -1.34677945361007e-005 0 0
 557.469088881 -5.42812294987366e-005 0 0
 560.856583228 -2.23629732511778e-005 0 0
 564.243819845 -7.00608504441011e-005 0 0
 567.6307872 -5.73644753071913e-005 0 0
 571.017473761 -4.16676603747851e-006 0 0
 574.403867996 -5.95697788212043e-005 0 0
 577.789958373 -0.000131833298586703 0 0
 581.17573336 -3.48758097085905e-005 0 0
 584.561181425 -2.95810610137744e-005 0 0
 587.946291036 -3.49892185396467e-005 0 0
 591.331050661 -0.000107120739152112 0 0
 594.715448768 -5.49258821707196e-005 0 0
 598.099473825 -6.12262398781563e-005 0 0
 601.4831143 -9.99511202448214e-005 0 0
 604.866358661 -0.000100560751982425 0 0
 608.249195376 -4.88696984315245e-005 0 0
 611.631612913 -7.33365771040896e-005 0 0
 615.01359974 -5.85884196894075e-005 0 0
 618.395144325 -4.36276465245993e-005 0 0
 621.776235136 -8.68286581768391e-005 0 0
 625.156860641 -1.92698549514518e-005 0 0
 628.537009308 -4.6205655034605e-005 0 0
 631.916669605 -6.14543113099043e-005 0 0
 635.29583 -3.49944554660346e-005 0 0
 638.674478961 -8.91621965754557e-005 0 0
 642.052604956 -0.000125998902889979 0 0
 645.430196453 -0.0001700155043876 0 0
 648.80724192 -7.90359120969322e-005 0 0
 652.183729825 -5.18468957562428e-005 0 0
 655.559648636 1.59041637261075e-005 0 0
 658.934986821 -8.08815905269232e-005 0 0
 662.309732848 -0.000109445548432297 0 0
 665.683875185 -4.79817783155228e-006 0 0
 669.0574023 -0.000133085953332035 0 0
 672.430302661 -5.15474184602469e-005 0 0
 675.802564736 -0.000198348146297347 0 0
 679.174176993 -0.00012932521216215 0 0
 682.5451279 -8.56291713719992e-005 0 0
 685.915405925 -1.25210592757071e-005 0 0
 689.284999536 -0.000104948929540101 0 0
 692.653897201 -9.67946390762692e-005 0 0
 696.022087388 -0.000150255841003018 0 0
 699.389558565 2.91462040514122e-005 0 0
 702.7562992 -2.78857958069216e-005 0 0
 706.122297761 6.64075402176335e-006 0 0
 709.487542716 4.17507868882952e-006 0 0
 712.852022533 2.79386949705261e-005 0 0
 716.21572568 8.60976223574145e-005 0 0
 719.578640625 4.35163410275383e-005 0 0
 722.940755836 -0.000160172064236416 0 0
 726.302059781 -8.83775944358765e-005 0 0
 729.662540928 -0.00013961458531087 0 0
 733.022187745 8.92333461986034e-006 0 0
 736.3809887 -6.72118373101964e-005 0 0
 739.738932261 -2.82522636489532e-005 0 0
 743.096006896 -0.000131120783384696 0 0
 746.452201073 4.58459187534764e-005 0 0
 749.80750326 -0.000636267639507137 0 0
 753.161901925 -7.88296005836832e-005 0 0
 756.515385536 -0.000177655160783199 0 0
 759.867942561 -0.000115354984555918 0 0
 763.219561468 -0.000119953794010704 0 0
 766.570230725 -7.60544644317106e-005 0 0
 769.9199388 -0.000110317513953111 0 0
 773.268674161 -8.81800465416229e-006 0 0
 776.616425276 -6.12957399234625e-005 0 0
 779.963180613 4.44996961303137e-006 0 0
 783.30892864 -8.18674401147799e-005 0 0
 786.653657825 -0.000247818562017341 0 0
 789.997356636 -5.94426324504201e-006 0 0
 793.340013541 -7.03443212099488e-005 0 0
 796.681617008 3.00625883637159e-005 0 0
 800.022155505 9.66817981331537e-007 0 0
 803.3616175 0.000116805795519924 0 0
 806.699991461 -8.61321868082077e-005 0 0
 810.037265856 -0.000108573396049552 0 0
 813.373429153 -7.68860660836161e-005 0 0
 816.70846982 -8.46260911861915e-005 0 0
 820.042376325 6.4838316336474e-005 0 0
 823.375137136 0.000119443949337273 0 0
 826.706740721 0.000129742959671917 0 0
 830.037175548 -0.000200263085334275 0 0
 833.366430085 -2.57406953972102e-005 0 0
 836.6944928 -4.18493551355918e-005 0 0
 840.021352161 -0.000119357088281584 0 0
 843.346996636 0.000227126477694402 0 0
 846.671414693 0.000233183911326477 0 0
 849.9945948 -0.000240068482528058 0 0
 853.316525425 0.000202447694684408 0 0
 856.637195036 -0.000135170401823703 0 0
 859.956592101 3.31946104842362e-005 0 0
 863.274705088 -0.000380169998359585 0 0
 866.591522465 -0.000199619490540026 0 0
 869.9070327 4.78159187117792e-005 0 0
 873.221224261 -0.00021387053915896 0 0
 876.534085616 0.000211785049746603 0 0
 879.845605233 2.25443061124302e-005 0 0
 883.15577158 0.000676346929439146 0 0
 886.464573125 0.000198206105766901 0 0
 889.771998336 0.000313522795205764 0 0
 893.078035681 2.64961458367313e-005 0 0
 896.382673628 0.000424598252273536 0 0
 899.685900645 6.63283450246145e-006 0 0
 902.9877052 -0.000740826485444034 0 0
 906.288075761 -0.000397292973213729 0 0
 909.587000796 -0.000393323835400448 0 0
 912.884468773 -0.000374426502853687 0 0
 916.18046816 0.000560136078736575 0 0
 919.474987425 0.000425547932072793 0 0
 922.768015036 0.000354852173956683 0 0
 926.059539461 0.000568872198702187 0 0
 929.349549168 -0.00108796654369393 0 0
 932.638032625 -0.000102241877831931 0 0
 935.9249783 0.000214277016456257 0 0
 939.210374661 0.0013251422857618 0 0
 942.494210176 0.000658831987225682 0 0
 945.776473313 -0.000506060531149277 0 0
 949.05715254 0.000521176846750512 0 0
 952.336236325 -0.00106474233257946 0 0
 955.613713136 0 0 0
 958.889571441 0 0 0
 962.163799708 0 0 0
 965.436386405 0 0 0
 968.70732 0 0 0
 971.976588961 0 0 0
 975.244181756 0 0 0
 978.510086853 0 0 0
 981.77429272 0 0 0
 985.036787825 0 0 0
 988.297560636 0 0 0
 991.556599621 0 0 0
 994.813893248 0 0 0
 998.069429985 0 0 0
 1001.3231983 0 0 0
 1004.575186661 0 0 0
 1007.825383536 0 0 0
 1011.073777393 0 0 0
 1014.3203567 0 0 0
 1017.565109925 0 0 0
 1020.808025536 0 0 0
 1024.049092001 0 0 0
 1027.288297788 0 0 0
 1030.525631365 0 0 0
 1033.7610812 0 0 0
 1036.994635761 0 0 0
 1040.226283516 0 0 0
 1043.456012933 0 0 0
 1046.68381248 0 0 0
 1049.909670625 0 0 0
 1053.133575836 0 0 0
 1056.355516581 0 0 0
 1059.575481328 0 0 0
 1062.793458545 0 0 0
 1066.0094367 0 0 0
 1069.223404261 0 0 0
 1072.435349696 0 0 0
 1075.645261473 0 0 0
 1078.85312806 0 0 0
 1082.058937925 0 0 0
 1085.262679536 0 0 0
 1088.464341361 0 0 0
 1091.663911868 0 0 0
 1094.861379525 0 0 0
 1098.0567328 0 0 0
 1101.249960161 0 0 0
 1104.441050076 0 0 0
 1107.629991013 0 0 0
 1110.81677144 0 0 0
 1114.001379825 0 0 0
 1117.183804636 0 0 0
 1120.364034341 0 0 0
 1123.542057408 0 0 0
 1126.717862305 0 0 0
 1129.8914375 0 0 0
 1133.062771461 0 0 0
 1136.231852656 0 0 0
 1139.398669553 0 0 0
 1142.56321062 0 0 0
 1145.725464325 0 0 0
 1148.885419136 0 0 0
[END] of [DATA]
[END] of [Spectrum]


#TBID:2021-11-03 01:00:00;SAM_84CE;RAW;

[Spectrum]
Version            = 1
IDData             = 96B1_2021-11-03_01-00-00_000_279
IDDevice           = SAM_84CE
IDDataType         = SPECTRUM
IDDataTypeSub1     = RAW
IDDataTypeSub2     = 
IDDataTypeSub3     = 
DateTime           = 2021-11-03 01:00:00
PositionLatitude   = 0
PositionLongitude  = 0
Comment            = 
CommentSub1        = 
CommentSub2        = 
CommentSub3        = 
IDMethodType       = SAM Control
MethodName         = SAM_84CE
Mission            = No Mission
MissionSub         = 1
RecordType         = 0
[Attributes]
CalFactor = 1
IDBasisSpec = 
IDDataBack = DLAB_2015-08-21_11-56-43_233_004
IDDataCal = DLAB_2015-08-26_10-05-37_585_478
IntegrationTime = 4096
P31 = -1
P31e = 0
PathLength = +INF
PathLengthCustomOn = 0
RAWDynamic = 65535
Salinity = 0
Temperature = -NAN
Unit1 = $05 $00 Pixel 
Unit2 = $03 $05 Intensity counts
Unit3 = $f0 $05 Error counts
Unit4 = $f1 $00 Status 
p999 = 1327
[END] of [Attributes]
[DATA]
 0 11 0 0
 1 1394 0 0
 2 1395 0 0
 3 1394 0 0
 4 1403 0 0
 5 1404 0 0
 6 1398 0 0
 7 1396 0 0
 8 1403 0 0
 9 1407 0 0
 10 1397 0 0
 11 1399 0 0
 12 1405 0 0
 13 1407 0 0
 14 1411 0 0
 15 1407 0 0
 16 1410 0 0
 17 1403 0 0
 18 1405 0 0
 19 1400 0 0
 20 1412 0 0
 21 1407 0 0
 22 1409 0 0
 23 1418 0 0
 24 1408 0 0
 25 1415 0 0
 26 1417 0 0
 27 1419 0 0
 28 1410 0 0
 29 1413 0 0
 30 1409 0 0
 31 1416 0 0
 32 1410 0 0
 33 1408 0 0
 34 1411 0 0
 35 1411 0 0
 36 1416 0 0
 37 1410 0 0
 38 1418 0 0
 39 1417 0 0
 40 1416 0 0
 41 1414 0 0
 42 1416 0 0
 43 1410 0 0
 44 1412 0 0
 45 1411 0 0
 46 1416 0 0
 47 1415 0 0
 48 1419 0 0
 49 1412 0 0
 50 1417 0 0
 51 1414 0 0
 52 1407 0 0
 53 1417 0 0
 54 1414 0 0
 55 1415 0 0
 56 1414 0 0
 57 1410 0 0
 58 1417 0 0
 59 1412 0 0
 60 1410 0 0
 61 1420 0 0
 62 1424 0 0
 63 1416 0 0
 64 1415 0 0
 65 1413 0 0
 66 1420 0 0
 67 1417 0 0
 68 1415 0 0
 69 1412 0 0
 70 1409 0 0
 71 1411 0 0
 72 1422 0 0
 73 1417 0 0
 74 1414 0 0
 75 1421 0 0
 76 1421 0 0
 77 1412 0 0
 78 1417 0 0
 79 1414 0 0
 80 1420 0 0
 81 1425 0 0
 82 1419 0 0
 83 1412 0 0
 84 1415 0 0
 85 1417 0 0
 86 1419 0 0
 87 1417 0 0
 88 1416 0 0
 89 1416 0 0
 90 1420 0 0
 91 1420 0 0
 92 1422 0 0
 93 1422 0 0
 94 1422 0 0
 95 1415 0 0
 96 1416 0 0
 97 1418 0 0
 98 1426 0 0
 99 1427 0 0
 100 1418 0 0
 101 1419 0 0
 102 1423 0 0
 103 1426 0 0
 104 1424 0 0
 105 1425 0 0
 106 1425 0 0
 107 1419 0 0
 108 1420 0 0
 109 1426 0 0
 110 1414 0 0
 111 1426 0 0
 112 1423 0 0
 113 1420 0 0
 114 1426 0 0
 115 1430 0 0
 116 1418 0 0
 117 1428 0 0
 118 1423 0 0
 119 1427 0 0
 120 1423 0 0
 121 1419 0 0
 122 1424 0 0
 123 1418 0 0
 124 1426 0 0
 125 1422 0 0
 126 1426 0 0
 127 1418 0 0
 128 1423 0 0
 129 1423 0 0
 130 1423 0 0
 131 1427 0 0
 132 1421 0 0
 133 1424 0 0
 134 1428 0 0
 135 1424 0 0
 136 1422 0 0
 137 1425 0 0
 138 1418 0 0
 139 1422 0 0
 140 1424 0 0
 141 1424 0 0
 142 1422 0 0
 143 1422 0 0
 144 1423 0 0
 145 1428 0 0
 146 1428 0 0
 147 1422 0 0
 148 1426 0 0
 149 1425 0 0
 150 1421 0 0
 151 1422 0 0
 152 1425 0 0
 153 1425 0 0
 154 1423 0 0
 155 1421 0 0
 156 1425 0 0
 157 1420 0 0
 158 1420 0 0
 159 1419 0 0
 160 1426 0 0
 161 1430 0 0
 162 1429 0 0
 163 1428 0 0
 164 1422 0 0
 165 1427 0 0
 166 1427 0 0
 167 1423 0 0
 168 1420 0 0
 169 1424 0 0
 170 1425 0 0
 171 1433 0 0
 172 1428 0 0
 173 1429 0 0
 174 1430 0 0
 175 1430 0 0
 176 1428 0 0
 177 1426 0 0
 178 1427 0 0
 179 1432 0 0
 180 1425 0 0
 181 1427 0 0
 182 1427 0 0
 183 1420 0 0
 184 1421 0 0
 185 1425 0 0
 186 1426 0 0
 187 1428 0 0
 188 1427 0 0
 189 1425 0 0
 190 1430 0 0
 191 1422 0 0
 192 1426 0 0
 193 1428 0 0
 194 1426 0 0
 195 1416 0 0
 196 1418 0 0
 197 1426 0 0
 198 1428 0 0
 199 1424 0 0
 200 1426 0 0
 201 1428 0 0
 202 1424 0 0
 203 1426 0 0
 204 1420 0 0
 205 1426 0 0
 206 1424 0 0
 207 1423 0 0
 208 1422 0 0
 209 1428 0 0
 210 1424 0 0
 211 1418 0 0
 212 1425 0 0
 213 1430 0 0
 214 1424 0 0
 215 1430 0 0
 216 1426 0 0
 217 1426 0 0
 218 1423 0 0
 219 1425 0 0
 220 1424 0 0
 221 1425 0 0
 222 1425 0 0
 223 1427 0 0
 224 1422 0 0
 225 1426 0 0
 226 1424 0 0
 227 1429 0 0
 228 1420 0 0
 229 1431 0 0
 230 1429 0 0
 231 1422 0 0
 232 1424 0 0
 233 1423 0 0
 234 1423 0 0
 235 1428 0 0
 236 1417 0 0
 237 1427 0 0
 238 1425 0 0
 239 1425 0 0
 240 1425 0 0
 241 1426 0 0
 242 1420 0 0
 243 1432 0 0
 244 1427 0 0
 245 1428 0 0
 246 1421 0 0
 247 1427 0 0
 248 1412 0 0
 249 1421 0 0
 250 1416 0 0
 251 1424 0 0
 252 1418 0 0
 253 1417 0 0
 254 1421 0 0
 255 1468 0 0
[END] of [DATA]
[END] of [Spectrum]


#TBID:2021-11-03 01:00:00;SAM_84CE;CALIBRATED;

[Spectrum]
Version            = 1
IDData             = 96B1_2021-11-03_01-00-00_000_280
IDDevice           = SAM_84CE
IDDataType         = SPECTRUM
IDDataTypeSub1     = CALIBRATED
IDDataTypeSub2     = 
IDDataTypeSub3     = 
DateTime           = 2021-11-03 01:00:00
PositionLatitude   = 0
PositionLongitude  = 0
Comment            = 
CommentSub1        = 
CommentSub2        = 
CommentSub3        = 
IDMethodType       = SAM Control
MethodName         = SAM_84CE
Mission            = No Mission
MissionSub         = 1
RecordType         = 0
[Attributes]
CalFactor = 1
IDBasisSpec = 
IDDataBack = DLAB_2015-08-21_11-56-43_233_004
IDDataCal = DLAB_2015-08-26_10-05-37_585_478
IntegrationTime = 4096
P31 = -1
P31e = 0
PathLength = +INF
PathLengthCustomOn = 0
RAWDynamic = 65535
Salinity = 0
Temperature = -NAN
Unit1 = $01 $01 Wavelength nm
Unit2 = $03 $06 Intensity mW/(m^2 nm)
Unit3 = $f0 $06 Error mW/(m^2 nm)
Unit4 = $f1 $00 Status 
p999 = 1327
[END] of [Attributes]
[DATA]
 0 11 0 0
 303.485180022 0 0 0
 306.85638880275 0 0 0
 310.228324544 0 0 0
 313.60097308125 0 0 0
 316.97432025 -0.00435331714115886 0 0
 320.34835188575 -0.00384690949882148 0 0
 323.723053824 -0.00341284424800391 0 0
 327.09841190025 -0.00134329495689352 0 0
 330.47441195 -0.00233144947820061 0 0
 333.85103980875 -0.00475064611428334 0 0
 337.228281312 -0.0046710482595458 0 0
 340.60612229525 -0.00255771361667053 0 0
 343.984548594 -0.00175766729541963 0 0
 347.36354604375 -0.00197713500170064 0 0
 350.74310048 -0.000790804904710284 0 0
 354.12319773825 -0.000486155543893188 0 0
 357.503823654 -0.000970019920078169 0 0
 360.88496406275 -0.00141469472767973 0 0
 364.2666048 -0.00117303535531428 0 0
 367.64873170125 -0.000898028019832076 0 0
 371.031330602 -0.00126233418219132 0 0
 374.41438733775 -0.000477496364552085 0 0
 377.797887744 -0.00135318307476068 0 0
 381.18181765625 -0.00153348568106595 0 0
 384.56616291 -0.000171171881820881 0 0
 387.95090934075 -0.000732341782707102 0 0
 391.336042784 -0.000622164897772885 0 0
 394.72154907525 -8.4325277284665e-006 0 0
 398.10741405 9.91371914409887e-005 0 0
 401.49362354375 -0.000782987225971746 0 0
 404.880163392 -0.000971464415347216 0 0
 408.26701943025 -0.00131971768206742 0 0
 411.654177494 -0.00101212692972456 0 0
 415.04162341875 -7.79436817553515e-005 0 0
 418.42934304 0.000247219689086707 0 0
 421.81732219325 -0.0002992581753979 0 0
 425.205546714 0.00021726840756439 0 0
 428.59400243775 -0.000115178848978121 0 0
 431.9826752 0.0002049946948588 0 0
 435.37155083625 7.9946713077145e-006 0 0
 438.760615182 -1.23637870501527e-005 0 0
 442.14985407275 -4.29603218230425e-005 0 0
 445.539253344 -0.000601680717563641 0 0
 448.92879883125 0.000286656716152498 0 0
 452.31847637 0.000218539215306664 0 0
 455.70827179575 -0.000455208986184586 0 0
 459.098170944 -0.000968731139707243 0 0
 462.48815965025 0.000286878776417407 0 0
 465.87822375 -0.000536111175930171 0 0
 469.26834907875 -0.000181506667063067 0 0
 472.658521472 0.000309970249942409 0 0
 476.04872676525 -0.000555568909992898 0 0
 479.438950794 -0.000138899568042303 0 0
 482.82917939375 -0.000918789830942584 0 0
 486.2193984 0.000284764866250138 0 0
 489.60959364825 0.000221164525801028 0 0
 492.999750974 -0.000412876379623891 0 0
 496.38985621275 -0.000107178498233806 0 0
 499.7798952 -0.000364007794888531 0 0
 503.16985377125 -4.39356549124247e-005 0 0
 506.559717762 0.000677170301452457 0 0
 509.94947300775 0.000187941324767125 0 0
 513.339105344 -0.000328885249253344 0 0
 516.72860060625 -0.000282580196564113 0 0
 520.11794463 -0.000116273886022184 0 0
 523.50712325075 -0.000381322006329831 0 0
 526.896122304 5.61427529112109e-005 0 0
 530.28492762525 -0.000402456297704727 0 0
 533.67352505 0.000211300025702314 0 0
 537.06190041375 0.000570357513180927 0 0
 540.450039552 -5.2432829593396e-005 0 0
 543.83792830025 0.000639000169939075 0 0
 547.225552494 -0.000124274486309826 0 0
 550.61289796875 -2.17983010826473e-005 0 0
 553.99995056 0.000512445513883704 0 0
 557.38669610325 -0.000371646483457024 0 0
 560.773120434 -0.000309481511909055 0 0
 564.15920938775 0.000616337473693167 0 0
 567.5449488 -0.000500251505352206 0 0
 570.93032450625 9.70326577676412e-006 0 0
 574.315322342 0.000504132684428562 0 0
 577.69992814275 0.000421552326613191 0 0
 581.084127744 -0.000160277960890017 0 0
 584.46790698125 9.43006904942457e-005 0 0
 587.85125169 0.000228172333078421 0 0
 591.23414770575 0.00025761238149652 0 0
 594.616580864 -0.000183832753281851 0 0
 597.99853700025 2.00745774760529e-005 0 0
 601.38000195 -1.65331508515977e-005 0 0
 604.76096154875 -0.000521368904609267 0 0
 608.141401632 -0.000317734141401328 0 0
 611.52130803525 0.000220162419041683 0 0
 614.900666594 -0.000547979683980721 0 0
 618.27946314375 0.000611521198917259 0 0
 621.65768352 9.48017771314831e-005 0 0
 625.03531355825 0.000228596900930625 0 0
 628.412339094 -0.000572588880875414 0 0
 631.78874596275 0.000105867483068351 0 0
 635.16452 0.000554430732305295 0 0
 638.53964704125 -0.000862008043239022 0 0
 641.914112922 3.57205728332464e-005 0 0
 645.28790347775 0.000202859646436591 0 0
 648.661004544 0.000472207185610556 0 0
 652.03340195625 0.000821228031343122 0 0
 655.40508155 4.09111702576203e-005 0 0
 658.77602916075 0.000615812838396529 0 0
 662.146230624 1.41612196267097e-005 0 0
 665.51567177525 0.000247414960954915 0 0
 668.88433845 -0.000431053836054659 0 0
 672.25221648375 -0.0011332977347942 0 0
 675.619291712 -0.000606600231948257 0 0
 678.98554997025 0.000142616810570374 0 0
 682.350977094 0.000425408411799252 0 0
 685.71555891875 0.000668671523275961 0 0
 689.07928128 0.00208299793405246 0 0
 692.44213001325 0.00026607654516035 0 0
 695.804090954 0.000744867107857634 0 0
 699.16514993775 0.000189383228324753 0 0
 702.5252928 0.000861175172001474 0 0
 705.88450537625 -0.000199215029914694 0 0
 709.242773502 -0.000258937774214582 0 0
 712.60008301275 9.66104162061166e-007 0 0
 715.956419744 -0.000401497863416554 0 0
 719.31176953125 0.00113290911228824 0 0
 722.66611821 0.000539398988647694 0 0
 726.01945161575 -0.000303498477184926 0 0
 729.371755584 -0.000109957466929762 0 0
 732.72301595025 0.000289805370870641 0 0
 736.07321855 0.000660264158657079 0 0
 739.42234921875 0.00142270138235382 0 0
 742.770393792 -0.000443384692047789 0 0
 746.11733810525 0.00032677870066297 0 0
 749.463167994 0.000891346482590064 0 0
 752.80786929375 0.00173787845741381 0 0
 756.15142784 0.000480651424073266 0 0
 759.49382946825 0.00036717089745916 0 0
 762.835060014 -0.000369640835313856 0 0
 766.17510531275 0.00101297290025443 0 0
 769.5139512 -0.000937449106036255 0 0
 772.85158351125 0.00193652709109015 0 0
 776.187988082 0.000616366148443149 0 0
 779.52315074775 0.000841195998331327 0 0
 782.857057344 0.000393252256503458 0 0
 786.18969370625 0.000401691791158037 0 0
 789.52104567 -0.000640136543418844 0 0
 792.85109907075 0.000582149422539522 0 0
 796.179839744 0.00217355212769381 0 0
 799.50725352525 0.000834565624336888 0 0
 802.83332625 0.00197781368569036 0 0
 806.15804375375 0.000995654235541147 0 0
 809.481391872 0.00176971991091417 0 0
 812.80335644025 0.00264469181936238 0 0
 816.123923294 0.00054913967028208 0 0
 819.44307826875 0.000661520083942634 0 0
 822.7608072 7.32623869892794e-005 0 0
 826.07709592325 0.0022834412693648 0 0
 829.391930274 -0.00123739253229032 0 0
 832.70529608775 0.0016679653825359 0 0
 836.0171792 -0.00189350465863484 0 0
 839.32756544625 0.00109566180151256 0 0
 842.636440662 0.00230305322092655 0 0
 845.94379068275 0.0030303652497398 0 0
 849.249601344 0.00312595580951568 0 0
 852.55385848125 -0.000847392505380905 0 0
 855.85654793 0.00418954458462483 0 0
 859.15765552575 0.00499874864160689 0 0
 862.457167104 0.000693636514721239 0 0
 865.75506850025 -0.000964722500708163 0 0
 869.05134555 -0.000986657480506292 0 0
 872.34598408875 -0.000947223091548301 0 0
 875.638969952 0.00472092880226963 0 0
 878.93028897525 0.00320143232765874 0 0
 882.219926994 0.00509247910293724 0 0
 885.50786984375 0.0100314804339571 0 0
 888.79410336 0.00541228846724279 0 0
 892.07861337825 0.00405899034564614 0 0
 895.361385734 0.0018662901613031 0 0
 898.64240626275 -0.000220295627005171 0 0
 901.9216608 0.00712897176998651 0 0
 905.19913518125 -0.0020789334125895 0 0
 908.474815242 0.00220041656964541 0 0
 911.74868681775 0.00379512557549139 0 0
 915.020735744 0.0051555332120567 0 0
 918.29094785625 0.00453187892862463 0 0
 921.55930899 0.00202725737624591 0 0
 924.82580498075 -0.00114993185628462 0 0
 928.090421664 -0.000558797107854304 0 0
 931.35314487525 0.00739193919156368 0 0
 934.61396045 0.00355785246061363 0 0
 937.87285422375 0.0122246556397945 0 0
 941.129812032 -0.009211275087903 0 0
 944.38481971025 0.0057063185005939 0 0
 947.637863094 0.0092355945735875 0 0
 950.88892801875 0.0086870743096106 0 0
 954.13800032 0 0 0
 957.38506583325 0 0 0
 960.630110394 0 0 0
 963.87311983775 0 0 0
 967.11408 0 0 0
 970.35297671625 0 0 0
 973.589795822 0 0 0
 976.82452315275 0 0 0
 980.057144544 0 0 0
 983.28764583125 0 0 0
 986.51601285 0 0 0
 989.74223143575 0 0 0
 992.966287424 0 0 0
 996.18816665025 0 0 0
 999.40785495 0 0 0
 1002.62533815875 0 0 0
 1005.840602112 0 0 0
 1009.05363264525 0 0 0
 1012.264415594 0 0 0
 1015.47293679375 0 0 0
 1018.67918208 0 0 0
 1021.88313728825 0 0 0
 1025.084788254 0 0 0
 1028.28412081275 0 0 0
 1031.4811208 0 0 0
 1034.67577405125 0 0 0
 1037.868066402 0 0 0
 1041.05798368775 0 0 0
 1044.245511744 0 0 0
 1047.43063640625 0 0 0
 1050.61334351 0 0 0
 1053.79361889075 0 0 0
 1056.971448384 0 0 0
 1060.14681782525 0 0 0
 1063.31971305 0 0 0
 1066.49011989375 0 0 0
 1069.658024192 0 0 0
 1072.82341178025 0 0 0
 1075.986268494 0 0 0
 1079.14658016875 0 0 0
 1082.30433264 0 0 0
 1085.45951174325 0 0 0
 1088.612103314 0 0 0
 1091.76209318775 0 0 0
 1094.9094672 0 0 0
 1098.05421118625 0 0 0
 1101.196310982 0 0 0
 1104.33575242275 0 0 0
 1107.472521344 0 0 0
 1110.60660358125 0 0 0
 1113.73798497 0 0 0
 1116.86665134575 0 0 0
 1119.992588544 0 0 0
 1123.11578240025 0 0 0
 1126.23621875 0 0 0
 1129.35388342875 0 0 0
 1132.468762272 0 0 0
 1135.58084111525 0 0 0
 1138.690105794 0 0 0
 1141.79654214375 0 0 0
 1144.900136 0 0 0
[END] of [DATA]
[END] of [Spectrum]


#TBID:2021-11-03 01:00:00;SAM_84DC;RAW;

[Spectrum]
Version            = 1
IDData             = 96B1_2021-11-03_01-00-00_000_282
IDDevice           = SAM_84DC
IDDataType         = SPECTRUM
IDDataTypeSub1     = RAW
IDDataTypeSub2     = 
IDDataTypeSub3     = 
DateTime           = 2021-11-03 01:00:00
PositionLatitude   = 0
PositionLongitude  = 0
Comment            = 
CommentSub1        = 
CommentSub2        = 
CommentSub3        = 
IDMethodType       = SAM Control
MethodName         = SAM_84DC
Mission            = No Mission
MissionSub         = 1
RecordType         = 0
[Attributes]
CalFactor = 1
IDBasisSpec = 
IDDataBack = DLAB_2015-08-21_13-19-54_137_939
IDDataCal = DLAB_2015-08-24_10-46-55_592_608
IntegrationTime = 4096
P31 = -1
P31e = 0
PathLength = +INF
PathLengthCustomOn = 0
RAWDynamic = 65535
Salinity = 0
Temperature = -NAN
Unit1 = $05 $00 Pixel 
Unit2 = $03 $05 Intensity counts
Unit3 = $f0 $05 Error counts
Unit4 = $f1 $00 Status 
p999 = 1327
[END] of [Attributes]
[DATA]
 0 11 0 0
 1 1476 0 0
 2 1463 0 0
 3 1482 0 0
 4 1489 0 0
 5 1484 0 0
 6 1481 0 0
 7 1487 0 0
 8 1484 0 0
 9 1489 0 0
 10 1488 0 0
 11 1485 0 0
 12 1483 0 0
 13 1492 0 0
 14 1492 0 0
 15 1482 0 0
 16 1489 0 0
 17 1489 0 0
 18 1488 0 0
 19 1488 0 0
 20 1484 0 0
 21 1486 0 0
 22 1493 0 0
 23 1489 0 0
 24 1494 0 0
 25 1488 0 0
 26 1490 0 0
 27 1496 0 0
 28 1490 0 0
 29 1485 0 0
 30 1484 0 0
 31 1495 0 0
 32 1493 0 0
 33 1486 0 0
 34 1492 0 0
 35 1487 0 0
 36 1495 0 0
 37 1499 0 0
 38 1492 0 0
 39 1492 0 0
 40 1499 0 0
 41 1492 0 0
 42 1493 0 0
 43 1489 0 0
 44 1490 0 0
 45 1487 0 0
 46 1494 0 0
 47 1496 0 0
 48 1494 0 0
 49 1488 0 0
 50 1493 0 0
 51 1493 0 0
 52 1490 0 0
 53 1489 0 0
 54 1494 0 0
 55 1497 0 0
 56 1493 0 0
 57 1498 0 0
 58 1497 0 0
 59 1502 0 0
 60 1494 0 0
 61 1496 0 0
 62 1489 0 0
 63 1492 0 0
 64 1492 0 0
 65 1487 0 0
 66 1485 0 0
 67 1498 0 0
 68 1496 0 0
 69 1492 0 0
 70 1498 0 0
 71 1498 0 0
 72 1493 0 0
 73 1494 0 0
 74 1498 0 0
 75 1493 0 0
 76 1500 0 0
 77 1494 0 0
 78 1492 0 0
 79 1493 0 0
 80 1495 0 0
 81 1497 0 0
 82 1495 0 0
 83 1498 0 0
 84 1486 0 0
 85 1500 0 0
 86 1490 0 0
 87 1493 0 0
 88 1488 0 0
 89 1492 0 0
 90 1489 0 0
 91 1494 0 0
 92 1492 0 0
 93 1491 0 0
 94 1488 0 0
 95 1489 0 0
 96 1483 0 0
 97 1495 0 0
 98 1488 0 0
 99 1490 0 0
 100 1485 0 0
 101 1490 0 0
 102 1489 0 0
 103 1488 0 0
 104 1488 0 0
 105 1493 0 0
 106 1492 0 0
 107 1499 0 0
 108 1490 0 0
 109 1492 0 0
 110 1490 0 0
 111 1497 0 0
 112 1494 0 0
 113 1488 0 0
 114 1492 0 0
 115 1494 0 0
 116 1496 0 0
 117 1492 0 0
 118 1486 0 0
 119 1497 0 0
 120 1484 0 0
 121 1494 0 0
 122 1488 0 0
 123 1495 0 0
 124 1493 0 0
 125 1485 0 0
 126 1497 0 0
 127 1492 0 0
 128 1490 0 0
 129 1488 0 0
 130 1491 0 0
 131 1489 0 0
 132 1490 0 0
 133 1493 0 0
 134 1490 0 0
 135 1496 0 0
 136 1493 0 0
 137 1489 0 0
 138 1486 0 0
 139 1487 0 0
 140 1490 0 0
 141 1495 0 0
 142 1489 0 0
 143 1491 0 0
 144 1495 0 0
 145 1491 0 0
 146 1484 0 0
 147 1485 0 0
 148 1492 0 0
 149 1492 0 0
 150 1489 0 0
 151 1490 0 0
 152 1486 0 0
 153 1492 0 0
 154 1495 0 0
 155 1491 0 0
 156 1486 0 0
 157 1489 0 0
 158 1489 0 0
 159 1490 0 0
 160 1491 0 0
 161 1488 0 0
 162 1484 0 0
 163 1489 0 0
 164 1489 0 0
 165 1493 0 0
 166 1497 0 0
 167 1496 0 0
 168 1490 0 0
 169 1490 0 0
 170 1493 0 0
 171 1496 0 0
 172 1484 0 0
 173 1492 0 0
 174 1490 0 0
 175 1490 0 0
 176 1490 0 0
 177 1485 0 0
 178 1488 0 0
 179 1489 0 0
 180 1485 0 0
 181 1487 0 0
 182 1495 0 0
 183 1491 0 0
 184 1490 0 0
 185 1488 0 0
 186 1494 0 0
 187 1491 0 0
 188 1480 0 0
 189 1486 0 0
 190 1488 0 0
 191 1494 0 0
 192 1495 0 0
 193 1492 0 0
 194 1486 0 0
 195 1485 0 0
 196 1498 0 0
 197 1494 0 0
 198 1484 0 0
 199 1495 0 0
 200 1491 0 0
 201 1496 0 0
 202 1489 0 0
 203 1498 0 0
 204 1491 0 0
 205 1494 0 0
 206 1489 0 0
 207 1490 0 0
 208 1482 0 0
 209 1492 0 0
 210 1486 0 0
 211 1492 0 0
 212 1488 0 0
 213 1487 0 0
 214 1484 0 0
 215 1497 0 0
 216 1494 0 0
 217 1491 0 0
 218 1494 0 0
 219 1492 0 0
 220 1493 0 0
 221 1495 0 0
 222 1491 0 0
 223 1498 0 0
 224 1489 0 0
 225 1496 0 0
 226 1490 0 0
 227 1494 0 0
 228 1496 0 0
 229 1491 0 0
 230 1490 0 0
 231 1499 0 0
 232 1495 0 0
 233 1492 0 0
 234 1493 0 0
 235 1496 0 0
 236 1493 0 0
 237 1499 0 0
 238 1493 0 0
 239 1494 0 0
 240 1496 0 0
 241 1499 0 0
 242 1495 0 0
 243 1496 0 0
 244 1494 0 0
 245 1493 0 0
 246 1496 0 0
 247 1492 0 0
 248 1503 0 0
 249 1489 0 0
 250 1486 0 0
 251 1492 0 0
 252 1489 0 0
 253 1487 0 0
 254 1491 0 0
 255 1550 0 0
[END] of [DATA]
[END] of [Spectrum]


#TBID:2021-11-03 01:00:00;SAM_84DC;CALIBRATED;

[Spectrum]
Version            = 1
IDData             = 96B1_2021-11-03_01-00-00_000_283
IDDevice           = SAM_84DC
IDDataType         = SPECTRUM
IDDataTypeSub1     = CALIBRATED
IDDataTypeSub2     = 
IDDataTypeSub3     = 
DateTime           = 2021-11-03 01:00:00
PositionLatitude   = 0
PositionLongitude  = 0
Comment            = 
CommentSub1        = 
CommentSub2        = 
CommentSub3        = 
IDMethodType       = SAM Control
MethodName         = SAM_84DC
Mission            = No Mission
MissionSub         = 1
RecordType         = 0
[Attributes]
CalFactor = 1
IDBasisSpec = 
IDDataBack = DLAB_2015-08-21_13-19-54_137_939
IDDataCal = DLAB_2015-08-24_10-46-55_592_608
IntegrationTime = 4096
P31 = -1
P31e = 0
PathLength = +INF
PathLengthCustomOn = 0
RAWDynamic = 65535
Salinity = 0
Temperature = -NAN
Unit1 = $01 $01 Wavelength nm
Unit2 = $03 $03 Intensity mW/(m^2 nm Sr)
Unit3 = $f0 $03 Error mW/(m^2 nm Sr)
Unit4 = $f1 $00 Status 
p999 = 1327
[END] of [Attributes]
[DATA]
 0 11 0 0
 305.71650776488 0 0 0
 309.04007505697 0 0 0
 312.36416914304 0 0 0
 315.68877841375 0 0 0
 319.01389125976 0.00011918102364151 0 0
 322.33949607173 0.000243811173841095 0 0
 325.66558124032 3.2617480602209e-005 0 0
 328.99213515619 1.37787603994527e-005 0 0
 332.31914621 4.23959072571634e-005 0 0
 335.64660279241 0.000100685356481987 0 0
 338.97449329408 -5.63744358297581e-005 0 0
 342.30280610567 5.56276782256374e-005 0 0
 345.63152961784 0.000242938256826332 0 0
 348.96065222125 1.05039771076764e-005 0 0
 352.29016230656 8.94771120145843e-005 0 0
 355.62004826443 5.18455419901887e-005 0 0
 358.95029848552 -4.04412555347535e-005 0 0
 362.28090136049 8.52380143700373e-005 0 0
 365.61184528 4.72071076830519e-005 0 0
 368.94311863471 2.45877690795022e-005 0 0
 372.27470981528 0.000119213163544437 0 0
 375.60660721237 8.95443637749968e-005 0 0
 378.93879921664 2.32167623262491e-005 0 0
 382.27127421875 0.000144450910317236 0 0
 385.60402060936 0.000162523908729421 0 0
 388.93702677913 6.97861017652069e-005 0 0
 392.27028111872 0.000179633674790194 0 0
 395.60377201879 0.00018906884788764 0 0
 398.93748787 9.98010675237725e-005 0 0
 402.27141706301 0.000100906081919689 0 0
 405.60554798848 0.000114274548370058 0 0
 408.93986903707 0.000112429106892292 0 0
 412.27436859944 7.17843394249735e-005 0 0
 415.60903506625 6.42770102543544e-005 0 0
 418.94385682816 7.28704797849266e-005 0 0
 422.27882227583 3.69483569910011e-005 0 0
 425.61391979992 0.000104190756657277 0 0
 428.94913779109 5.93171111522746e-005 0 0
 432.28446464 9.84245571123868e-005 0 0
 435.61988873731 4.09907731357103e-005 0 0
 438.95539847368 3.97821698527393e-005 0 0
 442.29098223977 6.39663426825293e-005 0 0
 445.62662842624 -2.53468581937134e-006 0 0
 448.96232542375 -1.46588968413581e-005 0 0
 452.29806162296 -3.44520644451143e-005 0 0
 455.63382541453 -5.20544685475832e-006 0 0
 458.96960518912 -2.23400370464372e-006 0 0
 462.30538933739 7.47072287171863e-005 0 0
 465.64116625 -4.17908326917745e-006 0 0
 468.97692431761 7.91141054891738e-005 0 0
 472.31265193088 5.41127104080339e-005 0 0
 475.64833748047 5.85513649152543e-006 0 0
 478.98396935704 2.84483189388116e-005 0 0
 482.31953595125 8.90918647047851e-005 0 0
 485.65502565376 7.3145637168665e-005 0 0
 488.99042685523 5.01962224426782e-005 0 0
 492.32572794632 6.18644181999427e-005 0 0
 495.66091731769 5.41587338068237e-005 0 0
 498.99598336 3.35972234420372e-005 0 0
 502.33091446391 1.91330061581821e-005 0 0
 505.66569902008 8.71754926686184e-006 0 0
 509.00032541917 1.44104522412183e-005 0 0
 512.33478205184 7.79660729312717e-006 0 0
 515.66905730875 -6.97003076973005e-006 0 0
 519.00313958056 -2.25719289099955e-005 0 0
 522.33701725793 4.35922678674998e-005 0 0
 525.67067873152 5.77948787981366e-005 0 0
 529.00411239199 1.88403268463392e-005 0 0
 532.33730663 2.6541847774098e-005 0 0
 535.67024983621 3.6235257949269e-005 0 0
 539.00293040128 2.79478528412697e-006 0 0
 542.33533671587 2.60787810490042e-005 0 0
 545.66745717064 -9.87808999785699e-006 0 0
 548.99928015625 1.62553196394047e-005 0 0
 552.33079406336 4.56516398559099e-005 0 0
 555.66198728263 5.83400170638516e-005 0 0
 558.99284820472 5.73753405351658e-006 0 0
 562.32336522029 5.9394312218965e-005 0 0
 565.65352672 -3.89571575737319e-005 0 0
 568.98332109451 5.68633816547326e-005 0 0
 572.31273673448 -2.13196801444312e-006 0 0
 575.64176203057 6.04260801278415e-005 0 0
 578.97038537344 5.60610107085272e-005 0 0
 582.29859515375 2.47661310005148e-006 0 0
 585.62637976216 7.76803093151715e-007 0 0
 588.95372758933 -5.26111638435438e-005 0 0
 592.28062702592 -2.87975167026335e-005 0 0
 595.60706646259 -3.29001859040987e-005 0 0
 598.93303429 -7.14406843658392e-005 0 0
 602.25851889881 2.51017616760552e-005 0 0
 605.58350867968 3.08259124432582e-006 0 0
 608.90799202327 -2.40554313994042e-005 0 0
 612.23195732024 -2.69811771981015e-005 0 0
 615.55539296125 -0.000129292465637607 0 0
 618.87828733696 -0.00010265262725694 0 0
 622.20062883803 -0.00010640939282038 0 0
 625.52240585512 -5.14552721968902e-005 0 0
 628.84360677889 -3.70877610399295e-005 0 0
 632.16422 -5.44301670082838e-005 0 0
 635.48423390911 -0.000163346207649718 0 0
 638.80363689688 -1.22434502621828e-005 0 0
 642.12241735397 -9.35130422879191e-005 0 0
 645.44056367104 -7.96414776997291e-005 0 0
 648.75806423875 -7.91042235051032e-005 0 0
 652.07490744776 -5.27533006708034e-005 0 0
 655.39108168873 -4.35570423650949e-005 0 0
 658.70657535232 -4.6960895489206e-005 0 0
 662.02137682919 -8.99255414353525e-005 0 0
 665.33547451 -6.72483525898451e-005 0 0
 668.64885678541 -4.06093551384996e-005 0 0
 671.96151204608 3.33054701562974e-005 0 0
 675.27342868267 -2.76372857529489e-006 0 0
 678.58459508584 8.9082796784321e-006 0 0
 681.89499964625 -6.10759450667958e-005 0 0
 685.20463075456 -7.04203867036555e-005 0 0
 688.51347680143 8.14133540967275e-005 0 0
 691.82152617752 9.09500689090517e-006 0 0
 695.12876727349 -6.45936778262757e-005 0 0
 698.43518848 0.000102677845634606 0 0
 701.74077818771 8.04088455872805e-006 0 0
 705.04552478728 -0.000118389374382147 0 0
 708.34941666937 -3.03964132949683e-005 0 0
 711.65244222464 -1.54087922574862e-005 0 0
 714.95458984375 -5.72517204999071e-005 0 0
 718.25584791736 -9.5743849558417e-005 0 0
 721.55620483613 2.97146897307683e-005 0 0
 724.85564899072 -5.05356012641423e-005 0 0
 728.15416877179 -2.41959903666548e-005 0 0
 731.45175257 -5.19345820301122e-005 0 0
 734.74838877601 -0.000140772079769522 0 0
 738.04406578048 -3.84866217299306e-005 0 0
 741.33877197407 -9.52972296450526e-005 0 0
 744.63249574744 9.93141222346629e-006 0 0
 747.92522549125 -1.65278955031854e-005 0 0
 751.21694959616 3.82285375331202e-005 0 0
 754.50765645283 0.000135737298367454 0 0
 757.79733445192 -0.000100373215989348 0 0
 761.08597198409 -5.17250105242328e-005 0 0
 764.37355744 -0.000106414214477223 0 0
 767.66007921031 3.3677706971127e-005 0 0
 770.94552568568 -4.45684650296682e-006 0 0
 774.22988525677 1.84991022242403e-005 0 0
 777.51314631424 -5.15199744388444e-005 0 0
 780.79529724875 0.000105876057654357 0 0
 784.07632645096 0.000119801387033691 0 0
 787.35622231153 -0.000124672328687035 0 0
 790.63497322112 -0.000135995833428995 0 0
 793.91256757039 -5.33684077911977e-005 0 0
 797.18899375 -4.09330542070605e-006 0 0
 800.46424015061 4.89181822264764e-005 0 0
 803.73829516288 -0.000105632820601509 0 0
 807.01114717747 -0.000184434875525546 0 0
 810.28278458504 -0.000116073733722441 0 0
 813.55319577625 7.08216953123381e-005 0 0
 816.82236914176 -2.35786257815466e-005 0 0
 820.09029307223 -4.55518117912647e-005 0 0
 823.35695595832 -0.000270862295898897 0 0
 826.62234619069 -5.7740416845503e-005 0 0
 829.88645216 -0.000164671418244676 0 0
 833.14926225691 -9.70933875532121e-005 0 0
 836.41076487208 5.01914871980711e-005 0 0
 839.67094839617 2.93871273977813e-005 0 0
 842.92980121984 7.25447726250294e-005 0 0
 846.18731173375 -2.50536187923638e-005 0 0
 849.44346832856 7.69815573008067e-005 0 0
 852.69825939493 6.98981879197358e-006 0 0
 855.95167332352 0.000107486793066763 0 0
 859.20369850499 -0.000158345076636415 0 0
 862.45432333 -0.00019081243893796 0 0
 865.70353618921 8.57768441459529e-005 0 0
 868.95132547328 -6.53928531944135e-005 0 0
 872.19767957287 3.00984249413793e-005 0 0
 875.44258687864 -0.000199560559801523 0 0
 878.68603578125 -0.000167032877919966 0 0
 881.92801467136 9.8257139994217e-005 0 0
 885.16851193963 -0.000217351401627821 0 0
 888.40751597672 -0.000342631897931258 0 0
 891.64501517329 -0.000357527673031215 0 0
 894.88099792 0.000315189808983609 0 0
 898.11545260751 -0.00022841552915788 0 0
 901.34836762648 3.21606951194225e-005 0 0
 904.57973136757 0.000548522301820456 0 0
 907.80953222144 2.19606513013251e-005 0 0
 911.03775857875 9.28454568412501e-005 0 0
 914.26439883016 -0.000296292418338553 0 0
 917.48944136633 0.000293986334466261 0 0
 920.71287457792 -8.9156394466247e-005 0 0
 923.93468685559 -0.000839480913202919 0 0
 927.15486659 0.000139003722322735 0 0
 930.37340217181 0.000142248370209753 0 0
 933.59028199168 0.000705987874326863 0 0
 936.80549444027 -0.000670511915583032 0 0
 940.01902790824 -9.01833360618329e-005 0 0
 943.23087078625 -0.000702909738710711 0 0
 946.44101146496 -0.000165871274139069 0 0
 949.64943833503 0.000524471594320091 0 0
 952.85613978712 0.00054993809102512 0 0
 956.06110421189 0 0 0
 959.26432 0 0 0
 962.46577554211 0 0 0
 965.66545922888 0 0 0
 968.86335945097 0 0 0
 972.05946459904 0 0 0
 975.25376306375 0 0 0
 978.44624323576 0 0 0
 981.63689350573 0 0 0
 984.82570226432 0 0 0
 988.01265790219 0 0 0
 991.19774881 0 0 0
 994.38096337841 0 0 0
 997.56228999808 0 0 0
 1000.74171705967 0 0 0
 1003.91923295384 0 0 0
 1007.09482607125 0 0 0
 1010.26848480256 0 0 0
 1013.44019753843 0 0 0
 1016.60995266952 0 0 0
 1019.77773858649 0 0 0
 1022.94354368 0 0 0
 1026.10735634071 0 0 0
 1029.26916495928 0 0 0
 1032.42895792637 0 0 0
 1035.58672363264 0 0 0
 1038.74245046875 0 0 0
 1041.89612682536 0 0 0
 1045.04774109313 0 0 0
 1048.19728166272 0 0 0
 1051.34473692479 0 0 0
 1054.49009527 0 0 0
 1057.63334508901 0 0 0
 1060.77447477248 0 0 0
 1063.91347271107 0 0 0
 1067.05032729544 0 0 0
 1070.18502691625 0 0 0
 1073.31755996416 0 0 0
 1076.44791482983 0 0 0
 1079.57607990392 0 0 0
 1082.70204357709 0 0 0
 1085.82579424 0 0 0
 1088.94732028331 0 0 0
 1092.06661009768 0 0 0
 1095.18365207377 0 0 0
 1098.29843460224 0 0 0
 1101.41094607375 0 0 0
 1104.52117487896 0 0 0
 1107.62910940853 0 0 0
 1110.73473805312 0 0 0
 1113.83804920339 0 0 0
 1116.93903125 0 0 0
 1120.03767258361 0 0 0
 1123.13396159488 0 0 0
 1126.22788667447 0 0 0
 1129.31943621304 0 0 0
 1132.40859860125 0 0 0
 1135.49536222976 0 0 0
[END] of [DATA]
[END] of [Spectrum]


#TBID:2021-11-03 01:00:00;SAM_84C8;RAW;

[Spectrum]
Version            = 1
IDData             = 96B1_2021-11-03_01-00-00_000_285
IDDevice           = SAM_84C8
IDDataType         = SPECTRUM
IDDataTypeSub1     = RAW
IDDataTypeSub2     = 
IDDataTypeSub3     = 
DateTime           = 2021-11-03 01:00:00
PositionLatitude   = 0
PositionLongitude  = 0
Comment            = 
CommentSub1        = 
CommentSub2        = 
CommentSub3        = 
IDMethodType       = SAM Control
MethodName         = SAM_84C8
Mission            = No Mission
MissionSub         = 1
RecordType         = 0
[Attributes]
CalFactor = 1
IDBasisSpec = 
IDDataBack = DLAB_2015-08-21_12-14-03_013_778
IDDataCal = DLAB_2015-08-24_11-04-47_772_747
IntegrationTime = 4096
P31 = -1
P31e = 0
PathLength = +INF
PathLengthCustomOn = 0
RAWDynamic = 65535
Salinity = 0
Temperature = -NAN
Unit1 = $05 $00 Pixel 
Unit2 = $03 $05 Intensity counts
Unit3 = $f0 $05 Error counts
Unit4 = $f1 $00 Status 
p999 = 1327
[END] of [Attributes]
[DATA]
 0 11 0 0
 1 1392 0 0
 2 1380 0 0
 3 1380 0 0
 4 1385 0 0
 5 1380 0 0
 6 1386 0 0
 7 1387 0 0
 8 1385 0 0
 9 1388 0 0
 10 1388 0 0
 11 1386 0 0
 12 1390 0 0
 13 1383 0 0
 14 1386 0 0
 15 1391 0 0
 16 1383 0 0
 17 1395 0 0
 18 1390 0 0
 19 1391 0 0
 20 1390 0 0
 21 1392 0 0
 22 1393 0 0
 23 1392 0 0
 24 1398 0 0
 25 1397 0 0
 26 1391 0 0
 27 1398 0 0
 28 1396 0 0
 29 1401 0 0
 30 1398 0 0
 31 1394 0 0
 32 1398 0 0
 33 1393 0 0
 34 1397 0 0
 35 1397 0 0
 36 1399 0 0
 37 1406 0 0
 38 1401 0 0
 39 1395 0 0
 40 1395 0 0
 41 1397 0 0
 42 1394 0 0
 43 1401 0 0
 44 1401 0 0
 45 1402 0 0
 46 1398 0 0
 47 1399 0 0
 48 1401 0 0
 49 1403 0 0
 50 1395 0 0
 51 1404 0 0
 52 1399 0 0
 53 1401 0 0
 54 1388 0 0
 55 1401 0 0
 56 1400 0 0
 57 1404 0 0
 58 1402 0 0
 59 1396 0 0
 60 1395 0 0
 61 1401 0 0
 62 1409 0 0
 63 1403 0 0
 64 1398 0 0
 65 1397 0 0
 66 1403 0 0
 67 1400 0 0
 68 1406 0 0
 69 1403 0 0
 70 1404 0 0
 71 1404 0 0
 72 1410 0 0
 73 1407 0 0
 74 1401 0 0
 75 1405 0 0
 76 1408 0 0
 77 1404 0 0
 78 1408 0 0
 79 1410 0 0
 80 1404 0 0
 81 1408 0 0
 82 1411 0 0
 83 1410 0 0
 84 1409 0 0
 85 1405 0 0
 86 1402 0 0
 87 1407 0 0
 88 1402 0 0
 89 1408 0 0
 90 1407 0 0
 91 1408 0 0
 92 1412 0 0
 93 1409 0 0
 94 1413 0 0
 95 1409 0 0
 96 1411 0 0
 97 1408 0 0
 98 1401 0 0
 99 1405 0 0
 100 1415 0 0
 101 1414 0 0
 102 1412 0 0
 103 1403 0 0
 104 1407 0 0
 105 1415 0 0
 106 1408 0 0
 107 1408 0 0
 108 1408 0 0
 109 1412 0 0
 110 1414 0 0
 111 1416 0 0
 112 1410 0 0
 113 1412 0 0
 114 1409 0 0
 115 1413 0 0
 116 1409 0 0
 117 1401 0 0
 118 1403 0 0
 119 1412 0 0
 120 1400 0 0
 121 1411 0 0
 122 1406 0 0
 123 1409 0 0
 124 1409 0 0
 125 1411 0 0
 126 1409 0 0
 127 1423 0 0
 128 1413 0 0
 129 1410 0 0
 130 1408 0 0
 131 1415 0 0
 132 1408 0 0
 133 1453 0 0
 134 1412 0 0
 135 1412 0 0
 136 1413 0 0
 137 1416 0 0
 138 1412 0 0
 139 1418 0 0
 140 1414 0 0
 141 1413 0 0
 142 1411 0 0
 143 1415 0 0
 144 1410 0 0
 145 1418 0 0
 146 1417 0 0
 147 1407 0 0
 148 1414 0 0
 149 1412 0 0
 150 1412 0 0
 151 1417 0 0
 152 1417 0 0
 153 1417 0 0
 154 1410 0 0
 155 1411 0 0
 156 1410 0 0
 157 1410 0 0
 158 1415 0 0
 159 1415 0 0
 160 1405 0 0
 161 1412 0 0
 162 1417 0 0
 163 1412 0 0
 164 1405 0 0
 165 1414 0 0
 166 1412 0 0
 167 1411 0 0
 168 1413 0 0
 169 1416 0 0
 170 1416 0 0
 171 1416 0 0
 172 1413 0 0
 173 1406 0 0
 174 1411 0 0
 175 1419 0 0
 176 1413 0 0
 177 1416 0 0
 178 1412 0 0
 179 1420 0 0
 180 1415 0 0
 181 1416 0 0
 182 1414 0 0
 183 1411 0 0
 184 1411 0 0
 185 1414 0 0
 186 1410 0 0
 187 1417 0 0
 188 1417 0 0
 189 1409 0 0
 190 1409 0 0
 191 1412 0 0
 192 1416 0 0
 193 1411 0 0
 194 1411 0 0
 195 1414 0 0
 196 1406 0 0
 197 1416 0 0
 198 1412 0 0
 199 1414 0 0
 200 1411 0 0
 201 1411 0 0
 202 1405 0 0
 203 1411 0 0
 204 1417 0 0
 205 1408 0 0
 206 1410 0 0
 207 1412 0 0
 208 1412 0 0
 209 1407 0 0
 210 1408 0 0
 211 1416 0 0
 212 1411 0 0
 213 1420 0 0
 214 1409 0 0
 215 1412 0 0
 216 1411 0 0
 217 1408 0 0
 218 1418 0 0
 219 1408 0 0
 220 1410 0 0
 221 1421 0 0
 222 1415 0 0
 223 1415 0 0
 224 1418 0 0
 225 1412 0 0
 226 1417 0 0
 227 1413 0 0
 228 1410 0 0
 229 1414 0 0
 230 1410 0 0
 231 1411 0 0
 232 1413 0 0
 233 1412 0 0
 234 1410 0 0
 235 1410 0 0
 236 1418 0 0
 237 1413 0 0
 238 1408 0 0
 239 1415 0 0
 240 1415 0 0
 241 1416 0 0
 242 1415 0 0
 243 1411 0 0
 244 1414 0 0
 245 1414 0 0
 246 1408 0 0
 247 1407 0 0
 248 1416 0 0
 249 1412 0 0
 250 1413 0 0
 251 1404 0 0
 252 1403 0 0
 253 1408 0 0
 254 1402 0 0
 255 1453 0 0
[END] of [DATA]
[END] of [Spectrum]


#TBID:2021-11-03 01:00:00;SAM_84C8;CALIBRATED;

[Spectrum]
Version            = 1
IDData             = 96B1_2021-11-03_01-00-00_000_286
IDDevice           = SAM_84C8
IDDataType         = SPECTRUM
IDDataTypeSub1     = CALIBRATED
IDDataTypeSub2     = 
IDDataTypeSub3     = 
DateTime           = 2021-11-03 01:00:00
PositionLatitude   = 0
PositionLongitude  = 0
Comment            = 
CommentSub1        = 
CommentSub2        = 
CommentSub3        = 
IDMethodType       = SAM Control
MethodName         = SAM_84C8
Mission            = No Mission
MissionSub         = 1
RecordType         = 0
[Attributes]
CalFactor = 1
IDBasisSpec = 
IDDataBack = DLAB_2015-08-21_12-14-03_013_778
IDDataCal = DLAB_2015-08-24_11-04-47_772_747
IntegrationTime = 4096
P31 = -1
P31e = 0
PathLength = +INF
PathLengthCustomOn = 0
RAWDynamic = 65535
Salinity = 0
Temperature = -NAN
Unit1 = $01 $01 Wavelength nm
Unit2 = $03 $03 Intensity mW/(m^2 nm Sr)
Unit3 = $f0 $03 Error mW/(m^2 nm Sr)
Unit4 = $f1 $00 Status 
p999 = 1327
[END] of [Attributes]
[DATA]
 0 11 0 0
 303.516048156 0 0 0
 306.890006053 0 0 0
 310.26457112 0 0 0
 313.639731825 0 0 0
 317.015476636 -0.00109695842584243 0 0
 320.391794021 -0.000844716510159982 0 0
 323.768672448 -0.000584628526415037 0 0
 327.146100385 -0.000547266508250113 0 0
 330.5240663 -0.000473176410524955 0 0
 333.902558661 -0.000244512231687022 0 0
 337.281565936 -0.000583493777442621 0 0
 340.661076593 -0.000531653499949915 0 0
 344.0410791 -0.000461533162739726 0 0
 347.421561925 -0.000355310829184715 0 0
 350.802513536 -0.000280690293248598 0 0
 354.183922401 -0.000435998191154364 0 0
 357.565776988 -0.000216355437512949 0 0
 360.948065765 -0.000269280741142433 0 0
 364.3307772 -0.000254927027423536 0 0
 367.713899761 -0.0002074016991518 0 0
 371.097421916 -0.000222721603623422 0 0
 374.481332133 -0.000242514652009925 0 0
 377.86561888 -0.000278888137111119 0 0
 381.250270625 -0.000200571998505351 0 0
 384.635275836 -0.000155869611505923 0 0
 388.020622981 -0.000129496559108164 0 0
 391.406300528 -8.57880501657159e-005 0 0
 394.792296945 -0.000203969432629579 0 0
 398.1786007 -5.34315072209277e-005 0 0
 401.565200261 -0.000180358629603215 0 0
 404.952084096 -0.000192234160758329 0 0
 408.339240673 -0.000112289422733574 0 0
 411.72665846 -0.000118140332970079 0 0
 415.114325925 -5.82195758712166e-005 0 0
 418.502231536 -3.02479320870437e-005 0 0
 421.890363761 -7.79156838391324e-005 0 0
 425.278711068 -0.000128469518962292 0 0
 428.667261925 -5.60702030603093e-005 0 0
 432.0560048 -3.84660495917001e-005 0 0
 435.444928161 -6.88937466200639e-005 0 0
 438.834020476 -8.61705750363803e-005 0 0
 442.223270213 -8.19874699895832e-005 0 0
 445.61266584 -4.49673933793642e-005 0 0
 449.002195825 1.31588707247081e-005 0 0
 452.391848636 -7.79812169587722e-005 0 0
 455.781612741 -8.00460342689276e-005 0 0
 459.171476608 -4.79112641910271e-005 0 0
 462.561428705 -6.75555691051638e-005 0 0
 465.9514575 -9.04966095068231e-005 0 0
 469.341551461 -7.96487111875486e-005 0 0
 472.731699056 -4.21653646777522e-005 0 0
 476.121888753 -0.000101019148285809 0 0
 479.51210902 -4.12033315807692e-005 0 0
 482.902348325 -7.82738826825388e-005 0 0
 486.292595136 -5.27269415626282e-005 0 0
 489.682837921 -9.2898053347942e-005 0 0
 493.073065148 -9.26169711978683e-005 0 0
 496.463265285 -2.54272681864923e-005 0 0
 499.8534268 -3.61007429298713e-005 0 0
 503.243538161 -9.02099287725206e-005 0 0
 506.633587836 -4.99276422345616e-005 0 0
 510.023564293 -0.00010230985414602 0 0
 513.413456 -8.07292080230031e-005 0 0
 516.803251425 -6.59740231164948e-006 0 0
 520.192939036 -6.62129369446267e-005 0 0
 523.582507301 -6.72353458075817e-005 0 0
 526.971944688 -7.15920356513046e-005 0 0
 530.361239665 -5.15073456298399e-005 0 0
 533.7503807 -6.60257165832629e-006 0 0
 537.139356261 -7.5339432698511e-005 0 0
 540.528154816 -3.14804980453266e-005 0 0
 543.916764833 -2.69443177611963e-005 0 0
 547.30517478 1.09256515409024e-005 0 0
 550.693373125 -4.56074714798312e-005 0 0
 554.081348336 -2.87481242164629e-005 0 0
 557.469088881 1.11375972491067e-005 0 0
 560.856583228 -3.7923980120713e-005 0 0
 564.243819845 8.82492043413868e-006 0 0
 567.6307872 2.28005236003353e-005 0 0
 571.017473761 -4.49964386432395e-005 0 0
 574.403867996 3.61494321878081e-005 0 0
 577.789958373 -2.13956019582238e-005 0 0
 581.17573336 -1.67132059738883e-007 0 0
 584.561181425 -3.40186147680023e-005 0 0
 587.946291036 1.35234670520806e-006 0 0
 591.331050661 -5.59255876998959e-005 0 0
 594.715448768 -4.538774875433e-005 0 0
 598.099473825 -6.61140395130899e-005 0 0
 601.4831143 4.54130970242598e-005 0 0
 604.866358661 -0.000105688801290829 0 0
 608.249195376 -3.84412465860714e-005 0 0
 611.631612913 3.17698160521934e-005 0 0
 615.01359974 7.86986635421763e-005 0 0
 618.395144325 -1.70306665573093e-005 0 0
 621.776235136 2.06155546750127e-005 0 0
 625.156860641 -4.10541880131272e-005 0 0
 628.537009308 -1.71039228332046e-006 0 0
 631.916669605 -0.000101465961033154 0 0
 635.29583 -5.54153803746911e-006 0 0
 638.674478961 -4.0788598256827e-006 0 0
 642.052604956 -9.47285823982485e-005 0 0
 645.430196453 -3.32724576585509e-006 0 0
 648.80724192 -8.55926978597869e-005 0 0
 652.183729825 -1.84348437017879e-005 0 0
 655.559648636 -1.12500096395527e-005 0 0
 658.934986821 3.6059114675004e-005 0 0
 662.309732848 -1.22665915613946e-005 0 0
 665.683875185 9.2902541808596e-005 0 0
 669.0574023 0.000133140522647128 0 0
 672.430302661 -3.74611033233969e-005 0 0
 675.802564736 -0.00014139134203202 0 0
 679.174176993 -2.83168072382921e-005 0 0
 682.5451279 1.64913239190168e-005 0 0
 685.915405925 -1.98782706672675e-005 0 0
 689.284999536 -6.78495084875184e-005 0 0
 692.653897201 -0.000216312635069266 0 0
 696.022087388 -0.000157778337581677 0 0
 699.389558565 -9.22676234313495e-005 0 0
 702.7562992 -8.13934742447629e-005 0 0
 706.122297761 -9.33710960533935e-005 0 0
 709.487542716 1.96510678505936e-005 0 0
 712.852022533 4.34893469290623e-005 0 0
 716.21572568 5.49010891258989e-005 0 0
 719.578640625 8.25823876079248e-005 0 0
 722.940755836 1.97814299455301e-005 0 0
 726.302059781 -2.57301734495466e-005 0 0
 729.662540928 8.81277362780319e-005 0 0
 733.022187745 0.00014291863723716 0 0
 736.3809887 -5.13537437716815e-005 0 0
 739.738932261 5.97392110158153e-005 0 0
 743.096006896 5.4811058360268e-005 0 0
 746.452201073 -8.52464120509989e-005 0 0
 749.80750326 -0.000445169307425283 0 0
 753.161901925 -6.19874762737817e-005 0 0
 756.515385536 6.99820239656248e-005 0 0
 759.867942561 8.3863479440207e-005 0 0
 763.219561468 8.20661519127015e-005 0 0
 766.570230725 0.000128997636838373 0 0
 769.9199388 4.37015553348674e-005 0 0
 773.268674161 9.2509120081219e-005 0 0
 776.616425276 0.000154687633618538 0 0
 779.963180613 -6.26845148297382e-005 0 0
 783.30892864 0.000144047221150858 0 0
 786.653657825 -0.000227631774724958 0 0
 789.997356636 0.000139508710200482 0 0
 793.340013541 0.000112000368366905 0 0
 796.681617008 -1.4326173924764e-005 0 0
 800.022155505 2.39465454124429e-005 0 0
 803.3616175 0.000140591182299601 0 0
 806.699991461 8.63599021370208e-005 0 0
 810.037265856 0.000223295565125153 0 0
 813.373429153 6.85635868888215e-005 0 0
 816.70846982 0.000312783309737505 0 0
 820.042376325 0.000135826211493768 0 0
 823.375137136 0.000281405644880093 0 0
 826.706740721 -6.90590722446314e-005 0 0
 830.037175548 -0.000168469572746091 0 0
 833.366430085 0.000156132805722343 0 0
 836.6944928 0.00035431912974367 0 0
 840.021352161 -0.000460887067779575 0 0
 843.346996636 0.000151889472179227 0 0
 846.671414693 0.000272596444346638 0 0
 849.9945948 0.000111017398932194 0 0
 853.316525425 5.11092232340372e-005 0 0
 856.637195036 -2.19068942296733e-005 0 0
 859.956592101 9.48791950778077e-006 0 0
 863.274705088 -0.000330562991930549 0 0
 866.591522465 7.48535116579717e-006 0 0
 869.9070327 0.000587672095923501 0 0
 873.221224261 0.000179669906616145 0 0
 876.534085616 0.000620771532621521 0 0
 879.845605233 8.31729738917101e-005 0 0
 883.15577158 0.00055056745123092 0 0
 886.464573125 0.000458684974761136 0 0
 889.771998336 0.000178732282688132 0 0
 893.078035681 0.000514787543317652 0 0
 896.382673628 0.000713449712854328 0 0
 899.685900645 0.000643690464981769 0 0
 902.9877052 0.000971411560340885 0 0
 906.288075761 4.80980809161396e-005 0 0
 909.587000796 0.000451313629208695 0 0
 912.884468773 0.000242976289082606 0 0
 916.18046816 -3.92765411124034e-005 0 0
 919.474987425 0.000811309143082458 0 0
 922.768015036 0.000304175389318407 0 0
 926.059539461 0.000356512986920687 0 0
 929.349549168 2.81065437359687e-005 0 0
 932.638032625 0.00142099548963068 0 0
 935.9249783 -3.25382023378197e-005 0 0
 939.210374661 0.00126014510211582 0 0
 942.494210176 0.00038429805933853 0 0
 945.776473313 0.000287776833775372 0 0
 949.05715254 0.00203607810457638 0 0
 952.336236325 -0.000432527119008361 0 0
 955.613713136 0 0 0
 958.889571441 0 0 0
 962.163799708 0 0 0
 965.436386405 0 0 0
 968.70732 0 0 0
 971.976588961 0 0 0
 975.244181756 0 0 0
 978.510086853 0 0 0
 981.77429272 0 0 0
 985.036787825 0 0 0
 988.297560636 0 0 0
 991.556599621 0 0 0
 994.813893248 0 0 0
 998.069429985 0 0 0
 1001.3231983 0 0 0
 1004.575186661 0 0 0
 1007.825383536 0 0 0
 1011.073777393 0 0 0
 1014.3203567 0 0 0
 1017.565109925 0 0 0
 1020.808025536 0 0 0
 1024.049092001 0 0 0
 1027.288297788 0 0 0
 1030.525631365 0 0 0
 1033.7610812 0 0 0
 1036.994635761 0 0 0
 1040.226283516 0 0 0
 1043.456012933 0 0 0
 1046.68381248 0 0 0
 1049.909670625 0 0 0
 1053.133575836 0 0 0
 1056.355516581 0 0 0
 1059.575481328 0 0 0
 1062.793458545 0 0 0
 1066.0094367 0 0 0
 1069.223404261 0 0 0
 1072.435349696 0 0 0
 1075.645261473 0 0 0
 1078.85312806 0 0 0
 1082.058937925 0 0 0
 1085.262679536 0 0 0
 1088.464341361 0 0 0
 1091.663911868 0 0 0
 1094.861379525 0 0 0
 1098.0567328 0 0 0
 1101.249960161 0 0 0
 1104.441050076 0 0 0
 1107.629991013 0 0 0
 1110.81677144 0 0 0
 1114.001379825 0 0 0
 1117.183804636 0 0 0
 1120.364034341 0 0 0
 1123.542057408 0 0 0
 1126.717862305 0 0 0
 1129.8914375 0 0 0
 1133.062771461 0 0 0
 1136.231852656 0 0 0
 1139.398669553 0 0 0
 1142.56321062 0 0 0
 1145.725464325 0 0 0
 1148.885419136 0 0 0
[END] of [DATA]
[END] of [Spectrum]

