
#TBID:2021-10-13 00:30:00;SAM_84DC;CALIBRATED;

[Spectrum]
Version            = 1
IDData             = 96B1_2021-10-13_00-30-00_000_173
IDDevice           = SAM_84DC
IDDataType         = SPECTRUM
IDDataTypeSub1     = CALIBRATED
IDDataTypeSub2     = 
IDDataTypeSub3     = 
DateTime           = 2021-10-13 00:30:00
PositionLatitude   = 0
PositionLongitude  = 0
Comment            = 
CommentSub1        = 
CommentSub2        = 
CommentSub3        = 
IDMethodType       = SAM Control
MethodName         = SAM_84DC
Mission            = No Mission
MissionSub         = 1
RecordType         = 0
[Attributes]
CalFactor = 1
IDBasisSpec = 
IDDataBack = DLAB_2015-08-21_13-19-54_137_939
IDDataCal = DLAB_2015-08-24_10-46-55_592_608
IntegrationTime = 4096
P31 = -1
P31e = 0
PathLength = +INF
PathLengthCustomOn = 0
RAWDynamic = 65535
Salinity = 0
Temperature = -NAN
Unit1 = $01 $01 Wavelength nm
Unit2 = $03 $03 Intensity mW/(m^2 nm Sr)
Unit3 = $f0 $03 Error mW/(m^2 nm Sr)
Unit4 = $f1 $00 Status 
p999 = 316
[END] of [Attributes]
[DATA]
 0 11 0 0
 305.71650776488 0 0 0
 309.04007505697 0 0 0
 312.36416914304 0 0 0
 315.68877841375 0 0 0
 319.01389125976 -0.000298122138884513 0 0
 322.33949607173 -0.000221115784243171 0 0
 325.66558124032 -0.000479341274158775 0 0
 328.99213515619 -0.000292740010835806 0 0
 332.31914621 -0.000501743743461053 0 0
 335.64660279241 -0.000464574329455095 0 0
 338.97449329408 -0.000220691071666285 0 0
 342.30280610567 -0.000192987106813475 0 0
 345.63152961784 -9.90160761944148e-005 0 0
 348.96065222125 -0.000281092508861027 0 0
 352.29016230656 -0.000159897740637069 0 0
 355.62004826443 -0.000164365671562654 0 0
 358.95029848552 -0.000213907205026962 0 0
 362.28090136049 -0.000173317184147337 0 0
 365.61184528 -7.51871873631364e-005 0 0
 368.94311863471 -0.000155417742202908 0 0
 372.27470981528 -1.1608468736999e-005 0 0
 375.60660721237 -6.49679767545875e-005 0 0
 378.93879921664 -9.51166739410251e-005 0 0
 382.27127421875 2.45950098823227e-005 0 0
 385.60402060936 6.26112907478595e-005 0 0
 388.93702677913 -6.8467889868226e-005 0 0
 392.27028111872 6.3782222347915e-005 0 0
 395.60377201879 -9.13372650019307e-005 0 0
 398.93748787 1.01149680153082e-005 0 0
 402.27141706301 -1.86535809550262e-005 0 0
 405.60554798848 -6.38240386188771e-005 0 0
 408.93986903707 3.62999299104388e-005 0 0
 412.27436859944 4.32292966588504e-005 0 0
 415.60903506625 -2.75563474299839e-006 0 0
 418.94385682816 -1.52595738489857e-005 0 0
 422.27882227583 -6.99792178404559e-005 0 0
 425.61391979992 -3.1500961444984e-005 0 0
 428.94913779109 -6.00574633645227e-005 0 0
 432.28446464 -1.74597184328681e-005 0 0
 435.61988873731 -0.000103669781527459 0 0
 438.95539847368 -1.14304970886851e-005 0 0
 442.29098223977 -3.86493194709925e-005 0 0
 445.62662842624 -1.29248560115748e-005 0 0
 448.96232542375 -2.52547544288847e-005 0 0
 452.29806162296 -7.79403093225393e-005 0 0
 455.63382541453 -3.87380171881567e-005 0 0
 458.96960518912 -8.26316470256991e-005 0 0
 462.30538933739 -7.67019428113541e-006 0 0
 465.64116625 -0.000136349953271067 0 0
 468.97692431761 -5.50748282084025e-005 0 0
 472.31265193088 -9.3638393148988e-005 0 0
 475.64833748047 -0.000105721070952898 0 0
 478.98396935704 -8.97176386646264e-006 0 0
 482.31953595125 -0.000112271929225409 0 0
 485.65502565376 -7.93792731715064e-005 0 0
 488.99042685523 -0.000103488874170846 0 0
 492.32572794632 -0.000105529051095678 0 0
 495.66091731769 -0.000100529939230016 0 0
 498.99598336 -0.000107538542798312 0 0
 502.33091446391 -0.000107748826807914 0 0
 505.66569902008 -0.000141273212819922 0 0
 509.00032541917 -4.68377542475052e-005 0 0
 512.33478205184 -4.17920594719201e-006 0 0
 515.66905730875 -0.00011204570254199 0 0
 519.00313958056 -2.25719289099942e-005 0 0
 522.33701725793 -5.57999078932764e-005 0 0
 525.67067873152 -6.0517285176491e-005 0 0
 529.00411239199 -8.61716217248684e-005 0 0
 532.33730663 -0.000107452951253824 0 0
 535.67024983621 -0.000106183001470751 0 0
 539.00293040128 -3.75669881908385e-005 0 0
 542.33533671587 -5.44821229138132e-005 0 0
 545.66745717064 -6.0356017839981e-005 0 0
 548.99928015625 -9.54883917996551e-005 0 0
 552.33079406336 -9.79583508013723e-005 0 0
 555.66198728263 -0.000149311490810716 0 0
 558.99284820472 -9.96386903830298e-005 0 0
 562.32336522029 -6.92530135913915e-005 0 0
 565.65352672 -0.000104461876392974 0 0
 568.98332109451 -0.00011016352466727 0 0
 572.31273673448 -0.000104530553943895 0 0
 575.64176203057 -3.26136169589937e-005 0 0
 578.97038537344 -0.000122342011058455 0 0
 582.29859515375 -9.6925047109678e-006 0 0
 585.62637976216 -0.000148576754694085 0 0
 588.95372758933 -0.000103496251013065 0 0
 592.28062702592 -0.000158849782833966 0 0
 595.60706646259 -0.000152530992497894 0 0
 598.93303429 -0.000207141153385913 0 0
 602.25851889881 -0.000196388885579852 0 0
 605.58350867968 -0.000194064764911214 0 0
 608.90799202327 -0.000210197009204043 0 0
 612.23195732024 -0.000259739917115611 0 0
 615.55539296125 -0.00029148162903421 0 0
 618.87828733696 -0.000311003924791809 0 0
 622.20062883803 -0.000211607781736396 0 0
 625.52240585512 -0.000219118699258773 0 0
 628.84360677889 -0.000208410082848081 0 0
 632.16422 -0.000214415165988776 0 0
 635.48423390911 -0.000229221450966924 0 0
 638.80363689688 -0.000215641331327048 0 0
 642.12241735397 -0.000267468729477682 0 0
 645.44056367104 -0.00020398185027195 0 0
 648.75806423875 -0.000259941101525458 0 0
 652.07490744776 -0.000254601899190285 0 0
 655.39108168873 -0.000303244837438942 0 0
 658.70657535232 -0.000159345337543894 0 0
 662.02137682919 -0.000259613450460214 0 0
 665.33547451 -0.000237686815855746 0 0
 668.64885678541 -0.000211633426202922 0 0
 671.96151204608 -0.000232899952831593 0 0
 675.27342868267 -0.000230921662156186 0 0
 678.58459508584 -0.000181586135598573 0 0
 681.89499964625 -0.00021467130424694 0 0
 685.20463075456 -0.000148148915757755 0 0
 688.51347680143 -0.000154634816563105 0 0
 691.82152617752 -0.000229527954164924 0 0
 695.12876727349 -0.000185172824960673 0 0
 698.43518848 -0.000202005989649381 0 0
 701.74077818771 -0.00013541690518682 0 0
 705.04552478728 -0.000324791806593978 0 0
 708.34941666937 -0.000175732398627803 0 0
 711.65244222464 -0.000265777207022118 0 0
 714.95458984375 -0.000203885963869476 0 0
 718.25584791736 -0.000221820972825977 0 0
 721.55620483613 -0.000286056653289659 0 0
 724.85564899072 -0.000198194117602767 0 0
 728.15416877179 -0.000256958455390028 0 0
 731.45175257 -0.00022195764963404 0 0
 734.74838877601 -0.00020494333375067 0 0
 738.04406578048 -0.000167983523562513 0 0
 741.33877197407 -0.00018259807852596 0 0
 744.63249574744 -0.000189035273237614 0 0
 747.92522549125 -0.000173546662944503 0 0
 751.21694959616 -0.000257537773881629 0 0
 754.50765645283 -0.000187591249740108 0 0
 757.79733445192 -0.000123803925841209 0 0
 761.08597198409 -0.000194182307172314 0 0
 764.37355744 -0.000250795338182082 0 0
 767.66007921031 -8.82582646192472e-005 0 0
 770.94552568568 -0.000103412408555259 0 0
 774.22988525677 -0.000182735788403061 0 0
 777.51314631424 -0.00023093903264962 0 0
 780.79529724875 -0.000208677999456664 0 0
 784.07632645096 -0.000283994259837703 0 0
 787.35622231153 -0.000152418733565761 0 0
 790.63497322112 -0.000221973775008382 0 0
 793.91256757039 -0.000320556428314043 0 0
 797.18899375 -0.000281332594514874 0 0
 800.46424015061 -0.000174893582295159 0 0
 803.73829516288 -0.000205223547124407 0 0
 807.01114717747 -0.000218879243155511 0 0
 810.28278458504 -8.03074739392703e-005 0 0
 813.55319577625 -0.00037475092942778 0 0
 816.82236914176 -0.00017763277196359 0 0
 820.09029307223 -0.000325409649987667 0 0
 823.35695595832 -0.000353930171262464 0 0
 826.62234619069 -0.000359855877430049 0 0
 829.88645216 -0.000748937107288156 0 0
 833.14926225691 -0.000658492518010159 0 0
 836.41076487208 -0.000290982380728337 0 0
 839.67094839617 -0.000123388641415528 0 0
 842.92980121984 -0.000406658036693884 0 0
 846.18731173375 -0.000303675885735175 0 0
 849.44346832856 -0.000273165778648966 0 0
 852.69825939493 -0.000726069148947183 0 0
 855.95167332352 -0.000339832870050247 0 0
 859.20369850499 -0.000559039866447427 0 0
 862.45432333 -0.000469743072993848 0 0
 865.70353618921 -0.000567894156706851 0 0
 868.95132547328 -0.00044372408118043 0 0
 872.19767957287 -0.000520329224905929 0 0
 875.44258687864 -0.000607809310804848 0 0
 878.68603578125 -0.00092892736417557 0 0
 881.92801467136 -0.000778185563618839 0 0
 885.16851193963 -0.000670649616659947 0 0
 888.40751597672 -0.000530258243406958 0 0
 891.64501517329 -0.000842195070810784 0 0
 894.88099792 -0.000386728787556359 0 0
 898.11545260751 -0.000747801515705514 0 0
 901.34836762648 -0.000614262511514462 0 0
 904.57973136757 -0.000234853519462314 0 0
 907.80953222144 -0.000444059909387162 0 0
 911.03775857875 -0.00148065565204266 0 0
 914.26439883016 -0.000548598654518636 0 0
 917.48944136633 -0.00141550494988459 0 0
 920.71287457792 -0.000226268659675643 0 0
 923.93468685559 0.000165642776429926 0 0
 927.15486659 -0.000161561569297827 0 0
 930.37340217181 -0.00143431901776724 0 0
 933.59028199168 -0.000785312729462814 0 0
 936.80549444027 -0.00101942597579482 0 0
 940.01902790824 -0.000273591068749329 0 0
 943.23087078625 -0.00186642364809747 0 0
 946.44101146496 -0.00118566728060694 0 0
 949.64943833503 -0.00182812334804687 0 0
 952.85613978712 -0.000565741232212398 0 0
 956.06110421189 0 0 0
 959.26432 0 0 0
 962.46577554211 0 0 0
 965.66545922888 0 0 0
 968.86335945097 0 0 0
 972.05946459904 0 0 0
 975.25376306375 0 0 0
 978.44624323576 0 0 0
 981.63689350573 0 0 0
 984.82570226432 0 0 0
 988.01265790219 0 0 0
 991.19774881 0 0 0
 994.38096337841 0 0 0
 997.56228999808 0 0 0
 1000.74171705967 0 0 0
 1003.91923295384 0 0 0
 1007.09482607125 0 0 0
 1010.26848480256 0 0 0
 1013.44019753843 0 0 0
 1016.60995266952 0 0 0
 1019.77773858649 0 0 0
 1022.94354368 0 0 0
 1026.10735634071 0 0 0
 1029.26916495928 0 0 0
 1032.42895792637 0 0 0
 1035.58672363264 0 0 0
 1038.74245046875 0 0 0
 1041.89612682536 0 0 0
 1045.04774109313 0 0 0
 1048.19728166272 0 0 0
 1051.34473692479 0 0 0
 1054.49009527 0 0 0
 1057.63334508901 0 0 0
 1060.77447477248 0 0 0
 1063.91347271107 0 0 0
 1067.05032729544 0 0 0
 1070.18502691625 0 0 0
 1073.31755996416 0 0 0
 1076.44791482983 0 0 0
 1079.57607990392 0 0 0
 1082.70204357709 0 0 0
 1085.82579424 0 0 0
 1088.94732028331 0 0 0
 1092.06661009768 0 0 0
 1095.18365207377 0 0 0
 1098.29843460224 0 0 0
 1101.41094607375 0 0 0
 1104.52117487896 0 0 0
 1107.62910940853 0 0 0
 1110.73473805312 0 0 0
 1113.83804920339 0 0 0
 1116.93903125 0 0 0
 1120.03767258361 0 0 0
 1123.13396159488 0 0 0
 1126.22788667447 0 0 0
 1129.31943621304 0 0 0
 1132.40859860125 0 0 0
 1135.49536222976 0 0 0
[END] of [DATA]
[END] of [Spectrum]


#TBID:2021-10-13 00:30:00;SAM_84C8;RAW;

[Spectrum]
Version            = 1
IDData             = 96B1_2021-10-13_00-30-00_000_175
IDDevice           = SAM_84C8
IDDataType         = SPECTRUM
IDDataTypeSub1     = RAW
IDDataTypeSub2     = 
IDDataTypeSub3     = 
DateTime           = 2021-10-13 00:30:00
PositionLatitude   = 0
PositionLongitude  = 0
Comment            = 
CommentSub1        = 
CommentSub2        = 
CommentSub3        = 
IDMethodType       = SAM Control
MethodName         = SAM_84C8
Mission            = No Mission
MissionSub         = 1
RecordType         = 0
[Attributes]
CalFactor = 1
IDBasisSpec = 
IDDataBack = DLAB_2015-08-21_12-14-03_013_778
IDDataCal = DLAB_2015-08-24_11-04-47_772_747
IntegrationTime = 4096
P31 = -1
P31e = 0
PathLength = +INF
PathLengthCustomOn = 0
RAWDynamic = 65535
Salinity = 0
Temperature = -NAN
Unit1 = $05 $00 Pixel 
Unit2 = $03 $05 Intensity counts
Unit3 = $f0 $05 Error counts
Unit4 = $f1 $00 Status 
p999 = 316
[END] of [Attributes]
[DATA]
 0 11 0 0
 1 1330 0 0
 2 1317 0 0
 3 1316 0 0
 4 1320 0 0
 5 1317 0 0
 6 1318 0 0
 7 1320 0 0
 8 1325 0 0
 9 1321 0 0
 10 1320 0 0
 11 1324 0 0
 12 1328 0 0
 13 1321 0 0
 14 1327 0 0
 15 1326 0 0
 16 1330 0 0
 17 1328 0 0
 18 1328 0 0
 19 1332 0 0
 20 1338 0 0
 21 1338 0 0
 22 1340 0 0
 23 1337 0 0
 24 1342 0 0
 25 1342 0 0
 26 1339 0 0
 27 1343 0 0
 28 1345 0 0
 29 1346 0 0
 30 1337 0 0
 31 1343 0 0
 32 1345 0 0
 33 1339 0 0
 34 1346 0 0
 35 1343 0 0
 36 1340 0 0
 37 1350 0 0
 38 1344 0 0
 39 1341 0 0
 40 1341 0 0
 41 1350 0 0
 42 1337 0 0
 43 1348 0 0
 44 1343 0 0
 45 1348 0 0
 46 1343 0 0
 47 1343 0 0
 48 1340 0 0
 49 1348 0 0
 50 1341 0 0
 51 1346 0 0
 52 1344 0 0
 53 1342 0 0
 54 1339 0 0
 55 1347 0 0
 56 1345 0 0
 57 1343 0 0
 58 1347 0 0
 59 1342 0 0
 60 1341 0 0
 61 1345 0 0
 62 1354 0 0
 63 1348 0 0
 64 1344 0 0
 65 1345 0 0
 66 1349 0 0
 67 1345 0 0
 68 1351 0 0
 69 1347 0 0
 70 1351 0 0
 71 1348 0 0
 72 1354 0 0
 73 1348 0 0
 74 1349 0 0
 75 1349 0 0
 76 1348 0 0
 77 1348 0 0
 78 1353 0 0
 79 1353 0 0
 80 1348 0 0
 81 1347 0 0
 82 1349 0 0
 83 1355 0 0
 84 1351 0 0
 85 1348 0 0
 86 1346 0 0
 87 1356 0 0
 88 1349 0 0
 89 1349 0 0
 90 1352 0 0
 91 1351 0 0
 92 1346 0 0
 93 1346 0 0
 94 1358 0 0
 95 1349 0 0
 96 1351 0 0
 97 1356 0 0
 98 1352 0 0
 99 1348 0 0
 100 1352 0 0
 101 1355 0 0
 102 1352 0 0
 103 1351 0 0
 104 1353 0 0
 105 1358 0 0
 106 1355 0 0
 107 1351 0 0
 108 1349 0 0
 109 1351 0 0
 110 1351 0 0
 111 1361 0 0
 112 1357 0 0
 113 1358 0 0
 114 1356 0 0
 115 1356 0 0
 116 1358 0 0
 117 1356 0 0
 118 1347 0 0
 119 1362 0 0
 120 1344 0 0
 121 1356 0 0
 122 1347 0 0
 123 1352 0 0
 124 1352 0 0
 125 1353 0 0
 126 1358 0 0
 127 1358 0 0
 128 1350 0 0
 129 1354 0 0
 130 1356 0 0
 131 1357 0 0
 132 1354 0 0
 133 1392 0 0
 134 1357 0 0
 135 1353 0 0
 136 1357 0 0
 137 1354 0 0
 138 1351 0 0
 139 1359 0 0
 140 1352 0 0
 141 1359 0 0
 142 1358 0 0
 143 1354 0 0
 144 1355 0 0
 145 1361 0 0
 146 1354 0 0
 147 1356 0 0
 148 1354 0 0
 149 1349 0 0
 150 1354 0 0
 151 1353 0 0
 152 1357 0 0
 153 1356 0 0
 154 1351 0 0
 155 1352 0 0
 156 1356 0 0
 157 1360 0 0
 158 1360 0 0
 159 1360 0 0
 160 1361 0 0
 161 1358 0 0
 162 1362 0 0
 163 1358 0 0
 164 1351 0 0
 165 1358 0 0
 166 1354 0 0
 167 1357 0 0
 168 1354 0 0
 169 1358 0 0
 170 1360 0 0
 171 1356 0 0
 172 1358 0 0
 173 1345 0 0
 174 1354 0 0
 175 1362 0 0
 176 1354 0 0
 177 1355 0 0
 178 1354 0 0
 179 1360 0 0
 180 1362 0 0
 181 1354 0 0
 182 1359 0 0
 183 1354 0 0
 184 1352 0 0
 185 1358 0 0
 186 1352 0 0
 187 1356 0 0
 188 1355 0 0
 189 1356 0 0
 190 1354 0 0
 191 1361 0 0
 192 1356 0 0
 193 1347 0 0
 194 1356 0 0
 195 1358 0 0
 196 1352 0 0
 197 1354 0 0
 198 1358 0 0
 199 1354 0 0
 200 1354 0 0
 201 1354 0 0
 202 1355 0 0
 203 1356 0 0
 204 1356 0 0
 205 1355 0 0
 206 1354 0 0
 207 1357 0 0
 208 1353 0 0
 209 1349 0 0
 210 1351 0 0
 211 1352 0 0
 212 1354 0 0
 213 1359 0 0
 214 1359 0 0
 215 1357 0 0
 216 1356 0 0
 217 1353 0 0
 218 1352 0 0
 219 1357 0 0
 220 1358 0 0
 221 1357 0 0
 222 1355 0 0
 223 1351 0 0
 224 1360 0 0
 225 1356 0 0
 226 1358 0 0
 227 1356 0 0
 228 1356 0 0
 229 1354 0 0
 230 1357 0 0
 231 1355 0 0
 232 1356 0 0
 233 1355 0 0
 234 1354 0 0
 235 1352 0 0
 236 1357 0 0
 237 1357 0 0
 238 1355 0 0
 239 1357 0 0
 240 1358 0 0
 241 1349 0 0
 242 1355 0 0
 243 1361 0 0
 244 1355 0 0
 245 1349 0 0
 246 1353 0 0
 247 1352 0 0
 248 1355 0 0
 249 1348 0 0
 250 1347 0 0
 251 1342 0 0
 252 1333 0 0
 253 1338 0 0
 254 1331 0 0
 255 1376 0 0
[END] of [DATA]
[END] of [Spectrum]


#TBID:2021-10-13 00:30:00;SAM_84C8;CALIBRATED;

[Spectrum]
Version            = 1
IDData             = 96B1_2021-10-13_00-30-00_000_176
IDDevice           = SAM_84C8
IDDataType         = SPECTRUM
IDDataTypeSub1     = CALIBRATED
IDDataTypeSub2     = 
IDDataTypeSub3     = 
DateTime           = 2021-10-13 00:30:00
PositionLatitude   = 0
PositionLongitude  = 0
Comment            = 
CommentSub1        = 
CommentSub2        = 
CommentSub3        = 
IDMethodType       = SAM Control
MethodName         = SAM_84C8
Mission            = No Mission
MissionSub         = 1
RecordType         = 0
[Attributes]
CalFactor = 1
IDBasisSpec = 
IDDataBack = DLAB_2015-08-21_12-14-03_013_778
IDDataCal = DLAB_2015-08-24_11-04-47_772_747
IntegrationTime = 4096
P31 = -1
P31e = 0
PathLength = +INF
PathLengthCustomOn = 0
RAWDynamic = 65535
Salinity = 0
Temperature = -NAN
Unit1 = $01 $01 Wavelength nm
Unit2 = $03 $03 Intensity mW/(m^2 nm Sr)
Unit3 = $f0 $03 Error mW/(m^2 nm Sr)
Unit4 = $f1 $00 Status 
p999 = 316
[END] of [Attributes]
[DATA]
 0 11 0 0
 303.516048156 0 0 0
 306.890006053 0 0 0
 310.26457112 0 0 0
 313.639731825 0 0 0
 317.015476636 -0.00118568770926495 0 0
 320.391794021 -0.00112848977587104 0 0
 323.768672448 -0.000811968149926432 0 0
 327.146100385 -0.000509436576127057 0 0
 330.5240663 -0.00067797130321542 0 0
 333.902558661 -0.000472622895065191 0 0
 337.281565936 -0.000613247414309971 0 0
 340.661076593 -0.00055922302767661 0 0
 344.0410791 -0.000487167784348487 0 0
 347.421561925 -0.000303999058432226 0 0
 350.802513536 -0.000370881292648548 0 0
 354.183922401 -0.00026506594672696 0 0
 357.565776988 -0.000333736059518967 0 0
 360.948065765 -0.00028699226904848 0 0
 364.3307772 -0.000217315455769375 0 0
 367.713899761 -4.20788238439276e-005 0 0
 371.097421916 -9.19799923987944e-005 0 0
 374.481332133 -8.91396240054328e-005 0 0
 377.86561888 -0.000160280392133717 0 0
 381.250270625 -9.89809518824277e-005 0 0
 384.635275836 -3.16512605619599e-005 0 0
 388.020622981 5.75989401376505e-005 0 0
 391.406300528 3.878987023086e-005 0 0
 394.792296945 5.84814696461863e-007 0 0
 398.1786007 6.68492469847599e-005 0 0
 401.565200261 -0.000179290178732142 0 0
 404.952084096 -6.50522840784762e-006 0 0
 408.339240673 2.90893781851135e-005 0 0
 411.72665846 -7.85213863826322e-007 0 0
 415.114325925 9.95784875542229e-005 0 0
 418.502231536 7.38744244527916e-005 0 0
 421.890363761 -4.93441498261371e-005 0 0
 425.278711068 -6.21179600814551e-005 0 0
 428.667261925 -5.57168404852216e-006 0 0
 432.0560048 4.55674797410776e-005 0 0
 435.444928161 1.22132785617383e-005 0 0
 438.834020476 7.1328974195142e-005 0 0
 442.223270213 -3.70351239188577e-005 0 0
 445.61266584 4.43589855922232e-005 0 0
 449.002195825 4.74183571632913e-005 0 0
 452.391848636 2.76456437132539e-006 0 0
 455.781612741 -8.98053492692128e-006 0 0
 459.171476608 1.30495414826626e-005 0 0
 462.561428705 -6.68676315219176e-005 0 0
 465.9514575 -1.37848967264086e-005 0 0
 469.341551461 1.14852696432669e-005 0 0
 472.731699056 -2.09151439651185e-006 0 0
 476.121888753 -2.0658156414588e-005 0 0
 479.51210902 -1.35835335411892e-005 0 0
 482.902348325 8.63160388582041e-005 0 0
 486.292595136 4.51613971088914e-005 0 0
 489.682837921 -7.68258180985983e-006 0 0
 493.073065148 -9.18257106488891e-005 0 0
 496.463265285 6.1321389259681e-005 0 0
 499.8534268 6.50294073922992e-005 0 0
 503.243538161 1.03260773314149e-005 0 0
 506.633587836 2.12791433774973e-005 0 0
 510.023564293 -1.83569410893936e-005 0 0
 513.413456 1.52254127035763e-006 0 0
 516.803251425 8.68387169555837e-005 0 0
 520.192939036 5.04584154068204e-005 0 0
 523.582507301 2.1161337178376e-005 0 0
 526.971944688 2.2477142986546e-006 0 0
 530.361239665 2.0678646598725e-005 0 0
 533.7503807 5.25761902251947e-005 0 0
 537.139356261 1.76956316168269e-005 0 0
 540.528154816 2.64219854324078e-005 0 0
 543.916764833 3.06888512968296e-005 0 0
 547.30517478 3.43290605744859e-005 0 0
 550.693373125 5.77114348789674e-005 0 0
 554.081348336 2.91897924882434e-005 0 0
 557.469088881 2.33234571335085e-005 0 0
 560.856583228 2.10781709262741e-005 0 0
 564.243819845 8.04794956485393e-005 0 0
 567.6307872 7.15675646024136e-005 0 0
 571.017473761 1.69285648088309e-005 0 0
 574.403867996 3.68430496588875e-005 0 0
 577.789958373 -3.34304791549176e-005 0 0
 581.17573336 7.86504901011944e-005 0 0
 584.561181425 6.65896131241931e-006 0 0
 587.946291036 5.66218105150908e-005 0 0
 591.331050661 1.46616665751293e-005 0 0
 594.715448768 9.84790969428793e-005 0 0
 598.099473825 5.20077849978056e-005 0 0
 601.4831143 7.63238788573397e-005 0 0
 604.866358661 -1.25292388548373e-005 0 0
 608.249195376 2.49985021404339e-005 0 0
 611.631612913 -4.61840922053838e-005 0 0
 615.01359974 4.78970743556024e-005 0 0
 618.395144325 7.96050273238438e-005 0 0
 621.776235136 3.7627555043222e-005 0 0
 625.156860641 -2.38082576726348e-005 0 0
 628.537009308 0.000149388104142916 0 0
 631.916669605 0.000105260895870302 0 0
 635.29583 6.6127227705373e-005 0 0
 638.674478961 -3.95302501380888e-005 0 0
 642.052604956 -5.61618537917813e-005 0 0
 645.430196453 1.69745293226901e-005 0 0
 648.80724192 9.2533315364433e-005 0 0
 652.183729825 0.000123009509995404 0 0
 655.559648636 7.13439343476629e-005 0 0
 658.934986821 0.000202298352462057 0 0
 662.309732848 7.21865495287939e-005 0 0
 665.683875185 0.00013593738260247 0 0
 669.0574023 0.000134308182629492 0 0
 672.430302661 -7.85461891392103e-005 0 0
 675.802564736 -1.20519323461726e-005 0 0
 679.174176993 0.000146042939356462 0 0
 682.5451279 0.000170887787037576 0 0
 685.915405925 0.000157921004628773 0 0
 689.284999536 2.24257494070995e-005 0 0
 692.653897201 9.0285865425288e-006 0 0
 696.022087388 0.00020455524762377 0 0
 699.389558565 2.28225672033508e-005 0 0
 702.7562992 0.000172131002163103 0 0
 706.122297761 2.33093957009553e-005 0 0
 709.487542716 0.00016022463606995 0 0
 712.852022533 9.14371904678814e-005 0 0
 716.21572568 0.000149790544371758 0 0
 719.578640625 0.000177643100953531 0 0
 722.940755836 9.15020254528266e-005 0 0
 726.302059781 0.000210502809853072 0 0
 729.662540928 -4.80160184157846e-006 0 0
 733.022187745 9.69398569273016e-005 0 0
 736.3809887 6.89034655620551e-005 0 0
 739.738932261 0.000277051489354561 0 0
 743.096006896 0.000128914328620941 0 0
 746.452201073 8.81778172424206e-005 0 0
 749.80750326 -0.000443784536902951 0 0
 753.161901925 9.09951528744888e-005 0 0
 756.515385536 0.000122640505780029 0 0
 759.867942561 0.000215232176713013 0 0
 763.219561468 5.71796368351796e-005 0 0
 766.570230725 0.000130483521630184 0 0
 769.9199388 9.95712177236428e-005 0 0
 773.268674161 6.64097091645289e-005 0 0
 776.616425276 0.000353454941153567 0 0
 779.963180613 0.000169089300508394 0 0
 783.30892864 0.000145684283913652 0 0
 786.653657825 -4.42684568191476e-005 0 0
 789.997356636 0.000265914270456709 0 0
 793.340013541 4.94311121395518e-005 0 0
 796.681617008 0.000320439075000854 0 0
 800.022155505 6.03311138450347e-005 0 0
 803.3616175 7.12171375255405e-005 0 0
 806.699991461 0.000199301150851157 0 0
 810.037265856 0.000110545212931181 0 0
 813.373429153 0.000110435456683916 0 0
 816.70846982 0.000315067271811778 0 0
 820.042376325 0.000223377948854428 0 0
 823.375137136 0.00037220235298743 0 0
 826.706740721 0.00025463141561949 0 0
 830.037175548 0.000358772844341289 0 0
 833.366430085 0.000456499648480391 0 0
 836.6944928 0.000667234817075839 0 0
 840.021352161 0.000458847175254487 0 0
 843.346996636 0.00055001862636369 0 0
 846.671414693 0.000630593619279763 0 0
 849.9945948 0.000548153741534663 0 0
 853.316525425 0.000508727934524441 0 0
 856.637195036 0.000321659078805548 0 0
 859.956592101 0.00022679925345862 0 0
 863.274705088 0.000194444492776744 0 0
 866.591522465 0.000167128666647366 0 0
 869.9070327 0.000835106177145536 0 0
 873.221224261 0.000606005389539171 0 0
 876.534085616 0.000713280379938464 0 0
 879.845605233 0.000633883372886832 0 0
 883.15577158 0.000555808262822926 0 0
 886.464573125 0.000854829921356532 0 0
 889.771998336 0.000588720091595926 0 0
 893.078035681 0.00072986827792234 0 0
 896.382673628 0.000719467451616424 0 0
 899.685900645 0.000987201932397077 0 0
 902.9877052 0.00109464081363601 0 0
 906.288075761 0.00102660873014085 0 0
 909.587000796 0.000331656655055729 0 0
 912.884468773 0.00104412991195232 0 0
 916.18046816 0.000521712192848815 0 0
 919.474987425 0.00110866674323574 0 0
 922.768015036 0.00107277328966559 0 0
 926.059539461 0.000843169513919951 0 0
 929.349549168 3.74071527978781e-005 0 0
 932.638032625 0.00125500167394564 0 0
 935.9249783 0.00145863707787639 0 0
 939.210374661 0.00244092727168431 0 0
 942.494210176 0.00245474143215412 0 0
 945.776473313 0.000516305772162763 0 0
 949.05715254 0.00136699671570328 0 0
 952.336236325 0.00100312826180932 0 0
 955.613713136 0 0 0
 958.889571441 0 0 0
 962.163799708 0 0 0
 965.436386405 0 0 0
 968.70732 0 0 0
 971.976588961 0 0 0
 975.244181756 0 0 0
 978.510086853 0 0 0
 981.77429272 0 0 0
 985.036787825 0 0 0
 988.297560636 0 0 0
 991.556599621 0 0 0
 994.813893248 0 0 0
 998.069429985 0 0 0
 1001.3231983 0 0 0
 1004.575186661 0 0 0
 1007.825383536 0 0 0
 1011.073777393 0 0 0
 1014.3203567 0 0 0
 1017.565109925 0 0 0
 1020.808025536 0 0 0
 1024.049092001 0 0 0
 1027.288297788 0 0 0
 1030.525631365 0 0 0
 1033.7610812 0 0 0
 1036.994635761 0 0 0
 1040.226283516 0 0 0
 1043.456012933 0 0 0
 1046.68381248 0 0 0
 1049.909670625 0 0 0
 1053.133575836 0 0 0
 1056.355516581 0 0 0
 1059.575481328 0 0 0
 1062.793458545 0 0 0
 1066.0094367 0 0 0
 1069.223404261 0 0 0
 1072.435349696 0 0 0
 1075.645261473 0 0 0
 1078.85312806 0 0 0
 1082.058937925 0 0 0
 1085.262679536 0 0 0
 1088.464341361 0 0 0
 1091.663911868 0 0 0
 1094.861379525 0 0 0
 1098.0567328 0 0 0
 1101.249960161 0 0 0
 1104.441050076 0 0 0
 1107.629991013 0 0 0
 1110.81677144 0 0 0
 1114.001379825 0 0 0
 1117.183804636 0 0 0
 1120.364034341 0 0 0
 1123.542057408 0 0 0
 1126.717862305 0 0 0
 1129.8914375 0 0 0
 1133.062771461 0 0 0
 1136.231852656 0 0 0
 1139.398669553 0 0 0
 1142.56321062 0 0 0
 1145.725464325 0 0 0
 1148.885419136 0 0 0
[END] of [DATA]
[END] of [Spectrum]


#TBID:2021-10-13 01:00:00;SAM_84DC;RAW;

[Spectrum]
Version            = 1
IDData             = 96B1_2021-10-13_01-00-00_000_179
IDDevice           = SAM_84DC
IDDataType         = SPECTRUM
IDDataTypeSub1     = RAW
IDDataTypeSub2     = 
IDDataTypeSub3     = 
DateTime           = 2021-10-13 01:00:00
PositionLatitude   = 0
PositionLongitude  = 0
Comment            = 
CommentSub1        = 
CommentSub2        = 
CommentSub3        = 
IDMethodType       = SAM Control
MethodName         = SAM_84DC
Mission            = No Mission
MissionSub         = 1
RecordType         = 0
[Attributes]
CalFactor = 1
IDBasisSpec = 
IDDataBack = DLAB_2015-08-21_13-19-54_137_939
IDDataCal = DLAB_2015-08-24_10-46-55_592_608
IntegrationTime = 4096
P31 = -1
P31e = 0
PathLength = +INF
PathLengthCustomOn = 0
RAWDynamic = 65535
Salinity = 0
Temperature = -NAN
Unit1 = $05 $00 Pixel 
Unit2 = $03 $05 Intensity counts
Unit3 = $f0 $05 Error counts
Unit4 = $f1 $00 Status 
p999 = 317
[END] of [Attributes]
[DATA]
 0 11 0 0
 1 1407 0 0
 2 1398 0 0
 3 1412 0 0
 4 1417 0 0
 5 1417 0 0
 6 1413 0 0
 7 1419 0 0
 8 1420 0 0
 9 1424 0 0
 10 1420 0 0
 11 1422 0 0
 12 1418 0 0
 13 1420 0 0
 14 1420 0 0
 15 1417 0 0
 16 1422 0 0
 17 1426 0 0
 18 1416 0 0
 19 1420 0 0
 20 1423 0 0
 21 1420 0 0
 22 1422 0 0
 23 1430 0 0
 24 1433 0 0
 25 1426 0 0
 26 1427 0 0
 27 1430 0 0
 28 1422 0 0
 29 1429 0 0
 30 1432 0 0
 31 1428 0 0
 32 1427 0 0
 33 1430 0 0
 34 1428 0 0
 35 1429 0 0
 36 1434 0 0
 37 1435 0 0
 38 1428 0 0
 39 1428 0 0
 40 1436 0 0
 41 1434 0 0
 42 1430 0 0
 43 1430 0 0
 44 1437 0 0
 45 1433 0 0
 46 1431 0 0
 47 1430 0 0
 48 1431 0 0
 49 1431 0 0
 50 1433 0 0
 51 1429 0 0
 52 1431 0 0
 53 1434 0 0
 54 1426 0 0
 55 1440 0 0
 56 1432 0 0
 57 1432 0 0
 58 1430 0 0
 59 1440 0 0
 60 1429 0 0
 61 1434 0 0
 62 1431 0 0
 63 1429 0 0
 64 1433 0 0
 65 1429 0 0
 66 1429 0 0
 67 1430 0 0
 68 1435 0 0
 69 1433 0 0
 70 1435 0 0
 71 1433 0 0
 72 1428 0 0
 73 1429 0 0
 74 1434 0 0
 75 1432 0 0
 76 1431 0 0
 77 1432 0 0
 78 1431 0 0
 79 1435 0 0
 80 1435 0 0
 81 1441 0 0
 82 1432 0 0
 83 1433 0 0
 84 1435 0 0
 85 1436 0 0
 86 1439 0 0
 87 1432 0 0
 88 1432 0 0
 89 1431 0 0
 90 1428 0 0
 91 1434 0 0
 92 1427 0 0
 93 1423 0 0
 94 1431 0 0
 95 1429 0 0
 96 1428 0 0
 97 1434 0 0
 98 1427 0 0
 99 1425 0 0
 100 1435 0 0
 101 1428 0 0
 102 1433 0 0
 103 1435 0 0
 104 1434 0 0
 105 1429 0 0
 106 1432 0 0
 107 1441 0 0
 108 1432 0 0
 109 1436 0 0
 110 1431 0 0
 111 1436 0 0
 112 1436 0 0
 113 1431 0 0
 114 1434 0 0
 115 1433 0 0
 116 1433 0 0
 117 1436 0 0
 118 1429 0 0
 119 1428 0 0
 120 1426 0 0
 121 1443 0 0
 122 1435 0 0
 123 1437 0 0
 124 1435 0 0
 125 1430 0 0
 126 1437 0 0
 127 1439 0 0
 128 1433 0 0
 129 1434 0 0
 130 1433 0 0
 131 1436 0 0
 132 1435 0 0
 133 1440 0 0
 134 1435 0 0
 135 1435 0 0
 136 1433 0 0
 137 1441 0 0
 138 1429 0 0
 139 1437 0 0
 140 1432 0 0
 141 1440 0 0
 142 1430 0 0
 143 1437 0 0
 144 1436 0 0
 145 1436 0 0
 146 1435 0 0
 147 1435 0 0
 148 1439 0 0
 149 1440 0 0
 150 1430 0 0
 151 1436 0 0
 152 1437 0 0
 153 1440 0 0
 154 1436 0 0
 155 1441 0 0
 156 1435 0 0
 157 1440 0 0
 158 1430 0 0
 159 1435 0 0
 160 1433 0 0
 161 1432 0 0
 162 1435 0 0
 163 1440 0 0
 164 1429 0 0
 165 1430 0 0
 166 1436 0 0
 167 1437 0 0
 168 1441 0 0
 169 1436 0 0
 170 1440 0 0
 171 1435 0 0
 172 1432 0 0
 173 1441 0 0
 174 1436 0 0
 175 1436 0 0
 176 1437 0 0
 177 1435 0 0
 178 1440 0 0
 179 1436 0 0
 180 1432 0 0
 181 1435 0 0
 182 1439 0 0
 183 1435 0 0
 184 1437 0 0
 185 1432 0 0
 186 1434 0 0
 187 1440 0 0
 188 1436 0 0
 189 1439 0 0
 190 1436 0 0
 191 1435 0 0
 192 1442 0 0
 193 1436 0 0
 194 1432 0 0
 195 1433 0 0
 196 1442 0 0
 197 1438 0 0
 198 1437 0 0
 199 1441 0 0
 200 1438 0 0
 201 1442 0 0
 202 1433 0 0
 203 1443 0 0
 204 1447 0 0
 205 1443 0 0
 206 1443 0 0
 207 1439 0 0
 208 1439 0 0
 209 1440 0 0
 210 1436 0 0
 211 1440 0 0
 212 1436 0 0
 213 1441 0 0
 214 1440 0 0
 215 1444 0 0
 216 1442 0 0
 217 1442 0 0
 218 1440 0 0
 219 1439 0 0
 220 1441 0 0
 221 1441 0 0
 222 1443 0 0
 223 1448 0 0
 224 1443 0 0
 225 1448 0 0
 226 1441 0 0
 227 1443 0 0
 228 1444 0 0
 229 1445 0 0
 230 1441 0 0
 231 1443 0 0
 232 1450 0 0
 233 1447 0 0
 234 1449 0 0
 235 1444 0 0
 236 1438 0 0
 237 1449 0 0
 238 1444 0 0
 239 1445 0 0
 240 1448 0 0
 241 1447 0 0
 242 1446 0 0
 243 1449 0 0
 244 1445 0 0
 245 1444 0 0
 246 1446 0 0
 247 1448 0 0
 248 1451 0 0
 249 1444 0 0
 250 1439 0 0
 251 1447 0 0
 252 1446 0 0
 253 1439 0 0
 254 1434 0 0
 255 1486 0 0
[END] of [DATA]
[END] of [Spectrum]


#TBID:2021-10-13 01:00:00;SAM_84DC;CALIBRATED;

[Spectrum]
Version            = 1
IDData             = 96B1_2021-10-13_01-00-00_000_180
IDDevice           = SAM_84DC
IDDataType         = SPECTRUM
IDDataTypeSub1     = CALIBRATED
IDDataTypeSub2     = 
IDDataTypeSub3     = 
DateTime           = 2021-10-13 01:00:00
PositionLatitude   = 0
PositionLongitude  = 0
Comment            = 
CommentSub1        = 
CommentSub2        = 
CommentSub3        = 
IDMethodType       = SAM Control
MethodName         = SAM_84DC
Mission            = No Mission
MissionSub         = 1
RecordType         = 0
[Attributes]
CalFactor = 1
IDBasisSpec = 
IDDataBack = DLAB_2015-08-21_13-19-54_137_939
IDDataCal = DLAB_2015-08-24_10-46-55_592_608
IntegrationTime = 4096
P31 = -1
P31e = 0
PathLength = +INF
PathLengthCustomOn = 0
RAWDynamic = 65535
Salinity = 0
Temperature = -NAN
Unit1 = $01 $01 Wavelength nm
Unit2 = $03 $03 Intensity mW/(m^2 nm Sr)
Unit3 = $f0 $03 Error mW/(m^2 nm Sr)
Unit4 = $f1 $00 Status 
p999 = 317
[END] of [Attributes]
[DATA]
 0 11 0 0
 305.71650776488 0 0 0
 309.04007505697 0 0 0
 312.36416914304 0 0 0
 315.68877841375 0 0 0
 319.01389125976 -0.000652829827031646 0 0
 322.33949607173 -0.000511695133045849 0 0
 325.66558124032 -0.000680467927814886 0 0
 328.99213515619 -0.00051411467895017 0 0
 332.31914621 -0.000485739636086995 0 0
 335.64660279241 -0.000479449584348182 0 0
 338.97449329408 -0.000453472972434709 0 0
 342.30280610567 -0.000354586717088906 0 0
 345.63152961784 -0.000292790198239511 0 0
 348.96065222125 -0.000478961552911225 0 0
 352.29016230656 -0.000227037124043288 0 0
 355.62004826443 -0.000281480078903783 0 0
 358.95029848552 -0.000291966882298461 0 0
 362.28090136049 -0.00031983179664052 0 0
 365.61184528 -0.000293748428517052 0 0
 368.94311863471 -0.000200419120023515 0 0
 372.27470981528 -0.00020784091715916 0 0
 375.60660721237 -0.000345021593964467 0 0
 378.93879921664 -0.000183866751141487 0 0
 382.27127421875 -0.000105248882255507 0 0
 385.60402060936 -0.000107240159820804 0 0
 388.93702677913 -0.00021659716661834 0 0
 392.27028111872 -0.000158266394833128 0 0
 395.60377201879 -0.000175459098868807 0 0
 398.93748787 -3.4728081738929e-005 0 0
 402.27141706301 4.11262504823287e-005 0 0
 405.60554798848 -0.000185254893384065 0 0
 408.93986903707 -0.000154023012544202 0 0
 412.27436859944 -3.52970709479957e-005 0 0
 415.60903506625 -0.000143524189237446 0 0
 418.94385682816 -4.67345930039578e-005 0 0
 422.27882227583 -0.000111562163608248 0 0
 425.61391979992 -7.10777125581463e-005 0 0
 428.94913779109 -0.000108892516575943 0 0
 432.28446464 -6.48669220650207e-005 0 0
 435.61988873731 -0.000108836229908289 0 0
 438.95539847368 -5.75218973359704e-005 0 0
 442.29098223977 -8.48263674400801e-005 0 0
 445.62662842624 -0.000111631472837521 0 0
 448.96232542375 -6.23402559852344e-005 0 0
 452.29806162296 -9.42484011515766e-005 0 0
 455.63382541453 -0.000167279536799524 0 0
 458.96960518912 -0.000203228112007287 0 0
 462.30538933739 -9.59317189221985e-005 0 0
 465.64116625 -0.000106311119179731 0 0
 468.97692431761 -6.11743251946588e-005 0 0
 472.31265193088 -0.000136732465019789 0 0
 475.64833748047 -0.000124317105526972 0 0
 478.98396935704 -5.26285271392871e-005 0 0
 482.31953595125 -0.000156320259147642 0 0
 485.65502565376 -3.48928409889589e-005 0 0
 488.99042685523 -0.000109892419863079 0 0
 492.32572794632 -0.000163472944313396 0 0
 495.66091731769 -0.000184319637124975 0 0
 498.99598336 -0.000139614853307485 0 0
 502.33091446391 -0.00019022201823588 0 0
 505.66569902008 -0.000160022058080773 0 0
 509.00032541917 -0.00010196114008736 0 0
 512.33478205184 -0.000165852684691522 0 0
 515.66905730875 -0.000129558314504037 0 0
 519.00313958056 -0.000130441511251028 0 0
 522.33701725793 -3.92345452664827e-005 0 0
 525.67067873152 -0.00015194032097507 0 0
 529.00411239199 -0.000112424608867673 0 0
 532.33730663 -8.16847206715331e-005 0 0
 535.67024983621 -0.000111269367878611 0 0
 539.00293040128 -0.000163697530300112 0 0
 542.33533671587 -0.00014007808337431 0 0
 545.66745717064 -0.000176455251876871 0 0
 548.99928015625 -0.000141201728297455 0 0
 552.33079406336 -8.25715660880943e-005 0 0
 555.66198728263 -0.000154502778507582 0 0
 558.99284820472 -0.000136520368935824 0 0
 562.32336522029 -7.46133188334922e-005 0 0
 565.65352672 -0.000142672962370868 0 0
 568.98332109451 -7.1190579858805e-005 0 0
 572.31273673448 -8.74641229556525e-005 0 0
 575.64176203057 -0.000108208370842051 0 0
 578.97038537344 -0.000140182313235156 0 0
 582.29859515375 -2.79461814275016e-005 0 0
 585.62637976216 -0.000192138209048698 0 0
 588.95372758933 -8.44143433244967e-005 0 0
 592.28062702592 -0.000191362849366802 0 0
 595.60706646259 -0.000132592524732264 0 0
 598.93303429 -0.000241066270640935 0 0
 602.25851889881 -0.000147937806492625 0 0
 605.58350867968 -0.000158859879883442 0 0
 608.90799202327 -0.000260312049382219 0 0
 612.23195732024 -0.00031065589147257 0 0
 615.55539296125 -0.000254620455534985 0 0
 618.87828733696 -0.0002737983359463 0 0
 622.20062883803 -0.000204093611099541 0 0
 625.52240585512 -0.000241981893858125 0 0
 628.84360677889 -0.000231772217640105 0 0
 632.16422 -0.0003184054153261 0 0
 635.48423390911 -0.000188049423893673 0 0
 638.80363689688 -0.00024106606646016 0 0
 642.12241735397 -0.000223979807680245 0 0
 645.44056367104 -0.000159574574353303 0 0
 648.75806423875 -0.000178564506416301 0 0
 652.07490744776 -0.000337176325857351 0 0
 655.39108168873 -0.000256872016890044 0 0
 658.70657535232 -0.000224902928742464 0 0
 662.02137682919 -0.000269040556517155 0 0
 665.33547451 -0.000209280405311433 0 0
 668.64885678541 -0.000240137438046997 0 0
 671.96151204608 -0.000204377943225752 0 0
 675.27342868267 -0.000183388759326837 0 0
 678.58459508584 -0.000153011973307026 0 0
 681.89499964625 -0.000243470434093222 0 0
 685.20463075456 -0.000313322039997726 0 0
 688.51347680143 -0.000203811518783909 0 0
 691.82152617752 -0.000140044343768992 0 0
 695.12876727349 -0.000235414136266677 0 0
 698.43518848 -0.000313723395920181 0 0
 701.74077818771 -0.00018665183009595 0 0
 705.04552478728 -0.000169989982435103 0 0
 708.34941666937 -0.000123826689580366 0 0
 711.65244222464 -0.000213617120612824 0 0
 714.95458984375 -0.00025625533650147 0 0
 718.25584791736 -0.000232327399764945 0 0
 721.55620483613 -0.000212376673251563 0 0
 724.85564899072 -0.00014545893319612 0 0
 728.15416877179 -0.000204057895157448 0 0
 731.45175257 -0.000168825441007817 0 0
 734.74838877601 -0.000343981050709832 0 0
 738.04406578048 -0.000135609298104371 0 0
 741.33877197407 -0.000237161109076534 0 0
 744.63249574744 -8.95519305070777e-005 0 0
 747.92522549125 -0.000162331036698699 0 0
 751.21694959616 -0.000246162146519528 0 0
 754.50765645283 -0.000129854009006619 0 0
 757.79733445192 -8.86578610634138e-005 0 0
 761.08597198409 -0.000253539514109021 0 0
 764.37355744 -0.000142509495403442 0 0
 767.66007921031 -0.000198000639050592 0 0
 770.94552568568 -0.000165259634837949 0 0
 774.22988525677 -0.000245621691724099 0 0
 777.51314631424 -0.000192492091604459 0 0
 780.79529724875 -0.000169358742317792 0 0
 784.07632645096 -5.51767266105844e-005 0 0
 787.35622231153 -0.000138545531126403 0 0
 790.63497322112 -0.000178984804218693 0 0
 793.91256757039 -0.000186962418052625 0 0
 797.18899375 -0.000111908584512887 0 0
 800.46424015061 -0.000286799464555986 0 0
 803.73829516288 -0.000288215819226833 0 0
 807.01114717747 -0.000201657059340534 0 0
 810.28278458504 -0.000241255642963529 0 0
 813.55319577625 -0.000319054351335274 0 0
 816.82236914176 -8.13489305998102e-005 0 0
 820.09029307223 -0.000145501039718558 0 0
 823.35695595832 -0.000291629264739794 0 0
 826.62234619069 -0.000510913607722334 0 0
 829.88645216 -0.000456804262766424 0 0
 833.14926225691 -0.000541534365831638 0 0
 836.41076487208 -0.000315351942723092 0 0
 839.67094839617 3.92449926222297e-006 0 0
 842.92980121984 4.59223943295278e-005 0 0
 846.18731173375 -0.00066588483276085 0 0
 849.44346832856 -0.000769207837911166 0 0
 852.69825939493 -0.000756613272602995 0 0
 855.95167332352 -0.00056349270160877 0 0
 859.20369850499 -0.000191736309120659 0 0
 862.45432333 -0.000574342060764825 0 0
 865.70353618921 -0.000241058656280462 0 0
 868.95132547328 -0.00101122092315949 0 0
 872.19767957287 -0.000245115399982288 0 0
 875.44258687864 -0.000403684935303181 0 0
 878.68603578125 -0.000632635063965073 0 0
 881.92801467136 -0.000383786346992979 0 0
 885.16851193963 -0.000625319795156754 0 0
 888.40751597672 -0.000483351657038052 0 0
 891.64501517329 -0.000309060933253268 0 0
 894.88099792 -0.000136043574506389 0 0
 898.11545260751 -0.000695862917050773 0 0
 901.34836762648 -0.000344919508750363 0 0
 904.57973136757 -0.000290808935268252 0 0
 907.80953222144 -0.000851827899989627 0 0
 911.03775857875 -0.000451828003926276 0 0
 914.26439883016 -0.00124244080401393 0 0
 917.48944136633 -0.00121825595553644 0 0
 920.71287457792 -0.000431937057489793 0 0
 923.93468685559 -0.000193329969867546 0 0
 927.15486659 0.000364427691038151 0 0
 930.37340217181 -0.000409550215582217 0 0
 933.59028199168 -0.00103386283009447 0 0
 936.80549444027 -0.00145556855105958 0 0
 940.01902790824 -0.00146574133121823 0 0
 943.23087078625 -0.00176946415564862 0 0
 946.44101146496 -0.000879728478666619 0 0
 949.64943833503 -0.00107957041183919 0 0
 952.85613978712 -0.00112358089383122 0 0
 956.06110421189 0 0 0
 959.26432 0 0 0
 962.46577554211 0 0 0
 965.66545922888 0 0 0
 968.86335945097 0 0 0
 972.05946459904 0 0 0
 975.25376306375 0 0 0
 978.44624323576 0 0 0
 981.63689350573 0 0 0
 984.82570226432 0 0 0
 988.01265790219 0 0 0
 991.19774881 0 0 0
 994.38096337841 0 0 0
 997.56228999808 0 0 0
 1000.74171705967 0 0 0
 1003.91923295384 0 0 0
 1007.09482607125 0 0 0
 1010.26848480256 0 0 0
 1013.44019753843 0 0 0
 1016.60995266952 0 0 0
 1019.77773858649 0 0 0
 1022.94354368 0 0 0
 1026.10735634071 0 0 0
 1029.26916495928 0 0 0
 1032.42895792637 0 0 0
 1035.58672363264 0 0 0
 1038.74245046875 0 0 0
 1041.89612682536 0 0 0
 1045.04774109313 0 0 0
 1048.19728166272 0 0 0
 1051.34473692479 0 0 0
 1054.49009527 0 0 0
 1057.63334508901 0 0 0
 1060.77447477248 0 0 0
 1063.91347271107 0 0 0
 1067.05032729544 0 0 0
 1070.18502691625 0 0 0
 1073.31755996416 0 0 0
 1076.44791482983 0 0 0
 1079.57607990392 0 0 0
 1082.70204357709 0 0 0
 1085.82579424 0 0 0
 1088.94732028331 0 0 0
 1092.06661009768 0 0 0
 1095.18365207377 0 0 0
 1098.29843460224 0 0 0
 1101.41094607375 0 0 0
 1104.52117487896 0 0 0
 1107.62910940853 0 0 0
 1110.73473805312 0 0 0
 1113.83804920339 0 0 0
 1116.93903125 0 0 0
 1120.03767258361 0 0 0
 1123.13396159488 0 0 0
 1126.22788667447 0 0 0
 1129.31943621304 0 0 0
 1132.40859860125 0 0 0
 1135.49536222976 0 0 0
[END] of [DATA]
[END] of [Spectrum]


#TBID:2021-10-13 01:00:00;SAM_84C8;RAW;

[Spectrum]
Version            = 1
IDData             = 96B1_2021-10-13_01-00-00_000_182
IDDevice           = SAM_84C8
IDDataType         = SPECTRUM
IDDataTypeSub1     = RAW
IDDataTypeSub2     = 
IDDataTypeSub3     = 
DateTime           = 2021-10-13 01:00:00
PositionLatitude   = 0
PositionLongitude  = 0
Comment            = 
CommentSub1        = 
CommentSub2        = 
CommentSub3        = 
IDMethodType       = SAM Control
MethodName         = SAM_84C8
Mission            = No Mission
MissionSub         = 1
RecordType         = 0
[Attributes]
CalFactor = 1
IDBasisSpec = 
IDDataBack = DLAB_2015-08-21_12-14-03_013_778
IDDataCal = DLAB_2015-08-24_11-04-47_772_747
IntegrationTime = 4096
P31 = -1
P31e = 0
PathLength = +INF
PathLengthCustomOn = 0
RAWDynamic = 65535
Salinity = 0
Temperature = -NAN
Unit1 = $05 $00 Pixel 
Unit2 = $03 $05 Intensity counts
Unit3 = $f0 $05 Error counts
Unit4 = $f1 $00 Status 
p999 = 317
[END] of [Attributes]
[DATA]
 0 11 0 0
 1 1314 0 0
 2 1298 0 0
 3 1300 0 0
 4 1308 0 0
 5 1303 0 0
 6 1307 0 0
 7 1305 0 0
 8 1307 0 0
 9 1310 0 0
 10 1306 0 0
 11 1310 0 0
 12 1309 0 0
 13 1309 0 0
 14 1309 0 0
 15 1308 0 0
 16 1313 0 0
 17 1316 0 0
 18 1311 0 0
 19 1319 0 0
 20 1317 0 0
 21 1322 0 0
 22 1324 0 0
 23 1323 0 0
 24 1323 0 0
 25 1324 0 0
 26 1322 0 0
 27 1325 0 0
 28 1325 0 0
 29 1326 0 0
 30 1328 0 0
 31 1328 0 0
 32 1332 0 0
 33 1327 0 0
 34 1324 0 0
 35 1324 0 0
 36 1330 0 0
 37 1333 0 0
 38 1330 0 0
 39 1322 0 0
 40 1327 0 0
 41 1326 0 0
 42 1323 0 0
 43 1330 0 0
 44 1328 0 0
 45 1332 0 0
 46 1328 0 0
 47 1328 0 0
 48 1329 0 0
 49 1334 0 0
 50 1324 0 0
 51 1328 0 0
 52 1330 0 0
 53 1330 0 0
 54 1322 0 0
 55 1328 0 0
 56 1330 0 0
 57 1338 0 0
 58 1336 0 0
 59 1327 0 0
 60 1328 0 0
 61 1328 0 0
 62 1342 0 0
 63 1336 0 0
 64 1329 0 0
 65 1329 0 0
 66 1332 0 0
 67 1331 0 0
 68 1335 0 0
 69 1334 0 0
 70 1333 0 0
 71 1334 0 0
 72 1337 0 0
 73 1332 0 0
 74 1340 0 0
 75 1334 0 0
 76 1331 0 0
 77 1336 0 0
 78 1336 0 0
 79 1337 0 0
 80 1339 0 0
 81 1338 0 0
 82 1339 0 0
 83 1342 0 0
 84 1338 0 0
 85 1333 0 0
 86 1333 0 0
 87 1341 0 0
 88 1339 0 0
 89 1336 0 0
 90 1338 0 0
 91 1341 0 0
 92 1338 0 0
 93 1335 0 0
 94 1339 0 0
 95 1336 0 0
 96 1338 0 0
 97 1340 0 0
 98 1337 0 0
 99 1336 0 0
 100 1340 0 0
 101 1353 0 0
 102 1338 0 0
 103 1339 0 0
 104 1339 0 0
 105 1346 0 0
 106 1335 0 0
 107 1342 0 0
 108 1336 0 0
 109 1339 0 0
 110 1346 0 0
 111 1349 0 0
 112 1341 0 0
 113 1340 0 0
 114 1337 0 0
 115 1341 0 0
 116 1346 0 0
 117 1340 0 0
 118 1340 0 0
 119 1346 0 0
 120 1338 0 0
 121 1340 0 0
 122 1336 0 0
 123 1339 0 0
 124 1338 0 0
 125 1340 0 0
 126 1337 0 0
 127 1344 0 0
 128 1339 0 0
 129 1339 0 0
 130 1345 0 0
 131 1346 0 0
 132 1342 0 0
 133 1375 0 0
 134 1345 0 0
 135 1339 0 0
 136 1343 0 0
 137 1345 0 0
 138 1339 0 0
 139 1342 0 0
 140 1342 0 0
 141 1342 0 0
 142 1344 0 0
 143 1340 0 0
 144 1340 0 0
 145 1348 0 0
 146 1345 0 0
 147 1343 0 0
 148 1341 0 0
 149 1342 0 0
 150 1344 0 0
 151 1340 0 0
 152 1343 0 0
 153 1338 0 0
 154 1339 0 0
 155 1342 0 0
 156 1339 0 0
 157 1347 0 0
 158 1344 0 0
 159 1344 0 0
 160 1341 0 0
 161 1342 0 0
 162 1345 0 0
 163 1339 0 0
 164 1336 0 0
 165 1346 0 0
 166 1344 0 0
 167 1348 0 0
 168 1345 0 0
 169 1347 0 0
 170 1340 0 0
 171 1341 0 0
 172 1340 0 0
 173 1337 0 0
 174 1342 0 0
 175 1348 0 0
 176 1342 0 0
 177 1343 0 0
 178 1343 0 0
 179 1343 0 0
 180 1343 0 0
 181 1345 0 0
 182 1346 0 0
 183 1345 0 0
 184 1342 0 0
 185 1344 0 0
 186 1338 0 0
 187 1349 0 0
 188 1343 0 0
 189 1346 0 0
 190 1345 0 0
 191 1347 0 0
 192 1347 0 0
 193 1338 0 0
 194 1345 0 0
 195 1345 0 0
 196 1335 0 0
 197 1344 0 0
 198 1343 0 0
 199 1341 0 0
 200 1344 0 0
 201 1342 0 0
 202 1343 0 0
 203 1345 0 0
 204 1347 0 0
 205 1343 0 0
 206 1341 0 0
 207 1346 0 0
 208 1344 0 0
 209 1337 0 0
 210 1340 0 0
 211 1339 0 0
 212 1340 0 0
 213 1345 0 0
 214 1345 0 0
 215 1348 0 0
 216 1345 0 0
 217 1347 0 0
 218 1343 0 0
 219 1344 0 0
 220 1344 0 0
 221 1342 0 0
 222 1348 0 0
 223 1342 0 0
 224 1342 0 0
 225 1349 0 0
 226 1348 0 0
 227 1349 0 0
 228 1338 0 0
 229 1347 0 0
 230 1340 0 0
 231 1344 0 0
 232 1344 0 0
 233 1343 0 0
 234 1344 0 0
 235 1345 0 0
 236 1349 0 0
 237 1344 0 0
 238 1343 0 0
 239 1346 0 0
 240 1342 0 0
 241 1349 0 0
 242 1343 0 0
 243 1346 0 0
 244 1342 0 0
 245 1340 0 0
 246 1337 0 0
 247 1342 0 0
 248 1341 0 0
 249 1339 0 0
 250 1332 0 0
 251 1331 0 0
 252 1333 0 0
 253 1323 0 0
 254 1320 0 0
 255 1362 0 0
[END] of [DATA]
[END] of [Spectrum]


#TBID:2021-10-13 01:00:00;SAM_84C8;CALIBRATED;

[Spectrum]
Version            = 1
IDData             = 96B1_2021-10-13_01-00-00_000_183
IDDevice           = SAM_84C8
IDDataType         = SPECTRUM
IDDataTypeSub1     = CALIBRATED
IDDataTypeSub2     = 
IDDataTypeSub3     = 
DateTime           = 2021-10-13 01:00:00
PositionLatitude   = 0
PositionLongitude  = 0
Comment            = 
CommentSub1        = 
CommentSub2        = 
CommentSub3        = 
IDMethodType       = SAM Control
MethodName         = SAM_84C8
Mission            = No Mission
MissionSub         = 1
RecordType         = 0
[Attributes]
CalFactor = 1
IDBasisSpec = 
IDDataBack = DLAB_2015-08-21_12-14-03_013_778
IDDataCal = DLAB_2015-08-24_11-04-47_772_747
IntegrationTime = 4096
P31 = -1
P31e = 0
PathLength = +INF
PathLengthCustomOn = 0
RAWDynamic = 65535
Salinity = 0
Temperature = -NAN
Unit1 = $01 $01 Wavelength nm
Unit2 = $03 $03 Intensity mW/(m^2 nm Sr)
Unit3 = $f0 $03 Error mW/(m^2 nm Sr)
Unit4 = $f1 $00 Status 
p999 = 317
[END] of [Attributes]
[DATA]
 0 11 0 0
 303.516048156 0 0 0
 306.890006053 0 0 0
 310.26457112 0 0 0
 313.639731825 0 0 0
 317.015476636 -0.00131244382843999 0 0
 320.391794021 -0.0011194090313683 0 0
 323.768672448 -0.000956445667671998 0 0
 327.146100385 -0.000752344561338277 0 0
 330.5240663 -0.000670315419376531 0 0
 333.902558661 -0.000563867160416466 0 0
 337.281565936 -0.000700758110978653 0 0
 340.661076593 -0.00078626619719057 0 0
 344.0410791 -0.000508278649202766 0 0
 347.421561925 -0.000473189221453954 0 0
 350.802513536 -0.000525857376124521 0 0
 354.183922401 -0.000387665625488685 0 0
 357.565776988 -0.000349094271744053 0 0
 360.948065765 -0.000395345145650179 0 0
 364.3307772 -0.000249844382605406 0 0
 367.713899761 -0.00022058695914568 0 0
 371.097421916 -0.000180513681889487 0 0
 374.481332133 -0.000180106881994304 0 0
 377.86561888 -0.000214687614600415 0 0
 381.250270625 -0.000255274869763849 0 0
 384.635275836 -0.000170684644187314 0 0
 388.020622981 -6.17748753320716e-005 0 0
 391.406300528 -0.000100645967277235 0 0
 394.792296945 -0.000177976351477651 0 0
 398.1786007 -0.000107502671955595 0 0
 401.565200261 -0.00013655214388919 0 0
 404.952084096 -7.62818438765365e-005 0 0
 408.339240673 -2.11146063832094e-006 0 0
 411.72665846 -1.37219986471925e-005 0 0
 415.114325925 -6.95531384376849e-005 0 0
 418.502231536 -4.09061260635626e-005 0 0
 421.890363761 -3.2355670142734e-005 0 0
 425.278711068 -0.000137948313088126 0 0
 428.667261925 -4.01597107689244e-005 0 0
 432.0560048 -4.70679069249768e-005 0 0
 435.444928161 -1.97186211161365e-005 0 0
 438.834020476 -7.18524341971512e-005 0 0
 442.223270213 -6.78244020494917e-005 0 0
 445.61266584 -3.07983815424918e-005 0 0
 449.002195825 5.06117393013353e-006 0 0
 452.391848636 -5.19136812537801e-005 0 0
 455.781612741 -5.33149748834023e-005 0 0
 459.171476608 -3.2503588031743e-005 0 0
 462.561428705 -6.41158811889307e-005 0 0
 465.9514575 -4.89737557999932e-005 0 0
 469.341551461 -6.3144131981968e-005 0 0
 472.731699056 -9.09826004749004e-005 0 0
 476.121888753 -5.75209967224874e-005 0 0
 479.51210902 -2.40342679345438e-005 0 0
 482.902348325 7.434233142825e-006 0 0
 486.292595136 -6.27470077258549e-005 0 0
 489.682837921 -6.08445273565534e-005 0 0
 493.073065148 -3.20452916315702e-006 0 0
 496.463265285 6.4504826230183e-005 0 0
 499.8534268 1.08809804481449e-005 0 0
 503.243538161 -1.50058297183955e-005 0 0
 506.633587836 -6.01000401791418e-005 0 0
 510.023564293 -2.91398840507949e-005 0 0
 513.413456 -9.04190359300961e-006 0 0
 516.803251425 3.6809928686514e-005 0 0
 520.192939036 -1.10982490240044e-005 0 0
 523.582507301 -5.12264977077628e-005 0 0
 526.971944688 -3.16237306325193e-005 0 0
 530.361239665 -3.62754390128034e-005 0 0
 533.7503807 3.17660761562643e-005 0 0
 537.139356261 -6.05821466346989e-005 0 0
 540.528154816 -5.39256592898478e-006 0 0
 543.916764833 -3.51776276266288e-005 0 0
 547.30517478 -2.00680523143848e-005 0 0
 550.693373125 8.30657677277526e-005 0 0
 554.081348336 -1.41044749394493e-005 0 0
 557.469088881 -4.33780917074296e-005 0 0
 560.856583228 1.20009169190455e-005 0 0
 564.243819845 1.21118275540651e-005 0 0
 567.6307872 1.41159820520197e-005 0 0
 571.017473761 4.41483465460051e-005 0 0
 574.403867996 6.45877485020797e-005 0 0
 577.789958373 -1.78559321944908e-005 0 0
 581.17573336 5.5511371668627e-005 0 0
 584.561181425 -1.70079920434624e-005 0 0
 587.946291036 5.1379264182135e-006 0 0
 591.331050661 -1.01602250380663e-005 0 0
 594.715448768 4.44296742500052e-005 0 0
 598.099473825 6.99297169925625e-005 0 0
 601.4831143 4.95902297044055e-005 0 0
 604.866358661 -5.52629830915305e-005 0 0
 608.249195376 4.41173305237647e-005 0 0
 611.631612913 4.61733115348662e-006 0 0
 615.01359974 5.14172559769254e-005 0 0
 618.395144325 -4.45142125235092e-005 0 0
 621.776235136 8.97576494939514e-006 0 0
 625.156860641 -5.28540350882017e-005 0 0
 628.537009308 6.96674250468648e-005 0 0
 631.916669605 4.04801296517075e-005 0 0
 635.29583 5.23825329053761e-005 0 0
 638.674478961 -5.37108062630506e-005 0 0
 642.052604956 0.000116867252929129 0 0
 645.430196453 -3.64511945945356e-005 0 0
 648.80724192 7.7234148584439e-005 0 0
 652.183729825 6.73227565713125e-005 0 0
 655.559648636 5.55039998843615e-005 0 0
 658.934986821 2.11549071492678e-005 0 0
 662.309732848 0.000118462243276843 0 0
 665.683875185 9.87180608347949e-005 0 0
 669.0574023 0.000117960942876386 0 0
 672.430302661 5.29260854713905e-005 0 0
 675.802564736 -2.86643335902261e-005 0 0
 679.174176993 4.26295724106079e-005 0 0
 682.5451279 2.25699248291959e-005 0 0
 685.915405925 -1.37472611743009e-005 0 0
 689.284999536 -6.16662716454216e-005 0 0
 692.653897201 -8.40112120644942e-006 0 0
 696.022087388 9.67327966629797e-005 0 0
 699.389558565 0.000118941847293871 0 0
 702.7562992 6.25676605999048e-005 0 0
 706.122297761 0.000143836497073581 0 0
 709.487542716 4.93133804106409e-005 0 0
 712.852022533 9.66207411207273e-005 0 0
 716.21572568 0.000108195166729738 0 0
 719.578640625 0.000112533023319554 0 0
 722.940755836 4.9773678975854e-005 0 0
 726.302059781 -1.92044004301376e-005 0 0
 729.662540928 -7.02447977004579e-005 0 0
 733.022187745 0.000102194574677 0 0
 736.3809887 -2.09590644895285e-005 0 0
 739.738932261 0.000282384306000911 0 0
 743.096006896 0.000134303657367173 0 0
 746.452201073 6.90601856667684e-005 0 0
 749.80750326 -0.000587800671225509 0 0
 753.161901925 7.13460078462709e-005 0 0
 756.515385536 5.14803952200225e-005 0 0
 759.867942561 0.000143051573815867 0 0
 763.219561468 0.000115736142899935 0 0
 766.570230725 0.000109681134544814 0 0
 769.9199388 -5.74678333150796e-005 0 0
 773.268674161 0.000100185417409656 0 0
 776.616425276 0.000190684862542204 0 0
 779.963180613 8.91672952193829e-005 0 0
 783.30892864 6.38311457739283e-005 0 0
 786.653657825 -0.000158660251475984 0 0
 789.997356636 0.000210503613906034 0 0
 793.340013541 0.00012093883354224 0 0
 796.681617008 0.000261254058616215 0 0
 800.022155505 -9.48159304595066e-007 0 0
 803.3616175 0.000221857920463499 0 0
 806.699991461 0.000244477650336813 0 0
 810.037265856 4.24695285876528e-005 0 0
 813.373429153 2.4632564419095e-007 0 0
 816.70846982 3.6423898750336e-005 0 0
 820.042376325 0.000190250264447692 0 0
 823.375137136 0.000426189584835038 0 0
 826.706740721 -1.043796026924e-005 0 0
 830.037175548 0.000273990144106133 0 0
 833.366430085 0.000219512965203399 0 0
 836.6944928 0.00042034721055688 0 0
 840.021352161 -1.45013928216751e-005 0 0
 843.346996636 0.000280419356600982 0 0
 846.671414693 0.000289018333105037 0 0
 849.9945948 6.62711591382395e-005 0 0
 853.316525425 0.000263703742652414 0 0
 856.637195036 0.000268802775261669 0 0
 859.956592101 0.000313723787038958 0 0
 863.274705088 0.000359801180873531 0 0
 866.591522465 0.000339716034735554 0 0
 869.9070327 0.000853101383052595 0 0
 873.221224261 -0.000134225448942571 0 0
 876.534085616 0.000382196084277817 0 0
 879.845605233 1.74919171308218e-005 0 0
 883.15577158 0.000859775335159474 0 0
 886.464573125 0.000778856917899882 0 0
 889.771998336 0.000307906523850861 0 0
 893.078035681 0.000648486378342188 0 0
 896.382673628 0.000635219108947028 0 0
 899.685900645 0.00101218458457274 0 0
 902.9877052 0.000420122795599526 0 0
 906.288075761 8.18398274411274e-005 0 0
 909.587000796 0.000613202476592112 0 0
 912.884468773 0.000808928848357539 0 0
 916.18046816 0.000829103279950858 0 0
 919.474987425 0.0012854739649485 0 0
 922.768015036 0.000650466751013289 0 0
 926.059539461 0.000400754489375163 0 0
 929.349549168 0.000744253441503484 0 0
 932.638032625 0.00111830088455798 0 0
 935.9249783 0.00168488436177096 0 0
 939.210374661 0.00287424182932412 0 0
 942.494210176 0.00188279574905589 0 0
 945.776473313 0.000997419326662555 0 0
 949.05715254 0.00187196380164524 0 0
 952.336236325 0.00105581286294025 0 0
 955.613713136 0 0 0
 958.889571441 0 0 0
 962.163799708 0 0 0
 965.436386405 0 0 0
 968.70732 0 0 0
 971.976588961 0 0 0
 975.244181756 0 0 0
 978.510086853 0 0 0
 981.77429272 0 0 0
 985.036787825 0 0 0
 988.297560636 0 0 0
 991.556599621 0 0 0
 994.813893248 0 0 0
 998.069429985 0 0 0
 1001.3231983 0 0 0
 1004.575186661 0 0 0
 1007.825383536 0 0 0
 1011.073777393 0 0 0
 1014.3203567 0 0 0
 1017.565109925 0 0 0
 1020.808025536 0 0 0
 1024.049092001 0 0 0
 1027.288297788 0 0 0
 1030.525631365 0 0 0
 1033.7610812 0 0 0
 1036.994635761 0 0 0
 1040.226283516 0 0 0
 1043.456012933 0 0 0
 1046.68381248 0 0 0
 1049.909670625 0 0 0
 1053.133575836 0 0 0
 1056.355516581 0 0 0
 1059.575481328 0 0 0
 1062.793458545 0 0 0
 1066.0094367 0 0 0
 1069.223404261 0 0 0
 1072.435349696 0 0 0
 1075.645261473 0 0 0
 1078.85312806 0 0 0
 1082.058937925 0 0 0
 1085.262679536 0 0 0
 1088.464341361 0 0 0
 1091.663911868 0 0 0
 1094.861379525 0 0 0
 1098.0567328 0 0 0
 1101.249960161 0 0 0
 1104.441050076 0 0 0
 1107.629991013 0 0 0
 1110.81677144 0 0 0
 1114.001379825 0 0 0
 1117.183804636 0 0 0
 1120.364034341 0 0 0
 1123.542057408 0 0 0
 1126.717862305 0 0 0
 1129.8914375 0 0 0
 1133.062771461 0 0 0
 1136.231852656 0 0 0
 1139.398669553 0 0 0
 1142.56321062 0 0 0
 1145.725464325 0 0 0
 1148.885419136 0 0 0
[END] of [DATA]
[END] of [Spectrum]


#TBID:2021-10-13 01:00:00;SAM_84CE;RAW;

[Spectrum]
Version            = 1
IDData             = 96B1_2021-10-13_01-00-00_000_185
IDDevice           = SAM_84CE
IDDataType         = SPECTRUM
IDDataTypeSub1     = RAW
IDDataTypeSub2     = 
IDDataTypeSub3     = 
DateTime           = 2021-10-13 01:00:00
PositionLatitude   = 0
PositionLongitude  = 0
Comment            = 
CommentSub1        = 
CommentSub2        = 
CommentSub3        = 
IDMethodType       = SAM Control
MethodName         = SAM_84CE
Mission            = No Mission
MissionSub         = 1
RecordType         = 0
[Attributes]
CalFactor = 1
IDBasisSpec = 
IDDataBack = DLAB_2015-08-21_11-56-43_233_004
IDDataCal = DLAB_2015-08-26_10-05-37_585_478
IntegrationTime = 4096
P31 = -1
P31e = 0
PathLength = +INF
PathLengthCustomOn = 0
RAWDynamic = 65535
Salinity = 0
Temperature = -NAN
Unit1 = $05 $00 Pixel 
Unit2 = $03 $05 Intensity counts
Unit3 = $f0 $05 Error counts
Unit4 = $f1 $00 Status 
p999 = 317
[END] of [Attributes]
[DATA]
 0 11 0 0
 1 1289 0 0
 2 1283 0 0
 3 1292 0 0
 4 1300 0 0
 5 1301 0 0
 6 1302 0 0
 7 1297 0 0
 8 1301 0 0
 9 1308 0 0
 10 1305 0 0
 11 1303 0 0
 12 1307 0 0
 13 1310 0 0
 14 1314 0 0
 15 1301 0 0
 16 1302 0 0
 17 1305 0 0
 18 1308 0 0
 19 1301 0 0
 20 1303 0 0
 21 1313 0 0
 22 1310 0 0
 23 1321 0 0
 24 1312 0 0
 25 1313 0 0
 26 1315 0 0
 27 1318 0 0
 28 1309 0 0
 29 1315 0 0
 30 1318 0 0
 31 1319 0 0
 32 1316 0 0
 33 1313 0 0
 34 1310 0 0
 35 1315 0 0
 36 1318 0 0
 37 1310 0 0
 38 1314 0 0
 39 1313 0 0
 40 1324 0 0
 41 1310 0 0
 42 1315 0 0
 43 1318 0 0
 44 1308 0 0
 45 1315 0 0
 46 1316 0 0
 47 1314 0 0
 48 1315 0 0
 49 1313 0 0
 50 1314 0 0
 51 1309 0 0
 52 1308 0 0
 53 1316 0 0
 54 1315 0 0
 55 1312 0 0
 56 1312 0 0
 57 1307 0 0
 58 1315 0 0
 59 1310 0 0
 60 1306 0 0
 61 1309 0 0
 62 1318 0 0
 63 1318 0 0
 64 1312 0 0
 65 1309 0 0
 66 1319 0 0
 67 1316 0 0
 68 1312 0 0
 69 1309 0 0
 70 1306 0 0
 71 1310 0 0
 72 1318 0 0
 73 1312 0 0
 74 1308 0 0
 75 1313 0 0
 76 1320 0 0
 77 1311 0 0
 78 1312 0 0
 79 1310 0 0
 80 1317 0 0
 81 1319 0 0
 82 1313 0 0
 83 1313 0 0
 84 1310 0 0
 85 1311 0 0
 86 1315 0 0
 87 1314 0 0
 88 1313 0 0
 89 1312 0 0
 90 1317 0 0
 91 1312 0 0
 92 1310 0 0
 93 1316 0 0
 94 1306 0 0
 95 1306 0 0
 96 1302 0 0
 97 1311 0 0
 98 1316 0 0
 99 1318 0 0
 100 1317 0 0
 101 1315 0 0
 102 1312 0 0
 103 1316 0 0
 104 1310 0 0
 105 1321 0 0
 106 1316 0 0
 107 1313 0 0
 108 1315 0 0
 109 1318 0 0
 110 1312 0 0
 111 1312 0 0
 112 1315 0 0
 113 1316 0 0
 114 1318 0 0
 115 1318 0 0
 116 1312 0 0
 117 1314 0 0
 118 1311 0 0
 119 1319 0 0
 120 1315 0 0
 121 1317 0 0
 122 1315 0 0
 123 1312 0 0
 124 1315 0 0
 125 1313 0 0
 126 1313 0 0
 127 1311 0 0
 128 1313 0 0
 129 1318 0 0
 130 1313 0 0
 131 1318 0 0
 132 1312 0 0
 133 1312 0 0
 134 1317 0 0
 135 1319 0 0
 136 1318 0 0
 137 1318 0 0
 138 1312 0 0
 139 1316 0 0
 140 1308 0 0
 141 1312 0 0
 142 1312 0 0
 143 1309 0 0
 144 1316 0 0
 145 1326 0 0
 146 1319 0 0
 147 1311 0 0
 148 1318 0 0
 149 1313 0 0
 150 1311 0 0
 151 1313 0 0
 152 1311 0 0
 153 1321 0 0
 154 1315 0 0
 155 1318 0 0
 156 1311 0 0
 157 1315 0 0
 158 1312 0 0
 159 1314 0 0
 160 1312 0 0
 161 1319 0 0
 162 1320 0 0
 163 1313 0 0
 164 1317 0 0
 165 1314 0 0
 166 1313 0 0
 167 1315 0 0
 168 1313 0 0
 169 1313 0 0
 170 1318 0 0
 171 1319 0 0
 172 1318 0 0
 173 1312 0 0
 174 1316 0 0
 175 1316 0 0
 176 1321 0 0
 177 1317 0 0
 178 1316 0 0
 179 1316 0 0
 180 1323 0 0
 181 1314 0 0
 182 1315 0 0
 183 1314 0 0
 184 1308 0 0
 185 1319 0 0
 186 1317 0 0
 187 1314 0 0
 188 1310 0 0
 189 1313 0 0
 190 1319 0 0
 191 1313 0 0
 192 1319 0 0
 193 1315 0 0
 194 1315 0 0
 195 1318 0 0
 196 1316 0 0
 197 1314 0 0
 198 1323 0 0
 199 1314 0 0
 200 1314 0 0
 201 1317 0 0
 202 1314 0 0
 203 1317 0 0
 204 1315 0 0
 205 1315 0 0
 206 1320 0 0
 207 1319 0 0
 208 1316 0 0
 209 1313 0 0
 210 1312 0 0
 211 1314 0 0
 212 1313 0 0
 213 1319 0 0
 214 1316 0 0
 215 1320 0 0
 216 1320 0 0
 217 1312 0 0
 218 1314 0 0
 219 1314 0 0
 220 1315 0 0
 221 1316 0 0
 222 1318 0 0
 223 1320 0 0
 224 1315 0 0
 225 1316 0 0
 226 1317 0 0
 227 1318 0 0
 228 1313 0 0
 229 1320 0 0
 230 1320 0 0
 231 1316 0 0
 232 1318 0 0
 233 1322 0 0
 234 1319 0 0
 235 1321 0 0
 236 1316 0 0
 237 1313 0 0
 238 1321 0 0
 239 1317 0 0
 240 1316 0 0
 241 1325 0 0
 242 1318 0 0
 243 1321 0 0
 244 1318 0 0
 245 1319 0 0
 246 1314 0 0
 247 1318 0 0
 248 1308 0 0
 249 1316 0 0
 250 1310 0 0
 251 1313 0 0
 252 1310 0 0
 253 1305 0 0
 254 1298 0 0
 255 1355 0 0
[END] of [DATA]
[END] of [Spectrum]


#TBID:2021-10-13 01:00:00;SAM_84CE;CALIBRATED;

[Spectrum]
Version            = 1
IDData             = 96B1_2021-10-13_01-00-00_000_186
IDDevice           = SAM_84CE
IDDataType         = SPECTRUM
IDDataTypeSub1     = CALIBRATED
IDDataTypeSub2     = 
IDDataTypeSub3     = 
DateTime           = 2021-10-13 01:00:00
PositionLatitude   = 0
PositionLongitude  = 0
Comment            = 
CommentSub1        = 
CommentSub2        = 
CommentSub3        = 
IDMethodType       = SAM Control
MethodName         = SAM_84CE
Mission            = No Mission
MissionSub         = 1
RecordType         = 0
[Attributes]
CalFactor = 1
IDBasisSpec = 
IDDataBack = DLAB_2015-08-21_11-56-43_233_004
IDDataCal = DLAB_2015-08-26_10-05-37_585_478
IntegrationTime = 4096
P31 = -1
P31e = 0
PathLength = +INF
PathLengthCustomOn = 0
RAWDynamic = 65535
Salinity = 0
Temperature = -NAN
Unit1 = $01 $01 Wavelength nm
Unit2 = $03 $06 Intensity mW/(m^2 nm)
Unit3 = $f0 $06 Error mW/(m^2 nm)
Unit4 = $f1 $00 Status 
p999 = 317
[END] of [Attributes]
[DATA]
 0 11 0 0
 303.485180022 0 0 0
 306.85638880275 0 0 0
 310.228324544 0 0 0
 313.60097308125 0 0 0
 316.97432025 -0.00182286580830728 0 0
 320.34835188575 0.00147838217527982 0 0
 323.723053824 0.000265239940014314 0 0
 327.09841190025 0.00108927465438822 0 0
 330.47441195 0.00100273229941834 0 0
 333.85103980875 0.000896281653491397 0 0
 337.228281312 -0.000672202478064257 0 0
 340.60612229525 0.000559196586070537 0 0
 343.984548594 0.00141906745453471 0 0
 347.36354604375 0.00093102472370131 0 0
 350.74310048 -0.000224710377659553 0 0
 354.12319773825 -0.000391585617902734 0 0
 357.503823654 0.00109906879999345 0 0
 360.88496406275 0.000735510486430663 0 0
 364.2666048 0.000565158247213901 0 0
 367.64873170125 -0.00100020285414419 0 0
 371.031330602 0.00143975953669764 0 0
 374.41438733775 0.00134191341074555 0 0
 377.797887744 0.000917323485047743 0 0
 381.18181765625 0.000986077961926967 0 0
 384.56616291 0.00115341386329184 0 0
 387.95090934075 0.000595942978912963 0 0
 391.336042784 0.000898929281274262 0 0
 394.72154907525 0.00149100215123537 0 0
 398.10741405 0.00214196877267308 0 0
 401.49362354375 0.00250945138623977 0 0
 404.880163392 0.00109348632493114 0 0
 408.26701943025 0.00115380202162436 0 0
 411.654177494 0.00115709722357717 0 0
 415.04162341875 0.00105196735142827 0 0
 418.42934304 0.00202067168395963 0 0
 421.81732219325 0.00110035359242006 0 0
 425.205546714 0.00128524175689548 0 0
 428.59400243775 0.000418229884925592 0 0
 431.9826752 0.000715686030869856 0 0
 435.37155083625 0.00183617545583002 0 0
 438.760615182 0.000470708637992831 0 0
 442.14985407275 0.000758376865785911 0 0
 445.539253344 0.00117375540247128 0 0
 448.92879883125 0.000772924264220365 0 0
 452.31847637 0.00161022027977503 0 0
 455.70827179575 0.000513076551139101 0 0
 459.098170944 -9.1076763584911e-005 0 0
 462.48815965025 0.00082411085508961 0 0
 465.87822375 0.000631707384833267 0 0
 469.26834907875 0.000503010979656075 0 0
 472.658521472 0.000749067661511105 0 0
 476.04872676525 0.000662646394635813 0 0
 479.438950794 0.000831873070706453 0 0
 482.82917939375 0.000330413833848033 0 0
 486.2193984 0.0010159191460334 0 0
 489.60959364825 0.00109725007878372 0 0
 492.999750974 0.000333414627583552 0 0
 496.38985621275 0.000777940343870313 0 0
 499.7798952 0.000517965196131893 0 0
 503.16985377125 0.000559828097414773 0 0
 506.559717762 0.000334370794540279 0 0
 509.94947300775 0.000510275650946412 0 0
 513.339105344 0.00101769528190161 0 0
 516.72860060625 0.000400825606591387 0 0
 520.11794463 0.000425880712523753 0 0
 523.50712325075 0.000500568551478305 0 0
 526.896122304 0.000913858262966444 0 0
 530.28492762525 0.000210034919690095 0 0
 533.67352505 0.000812429880771623 0 0
 537.06190041375 0.00116317225933295 0 0
 540.450039552 0.000751108301770529 0 0
 543.83792830025 0.00111642095159898 0 0
 547.225552494 0.000245390718168321 0 0
 550.61289796875 0.00024145471069358 0 0
 553.99995056 0.000560576493889205 0 0
 557.38669610325 0.000441387663418091 0 0
 560.773120434 0.000514093408186347 0 0
 564.15920938775 0.00100361887369986 0 0
 567.5449488 8.38660429959225e-006 0 0
 570.93032450625 0.000645262801707197 0 0
 574.315322342 0.000795134560568836 0 0
 577.69992814275 0.000718646179725071 0 0
 581.084127744 0.00101259108257943 0 0
 584.46790698125 0.000531725231113507 0 0
 587.85125169 0.000545809305204066 0 0
 591.23414770575 0.000848571544976644 0 0
 594.616580864 0.000555157064396238 0 0
 597.99853700025 0.000772919379273429 0 0
 601.38000195 0.000608485974612889 0 0
 604.76096154875 0.000254629752286401 0 0
 608.141401632 -0.000253637568116763 0 0
 611.52130803525 -0.000297814140441824 0 0
 614.900666594 -0.000188231458539059 0 0
 618.27946314375 -0.000514350674778717 0 0
 621.65768352 1.04701641173424e-005 0 0
 625.03531355825 -0.000637644847498279 0 0
 628.412339094 -0.000339476070213806 0 0
 631.78874596275 -0.000154727801137891 0 0
 635.16452 0.00045813335930979 0 0
 638.53964704125 0.000469737205714416 0 0
 641.914112922 0.000853491036890764 0 0
 645.28790347775 -0.000278745211447531 0 0
 648.661004544 0.000172630027337782 0 0
 652.03340195625 -0.000268323186811121 0 0
 655.40508155 0.000925202293512402 0 0
 658.77602916075 0.000503864618836312 0 0
 662.146230624 0.000511343520726063 0 0
 665.51567177525 0.000952051339784819 0 0
 668.88433845 -0.000339735835019605 0 0
 672.25221648375 0.00019256695711352 0 0
 675.619291712 -0.00174788871769363 0 0
 678.98554997025 0.00023363831383732 0 0
 682.350977094 0.00133230114592054 0 0
 685.71555891875 0.000759098363201956 0 0
 689.07928128 0.00135715254155345 0 0
 692.44213001325 0.000770065605559584 0 0
 695.804090954 -0.000418029636145005 0 0
 699.16514993775 -0.000565211857222713 0 0
 702.5252928 0.000956434282705425 0 0
 705.88450537625 -0.00010327818385282 0 0
 709.242773502 0.00114154541028994 0 0
 712.60008301275 -0.000120345116185881 0 0
 715.956419744 0.000134709167666509 0 0
 719.31176953125 0.000570395157333786 0 0
 722.66611821 0.000416859735020432 0 0
 726.01945161575 -0.00130988994711593 0 0
 729.371755584 0.000210118520496898 0 0
 732.72301595025 -5.63517423290997e-005 0 0
 736.07321855 0.00143195615396002 0 0
 739.42234921875 0.001071111195752 0 0
 742.770393792 -0.000570354109839457 0 0
 746.11733810525 0.000198147608138157 0 0
 749.463167994 5.64972722113878e-005 0 0
 752.80786929375 0.00112937142898424 0 0
 756.15142784 0.00131220190660893 0 0
 759.49382946825 0.00145571659887018 0 0
 762.835060014 -1.07527273156048e-005 0 0
 766.17510531275 0.00162972806901732 0 0
 769.5139512 -0.000310646686581949 0 0
 772.85158351125 -3.31802328740259e-005 0 0
 776.187988082 -0.000328202548292842 0 0
 779.52315074775 0.000419379831222484 0 0
 782.857057344 -0.000871765660121499 0 0
 786.18969370625 0.000814311310133156 0 0
 789.52104567 0.00125527179498136 0 0
 792.85109907075 0.000413482057107631 0 0
 796.179839744 0.00137163156906306 0 0
 799.50725352525 0.000979006602285969 0 0
 802.83332625 0.000780268171415425 0 0
 806.15804375375 0.000452655116350788 0 0
 809.481391872 0.00156871559609906 0 0
 812.80335644025 0.000560076447628123 0 0
 816.123923294 0.00227957165675519 0 0
 819.44307826875 0.000841062294081197 0 0
 822.7608072 0.00235269066856778 0 0
 826.07709592325 -0.00013384404190323 0 0
 829.391930274 0.000320765890116976 0 0
 832.70529608775 0.00187731753554465 0 0
 836.0171792 -0.00020292831553987 0 0
 839.32756544625 -0.00175108341847355 0 0
 842.636440662 0.000931740583501197 0 0
 845.94379068275 0.00271802584434115 0 0
 849.249601344 -0.000736829421414087 0 0
 852.55385848125 0.00128029444144757 0 0
 855.85654793 0.00123703935069789 0 0
 859.15765552575 0.00122488637645059 0 0
 862.457167104 0.00100981205840785 0 0
 865.75506850025 0.000107572419821353 0 0
 869.05134555 -0.00296823522973649 0 0
 872.34598408875 0.000220030019567343 0 0
 875.638969952 5.36462116325088e-005 0 0
 878.93028897525 0.00184405562958787 0 0
 882.219926994 -0.00265276890136555 0 0
 885.50786984375 0.00482715049685011 0 0
 888.79410336 1.70047752426311e-005 0 0
 892.07861337825 0.005509570840514 0 0
 895.361385734 0.0012883164768125 0 0
 898.64240626275 -0.0029806842305089 0 0
 901.9216608 -0.00134279927214356 0 0
 905.19913518125 0.00543592755077334 0 0
 908.474815242 -0.0033339411765679 0 0
 911.74868681775 -0.000716881934659747 0 0
 915.020735744 0.00839585840873934 0 0
 918.29094785625 -0.00178519549573778 0 0
 921.55930899 0.00558428835258575 0 0
 924.82580498075 -0.00199711610186036 0 0
 928.090421664 -0.00946896046726974 0 0
 931.35314487525 -0.00703072753300834 0 0
 934.61396045 -0.00275191920064944 0 0
 937.87285422375 0.00745308084330901 0 0
 941.129812032 -0.0103035747036448 0 0
 944.38481971025 0.00869681495357341 0 0
 947.637863094 -0.000616778378664145 0 0
 950.88892801875 0.00290298190782548 0 0
 954.13800032 0 0 0
 957.38506583325 0 0 0
 960.630110394 0 0 0
 963.87311983775 0 0 0
 967.11408 0 0 0
 970.35297671625 0 0 0
 973.589795822 0 0 0
 976.82452315275 0 0 0
 980.057144544 0 0 0
 983.28764583125 0 0 0
 986.51601285 0 0 0
 989.74223143575 0 0 0
 992.966287424 0 0 0
 996.18816665025 0 0 0
 999.40785495 0 0 0
 1002.62533815875 0 0 0
 1005.840602112 0 0 0
 1009.05363264525 0 0 0
 1012.264415594 0 0 0
 1015.47293679375 0 0 0
 1018.67918208 0 0 0
 1021.88313728825 0 0 0
 1025.084788254 0 0 0
 1028.28412081275 0 0 0
 1031.4811208 0 0 0
 1034.67577405125 0 0 0
 1037.868066402 0 0 0
 1041.05798368775 0 0 0
 1044.245511744 0 0 0
 1047.43063640625 0 0 0
 1050.61334351 0 0 0
 1053.79361889075 0 0 0
 1056.971448384 0 0 0
 1060.14681782525 0 0 0
 1063.31971305 0 0 0
 1066.49011989375 0 0 0
 1069.658024192 0 0 0
 1072.82341178025 0 0 0
 1075.986268494 0 0 0
 1079.14658016875 0 0 0
 1082.30433264 0 0 0
 1085.45951174325 0 0 0
 1088.612103314 0 0 0
 1091.76209318775 0 0 0
 1094.9094672 0 0 0
 1098.05421118625 0 0 0
 1101.196310982 0 0 0
 1104.33575242275 0 0 0
 1107.472521344 0 0 0
 1110.60660358125 0 0 0
 1113.73798497 0 0 0
 1116.86665134575 0 0 0
 1119.992588544 0 0 0
 1123.11578240025 0 0 0
 1126.23621875 0 0 0
 1129.35388342875 0 0 0
 1132.468762272 0 0 0
 1135.58084111525 0 0 0
 1138.690105794 0 0 0
 1141.79654214375 0 0 0
 1144.900136 0 0 0
[END] of [DATA]
[END] of [Spectrum]

