
#TBID:2021-05-07 02:30:00;SAM_84C8;RAW;

[Spectrum]
Version            = 1
IDData             = 96B1_2021-05-07_02-30-00_000_915
IDDevice           = SAM_84C8
IDDataType         = SPECTRUM
IDDataTypeSub1     = RAW
IDDataTypeSub2     = 
IDDataTypeSub3     = 
DateTime           = 2021-05-07 02:30:00
PositionLatitude   = 0
PositionLongitude  = 0
Comment            = 
CommentSub1        = 
CommentSub2        = 
CommentSub3        = 
IDMethodType       = SAM Control
MethodName         = SAM_84C8
Mission            = No Mission
MissionSub         = 1
RecordType         = 0
[Attributes]
CalFactor = 1
IDBasisSpec = 
IDDataBack = DLAB_2015-08-21_12-14-03_013_778
IDDataCal = DLAB_2015-08-24_11-04-47_772_747
IntegrationTime = 4096
P31 = -1
P31e = 0
PathLength = +INF
PathLengthCustomOn = 0
RAWDynamic = 65535
Salinity = 0
Temperature = -NAN
Unit1 = $05 $00 Pixel 
Unit2 = $03 $05 Intensity counts
Unit3 = $f0 $05 Error counts
Unit4 = $f1 $00 Status 
p999 = 990
[END] of [Attributes]
[DATA]
 0 11 0 0
 1 1356 0 0
 2 1350 0 0
 3 1352 0 0
 4 1360 0 0
 5 1353 0 0
 6 1358 0 0
 7 1355 0 0
 8 1353 0 0
 9 1356 0 0
 10 1362 0 0
 11 1355 0 0
 12 1360 0 0
 13 1354 0 0
 14 1359 0 0
 15 1362 0 0
 16 1359 0 0
 17 1364 0 0
 18 1367 0 0
 19 1367 0 0
 20 1360 0 0
 21 1364 0 0
 22 1368 0 0
 23 1366 0 0
 24 1366 0 0
 25 1362 0 0
 26 1361 0 0
 27 1364 0 0
 28 1367 0 0
 29 1365 0 0
 30 1362 0 0
 31 1364 0 0
 32 1364 0 0
 33 1364 0 0
 34 1360 0 0
 35 1362 0 0
 36 1365 0 0
 37 1369 0 0
 38 1365 0 0
 39 1360 0 0
 40 1364 0 0
 41 1363 0 0
 42 1361 0 0
 43 1365 0 0
 44 1358 0 0
 45 1366 0 0
 46 1368 0 0
 47 1364 0 0
 48 1366 0 0
 49 1372 0 0
 50 1367 0 0
 51 1370 0 0
 52 1369 0 0
 53 1370 0 0
 54 1357 0 0
 55 1366 0 0
 56 1368 0 0
 57 1370 0 0
 58 1369 0 0
 59 1362 0 0
 60 1363 0 0
 61 1368 0 0
 62 1376 0 0
 63 1369 0 0
 64 1360 0 0
 65 1370 0 0
 66 1365 0 0
 67 1366 0 0
 68 1372 0 0
 69 1368 0 0
 70 1372 0 0
 71 1368 0 0
 72 1370 0 0
 73 1370 0 0
 74 1369 0 0
 75 1369 0 0
 76 1366 0 0
 77 1374 0 0
 78 1373 0 0
 79 1370 0 0
 80 1372 0 0
 81 1366 0 0
 82 1372 0 0
 83 1373 0 0
 84 1375 0 0
 85 1374 0 0
 86 1371 0 0
 87 1375 0 0
 88 1368 0 0
 89 1366 0 0
 90 1375 0 0
 91 1373 0 0
 92 1379 0 0
 93 1368 0 0
 94 1377 0 0
 95 1372 0 0
 96 1373 0 0
 97 1371 0 0
 98 1371 0 0
 99 1374 0 0
 100 1373 0 0
 101 1378 0 0
 102 1373 0 0
 103 1369 0 0
 104 1372 0 0
 105 1377 0 0
 106 1367 0 0
 107 1376 0 0
 108 1374 0 0
 109 1367 0 0
 110 1378 0 0
 111 1384 0 0
 112 1375 0 0
 113 1371 0 0
 114 1376 0 0
 115 1378 0 0
 116 1377 0 0
 117 1374 0 0
 118 1369 0 0
 119 1376 0 0
 120 1376 0 0
 121 1373 0 0
 122 1364 0 0
 123 1372 0 0
 124 1372 0 0
 125 1374 0 0
 126 1376 0 0
 127 1380 0 0
 128 1376 0 0
 129 1379 0 0
 130 1370 0 0
 131 1374 0 0
 132 1371 0 0
 133 1416 0 0
 134 1376 0 0
 135 1372 0 0
 136 1375 0 0
 137 1381 0 0
 138 1370 0 0
 139 1372 0 0
 140 1372 0 0
 141 1370 0 0
 142 1374 0 0
 143 1373 0 0
 144 1379 0 0
 145 1377 0 0
 146 1375 0 0
 147 1374 0 0
 148 1378 0 0
 149 1376 0 0
 150 1372 0 0
 151 1374 0 0
 152 1379 0 0
 153 1378 0 0
 154 1373 0 0
 155 1369 0 0
 156 1374 0 0
 157 1376 0 0
 158 1374 0 0
 159 1374 0 0
 160 1374 0 0
 161 1371 0 0
 162 1371 0 0
 163 1379 0 0
 164 1369 0 0
 165 1379 0 0
 166 1372 0 0
 167 1380 0 0
 168 1379 0 0
 169 1376 0 0
 170 1374 0 0
 171 1369 0 0
 172 1381 0 0
 173 1372 0 0
 174 1369 0 0
 175 1378 0 0
 176 1372 0 0
 177 1376 0 0
 178 1373 0 0
 179 1372 0 0
 180 1373 0 0
 181 1376 0 0
 182 1375 0 0
 183 1377 0 0
 184 1371 0 0
 185 1379 0 0
 186 1378 0 0
 187 1377 0 0
 188 1375 0 0
 189 1376 0 0
 190 1366 0 0
 191 1376 0 0
 192 1378 0 0
 193 1369 0 0
 194 1378 0 0
 195 1376 0 0
 196 1371 0 0
 197 1376 0 0
 198 1379 0 0
 199 1373 0 0
 200 1379 0 0
 201 1374 0 0
 202 1374 0 0
 203 1377 0 0
 204 1369 0 0
 205 1372 0 0
 206 1374 0 0
 207 1379 0 0
 208 1375 0 0
 209 1366 0 0
 210 1371 0 0
 211 1376 0 0
 212 1371 0 0
 213 1378 0 0
 214 1371 0 0
 215 1373 0 0
 216 1373 0 0
 217 1380 0 0
 218 1365 0 0
 219 1370 0 0
 220 1379 0 0
 221 1377 0 0
 222 1376 0 0
 223 1370 0 0
 224 1373 0 0
 225 1379 0 0
 226 1379 0 0
 227 1370 0 0
 228 1374 0 0
 229 1373 0 0
 230 1370 0 0
 231 1380 0 0
 232 1373 0 0
 233 1370 0 0
 234 1376 0 0
 235 1371 0 0
 236 1379 0 0
 237 1369 0 0
 238 1369 0 0
 239 1371 0 0
 240 1374 0 0
 241 1376 0 0
 242 1378 0 0
 243 1375 0 0
 244 1372 0 0
 245 1375 0 0
 246 1373 0 0
 247 1369 0 0
 248 1372 0 0
 249 1371 0 0
 250 1373 0 0
 251 1366 0 0
 252 1369 0 0
 253 1367 0 0
 254 1364 0 0
 255 1417 0 0
[END] of [DATA]
[END] of [Spectrum]


#TBID:2021-05-07 02:30:00;SAM_84C8;CALIBRATED;

[Spectrum]
Version            = 1
IDData             = 96B1_2021-05-07_02-30-00_000_916
IDDevice           = SAM_84C8
IDDataType         = SPECTRUM
IDDataTypeSub1     = CALIBRATED
IDDataTypeSub2     = 
IDDataTypeSub3     = 
DateTime           = 2021-05-07 02:30:00
PositionLatitude   = 0
PositionLongitude  = 0
Comment            = 
CommentSub1        = 
CommentSub2        = 
CommentSub3        = 
IDMethodType       = SAM Control
MethodName         = SAM_84C8
Mission            = No Mission
MissionSub         = 1
RecordType         = 0
[Attributes]
CalFactor = 1
IDBasisSpec = 
IDDataBack = DLAB_2015-08-21_12-14-03_013_778
IDDataCal = DLAB_2015-08-24_11-04-47_772_747
IntegrationTime = 4096
P31 = -1
P31e = 0
PathLength = +INF
PathLengthCustomOn = 0
RAWDynamic = 65535
Salinity = 0
Temperature = -NAN
Unit1 = $01 $01 Wavelength nm
Unit2 = $03 $03 Intensity mW/(m^2 nm Sr)
Unit3 = $f0 $03 Error mW/(m^2 nm Sr)
Unit4 = $f1 $00 Status 
p999 = 990
[END] of [Attributes]
[DATA]
 0 11 0 0
 303.516048156 0 0 0
 306.890006053 0 0 0
 310.26457112 0 0 0
 313.639731825 0 0 0
 317.015476636 -0.000526555889554783 0 0
 320.391794021 -0.00037478798214247 0 0
 323.768672448 -0.000297798160302532 0 0
 327.146100385 -0.000278474885270493 0 0
 330.5240663 -0.000214790330962221 0 0
 333.902558661 0.000198934897920138 0 0
 337.281565936 -0.000315711045636475 0 0
 340.661076593 -0.000254336485757871 0 0
 344.0410791 -0.000176536487207045 0 0
 347.421561925 -4.32797908249796e-005 0 0
 350.802513536 -4.06043934374672e-005 0 0
 354.183922401 -0.000107100976014738 0 0
 357.565776988 -4.85121181959329e-005 0 0
 360.948065765 4.01500699220222e-005 0 0
 364.3307772 2.86845534281111e-005 0 0
 367.713899761 -3.39648176938472e-005 0 0
 371.097421916 -9.62307194233492e-006 0 0
 374.481332133 3.35603983981625e-005 0 0
 377.86561888 -1.44690359229638e-005 0 0
 381.250270625 -4.98600062625516e-005 0 0
 384.635275836 -6.35605617218765e-005 0 0
 388.020622981 6.67815413276299e-005 0 0
 391.406300528 2.73607032220005e-005 0 0
 394.792296945 9.62588640148104e-006 0 0
 398.1786007 1.60885617236445e-005 0 0
 401.565200261 -0.000113046224725567 0 0
 404.952084096 -1.67664953885365e-005 0 0
 408.339240673 -1.57618276235733e-005 0 0
 411.72665846 5.65062616053686e-005 0 0
 415.114325925 -1.89880131411348e-005 0 0
 418.502231536 3.61608149974185e-005 0 0
 421.890363761 -1.46752526381942e-006 0 0
 425.278711068 -9.5658308526713e-005 0 0
 428.667261925 -1.24892893926022e-005 0 0
 432.0560048 1.51301384079458e-005 0 0
 435.444928161 2.88178663942338e-005 0 0
 438.834020476 -2.45403166414366e-005 0 0
 442.223270213 -9.9405591638991e-006 0 0
 445.61266584 -6.15662182619156e-006 0 0
 449.002195825 -2.60838137413059e-005 0 0
 452.391848636 -3.79262230706133e-005 0 0
 455.781612741 3.14420426804592e-005 0 0
 459.171476608 6.3505518481916e-006 0 0
 462.561428705 -1.18326248621838e-005 0 0
 465.9514575 1.71812992583466e-005 0 0
 469.341551461 6.88925016626791e-005 0 0
 472.731699056 2.99675658284813e-005 0 0
 476.121888753 2.50517655672081e-005 0 0
 479.51210902 7.30082657180367e-005 0 0
 482.902348325 3.77733891872019e-005 0 0
 486.292595136 9.70577837747517e-006 0 0
 489.682837921 1.26440444285825e-005 0 0
 493.073065148 -1.42821768488732e-005 0 0
 496.463265285 6.76882632006851e-005 0 0
 499.8534268 4.27329962976478e-005 0 0
 503.243538161 1.66590540938681e-005 0 0
 506.633587836 4.16239392666576e-005 0 0
 510.023564293 -1.21952593971604e-005 0 0
 513.413456 -6.02349077490435e-006 0 0
 516.803251425 1.32669695010695e-005 0 0
 520.192939036 9.4836475810439e-005 0 0
 523.582507301 -4.84423502121418e-005 0 0
 526.971944688 -4.52657468757977e-006 0 0
 530.361239665 1.40560785043617e-005 0 0
 533.7503807 4.60730295786543e-005 0 0
 537.139356261 1.12794202847351e-005 0 0
 540.528154816 8.60583667002826e-006 0 0
 543.916764833 -3.26443015141879e-005 0 0
 547.30517478 3.93892571222883e-005 0 0
 550.693373125 3.99634018848183e-005 0 0
 554.081348336 1.1362741194488e-005 0 0
 557.469088881 -1.772364984553e-005 0 0
 560.856583228 7.29481938247252e-005 0 0
 564.243819845 6.20728157769505e-005 0 0
 567.6307872 1.67881486822708e-005 0 0
 571.017473761 4.68703247197227e-005 0 0
 574.403867996 4.93664598921712e-006 0 0
 577.789958373 -1.50241963835039e-005 0 0
 581.17573336 3.23722532360595e-005 0 0
 584.561181425 3.92010221767575e-005 0 0
 587.946291036 0.000117191085923182 0 0
 591.331050661 6.27540815756967e-005 0 0
 594.715448768 6.19162521800531e-005 0 0
 598.099473825 1.4534654463315e-005 0 0
 601.4831143 7.81890290294569e-006 0 0
 604.866358661 9.69230814824388e-006 0 0
 608.249195376 3.19508033707365e-005 0 0
 611.631612913 0.000134248549379573 0 0
 615.01359974 5.49374375982483e-005 0 0
 618.395144325 3.88229913740034e-005 0 0
 621.776235136 6.09071344944572e-005 0 0
 625.156860641 -1.65468133187424e-005 0 0
 628.537009308 4.00039165460088e-005 0 0
 631.916669605 6.14386128400767e-005 0 0
 635.29583 0.000144668340848215 0 0
 638.674478961 -4.96592187987754e-005 0 0
 642.052604956 -2.90609093656097e-005 0 0
 645.430196453 6.2893845392456e-006 0 0
 648.80724192 2.25942672273164e-005 0 0
 652.183729825 7.17776968452402e-005 0 0
 655.559648636 1.92984353968196e-005 0 0
 658.934986821 5.10422212155266e-006 0 0
 662.309732848 0.000143913874838275 0 0
 665.683875185 0.000208049818527342 0 0
 669.0574023 1.75421843930179e-005 0 0
 672.430302661 3.64920511450707e-005 0 0
 675.802564736 1.87996699642188e-005 0 0
 679.174176993 6.90841546525712e-005 0 0
 682.5451279 -1.63331209959526e-005 0 0
 685.915405925 0.000123587351468164 0 0
 689.284999536 3.23189283544609e-005 0 0
 692.653897201 -4.82404532041094e-005 0 0
 696.022087388 0.000124315284118066 0 0
 699.389558565 3.29403861602485e-005 0 0
 702.7562992 -1.13195658799578e-006 0 0
 706.122297761 0.000264363598446211 0 0
 709.487542716 5.44720434645627e-005 0 0
 712.852022533 -1.48255979154485e-005 0 0
 716.21572568 0.000113394588934991 0 0
 719.578640625 0.000141181457478504 0 0
 722.940755836 7.84619171787734e-005 0 0
 726.302059781 0.000126972915204638 0 0
 729.662540928 5.66930949584858e-006 0 0
 733.022187745 0.000202034211921269 0 0
 736.3809887 0.000150836948844388 0 0
 739.738932261 9.57357233786751e-005 0 0
 743.096006896 1.84330893232098e-005 0 0
 746.452201073 -2.37968819864011e-005 0 0
 749.80750326 -0.000382854633920332 0 0
 753.161901925 2.64336763532066e-005 0 0
 756.515385536 5.71732040648236e-005 0 0
 759.867942561 0.000122841005004666 0 0
 763.219561468 0.000200643076693837 0 0
 766.570230725 6.21328212068238e-005 0 0
 769.9199388 -0.000132967377083696 0 0
 773.268674161 2.34224441252772e-005 0 0
 776.616425276 5.60865283058857e-005 0 0
 779.963180613 9.24528993037205e-006 0 0
 783.30892864 7.03793968251068e-005 0 0
 786.653657825 2.97497632529311e-005 0 0
 789.997356636 9.2755968735856e-005 0 0
 793.340013541 3.15541817888811e-005 0 0
 796.681617008 0.000202069042231576 0 0
 800.022155505 0.000144590114425786 0 0
 803.3616175 0.000265464462892916 0 0
 806.699991461 6.78786068928892e-005 0 0
 810.037265856 8.92715615738299e-005 0 0
 813.373429153 0.000128065717650282 0 0
 816.70846982 0.000333338968405982 0 0
 820.042376325 0.000242308054229708 0 0
 823.375137136 0.000170977216100897 0 0
 826.706740721 9.1511799687965e-005 0 0
 830.037175548 9.38269061064362e-005 0 0
 833.366430085 8.17300098097986e-005 0 0
 836.6944928 0.000276807904441206 0 0
 840.021352161 -2.517884769113e-006 0 0
 843.346996636 6.72478409746556e-005 0 0
 846.671414693 -0.00011167575259993 0 0
 849.9945948 0.000513733557077792 0 0
 853.316525425 0.000278116930409593 0 0
 856.637195036 0.000283904576274223 0 0
 859.956592101 -2.60721169569024e-005 0 0
 863.274705088 0.000301926340039674 0 0
 866.591522465 0.000434639087184075 0 0
 869.9070327 0.00054718288263264 0 0
 873.221224261 -3.1155332191947e-005 0 0
 876.534085616 -3.65281719988837e-005 0 0
 879.845605233 0.000765245486408629 0 0
 883.15577158 0.00106940779883985 0 0
 886.464573125 0.000214486035079041 0 0
 889.771998336 2.70929561058189e-005 0 0
 893.078035681 0.000357836736984499 0 0
 896.382673628 0.000659290063995454 0 0
 899.685900645 0.000699901432377002 0 0
 902.9877052 -2.09082161935566e-005 0 0
 906.288075761 -0.000255577637808771 0 0
 909.587000796 0.000387965819363038 0 0
 912.884468773 0.000309126588218638 0 0
 916.18046816 0.000721516399465178 0 0
 919.474987425 0.000738978916018146 0 0
 922.768015036 0.000988311981935166 0 0
 926.059539461 0.00155103355319166 0 0
 929.349549168 -5.55989378212358e-005 0 0
 932.638032625 0.000981600095170311 0 0
 935.9249783 0.00117068598928335 0 0
 939.210374661 0.000577674673833119 0 0
 942.494210176 0.00110494962004235 0 0
 945.776473313 0.000612528483062778 0 0
 949.05715254 0.00146799013289168 0 0
 952.336236325 0.00110849746407124 0 0
 955.613713136 0 0 0
 958.889571441 0 0 0
 962.163799708 0 0 0
 965.436386405 0 0 0
 968.70732 0 0 0
 971.976588961 0 0 0
 975.244181756 0 0 0
 978.510086853 0 0 0
 981.77429272 0 0 0
 985.036787825 0 0 0
 988.297560636 0 0 0
 991.556599621 0 0 0
 994.813893248 0 0 0
 998.069429985 0 0 0
 1001.3231983 0 0 0
 1004.575186661 0 0 0
 1007.825383536 0 0 0
 1011.073777393 0 0 0
 1014.3203567 0 0 0
 1017.565109925 0 0 0
 1020.808025536 0 0 0
 1024.049092001 0 0 0
 1027.288297788 0 0 0
 1030.525631365 0 0 0
 1033.7610812 0 0 0
 1036.994635761 0 0 0
 1040.226283516 0 0 0
 1043.456012933 0 0 0
 1046.68381248 0 0 0
 1049.909670625 0 0 0
 1053.133575836 0 0 0
 1056.355516581 0 0 0
 1059.575481328 0 0 0
 1062.793458545 0 0 0
 1066.0094367 0 0 0
 1069.223404261 0 0 0
 1072.435349696 0 0 0
 1075.645261473 0 0 0
 1078.85312806 0 0 0
 1082.058937925 0 0 0
 1085.262679536 0 0 0
 1088.464341361 0 0 0
 1091.663911868 0 0 0
 1094.861379525 0 0 0
 1098.0567328 0 0 0
 1101.249960161 0 0 0
 1104.441050076 0 0 0
 1107.629991013 0 0 0
 1110.81677144 0 0 0
 1114.001379825 0 0 0
 1117.183804636 0 0 0
 1120.364034341 0 0 0
 1123.542057408 0 0 0
 1126.717862305 0 0 0
 1129.8914375 0 0 0
 1133.062771461 0 0 0
 1136.231852656 0 0 0
 1139.398669553 0 0 0
 1142.56321062 0 0 0
 1145.725464325 0 0 0
 1148.885419136 0 0 0
[END] of [DATA]
[END] of [Spectrum]


#TBID:2021-05-07 03:00:00;SAM_84DC;RAW;

[Spectrum]
Version            = 1
IDData             = 96B1_2021-05-07_03-00-00_000_919
IDDevice           = SAM_84DC
IDDataType         = SPECTRUM
IDDataTypeSub1     = RAW
IDDataTypeSub2     = 
IDDataTypeSub3     = 
DateTime           = 2021-05-07 03:00:00
PositionLatitude   = 0
PositionLongitude  = 0
Comment            = 
CommentSub1        = 
CommentSub2        = 
CommentSub3        = 
IDMethodType       = SAM Control
MethodName         = SAM_84DC
Mission            = No Mission
MissionSub         = 1
RecordType         = 0
[Attributes]
CalFactor = 1
IDBasisSpec = 
IDDataBack = DLAB_2015-08-21_13-19-54_137_939
IDDataCal = DLAB_2015-08-24_10-46-55_592_608
IntegrationTime = 4096
P31 = -1
P31e = 0
PathLength = +INF
PathLengthCustomOn = 0
RAWDynamic = 65535
Salinity = 0
Temperature = -NAN
Unit1 = $05 $00 Pixel 
Unit2 = $03 $05 Intensity counts
Unit3 = $f0 $05 Error counts
Unit4 = $f1 $00 Status 
p999 = 991
[END] of [Attributes]
[DATA]
 0 11 0 0
 1 1371 0 0
 2 1359 0 0
 3 1370 0 0
 4 1378 0 0
 5 1371 0 0
 6 1372 0 0
 7 1374 0 0
 8 1378 0 0
 9 1378 0 0
 10 1372 0 0
 11 1373 0 0
 12 1374 0 0
 13 1378 0 0
 14 1379 0 0
 15 1373 0 0
 16 1375 0 0
 17 1383 0 0
 18 1378 0 0
 19 1380 0 0
 20 1378 0 0
 21 1378 0 0
 22 1382 0 0
 23 1381 0 0
 24 1390 0 0
 25 1384 0 0
 26 1379 0 0
 27 1383 0 0
 28 1383 0 0
 29 1377 0 0
 30 1374 0 0
 31 1383 0 0
 32 1381 0 0
 33 1378 0 0
 34 1384 0 0
 35 1382 0 0
 36 1384 0 0
 37 1385 0 0
 38 1385 0 0
 39 1380 0 0
 40 1388 0 0
 41 1384 0 0
 42 1378 0 0
 43 1386 0 0
 44 1388 0 0
 45 1384 0 0
 46 1386 0 0
 47 1388 0 0
 48 1382 0 0
 49 1386 0 0
 50 1387 0 0
 51 1384 0 0
 52 1376 0 0
 53 1380 0 0
 54 1383 0 0
 55 1393 0 0
 56 1387 0 0
 57 1386 0 0
 58 1388 0 0
 59 1390 0 0
 60 1385 0 0
 61 1382 0 0
 62 1381 0 0
 63 1387 0 0
 64 1383 0 0
 65 1384 0 0
 66 1377 0 0
 67 1386 0 0
 68 1382 0 0
 69 1382 0 0
 70 1387 0 0
 71 1386 0 0
 72 1382 0 0
 73 1384 0 0
 74 1392 0 0
 75 1382 0 0
 76 1383 0 0
 77 1389 0 0
 78 1381 0 0
 79 1388 0 0
 80 1381 0 0
 81 1384 0 0
 82 1385 0 0
 83 1384 0 0
 84 1385 0 0
 85 1391 0 0
 86 1386 0 0
 87 1384 0 0
 88 1379 0 0
 89 1390 0 0
 90 1378 0 0
 91 1378 0 0
 92 1381 0 0
 93 1381 0 0
 94 1381 0 0
 95 1390 0 0
 96 1382 0 0
 97 1385 0 0
 98 1379 0 0
 99 1380 0 0
 100 1384 0 0
 101 1386 0 0
 102 1382 0 0
 103 1382 0 0
 104 1380 0 0
 105 1387 0 0
 106 1382 0 0
 107 1383 0 0
 108 1379 0 0
 109 1387 0 0
 110 1383 0 0
 111 1388 0 0
 112 1382 0 0
 113 1381 0 0
 114 1385 0 0
 115 1390 0 0
 116 1385 0 0
 117 1389 0 0
 118 1380 0 0
 119 1386 0 0
 120 1379 0 0
 121 1388 0 0
 122 1382 0 0
 123 1387 0 0
 124 1387 0 0
 125 1384 0 0
 126 1391 0 0
 127 1391 0 0
 128 1384 0 0
 129 1382 0 0
 130 1385 0 0
 131 1384 0 0
 132 1385 0 0
 133 1384 0 0
 134 1383 0 0
 135 1391 0 0
 136 1382 0 0
 137 1385 0 0
 138 1385 0 0
 139 1384 0 0
 140 1384 0 0
 141 1389 0 0
 142 1384 0 0
 143 1388 0 0
 144 1384 0 0
 145 1382 0 0
 146 1381 0 0
 147 1383 0 0
 148 1381 0 0
 149 1383 0 0
 150 1386 0 0
 151 1389 0 0
 152 1382 0 0
 153 1388 0 0
 154 1383 0 0
 155 1383 0 0
 156 1382 0 0
 157 1387 0 0
 158 1387 0 0
 159 1390 0 0
 160 1381 0 0
 161 1383 0 0
 162 1382 0 0
 163 1381 0 0
 164 1382 0 0
 165 1383 0 0
 166 1384 0 0
 167 1391 0 0
 168 1387 0 0
 169 1385 0 0
 170 1385 0 0
 171 1392 0 0
 172 1376 0 0
 173 1386 0 0
 174 1392 0 0
 175 1385 0 0
 176 1390 0 0
 177 1386 0 0
 178 1384 0 0
 179 1386 0 0
 180 1389 0 0
 181 1384 0 0
 182 1392 0 0
 183 1387 0 0
 184 1394 0 0
 185 1383 0 0
 186 1382 0 0
 187 1383 0 0
 188 1386 0 0
 189 1383 0 0
 190 1381 0 0
 191 1388 0 0
 192 1391 0 0
 193 1390 0 0
 194 1384 0 0
 195 1380 0 0
 196 1384 0 0
 197 1389 0 0
 198 1380 0 0
 199 1386 0 0
 200 1382 0 0
 201 1390 0 0
 202 1384 0 0
 203 1392 0 0
 204 1392 0 0
 205 1389 0 0
 206 1388 0 0
 207 1389 0 0
 208 1381 0 0
 209 1389 0 0
 210 1388 0 0
 211 1389 0 0
 212 1388 0 0
 213 1384 0 0
 214 1390 0 0
 215 1390 0 0
 216 1389 0 0
 217 1393 0 0
 218 1388 0 0
 219 1391 0 0
 220 1390 0 0
 221 1394 0 0
 222 1383 0 0
 223 1390 0 0
 224 1385 0 0
 225 1390 0 0
 226 1392 0 0
 227 1389 0 0
 228 1393 0 0
 229 1390 0 0
 230 1390 0 0
 231 1391 0 0
 232 1392 0 0
 233 1389 0 0
 234 1390 0 0
 235 1393 0 0
 236 1386 0 0
 237 1397 0 0
 238 1393 0 0
 239 1395 0 0
 240 1398 0 0
 241 1392 0 0
 242 1391 0 0
 243 1390 0 0
 244 1392 0 0
 245 1389 0 0
 246 1388 0 0
 247 1393 0 0
 248 1400 0 0
 249 1390 0 0
 250 1385 0 0
 251 1394 0 0
 252 1391 0 0
 253 1389 0 0
 254 1380 0 0
 255 1443 0 0
[END] of [DATA]
[END] of [Spectrum]


#TBID:2021-05-07 03:00:00;SAM_84DC;CALIBRATED;

[Spectrum]
Version            = 1
IDData             = 96B1_2021-05-07_03-00-00_000_920
IDDevice           = SAM_84DC
IDDataType         = SPECTRUM
IDDataTypeSub1     = CALIBRATED
IDDataTypeSub2     = 
IDDataTypeSub3     = 
DateTime           = 2021-05-07 03:00:00
PositionLatitude   = 0
PositionLongitude  = 0
Comment            = 
CommentSub1        = 
CommentSub2        = 
CommentSub3        = 
IDMethodType       = SAM Control
MethodName         = SAM_84DC
Mission            = No Mission
MissionSub         = 1
RecordType         = 0
[Attributes]
CalFactor = 1
IDBasisSpec = 
IDDataBack = DLAB_2015-08-21_13-19-54_137_939
IDDataCal = DLAB_2015-08-24_10-46-55_592_608
IntegrationTime = 4096
P31 = -1
P31e = 0
PathLength = +INF
PathLengthCustomOn = 0
RAWDynamic = 65535
Salinity = 0
Temperature = -NAN
Unit1 = $01 $01 Wavelength nm
Unit2 = $03 $03 Intensity mW/(m^2 nm Sr)
Unit3 = $f0 $03 Error mW/(m^2 nm Sr)
Unit4 = $f1 $00 Status 
p999 = 991
[END] of [Attributes]
[DATA]
 0 11 0 0
 305.71650776488 0 0 0
 309.04007505697 0 0 0
 312.36416914304 0 0 0
 315.68877841375 0 0 0
 319.01389125976 -0.000337534104234205 0 0
 322.33949607173 -2.52437787539746e-005 0 0
 325.66558124032 -0.000367604244349839 0 0
 328.99213515619 -0.00012055971341353 0 0
 332.31914621 -0.000243899791323335 0 0
 335.64660279241 -0.000314168974425059 0 0
 338.97449329408 -0.000328714045225493 0 0
 342.30280610567 -0.00011702147805153 0 0
 345.63152961784 -2.93587120605594e-005 0 0
 348.96065222125 -0.000217450418669445 0 0
 352.29016230656 -4.37359502993372e-005 0 0
 355.62004826443 -0.000163364693722137 0 0
 358.95029848552 -0.000108863935612235 0 0
 362.28090136049 -5.17004796595346e-005 0 0
 365.61184528 -5.67309047768068e-005 0 0
 368.94311863471 -4.64144048152257e-005 0 0
 372.27470981528 8.11860279750289e-006 0 0
 375.60660721237 -8.32090169559978e-005 0 0
 378.93879921664 -9.40209939755881e-005 0 0
 382.27127421875 0.000105608720361478 0 0
 385.60402060936 0.000123669001736592 0 0
 388.93702677913 -0.00010687177643307 0 0
 392.27028111872 -3.16879560535952e-005 0 0
 395.60377201879 9.66386847499674e-005 0 0
 398.93748787 -6.82573966962498e-006 0 0
 402.27141706301 -3.47846465809847e-005 0 0
 405.60554798848 -4.67337701704445e-005 0 0
 408.93986903707 -3.89833673271739e-005 0 0
 412.27436859944 -1.30875932410071e-005 0 0
 415.60903506625 -1.54173565758325e-005 0 0
 418.94385682816 3.57999016690749e-005 0 0
 422.27882227583 -6.93191710822374e-005 0 0
 425.61391979992 -3.08727590463628e-005 0 0
 428.94913779109 5.65884280886597e-006 0 0
 432.28446464 -6.3395101734752e-006 0 0
 435.61988873731 -5.14312478990921e-005 0 0
 438.95539847368 -2.11040008442881e-005 0 0
 442.29098223977 -6.88639311050857e-005 0 0
 445.62662842624 -1.23476243342305e-005 0 0
 448.96232542375 -1.40702380864946e-005 0 0
 452.29806162296 -4.47201222633947e-005 0 0
 455.63382541453 -7.16496139968641e-005 0 0
 458.96960518912 -7.05081928741116e-005 0 0
 462.30538933739 -4.23210150661448e-005 0 0
 465.64116625 -3.51155362270234e-006 0 0
 468.97692431761 3.0995851486508e-005 0 0
 472.31265193088 -3.1391400446724e-005 0 0
 475.64833748047 -0.000142224398079778 0 0
 478.98396935704 -5.81722431104367e-005 0 0
 482.31953595125 -2.34760895409135e-005 0 0
 485.65502565376 4.84309526228046e-005 0 0
 488.99042685523 -3.20638018248247e-007 0 0
 492.32572794632 -6.6184432244143e-005 0 0
 495.66091731769 -3.53601742006065e-005 0 0
 498.99598336 -9.39952116944401e-005 0 0
 502.33091446391 -6.89793778460512e-005 0 0
 505.66569902008 -0.000140578811143595 0 0
 509.00032541917 -5.84068599175982e-005 0 0
 512.33478205184 -2.7465509470038e-005 0 0
 515.66905730875 -8.80469380014124e-005 0 0
 519.00313958056 -3.32958055169977e-005 0 0
 522.33701725793 -2.20556506905437e-005 0 0
 525.67067873152 -4.91640977243806e-005 0 0
 529.00411239199 -0.000106590611724826 0 0
 532.33730663 -5.53438627429652e-005 0 0
 535.67024983621 -5.47541855690769e-005 0 0
 539.00293040128 -9.75490682161366e-005 0 0
 542.33533671587 -6.39927851872019e-005 0 0
 545.66745717064 -9.0081908680344e-005 0 0
 548.99928015625 -2.38143950685407e-005 0 0
 552.33079406336 -4.60991875084648e-005 0 0
 555.66198728263 -9.6821804097978e-005 0 0
 558.99284820472 -2.5289909808355e-005 0 0
 562.32336522029 -3.64955926674583e-005 0 0
 565.65352672 -7.11029918091005e-005 0 0
 568.98332109451 -7.61395252313067e-005 0 0
 572.31273673448 -0.00012665370522495 0 0
 575.64176203057 -3.19675079514467e-005 0 0
 578.97038537344 -8.60006547725883e-005 0 0
 582.29859515375 1.53217930116853e-005 0 0
 585.62637976216 -8.56546539596469e-005 0 0
 588.95372758933 -7.73469701065051e-005 0 0
 592.28062702592 -0.000119111590404948 0 0
 595.60706646259 -0.000125207907041286 0 0
 598.93303429 -7.06867928712822e-005 0 0
 602.25851889881 -9.87176626579759e-005 0 0
 605.58350867968 -0.00019328243413282 0 0
 608.90799202327 -0.000152127200743622 0 0
 612.23195732024 -0.000142552357087698 0 0
 615.55539296125 -0.000202195675447191 0 0
 618.87828733696 -5.71791297790899e-005 0 0
 622.20062883803 -9.05461436981224e-005 0 0
 625.52240585512 -0.000172545525074917 0 0
 628.84360677889 -0.00014524579248447 0 0
 632.16422 -0.000181529360642786 0 0
 635.48423390911 -0.000145962462885454 0 0
 638.80363689688 -4.52014402495442e-005 0 0
 642.12241735397 -0.000179524465398413 0 0
 645.44056367104 -0.000149706290815822 0 0
 648.75806423875 -0.000186601700994981 0 0
 652.07490744776 -0.000125133353675263 0 0
 655.39108168873 -0.00019091956099827 0 0
 658.70657535232 -0.000308150663597791 0 0
 662.02137682919 -0.000258565994231666 0 0
 665.33547451 -0.000123009084399059 0 0
 668.64885678541 -0.000134567023809694 0 0
 671.96151204608 -9.87408706115052e-005 0 0
 675.27342868267 -0.000191839053163163 0 0
 678.58459508584 -8.52806256529756e-005 0 0
 681.89499964625 -0.000156006410115635 0 0
 685.20463075456 -0.000108205088327176 0 0
 688.51347680143 -9.45299582932406e-005 0 0
 691.82152617752 -9.68550393293193e-006 0 0
 695.12876727349 -0.000143863302331296 0 0
 698.43518848 -7.90039968865856e-005 0 0
 701.74077818771 -5.23024714453512e-005 0 0
 705.04552478728 -0.000199803667087924 0 0
 708.34941666937 -0.000112292087569819 0 0
 711.65244222464 -0.000139433886608484 0 0
 714.95458984375 -0.000139878952874823 0 0
 718.25584791736 -7.35636149094925e-005 0 0
 721.55620483613 -5.33214782486763e-005 0 0
 724.85564899072 -2.82696345146651e-005 0 0
 728.15416877179 -0.000107661318733621 0 0
 731.45175257 -0.000135765400084826 0 0
 734.74838877601 -0.000225145395189181 0 0
 738.04406578048 -0.000102036027258882 0 0
 741.33877197407 -0.000159560354515721 0 0
 744.63249574744 -0.000143592264829837 0 0
 747.92522549125 -0.000127437977267291 0 0
 751.21694959616 -2.87612680437235e-005 0 0
 754.50765645283 -7.08337184790436e-005 0 0
 757.79733445192 -0.000145932929590191 0 0
 761.08597198409 -2.66630787065125e-005 0 0
 764.37355744 -0.000129140872838172 0 0
 767.66007921031 -6.25162261723908e-005 0 0
 770.94552568568 -0.000102038025748978 0 0
 774.22988525677 -5.55665172427516e-005 0 0
 777.51314631424 -7.5727307689503e-005 0 0
 780.79529724875 -0.000128583216395988 0 0
 784.07632645096 -6.71410420734355e-005 0 0
 787.35622231153 -0.000150877266628054 0 0
 790.63497322112 -0.000134403649325671 0 0
 793.91256757039 -0.000318907119545385 0 0
 797.18899375 -0.000218012509968675 0 0
 800.46424015061 1.87213568545117e-005 0 0
 803.73829516288 -7.05916390471517e-005 0 0
 807.01114717747 -0.000251410034806038 0 0
 810.28278458504 -0.000185619238856374 0 0
 813.55319577625 -0.000298425989078779 0 0
 816.82236914176 -0.000252520204135421 0 0
 820.09029307223 -0.000123290100179153 0 0
 823.35695595832 -0.000268554854916572 0 0
 826.62234619069 -5.53426750948287e-005 0 0
 829.88645216 -7.22875272420701e-005 0 0
 833.14926225691 -0.000468760404476098 0 0
 836.41076487208 -9.33181556598613e-005 0 0
 839.67094839617 3.22163083017355e-005 0 0
 842.92980121984 -0.00024396572488808 0 0
 846.18731173375 -0.000300580082769146 0 0
 849.44346832856 -0.000386639452336396 0 0
 852.69825939493 -0.000661587110118278 0 0
 855.95167332352 -8.06714779268983e-005 0 0
 859.20369850499 -0.000221417404662219 0 0
 862.45432333 -0.000396136377895767 0 0
 865.70353618921 -0.000345968816911146 0 0
 868.95132547328 -0.000212521664077862 0 0
 872.19767957287 -0.000437328230087685 0 0
 875.44258687864 -0.000521623463370814 0 0
 878.68603578125 0.000176289946133495 0 0
 881.92801467136 -0.000159806544958512 0 0
 885.16851193963 -3.09954687812687e-005 0 0
 888.40751597672 -5.59805367878052e-005 0 0
 891.64501517329 -0.000546009438834377 0 0
 894.88099792 0.000220486506275842 0 0
 898.11545260751 0.000400618610105387 0 0
 901.34836762648 -6.95911059247938e-005 0 0
 904.57973136757 0.000442828738631517 0 0
 907.80953222144 -0.000204577121255576 0 0
 911.03775857875 0.000825801101577788 0 0
 914.26439883016 -0.000667743266048131 0 0
 917.48944136633 -0.00101370144287905 0 0
 920.71287457792 -0.000904212637655519 0 0
 923.93468685559 0.000317209047088839 0 0
 927.15486659 -2.9298876091937e-006 0 0
 930.37340217181 -0.000637276616067755 0 0
 933.59028199168 5.2393165258552e-005 0 0
 936.80549444027 -0.00100973391856672 0 0
 940.01902790824 -7.99940175791792e-005 0 0
 943.23087078625 -0.00069213646177193 0 0
 946.44101146496 -0.000766417811281259 0 0
 949.64943833503 -0.00203011382289657 0 0
 952.85613978712 -0.000107073065992527 0 0
 956.06110421189 0 0 0
 959.26432 0 0 0
 962.46577554211 0 0 0
 965.66545922888 0 0 0
 968.86335945097 0 0 0
 972.05946459904 0 0 0
 975.25376306375 0 0 0
 978.44624323576 0 0 0
 981.63689350573 0 0 0
 984.82570226432 0 0 0
 988.01265790219 0 0 0
 991.19774881 0 0 0
 994.38096337841 0 0 0
 997.56228999808 0 0 0
 1000.74171705967 0 0 0
 1003.91923295384 0 0 0
 1007.09482607125 0 0 0
 1010.26848480256 0 0 0
 1013.44019753843 0 0 0
 1016.60995266952 0 0 0
 1019.77773858649 0 0 0
 1022.94354368 0 0 0
 1026.10735634071 0 0 0
 1029.26916495928 0 0 0
 1032.42895792637 0 0 0
 1035.58672363264 0 0 0
 1038.74245046875 0 0 0
 1041.89612682536 0 0 0
 1045.04774109313 0 0 0
 1048.19728166272 0 0 0
 1051.34473692479 0 0 0
 1054.49009527 0 0 0
 1057.63334508901 0 0 0
 1060.77447477248 0 0 0
 1063.91347271107 0 0 0
 1067.05032729544 0 0 0
 1070.18502691625 0 0 0
 1073.31755996416 0 0 0
 1076.44791482983 0 0 0
 1079.57607990392 0 0 0
 1082.70204357709 0 0 0
 1085.82579424 0 0 0
 1088.94732028331 0 0 0
 1092.06661009768 0 0 0
 1095.18365207377 0 0 0
 1098.29843460224 0 0 0
 1101.41094607375 0 0 0
 1104.52117487896 0 0 0
 1107.62910940853 0 0 0
 1110.73473805312 0 0 0
 1113.83804920339 0 0 0
 1116.93903125 0 0 0
 1120.03767258361 0 0 0
 1123.13396159488 0 0 0
 1126.22788667447 0 0 0
 1129.31943621304 0 0 0
 1132.40859860125 0 0 0
 1135.49536222976 0 0 0
[END] of [DATA]
[END] of [Spectrum]


#TBID:2021-05-07 03:00:00;SAM_84CE;RAW;

[Spectrum]
Version            = 1
IDData             = 96B1_2021-05-07_03-00-00_000_922
IDDevice           = SAM_84CE
IDDataType         = SPECTRUM
IDDataTypeSub1     = RAW
IDDataTypeSub2     = 
IDDataTypeSub3     = 
DateTime           = 2021-05-07 03:00:00
PositionLatitude   = 0
PositionLongitude  = 0
Comment            = 
CommentSub1        = 
CommentSub2        = 
CommentSub3        = 
IDMethodType       = SAM Control
MethodName         = SAM_84CE
Mission            = No Mission
MissionSub         = 1
RecordType         = 0
[Attributes]
CalFactor = 1
IDBasisSpec = 
IDDataBack = DLAB_2015-08-21_11-56-43_233_004
IDDataCal = DLAB_2015-08-26_10-05-37_585_478
IntegrationTime = 4096
P31 = -1
P31e = 0
PathLength = +INF
PathLengthCustomOn = 0
RAWDynamic = 65535
Salinity = 0
Temperature = -NAN
Unit1 = $05 $00 Pixel 
Unit2 = $03 $05 Intensity counts
Unit3 = $f0 $05 Error counts
Unit4 = $f1 $00 Status 
p999 = 991
[END] of [Attributes]
[DATA]
 0 11 0 0
 1 1320 0 0
 2 1314 0 0
 3 1318 0 0
 4 1325 0 0
 5 1325 0 0
 6 1321 0 0
 7 1315 0 0
 8 1328 0 0
 9 1329 0 0
 10 1324 0 0
 11 1326 0 0
 12 1328 0 0
 13 1328 0 0
 14 1331 0 0
 15 1330 0 0
 16 1327 0 0
 17 1329 0 0
 18 1333 0 0
 19 1331 0 0
 20 1335 0 0
 21 1333 0 0
 22 1329 0 0
 23 1336 0 0
 24 1338 0 0
 25 1336 0 0
 26 1336 0 0
 27 1336 0 0
 28 1331 0 0
 29 1334 0 0
 30 1334 0 0
 31 1340 0 0
 32 1338 0 0
 33 1337 0 0
 34 1331 0 0
 35 1332 0 0
 36 1337 0 0
 37 1334 0 0
 38 1338 0 0
 39 1337 0 0
 40 1338 0 0
 41 1332 0 0
 42 1336 0 0
 43 1336 0 0
 44 1332 0 0
 45 1335 0 0
 46 1336 0 0
 47 1342 0 0
 48 1336 0 0
 49 1336 0 0
 50 1340 0 0
 51 1341 0 0
 52 1338 0 0
 53 1336 0 0
 54 1338 0 0
 55 1332 0 0
 56 1340 0 0
 57 1337 0 0
 58 1335 0 0
 59 1332 0 0
 60 1332 0 0
 61 1340 0 0
 62 1343 0 0
 63 1336 0 0
 64 1334 0 0
 65 1336 0 0
 66 1342 0 0
 67 1337 0 0
 68 1338 0 0
 69 1336 0 0
 70 1334 0 0
 71 1332 0 0
 72 1342 0 0
 73 1337 0 0
 74 1335 0 0
 75 1340 0 0
 76 1336 0 0
 77 1339 0 0
 78 1335 0 0
 79 1334 0 0
 80 1339 0 0
 81 1342 0 0
 82 1340 0 0
 83 1340 0 0
 84 1338 0 0
 85 1338 0 0
 86 1337 0 0
 87 1341 0 0
 88 1338 0 0
 89 1339 0 0
 90 1343 0 0
 91 1344 0 0
 92 1339 0 0
 93 1338 0 0
 94 1336 0 0
 95 1334 0 0
 96 1338 0 0
 97 1340 0 0
 98 1340 0 0
 99 1340 0 0
 100 1336 0 0
 101 1337 0 0
 102 1343 0 0
 103 1334 0 0
 104 1337 0 0
 105 1344 0 0
 106 1344 0 0
 107 1342 0 0
 108 1338 0 0
 109 1346 0 0
 110 1336 0 0
 111 1344 0 0
 112 1341 0 0
 113 1337 0 0
 114 1340 0 0
 115 1338 0 0
 116 1332 0 0
 117 1340 0 0
 118 1338 0 0
 119 1342 0 0
 120 1341 0 0
 121 1338 0 0
 122 1339 0 0
 123 1341 0 0
 124 1339 0 0
 125 1334 0 0
 126 1341 0 0
 127 1336 0 0
 128 1340 0 0
 129 1331 0 0
 130 1334 0 0
 131 1345 0 0
 132 1336 0 0
 133 1336 0 0
 134 1333 0 0
 135 1337 0 0
 136 1337 0 0
 137 1335 0 0
 138 1330 0 0
 139 1342 0 0
 140 1332 0 0
 141 1336 0 0
 142 1334 0 0
 143 1339 0 0
 144 1334 0 0
 145 1340 0 0
 146 1338 0 0
 147 1328 0 0
 148 1334 0 0
 149 1335 0 0
 150 1332 0 0
 151 1334 0 0
 152 1328 0 0
 153 1337 0 0
 154 1338 0 0
 155 1332 0 0
 156 1331 0 0
 157 1331 0 0
 158 1332 0 0
 159 1336 0 0
 160 1334 0 0
 161 1337 0 0
 162 1333 0 0
 163 1333 0 0
 164 1334 0 0
 165 1333 0 0
 166 1329 0 0
 167 1331 0 0
 168 1326 0 0
 169 1337 0 0
 170 1334 0 0
 171 1335 0 0
 172 1333 0 0
 173 1330 0 0
 174 1321 0 0
 175 1329 0 0
 176 1336 0 0
 177 1332 0 0
 178 1332 0 0
 179 1329 0 0
 180 1329 0 0
 181 1331 0 0
 182 1324 0 0
 183 1327 0 0
 184 1325 0 0
 185 1325 0 0
 186 1332 0 0
 187 1328 0 0
 188 1329 0 0
 189 1327 0 0
 190 1328 0 0
 191 1330 0 0
 192 1324 0 0
 193 1326 0 0
 194 1327 0 0
 195 1322 0 0
 196 1324 0 0
 197 1323 0 0
 198 1328 0 0
 199 1326 0 0
 200 1322 0 0
 201 1329 0 0
 202 1326 0 0
 203 1325 0 0
 204 1328 0 0
 205 1326 0 0
 206 1328 0 0
 207 1327 0 0
 208 1325 0 0
 209 1324 0 0
 210 1320 0 0
 211 1320 0 0
 212 1324 0 0
 213 1326 0 0
 214 1324 0 0
 215 1329 0 0
 216 1329 0 0
 217 1326 0 0
 218 1320 0 0
 219 1322 0 0
 220 1324 0 0
 221 1320 0 0
 222 1322 0 0
 223 1318 0 0
 224 1317 0 0
 225 1318 0 0
 226 1323 0 0
 227 1324 0 0
 228 1315 0 0
 229 1327 0 0
 230 1323 0 0
 231 1318 0 0
 232 1323 0 0
 233 1317 0 0
 234 1318 0 0
 235 1324 0 0
 236 1318 0 0
 237 1320 0 0
 238 1318 0 0
 239 1324 0 0
 240 1322 0 0
 241 1321 0 0
 242 1314 0 0
 243 1321 0 0
 244 1322 0 0
 245 1313 0 0
 246 1313 0 0
 247 1318 0 0
 248 1314 0 0
 249 1317 0 0
 250 1306 0 0
 251 1310 0 0
 252 1314 0 0
 253 1311 0 0
 254 1308 0 0
 255 1356 0 0
[END] of [DATA]
[END] of [Spectrum]


#TBID:2021-05-07 03:00:00;SAM_84CE;CALIBRATED;

[Spectrum]
Version            = 1
IDData             = 96B1_2021-05-07_03-00-00_000_923
IDDevice           = SAM_84CE
IDDataType         = SPECTRUM
IDDataTypeSub1     = CALIBRATED
IDDataTypeSub2     = 
IDDataTypeSub3     = 
DateTime           = 2021-05-07 03:00:00
PositionLatitude   = 0
PositionLongitude  = 0
Comment            = 
CommentSub1        = 
CommentSub2        = 
CommentSub3        = 
IDMethodType       = SAM Control
MethodName         = SAM_84CE
Mission            = No Mission
MissionSub         = 1
RecordType         = 0
[Attributes]
CalFactor = 1
IDBasisSpec = 
IDDataBack = DLAB_2015-08-21_11-56-43_233_004
IDDataCal = DLAB_2015-08-26_10-05-37_585_478
IntegrationTime = 4096
P31 = -1
P31e = 0
PathLength = +INF
PathLengthCustomOn = 0
RAWDynamic = 65535
Salinity = 0
Temperature = -NAN
Unit1 = $01 $01 Wavelength nm
Unit2 = $03 $06 Intensity mW/(m^2 nm)
Unit3 = $f0 $06 Error mW/(m^2 nm)
Unit4 = $f1 $00 Status 
p999 = 991
[END] of [Attributes]
[DATA]
 0 11 0 0
 303.485180022 0 0 0
 306.85638880275 0 0 0
 310.228324544 0 0 0
 313.60097308125 0 0 0
 316.97432025 0.00866043257064963 0 0
 320.34835188575 0.00899084721553005 0 0
 323.723053824 0.00671270516371704 0 0
 327.09841190025 0.0107356713887816 0 0
 330.47441195 0.00790644986248834 0 0
 333.85103980875 0.00692475859476456 0 0
 337.228281312 0.006254369679145 0 0
 340.60612229525 0.00639511356141567 0 0
 343.984548594 0.00601453811223576 0 0
 347.36354604375 0.00488386318541267 0 0
 350.74310048 0.00615671883636728 0 0
 354.12319773825 0.00462062045959292 0 0
 357.503823654 0.00556741997206312 0 0
 360.88496406275 0.00516117558731818 0 0
 364.2666048 0.00582063772779922 0 0
 367.64873170125 0.00461941303302074 0 0
 371.031330602 0.00491091069865498 0 0
 374.41438733775 0.00472387511071065 0 0
 377.797887744 0.00360666135200527 0 0
 381.18181765625 0.00595771693604703 0 0
 384.56616291 0.00558392480384124 0 0
 387.95090934075 0.00462660018658759 0 0
 391.336042784 0.00428166111228952 0 0
 394.72154907525 0.00563123223494161 0 0
 398.10741405 0.00557566440921209 0 0
 401.49362354375 0.00525664538751179 0 0
 404.880163392 0.00462194584229996 0 0
 408.26701943025 0.00467381083072417 0 0
 411.654177494 0.00479637410886849 0 0
 415.04162341875 0.00402009185650773 0 0
 418.42934304 0.00423748667755077 0 0
 421.81732219325 0.00345289252130555 0 0
 425.205546714 0.00413785478208256 0 0
 428.59400243775 0.00312527920948688 0 0
 431.9826752 0.00330744456112591 0 0
 435.37155083625 0.00323201618995853 0 0
 438.760615182 0.00270491860381672 0 0
 442.14985407275 0.00286338201532582 0 0
 445.539253344 0.00296118771250644 0 0
 448.92879883125 0.00324073207066489 0 0
 452.31847637 0.00368531615268766 0 0
 455.70827179575 0.00264075661341613 0 0
 459.098170944 0.00303966048855292 0 0
 462.48815965025 0.00318793200124726 0 0
 465.87822375 0.00329708151175215 0 0
 469.26834907875 0.00359032526383827 0 0
 472.658521472 0.00464428663510456 0 0
 476.04872676525 0.0043459561980427 0 0
 479.438950794 0.00325156009564735 0 0
 482.82917939375 0.0031815374923113 0 0
 486.2193984 0.00350781230366217 0 0
 489.60959364825 0.00470732675400562 0 0
 492.999750974 0.00424763480824313 0 0
 496.38985621275 0.00332647218234248 0 0
 499.7798952 0.00333115490886954 0 0
 503.16985377125 0.00389562282902268 0 0
 506.559717762 0.00429892161361138 0 0
 509.94947300775 0.00361640643049216 0 0
 513.339105344 0.00315216867703019 0 0
 516.72860060625 0.00298103118993368 0 0
 520.11794463 0.00354326965416302 0 0
 523.50712325075 0.00305410240543019 0 0
 526.896122304 0.00316696169236524 0 0
 530.28492762525 0.00297249530834847 0 0
 533.67352505 0.0036340598127297 0 0
 537.06190041375 0.00405465642933988 0 0
 540.450039552 0.00296984127643218 0 0
 543.83792830025 0.00353933141852296 0 0
 547.225552494 0.00277342372943836 0 0
 550.61289796875 0.00299364528835432 0 0
 553.99995056 0.00332810784420491 0 0
 557.38669610325 0.00203105144312912 0 0
 560.773120434 0.00345192036195958 0 0
 564.15920938775 0.00342725086083864 0 0
 567.5449488 0.00258972501078257 0 0
 570.93032450625 0.00304482431491389 0 0
 574.315322342 0.00336124201380569 0 0
 577.69992814275 0.00382462737134916 0 0
 581.084127744 0.00418623672961438 0 0
 584.46790698125 0.00390412733459765 0 0
 587.85125169 0.00386655946833602 0 0
 591.23414770575 0.00358175767607216 0 0
 594.616580864 0.00402388478002803 0 0
 597.99853700025 0.00403012546051917 0 0
 601.38000195 0.00420234594603383 0 0
 604.76096154875 0.00375454206195864 0 0
 608.141401632 0.00415300184519847 0 0
 611.52130803525 0.00371650419555524 0 0
 614.900666594 0.0028369240735839 0 0
 618.27946314375 0.00374078273021927 0 0
 621.65768352 0.00404152126619234 0 0
 625.03531355825 0.00475037882772942 0 0
 628.412339094 0.00410759908702347 0 0
 631.78874596275 0.00362390381985285 0 0
 635.16452 0.00402113616014408 0 0
 638.53964704125 0.00361027077787323 0 0
 641.914112922 0.0046356794331567 0 0
 645.28790347775 0.00529111966669034 0 0
 648.661004544 0.00336098692609822 0 0
 652.03340195625 0.00474361241669832 0 0
 655.40508155 0.00521401424129801 0 0
 658.77602916075 0.00585498951381564 0 0
 662.146230624 0.00611594400584583 0 0
 665.51567177525 0.00536171125891378 0 0
 668.88433845 0.00511651472682373 0 0
 672.25221648375 0.00483309337879069 0 0
 675.619291712 0.00452919795390581 0 0
 678.98554997025 0.00526257636933499 0 0
 682.350977094 0.00532262917605412 0 0
 685.71555891875 0.00494133970977834 0 0
 689.07928128 0.0051451581836578 0 0
 692.44213001325 0.00459580074586312 0 0
 695.804090954 0.00472197397234675 0 0
 699.16514993775 0.00485844032014954 0 0
 702.5252928 0.00557650115184604 0 0
 705.88450537625 0.00519723256106457 0 0
 709.242773502 0.00539128748740704 0 0
 712.60008301275 0.00480489042994143 0 0
 715.956419744 0.00617922479078505 0 0
 719.31176953125 0.00553519223801898 0 0
 722.66611821 0.00473024146270081 0 0
 726.01945161575 0.00455663593857957 0 0
 729.371755584 0.00542981923853219 0 0
 732.72301595025 0.00563051511738128 0 0
 736.07321855 0.00402085833175045 0 0
 739.42234921875 0.00549110211303223 0 0
 742.770393792 0.00527023910857827 0 0
 746.11733810525 0.00542056996464438 0 0
 749.463167994 0.00535257195055097 0 0
 752.80786929375 0.00459521580830063 0 0
 756.15142784 0.00530900906460285 0 0
 759.49382946825 0.00575547211944365 0 0
 762.835060014 0.00385419612804993 0 0
 766.17510531275 0.00580684262109356 0 0
 769.5139512 0.00598586852702698 0 0
 772.85158351125 0.00584697545484252 0 0
 776.187988082 0.00566390512162594 0 0
 779.52315074775 0.00599337918230322 0 0
 782.857057344 0.0070577368904299 0 0
 786.18969370625 0.00554356579684768 0 0
 789.52104567 0.00494805010945068 0 0
 792.85109907075 0.00574337080475632 0 0
 796.179839744 0.00625288714333702 0 0
 799.50725352525 0.00570944863011739 0 0
 802.83332625 0.0077035781758176 0 0
 806.15804375375 0.00727892975760051 0 0
 809.481391872 0.0086440674775922 0 0
 812.80335644025 0.006396999488484 0 0
 816.123923294 0.00794673641245451 0 0
 819.44307826875 0.00954885948579965 0 0
 822.7608072 0.00760933139955485 0 0
 826.07709592325 0.00793988889773191 0 0
 829.391930274 0.00690524180416053 0 0
 832.70529608775 0.0106177699236628 0 0
 836.0171792 0.00988599502228469 0 0
 839.32756544625 0.00878187389547494 0 0
 842.636440662 0.0098154615824745 0 0
 845.94379068275 0.00921468547663431 0 0
 849.249601344 0.0101968169102008 0 0
 852.55385848125 0.0108892032335759 0 0
 855.85654793 0.0126149863497337 0 0
 859.15765552575 0.0111124055111603 0 0
 862.457167104 0.0113645611141422 0 0
 865.75506850025 0.00868593178405693 0 0
 869.05134555 0.0145213422960785 0 0
 872.34598408875 0.0119823498315781 0 0
 875.638969952 0.012281926599102 0 0
 878.93028897525 0.0136726239984919 0 0
 882.219926994 0.0123347889251424 0 0
 885.50786984375 0.00815792165659868 0 0
 888.79410336 0.0112391948546032 0 0
 892.07861337825 0.019122710869273 0 0
 895.361385734 0.0153908743783855 0 0
 898.64240626275 0.0127415291198825 0 0
 901.9216608 0.011614027027585 0 0
 905.19913518125 0.0107481568524608 0 0
 908.474815242 0.0155638657617219 0 0
 911.74868681775 0.00887113402441169 0 0
 915.020735744 0.0237137593385112 0 0
 918.29094785625 0.0197853025386701 0 0
 921.55930899 0.0122133006266734 0 0
 924.82580498075 0.0186741794901912 0 0
 928.090421664 0.0106680087250095 0 0
 931.35314487525 0.0225638353563732 0 0
 934.61396045 0.0195294619781864 0 0
 937.87285422375 0.0215603454590057 0 0
 941.129812032 0.0202808145371308 0 0
 944.38481971025 0.0160580369916764 0 0
 947.637863094 0.0200491746431325 0 0
 950.88892801875 0.0267937983499823 0 0
 954.13800032 0 0 0
 957.38506583325 0 0 0
 960.630110394 0 0 0
 963.87311983775 0 0 0
 967.11408 0 0 0
 970.35297671625 0 0 0
 973.589795822 0 0 0
 976.82452315275 0 0 0
 980.057144544 0 0 0
 983.28764583125 0 0 0
 986.51601285 0 0 0
 989.74223143575 0 0 0
 992.966287424 0 0 0
 996.18816665025 0 0 0
 999.40785495 0 0 0
 1002.62533815875 0 0 0
 1005.840602112 0 0 0
 1009.05363264525 0 0 0
 1012.264415594 0 0 0
 1015.47293679375 0 0 0
 1018.67918208 0 0 0
 1021.88313728825 0 0 0
 1025.084788254 0 0 0
 1028.28412081275 0 0 0
 1031.4811208 0 0 0
 1034.67577405125 0 0 0
 1037.868066402 0 0 0
 1041.05798368775 0 0 0
 1044.245511744 0 0 0
 1047.43063640625 0 0 0
 1050.61334351 0 0 0
 1053.79361889075 0 0 0
 1056.971448384 0 0 0
 1060.14681782525 0 0 0
 1063.31971305 0 0 0
 1066.49011989375 0 0 0
 1069.658024192 0 0 0
 1072.82341178025 0 0 0
 1075.986268494 0 0 0
 1079.14658016875 0 0 0
 1082.30433264 0 0 0
 1085.45951174325 0 0 0
 1088.612103314 0 0 0
 1091.76209318775 0 0 0
 1094.9094672 0 0 0
 1098.05421118625 0 0 0
 1101.196310982 0 0 0
 1104.33575242275 0 0 0
 1107.472521344 0 0 0
 1110.60660358125 0 0 0
 1113.73798497 0 0 0
 1116.86665134575 0 0 0
 1119.992588544 0 0 0
 1123.11578240025 0 0 0
 1126.23621875 0 0 0
 1129.35388342875 0 0 0
 1132.468762272 0 0 0
 1135.58084111525 0 0 0
 1138.690105794 0 0 0
 1141.79654214375 0 0 0
 1144.900136 0 0 0
[END] of [DATA]
[END] of [Spectrum]


#TBID:2021-05-07 03:00:00;SAM_84C8;RAW;

[Spectrum]
Version            = 1
IDData             = 96B1_2021-05-07_03-00-00_000_925
IDDevice           = SAM_84C8
IDDataType         = SPECTRUM
IDDataTypeSub1     = RAW
IDDataTypeSub2     = 
IDDataTypeSub3     = 
DateTime           = 2021-05-07 03:00:00
PositionLatitude   = 0
PositionLongitude  = 0
Comment            = 
CommentSub1        = 
CommentSub2        = 
CommentSub3        = 
IDMethodType       = SAM Control
MethodName         = SAM_84C8
Mission            = No Mission
MissionSub         = 1
RecordType         = 0
[Attributes]
CalFactor = 1
IDBasisSpec = 
IDDataBack = DLAB_2015-08-21_12-14-03_013_778
IDDataCal = DLAB_2015-08-24_11-04-47_772_747
IntegrationTime = 4096
P31 = -1
P31e = 0
PathLength = +INF
PathLengthCustomOn = 0
RAWDynamic = 65535
Salinity = 0
Temperature = -NAN
Unit1 = $05 $00 Pixel 
Unit2 = $03 $05 Intensity counts
Unit3 = $f0 $05 Error counts
Unit4 = $f1 $00 Status 
p999 = 991
[END] of [Attributes]
[DATA]
 0 11 0 0
 1 1294 0 0
 2 1287 0 0
 3 1285 0 0
 4 1297 0 0
 5 1295 0 0
 6 1296 0 0
 7 1288 0 0
 8 1294 0 0
 9 1297 0 0
 10 1292 0 0
 11 1297 0 0
 12 1296 0 0
 13 1294 0 0
 14 1298 0 0
 15 1293 0 0
 16 1298 0 0
 17 1300 0 0
 18 1299 0 0
 19 1300 0 0
 20 1301 0 0
 21 1304 0 0
 22 1305 0 0
 23 1304 0 0
 24 1301 0 0
 25 1300 0 0
 26 1297 0 0
 27 1307 0 0
 28 1304 0 0
 29 1301 0 0
 30 1307 0 0
 31 1302 0 0
 32 1307 0 0
 33 1302 0 0
 34 1298 0 0
 35 1298 0 0
 36 1304 0 0
 37 1310 0 0
 38 1302 0 0
 39 1303 0 0
 40 1298 0 0
 41 1302 0 0
 42 1300 0 0
 43 1306 0 0
 44 1297 0 0
 45 1305 0 0
 46 1307 0 0
 47 1304 0 0
 48 1308 0 0
 49 1307 0 0
 50 1303 0 0
 51 1303 0 0
 52 1305 0 0
 53 1298 0 0
 54 1295 0 0
 55 1308 0 0
 56 1306 0 0
 57 1309 0 0
 58 1305 0 0
 59 1303 0 0
 60 1304 0 0
 61 1308 0 0
 62 1316 0 0
 63 1309 0 0
 64 1301 0 0
 65 1308 0 0
 66 1306 0 0
 67 1304 0 0
 68 1314 0 0
 69 1304 0 0
 70 1307 0 0
 71 1307 0 0
 72 1311 0 0
 73 1304 0 0
 74 1305 0 0
 75 1308 0 0
 76 1308 0 0
 77 1311 0 0
 78 1311 0 0
 79 1306 0 0
 80 1308 0 0
 81 1309 0 0
 82 1311 0 0
 83 1307 0 0
 84 1307 0 0
 85 1313 0 0
 86 1306 0 0
 87 1316 0 0
 88 1306 0 0
 89 1307 0 0
 90 1320 0 0
 91 1314 0 0
 92 1308 0 0
 93 1309 0 0
 94 1314 0 0
 95 1313 0 0
 96 1313 0 0
 97 1307 0 0
 98 1309 0 0
 99 1310 0 0
 100 1316 0 0
 101 1314 0 0
 102 1312 0 0
 103 1309 0 0
 104 1311 0 0
 105 1314 0 0
 106 1312 0 0
 107 1311 0 0
 108 1302 0 0
 109 1310 0 0
 110 1322 0 0
 111 1317 0 0
 112 1309 0 0
 113 1314 0 0
 114 1314 0 0
 115 1313 0 0
 116 1318 0 0
 117 1308 0 0
 118 1314 0 0
 119 1314 0 0
 120 1316 0 0
 121 1314 0 0
 122 1307 0 0
 123 1316 0 0
 124 1307 0 0
 125 1309 0 0
 126 1316 0 0
 127 1320 0 0
 128 1308 0 0
 129 1314 0 0
 130 1314 0 0
 131 1310 0 0
 132 1315 0 0
 133 1348 0 0
 134 1314 0 0
 135 1311 0 0
 136 1313 0 0
 137 1317 0 0
 138 1314 0 0
 139 1318 0 0
 140 1313 0 0
 141 1312 0 0
 142 1312 0 0
 143 1314 0 0
 144 1317 0 0
 145 1319 0 0
 146 1311 0 0
 147 1311 0 0
 148 1314 0 0
 149 1312 0 0
 150 1311 0 0
 151 1316 0 0
 152 1319 0 0
 153 1312 0 0
 154 1315 0 0
 155 1315 0 0
 156 1316 0 0
 157 1317 0 0
 158 1313 0 0
 159 1315 0 0
 160 1316 0 0
 161 1307 0 0
 162 1311 0 0
 163 1315 0 0
 164 1306 0 0
 165 1313 0 0
 166 1313 0 0
 167 1315 0 0
 168 1314 0 0
 169 1316 0 0
 170 1317 0 0
 171 1313 0 0
 172 1313 0 0
 173 1311 0 0
 174 1311 0 0
 175 1314 0 0
 176 1313 0 0
 177 1315 0 0
 178 1309 0 0
 179 1314 0 0
 180 1310 0 0
 181 1318 0 0
 182 1315 0 0
 183 1311 0 0
 184 1311 0 0
 185 1319 0 0
 186 1315 0 0
 187 1323 0 0
 188 1313 0 0
 189 1308 0 0
 190 1308 0 0
 191 1312 0 0
 192 1318 0 0
 193 1308 0 0
 194 1318 0 0
 195 1314 0 0
 196 1314 0 0
 197 1315 0 0
 198 1315 0 0
 199 1310 0 0
 200 1307 0 0
 201 1317 0 0
 202 1313 0 0
 203 1311 0 0
 204 1318 0 0
 205 1315 0 0
 206 1309 0 0
 207 1312 0 0
 208 1313 0 0
 209 1309 0 0
 210 1306 0 0
 211 1314 0 0
 212 1311 0 0
 213 1315 0 0
 214 1313 0 0
 215 1314 0 0
 216 1312 0 0
 217 1316 0 0
 218 1309 0 0
 219 1310 0 0
 220 1314 0 0
 221 1316 0 0
 222 1315 0 0
 223 1305 0 0
 224 1317 0 0
 225 1317 0 0
 226 1314 0 0
 227 1313 0 0
 228 1313 0 0
 229 1309 0 0
 230 1314 0 0
 231 1313 0 0
 232 1309 0 0
 233 1310 0 0
 234 1314 0 0
 235 1313 0 0
 236 1311 0 0
 237 1316 0 0
 238 1306 0 0
 239 1314 0 0
 240 1313 0 0
 241 1317 0 0
 242 1313 0 0
 243 1313 0 0
 244 1316 0 0
 245 1313 0 0
 246 1312 0 0
 247 1309 0 0
 248 1314 0 0
 249 1316 0 0
 250 1310 0 0
 251 1306 0 0
 252 1305 0 0
 253 1299 0 0
 254 1302 0 0
 255 1352 0 0
[END] of [DATA]
[END] of [Spectrum]


#TBID:2021-05-07 03:00:00;SAM_84C8;CALIBRATED;

[Spectrum]
Version            = 1
IDData             = 96B1_2021-05-07_03-00-00_000_926
IDDevice           = SAM_84C8
IDDataType         = SPECTRUM
IDDataTypeSub1     = CALIBRATED
IDDataTypeSub2     = 
IDDataTypeSub3     = 
DateTime           = 2021-05-07 03:00:00
PositionLatitude   = 0
PositionLongitude  = 0
Comment            = 
CommentSub1        = 
CommentSub2        = 
CommentSub3        = 
IDMethodType       = SAM Control
MethodName         = SAM_84C8
Mission            = No Mission
MissionSub         = 1
RecordType         = 0
[Attributes]
CalFactor = 1
IDBasisSpec = 
IDDataBack = DLAB_2015-08-21_12-14-03_013_778
IDDataCal = DLAB_2015-08-24_11-04-47_772_747
IntegrationTime = 4096
P31 = -1
P31e = 0
PathLength = +INF
PathLengthCustomOn = 0
RAWDynamic = 65535
Salinity = 0
Temperature = -NAN
Unit1 = $01 $01 Wavelength nm
Unit2 = $03 $03 Intensity mW/(m^2 nm Sr)
Unit3 = $f0 $03 Error mW/(m^2 nm Sr)
Unit4 = $f1 $00 Status 
p999 = 991
[END] of [Attributes]
[DATA]
 0 11 0 0
 303.516048156 0 0 0
 306.890006053 0 0 0
 310.26457112 0 0 0
 313.639731825 0 0 0
 317.015476636 -0.000412475382297254 0 0
 320.391794021 -0.000436083007536059 0 0
 323.768672448 -0.000546384477600037 0 0
 327.146100385 -0.000224716560674569 0 0
 330.5240663 -0.000163113115049674 0 0
 333.902558661 -0.000113120489581197 0 0
 337.281565936 -0.000236951418634667 0 0
 340.661076593 -0.00035650591203915 0 0
 344.0410791 -0.000162965216943583 0 0
 347.421561925 -5.5761032359369e-005 0 0
 350.802513536 -0.000234959645665526 0 0
 354.183922401 -0.000117710563599887 0 0
 357.565776988 -0.000117624073208822 0 0
 360.948065765 -0.000100500298743639 0 0
 364.3307772 -9.02493353161279e-005 0 0
 367.713899761 -6.58004693732837e-006 0 0
 371.097421916 -3.57918390983313e-007 0 0
 374.481332133 -1.40387482239216e-005 0 0
 377.86561888 -4.38489360549811e-005 0 0
 381.250270625 -0.000140287201608231 0 0
 384.635275836 -9.43302449832253e-005 0 0
 388.020622981 -5.53144304345195e-006 0 0
 391.406300528 9.93644553778201e-005 0 0
 394.792296945 -4.12301419392475e-005 0 0
 398.1786007 -5.34315072209277e-005 0 0
 401.565200261 -7.26958848926234e-006 0 0
 404.952084096 -4.44719162363984e-005 0 0
 408.339240673 4.56648238100638e-005 0 0
 411.72665846 3.15567480945905e-005 0 0
 415.114325925 -4.25269507791839e-005 0 0
 418.502231536 -1.5490432734941e-005 0 0
 421.890363761 -8.41735786157514e-006 0 0
 425.278711068 -7.59715822653657e-005 0 0
 428.667261925 -4.36185134409644e-005 0 0
 432.0560048 5.68160624076704e-005 0 0
 435.444928161 -3.44072949679589e-005 0 0
 438.834020476 -3.01430674046133e-005 0 0
 442.223270213 -1.54826292274133e-005 0 0
 445.61266584 1.0476565982311e-005 0 0
 449.002195825 -3.16899115221651e-005 0 0
 452.391848636 -4.3648365054636e-005 0 0
 455.781612741 2.55742491568072e-005 0 0
 459.171476608 1.23796425192159e-005 0 0
 462.561428705 1.91245663839163e-005 0 0
 465.9514575 -3.98246524408609e-005 0 0
 469.341551461 2.36843064473924e-005 0 0
 472.731699056 -5.52804429516128e-005 0 0
 476.121888753 -2.13954132207455e-005 0 0
 479.51210902 -8.15133070979948e-005 0 0
 482.902348325 1.72944588572477e-005 0 0
 486.292595136 4.43906227886437e-005 0 0
 489.682837921 -8.46437512672244e-006 0 0
 493.073065148 -2.1403521789691e-005 0 0
 496.463265285 1.75491309152819e-005 0 0
 499.8534268 6.42331069960621e-005 0 0
 503.243538161 3.80328506671459e-005 0 0
 506.633587836 4.86663686129053e-005 0 0
 510.023564293 -5.26336749340218e-006 0 0
 513.413456 7.67938065831899e-007 0 0
 516.803251425 3.31313413137885e-005 0 0
 520.192939036 7.55105462798311e-005 0 0
 523.582507301 -2.96493546167019e-005 0 0
 526.971944688 -2.28171549504138e-005 0 0
 530.361239665 4.38576349290015e-005 0 0
 533.7503807 5.10311750544718e-006 0 0
 537.139356261 -4.06918915052126e-005 0 0
 540.528154816 2.87921742497756e-006 0 0
 543.916764833 -1.55443502552131e-005 0 0
 547.30517478 -2.32306751567608e-005 0 0
 550.693373125 3.03276479818807e-008 0 0
 554.081348336 5.63261756435212e-006 0 0
 557.469088881 1.11375972491067e-005 0 0
 560.856583228 4.37713059443467e-005 0 0
 564.243819845 4.43235173293466e-005 0 0
 567.6307872 -2.52984757441807e-005 0 0
 571.017473761 3.99916848367368e-006 0 0
 574.403867996 4.86345466672445e-005 0 0
 577.789958373 -2.13956019582238e-005 0 0
 581.17573336 -3.92143944146969e-005 0 0
 584.561181425 -6.06439372933695e-005 0 0
 587.946291036 0.000110377042439775 0 0
 591.331050661 -7.63315702052476e-008 0 0
 594.715448768 8.33770523669329e-005 0 0
 598.099473825 -7.46044389388635e-006 0 0
 601.4831143 3.03754193757342e-005 0 0
 604.866358661 9.43051217369005e-005 0 0
 608.249195376 5.54148200230094e-005 0 0
 611.631612913 -3.12940198415764e-005 0 0
 615.01359974 7.86986635421763e-005 0 0
 618.395144325 -1.07247857693164e-006 0 0
 621.776235136 8.50820823861275e-005 0 0
 625.156860641 -8.37768842061039e-006 0 0
 628.537009308 -1.83961158150522e-005 0 0
 631.916669605 3.57168380179877e-005 0 0
 635.29583 8.28172142482275e-005 0 0
 638.674478961 1.41532837635585e-005 0 0
 642.052604956 -9.47285823982442e-005 0 0
 645.430196453 -3.32724576585509e-006 0 0
 648.80724192 3.24294458715986e-005 0 0
 652.183729825 6.17540812289037e-005 0 0
 655.559648636 -3.16156396637932e-005 0 0
 658.934986821 0.000118605494817541 0 0
 662.309732848 5.02055949984715e-005 0 0
 665.683875185 -3.27126691573089e-005 0 0
 669.0574023 9.11047632819972e-005 0 0
 672.430302661 0.000131574678318808 0 0
 675.802564736 -0.000120032540432517 0 0
 679.174176993 -4.99614654362618e-005 0 0
 682.5451279 6.02572504723144e-005 0 0
 685.915405925 9.04799002061426e-005 0 0
 689.284999536 -6.78495084875133e-005 0 0
 692.653897201 -1.46260168310791e-005 0 0
 696.022087388 1.94090570178968e-007 0 0
 699.389558565 0.000158148395751852 0 0
 702.7562992 -3.55297498694652e-005 0 0
 706.122297761 0.000275903427301037 0 0
 709.487542716 8.92930190785371e-005 0 0
 712.852022533 6.68153248668666e-005 0 0
 716.21572568 0.000218682888591361 0 0
 719.578640625 3.5703131711461e-005 0 0
 722.940755836 -2.71629598410646e-005 0 0
 726.302059781 0.000138719306639575 0 0
 729.662540928 1.7449084750447e-005 0 0
 733.022187745 2.46874878689545e-005 0 0
 736.3809887 4.37948174594129e-005 0 0
 739.738932261 0.00020372526046726 0 0
 743.096006896 -6.64488384299261e-005 0 0
 746.452201073 8.68122721298805e-005 0 0
 749.80750326 -0.000569798654435184 0 0
 753.161901925 -1.14611033440716e-005 0 0
 756.515385536 4.43643841640223e-005 0 0
 759.867942561 8.38634794402129e-005 0 0
 763.219561468 0.000108416579641847 0 0
 766.570230725 0.000182489489343618 0 0
 769.9199388 4.37015553348736e-005 0 0
 773.268674161 6.48744496988486e-005 0 0
 776.616425276 0.000126515889243495 0 0
 779.963180613 -3.39125929256941e-005 0 0
 783.30892864 0.000114580091420564 0 0
 786.653657825 -1.56705081549305e-005 0 0
 789.997356636 0.000170677204510244 0 0
 793.340013541 -8.10704794203519e-005 0 0
 796.681617008 0.000118840112940676 0 0
 800.022155505 2.39465454124508e-005 0 0
 803.3616175 0.000140591182299601 0 0
 806.699991461 4.93973116487575e-005 0 0
 810.037265856 0.000185002992681927 0 0
 813.373429153 0.000147899761237433 0 0
 816.70846982 0.000107226723052835 0 0
 820.042376325 0.000348789896965658 0 0
 823.375137136 0.000458091130926817 0 0
 826.706740721 0.00020620527963983 0 0
 830.037175548 0.00016536230942985 0 0
 833.366430085 5.69290778389616e-005 0 0
 836.6944928 0.000354319129743682 0 0
 840.021352161 0.000132296580822212 0 0
 843.346996636 -0.000130249298502678 0 0
 846.671414693 -8.21163528348092e-005 0 0
 849.9945948 0.000296886394999401 0 0
 853.316525425 0.000115968568141339 0 0
 856.637195036 -8.98649987860757e-005 0 0
 859.956592101 8.06079924371633e-005 0 0
 863.274705088 -3.29209533563173e-005 0 0
 866.591522465 8.51496668054985e-005 0 0
 869.9070327 0.000587672095923519 0 0
 873.221224261 0.0002640000021394 0 0
 876.534085616 0.000357851650773379 0 0
 879.845605233 8.31729738917307e-005 0 0
 883.15577158 0.00102224049451177 0 0
 886.464573125 0.000458684974761136 0 0
 889.771998336 -0.000326732139252965 0 0
 893.078035681 0.000514787543317676 0 0
 896.382673628 0.000605130415136556 0 0
 899.685900645 0.000306424660610371 0 0
 902.9877052 0.000270950541610717 0 0
 906.288075761 -0.000559253356533681 0 0
 909.587000796 0.000704704868591467 0 0
 912.884468773 0.000375276887354699 0 0
 916.18046816 -3.92765411124034e-005 0 0
 919.474987425 0.000811309143082458 0 0
 922.768015036 0.00106432715889258 0 0
 926.059539461 0.00115286003110135 0 0
 929.349549168 0.00103257232242292 0 0
 932.638032625 0.00071796285849413 0 0
 935.9249783 -0.000217649616433378 0 0
 939.210374661 0.00106515355117791 0 0
 942.494210176 0.00038429805933853 0 0
 945.776473313 0.00072077903282523 0 0
 949.05715254 0.00135437253855474 0 0
 952.336236325 0.00122703781661582 0 0
 955.613713136 0 0 0
 958.889571441 0 0 0
 962.163799708 0 0 0
 965.436386405 0 0 0
 968.70732 0 0 0
 971.976588961 0 0 0
 975.244181756 0 0 0
 978.510086853 0 0 0
 981.77429272 0 0 0
 985.036787825 0 0 0
 988.297560636 0 0 0
 991.556599621 0 0 0
 994.813893248 0 0 0
 998.069429985 0 0 0
 1001.3231983 0 0 0
 1004.575186661 0 0 0
 1007.825383536 0 0 0
 1011.073777393 0 0 0
 1014.3203567 0 0 0
 1017.565109925 0 0 0
 1020.808025536 0 0 0
 1024.049092001 0 0 0
 1027.288297788 0 0 0
 1030.525631365 0 0 0
 1033.7610812 0 0 0
 1036.994635761 0 0 0
 1040.226283516 0 0 0
 1043.456012933 0 0 0
 1046.68381248 0 0 0
 1049.909670625 0 0 0
 1053.133575836 0 0 0
 1056.355516581 0 0 0
 1059.575481328 0 0 0
 1062.793458545 0 0 0
 1066.0094367 0 0 0
 1069.223404261 0 0 0
 1072.435349696 0 0 0
 1075.645261473 0 0 0
 1078.85312806 0 0 0
 1082.058937925 0 0 0
 1085.262679536 0 0 0
 1088.464341361 0 0 0
 1091.663911868 0 0 0
 1094.861379525 0 0 0
 1098.0567328 0 0 0
 1101.249960161 0 0 0
 1104.441050076 0 0 0
 1107.629991013 0 0 0
 1110.81677144 0 0 0
 1114.001379825 0 0 0
 1117.183804636 0 0 0
 1120.364034341 0 0 0
 1123.542057408 0 0 0
 1126.717862305 0 0 0
 1129.8914375 0 0 0
 1133.062771461 0 0 0
 1136.231852656 0 0 0
 1139.398669553 0 0 0
 1142.56321062 0 0 0
 1145.725464325 0 0 0
 1148.885419136 0 0 0
[END] of [DATA]
[END] of [Spectrum]

