
#TBID:2021-12-20 00:30:00;SAM_84DC;RAW;

[Spectrum]
Version            = 1
IDData             = 96B1_2021-12-20_00-30-00_000_122
IDDevice           = SAM_84DC
IDDataType         = SPECTRUM
IDDataTypeSub1     = RAW
IDDataTypeSub2     = 
IDDataTypeSub3     = 
DateTime           = 2021-12-20 00:30:00
PositionLatitude   = 0
PositionLongitude  = 0
Comment            = 
CommentSub1        = 
CommentSub2        = 
CommentSub3        = 
IDMethodType       = SAM Control
MethodName         = SAM_84DC
Mission            = No Mission
MissionSub         = 1
RecordType         = 0
[Attributes]
CalFactor = 1
IDBasisSpec = 
IDDataBack = DLAB_2015-08-21_13-19-54_137_939
IDDataCal = DLAB_2015-08-24_10-46-55_592_608
IntegrationTime = 4096
P31 = -1
P31e = 0
PathLength = +INF
PathLengthCustomOn = 0
RAWDynamic = 65535
Salinity = 0
Temperature = -NAN
Unit1 = $05 $00 Pixel 
Unit2 = $03 $05 Intensity counts
Unit3 = $f0 $05 Error counts
Unit4 = $f1 $00 Status 
p999 = 1811
[END] of [Attributes]
[DATA]
 0 11 0 0
 1 1230 0 0
 2 1216 0 0
 3 1231 0 0
 4 1234 0 0
 5 1227 0 0
 6 1227 0 0
 7 1230 0 0
 8 1236 0 0
 9 1241 0 0
 10 1236 0 0
 11 1237 0 0
 12 1232 0 0
 13 1236 0 0
 14 1236 0 0
 15 1230 0 0
 16 1238 0 0
 17 1236 0 0
 18 1231 0 0
 19 1238 0 0
 20 1240 0 0
 21 1240 0 0
 22 1241 0 0
 23 1239 0 0
 24 1238 0 0
 25 1238 0 0
 26 1238 0 0
 27 1238 0 0
 28 1236 0 0
 29 1235 0 0
 30 1238 0 0
 31 1247 0 0
 32 1243 0 0
 33 1244 0 0
 34 1243 0 0
 35 1241 0 0
 36 1246 0 0
 37 1243 0 0
 38 1241 0 0
 39 1245 0 0
 40 1250 0 0
 41 1246 0 0
 42 1247 0 0
 43 1252 0 0
 44 1248 0 0
 45 1247 0 0
 46 1248 0 0
 47 1249 0 0
 48 1244 0 0
 49 1246 0 0
 50 1246 0 0
 51 1250 0 0
 52 1243 0 0
 53 1250 0 0
 54 1245 0 0
 55 1245 0 0
 56 1247 0 0
 57 1250 0 0
 58 1240 0 0
 59 1243 0 0
 60 1250 0 0
 61 1250 0 0
 62 1246 0 0
 63 1244 0 0
 64 1246 0 0
 65 1244 0 0
 66 1242 0 0
 67 1248 0 0
 68 1246 0 0
 69 1242 0 0
 70 1246 0 0
 71 1248 0 0
 72 1244 0 0
 73 1247 0 0
 74 1249 0 0
 75 1245 0 0
 76 1246 0 0
 77 1250 0 0
 78 1242 0 0
 79 1246 0 0
 80 1249 0 0
 81 1248 0 0
 82 1244 0 0
 83 1245 0 0
 84 1246 0 0
 85 1249 0 0
 86 1246 0 0
 87 1246 0 0
 88 1240 0 0
 89 1245 0 0
 90 1241 0 0
 91 1246 0 0
 92 1239 0 0
 93 1243 0 0
 94 1244 0 0
 95 1242 0 0
 96 1240 0 0
 97 1244 0 0
 98 1242 0 0
 99 1243 0 0
 100 1240 0 0
 101 1241 0 0
 102 1239 0 0
 103 1246 0 0
 104 1244 0 0
 105 1247 0 0
 106 1244 0 0
 107 1250 0 0
 108 1241 0 0
 109 1244 0 0
 110 1240 0 0
 111 1247 0 0
 112 1240 0 0
 113 1239 0 0
 114 1245 0 0
 115 1243 0 0
 116 1241 0 0
 117 1244 0 0
 118 1236 0 0
 119 1245 0 0
 120 1239 0 0
 121 1248 0 0
 122 1246 0 0
 123 1244 0 0
 124 1246 0 0
 125 1248 0 0
 126 1244 0 0
 127 1242 0 0
 128 1244 0 0
 129 1242 0 0
 130 1244 0 0
 131 1241 0 0
 132 1245 0 0
 133 1244 0 0
 134 1241 0 0
 135 1246 0 0
 136 1242 0 0
 137 1243 0 0
 138 1238 0 0
 139 1241 0 0
 140 1243 0 0
 141 1250 0 0
 142 1240 0 0
 143 1243 0 0
 144 1243 0 0
 145 1250 0 0
 146 1240 0 0
 147 1240 0 0
 148 1244 0 0
 149 1247 0 0
 150 1246 0 0
 151 1250 0 0
 152 1240 0 0
 153 1245 0 0
 154 1245 0 0
 155 1241 0 0
 156 1236 0 0
 157 1245 0 0
 158 1240 0 0
 159 1245 0 0
 160 1241 0 0
 161 1241 0 0
 162 1235 0 0
 163 1240 0 0
 164 1234 0 0
 165 1244 0 0
 166 1242 0 0
 167 1246 0 0
 168 1240 0 0
 169 1243 0 0
 170 1242 0 0
 171 1243 0 0
 172 1239 0 0
 173 1242 0 0
 174 1239 0 0
 175 1242 0 0
 176 1240 0 0
 177 1245 0 0
 178 1243 0 0
 179 1244 0 0
 180 1243 0 0
 181 1242 0 0
 182 1245 0 0
 183 1246 0 0
 184 1242 0 0
 185 1248 0 0
 186 1240 0 0
 187 1244 0 0
 188 1235 0 0
 189 1244 0 0
 190 1241 0 0
 191 1243 0 0
 192 1246 0 0
 193 1245 0 0
 194 1242 0 0
 195 1247 0 0
 196 1246 0 0
 197 1241 0 0
 198 1235 0 0
 199 1246 0 0
 200 1240 0 0
 201 1244 0 0
 202 1240 0 0
 203 1249 0 0
 204 1246 0 0
 205 1247 0 0
 206 1243 0 0
 207 1243 0 0
 208 1236 0 0
 209 1243 0 0
 210 1246 0 0
 211 1245 0 0
 212 1240 0 0
 213 1238 0 0
 214 1240 0 0
 215 1246 0 0
 216 1243 0 0
 217 1243 0 0
 218 1241 0 0
 219 1240 0 0
 220 1244 0 0
 221 1246 0 0
 222 1240 0 0
 223 1246 0 0
 224 1242 0 0
 225 1249 0 0
 226 1241 0 0
 227 1241 0 0
 228 1240 0 0
 229 1249 0 0
 230 1243 0 0
 231 1247 0 0
 232 1249 0 0
 233 1246 0 0
 234 1244 0 0
 235 1245 0 0
 236 1238 0 0
 237 1250 0 0
 238 1242 0 0
 239 1249 0 0
 240 1249 0 0
 241 1248 0 0
 242 1243 0 0
 243 1245 0 0
 244 1246 0 0
 245 1242 0 0
 246 1244 0 0
 247 1241 0 0
 248 1247 0 0
 249 1253 0 0
 250 1244 0 0
 251 1246 0 0
 252 1246 0 0
 253 1250 0 0
 254 1253 0 0
 255 1306 0 0
[END] of [DATA]
[END] of [Spectrum]


#TBID:2021-12-20 00:30:00;SAM_84DC;CALIBRATED;

[Spectrum]
Version            = 1
IDData             = 96B1_2021-12-20_00-30-00_000_123
IDDevice           = SAM_84DC
IDDataType         = SPECTRUM
IDDataTypeSub1     = CALIBRATED
IDDataTypeSub2     = 
IDDataTypeSub3     = 
DateTime           = 2021-12-20 00:30:00
PositionLatitude   = 0
PositionLongitude  = 0
Comment            = 
CommentSub1        = 
CommentSub2        = 
CommentSub3        = 
IDMethodType       = SAM Control
MethodName         = SAM_84DC
Mission            = No Mission
MissionSub         = 1
RecordType         = 0
[Attributes]
CalFactor = 1
IDBasisSpec = 
IDDataBack = DLAB_2015-08-21_13-19-54_137_939
IDDataCal = DLAB_2015-08-24_10-46-55_592_608
IntegrationTime = 4096
P31 = -1
P31e = 0
PathLength = +INF
PathLengthCustomOn = 0
RAWDynamic = 65535
Salinity = 0
Temperature = -NAN
Unit1 = $01 $01 Wavelength nm
Unit2 = $03 $03 Intensity mW/(m^2 nm Sr)
Unit3 = $f0 $03 Error mW/(m^2 nm Sr)
Unit4 = $f1 $00 Status 
p999 = 1811
[END] of [Attributes]
[DATA]
 0 11 0 0
 305.71650776488 0 0 0
 309.04007505697 0 0 0
 312.36416914304 0 0 0
 315.68877841375 0 0 0
 319.01389125976 -0.000298122138884523 0 0
 322.33949607173 -2.73962183747337e-005 0 0
 325.66558124032 -0.000333067344227073 0 0
 328.99213515619 -2.02788808489137e-005 0 0
 332.31914621 1.03876925090292e-005 0 0
 335.64660279241 -4.80671924488281e-005 0 0
 338.97449329408 -8.37605418025163e-005 0 0
 342.30280610567 -4.38182357900116e-005 0 0
 345.63152961784 3.77656570138796e-005 0 0
 348.96065222125 -0.000176950906729351 0 0
 352.29016230656 -6.43629285143926e-006 0 0
 355.62004826443 -2.02248625274283e-005 0 0
 358.95029848552 -0.000144520825230082 0 0
 362.28090136049 -8.7132117974882e-005 0 0
 365.61184528 -5.24759019388875e-006 0 0
 368.94311863471 7.85894224642238e-005 0 0
 372.27470981528 0.000137901968156069 0 0
 375.60660721237 -7.02584905599697e-006 0 0
 378.93879921664 -3.59499558073914e-005 0 0
 382.27127421875 -3.53329403351397e-005 0 0
 385.60402060936 0.00010257633794048 0 0
 388.93702677913 -2.89667494015347e-005 0 0
 392.27028111872 -3.27606546873237e-005 0 0
 395.60377201879 5.82126618725039e-005 0 0
 398.93748787 4.59894078186907e-005 0 0
 402.27141706301 0.000117986033758933 0 0
 405.60554798848 9.80837677346979e-005 0 0
 408.93986903707 6.67516007031772e-005 0 0
 412.27436859944 0.000143171946340284 0 0
 415.60903506625 3.74639522554112e-005 0 0
 418.94385682816 8.54604874469128e-005 0 0
 422.27882227583 1.31866736951201e-005 0 0
 425.61391979992 2.42196808057895e-006 0 0
 428.94913779109 1.59081749643466e-005 0 0
 432.28446464 9.84245571123856e-005 0 0
 435.61988873731 2.03249796124014e-005 0 0
 438.95539847368 5.00247032410232e-005 0 0
 442.29098223977 7.42279088978804e-005 0 0
 445.62662842624 0.000101367016102676 0 0
 448.96232542375 3.83203910962821e-005 0 0
 452.29806162296 4.16523640903803e-005 0 0
 455.63382541453 5.97207658970949e-006 0 0
 458.96960518912 -2.23400370464242e-006 0 0
 462.30538933739 3.94026188607608e-005 0 0
 465.64116625 5.58985849134991e-005 0 0
 468.97692431761 7.91141054891724e-005 0 0
 472.31265193088 0.000103363078260376 0 0
 475.64833748047 5.85513649152402e-006 0 0
 478.98396935704 0.000128235206419548 0 0
 482.31953595125 6.39213904635093e-005 0 0
 485.65502565376 9.5935911935915e-006 0 0
 488.99042685523 6.30033138271373e-005 0 0
 492.32572794632 4.89879974848963e-005 0 0
 495.66091731769 -7.47484937238787e-005 0 0
 498.99598336 -0.000120369067001983 0 0
 502.33091446391 5.71975560480127e-005 0 0
 505.66569902008 2.1216779440762e-005 0 0
 509.00032541917 6.34090174321968e-005 0 0
 512.33478205184 -4.17920594719474e-006 0 0
 515.66905730875 4.70504387163102e-006 0 0
 519.00313958056 2.28468426020166e-005 0 0
 522.33701725793 8.77665682056219e-005 0 0
 525.67067873152 2.55279249868754e-005 0 0
 529.00411239199 -1.26632577250246e-005 0 0
 532.33730663 -4.3800289246546e-006 0 0
 535.67024983621 -1.4628406129311e-005 0 0
 539.00293040128 -2.74765448220969e-005 0 0
 542.33533671587 5.9385550582984e-006 0 0
 545.66745717064 -9.87808999785813e-006 0 0
 548.99928015625 -4.0617188040598e-006 0 0
 552.33079406336 3.53937833803885e-005 0 0
 555.66198728263 -1.43380106922486e-005 0 0
 558.99284820472 3.7350401384482e-005 0 0
 562.32336522029 2.72324807663743e-005 0 0
 565.65352672 -3.89571575737332e-005 0 0
 568.98332109451 6.79985087428674e-005 0 0
 572.31273673448 -2.4887209332098e-005 0 0
 575.64176203057 1.39062315844219e-005 0 0
 578.97038537344 -1.53001979982675e-005 0 0
 582.29859515375 8.76604377771948e-005 0 0
 585.62637976216 -4.90077161692594e-005 0 0
 588.95372758933 -1.44473484664034e-005 0 0
 592.28062702592 -2.8797516702635e-005 0 0
 595.60706646259 -4.61924977478554e-005 0 0
 598.93303429 -7.14406843658408e-005 0 0
 602.25851889881 1.12585962225593e-005 0 0
 605.58350867968 -1.09993627667859e-005 0 0
 608.90799202327 -0.000109966928847702 0 0
 612.23195732024 -4.15285984429476e-005 0 0
 615.55539296125 -8.50590574385344e-005 0 0
 618.87828733696 -0.000102652627256942 0 0
 622.20062883803 -4.62960277255147e-005 0 0
 625.52240585512 -0.000112423791128486 0 0
 628.84360677889 -2.15130045119173e-005 0 0
 632.16422 -5.44301670082856e-005 0 0
 635.48423390911 -0.000130408585991116 0 0
 638.80363689688 -4.61430971063292e-005 0 0
 642.12241735397 -0.000145699748444851 0 0
 645.44056367104 9.17307413757103e-006 0 0
 648.75806423875 -2.48531600989983e-005 0 0
 652.07490744776 -3.44034280781251e-005 0 0
 655.39108168873 -6.21061705846576e-005 0 0
 658.70657535232 -8.44223761741007e-005 0 0
 662.02137682919 -0.000127633965663102 0 0
 665.33547451 -8.6185959619392e-005 0 0
 668.64885678541 -9.76173788266433e-005 0 0
 671.96151204608 -2.37385490553961e-005 0 0
 675.27342868267 -0.000135855856497485 0 0
 678.58459508584 -2.91906033769715e-005 0 0
 681.89499964625 -6.1075945066798e-005 0 0
 685.20463075456 -0.00014814891575776 0 0
 688.51347680143 -7.59520930098314e-005 0 0
 691.82152617752 -1.07902398637497e-005 0 0
 695.12876727349 -0.000124883251393478 0 0
 698.43518848 1.11656720660772e-006 0 0
 701.74077818771 4.90288244860259e-005 0 0
 705.04552478728 -9.7749131160961e-005 0 0
 708.34941666937 7.34150047999131e-005 0 0
 711.65244222464 -9.88649305123666e-005 0 0
 714.95458984375 -5.72517204999095e-005 0 0
 718.25584791736 0.000114384689220855 0 0
 721.55620483613 -9.65938474774058e-005 0 0
 724.85564899072 -0.000113817822552128 0 0
 728.15416877179 -3.03576627362305e-006 0 0
 731.45175257 -3.06816985796233e-005 0 0
 734.74838877601 -0.000140772079769525 0 0
 738.04406578048 -6.00694387020304e-005 0 0
 741.33877197407 -5.16468052046001e-005 0 0
 744.63249574744 -3.4283406767888e-005 0 0
 747.92522549125 -6.13904004864222e-005 0 0
 751.21694959616 -3.00252266395174e-005 0 0
 754.50765645283 4.33577131938619e-005 0 0
 757.79733445192 -7.69425061374876e-005 0 0
 761.08597198409 -7.54678932989162e-005 0 0
 764.37355744 -8.23506938597493e-005 0 0
 767.66007921031 3.36777069711243e-005 0 0
 770.94552568568 4.50209345231834e-005 0 0
 774.22988525677 -3.18096204325885e-005 0 0
 777.51314631424 -7.71512684689585e-005 0 0
 780.79529724875 -2.51881328085728e-005 0 0
 784.07632645096 0.000281319645782252 0 0
 787.35622231153 -4.14331140508538e-005 0 0
 790.63497322112 -7.86772057094054e-005 0 0
 793.91256757039 -8.30559656270732e-005 0 0
 797.18899375 5.75154254891062e-005 0 0
 800.46424015061 0.000176810619095981 0 0
 803.73829516288 0.000126745541285267 0 0
 807.01114717747 -0.000149990507895582 0 0
 810.28278458504 -0.000116073733722445 0 0
 813.55319577625 -4.05714608726968e-005 0 0
 816.82236914176 -0.000139119235418087 0 0
 820.09029307223 -0.000165490885304015 0 0
 823.35695595832 -0.000146260482853543 0 0
 826.62234619069 -0.000144059119869665 0 0
 829.88645216 -7.47843891610679e-005 0 0
 833.14926225691 -0.000237443170167456 0 0
 836.41076487208 5.01914871980655e-005 0 0
 839.67094839617 -7.24633851444348e-005 0 0
 842.92980121984 -3.39447405569587e-005 0 0
 846.18731173375 -0.000470849245900878 0 0
 849.44346832856 -3.97342213491262e-005 0 0
 852.69825939493 -0.000481716159700809 0 0
 855.95167332352 -8.42216339833947e-005 0 0
 859.20369850499 -0.000358692471541932 0 0
 862.45432333 -0.000190812438937968 0 0
 865.70353618921 -0.000204743600677528 0 0
 868.95132547328 -0.000519390326777653 0 0
 872.19767957287 0.000187363467754889 0 0
 875.44258687864 -0.000444509810403533 0 0
 878.68603578125 -0.000505652649589137 0 0
 881.92801467136 1.06128696329004e-005 0 0
 885.16851193963 -0.000489330330647113 0 0
 888.40751597672 0.000314060311233716 0 0
 891.64501517329 -0.000163660713919393 0 0
 894.88099792 0.000515737979423592 0 0
 898.11545260751 0.000290970457389753 0 0
 901.34836762648 0.000247635097330709 0 0
 904.57973136757 0.000212789806984965 0 0
 907.80953222144 0.000254970931645562 0 0
 911.03775857875 -2.81930899959887e-005 0 0
 914.26439883016 0.000586779408291801 0 0
 917.48944136633 -0.000626508972491911 0 0
 920.71287457792 -8.91563944662625e-005 0 0
 923.93468685559 -0.000552302716164984 0 0
 927.15486659 0.000890416951374163 0 0
 930.37340217181 0.000142248370209736 0 0
 933.59028199168 4.31876059758681e-005 0 0
 936.80549444027 -0.00101942597579486 0 0
 940.01902790824 -9.01833360618538e-005 0 0
 943.23087078625 -0.000121152784017341 0 0
 946.44101146496 0.00166976153750312 0 0
 949.64943833503 -0.000544889743119473 0 0
 952.85613978712 -0.000788877096859957 0 0
 956.06110421189 0 0 0
 959.26432 0 0 0
 962.46577554211 0 0 0
 965.66545922888 0 0 0
 968.86335945097 0 0 0
 972.05946459904 0 0 0
 975.25376306375 0 0 0
 978.44624323576 0 0 0
 981.63689350573 0 0 0
 984.82570226432 0 0 0
 988.01265790219 0 0 0
 991.19774881 0 0 0
 994.38096337841 0 0 0
 997.56228999808 0 0 0
 1000.74171705967 0 0 0
 1003.91923295384 0 0 0
 1007.09482607125 0 0 0
 1010.26848480256 0 0 0
 1013.44019753843 0 0 0
 1016.60995266952 0 0 0
 1019.77773858649 0 0 0
 1022.94354368 0 0 0
 1026.10735634071 0 0 0
 1029.26916495928 0 0 0
 1032.42895792637 0 0 0
 1035.58672363264 0 0 0
 1038.74245046875 0 0 0
 1041.89612682536 0 0 0
 1045.04774109313 0 0 0
 1048.19728166272 0 0 0
 1051.34473692479 0 0 0
 1054.49009527 0 0 0
 1057.63334508901 0 0 0
 1060.77447477248 0 0 0
 1063.91347271107 0 0 0
 1067.05032729544 0 0 0
 1070.18502691625 0 0 0
 1073.31755996416 0 0 0
 1076.44791482983 0 0 0
 1079.57607990392 0 0 0
 1082.70204357709 0 0 0
 1085.82579424 0 0 0
 1088.94732028331 0 0 0
 1092.06661009768 0 0 0
 1095.18365207377 0 0 0
 1098.29843460224 0 0 0
 1101.41094607375 0 0 0
 1104.52117487896 0 0 0
 1107.62910940853 0 0 0
 1110.73473805312 0 0 0
 1113.83804920339 0 0 0
 1116.93903125 0 0 0
 1120.03767258361 0 0 0
 1123.13396159488 0 0 0
 1126.22788667447 0 0 0
 1129.31943621304 0 0 0
 1132.40859860125 0 0 0
 1135.49536222976 0 0 0
[END] of [DATA]
[END] of [Spectrum]


#TBID:2021-12-20 00:30:00;SAM_84C8;RAW;

[Spectrum]
Version            = 1
IDData             = 96B1_2021-12-20_00-30-00_000_125
IDDevice           = SAM_84C8
IDDataType         = SPECTRUM
IDDataTypeSub1     = RAW
IDDataTypeSub2     = 
IDDataTypeSub3     = 
DateTime           = 2021-12-20 00:30:00
PositionLatitude   = 0
PositionLongitude  = 0
Comment            = 
CommentSub1        = 
CommentSub2        = 
CommentSub3        = 
IDMethodType       = SAM Control
MethodName         = SAM_84C8
Mission            = No Mission
MissionSub         = 1
RecordType         = 0
[Attributes]
CalFactor = 1
IDBasisSpec = 
IDDataBack = DLAB_2015-08-21_12-14-03_013_778
IDDataCal = DLAB_2015-08-24_11-04-47_772_747
IntegrationTime = 4096
P31 = -1
P31e = 0
PathLength = +INF
PathLengthCustomOn = 0
RAWDynamic = 65535
Salinity = 0
Temperature = -NAN
Unit1 = $05 $00 Pixel 
Unit2 = $03 $05 Intensity counts
Unit3 = $f0 $05 Error counts
Unit4 = $f1 $00 Status 
p999 = 1811
[END] of [Attributes]
[DATA]
 0 11 0 0
 1 1131 0 0
 2 1115 0 0
 3 1125 0 0
 4 1127 0 0
 5 1131 0 0
 6 1126 0 0
 7 1125 0 0
 8 1128 0 0
 9 1127 0 0
 10 1125 0 0
 11 1132 0 0
 12 1127 0 0
 13 1126 0 0
 14 1125 0 0
 15 1124 0 0
 16 1125 0 0
 17 1126 0 0
 18 1128 0 0
 19 1132 0 0
 20 1128 0 0
 21 1130 0 0
 22 1131 0 0
 23 1135 0 0
 24 1130 0 0
 25 1132 0 0
 26 1131 0 0
 27 1132 0 0
 28 1128 0 0
 29 1134 0 0
 30 1130 0 0
 31 1134 0 0
 32 1137 0 0
 33 1133 0 0
 34 1132 0 0
 35 1133 0 0
 36 1133 0 0
 37 1139 0 0
 38 1134 0 0
 39 1133 0 0
 40 1130 0 0
 41 1139 0 0
 42 1134 0 0
 43 1134 0 0
 44 1137 0 0
 45 1140 0 0
 46 1138 0 0
 47 1138 0 0
 48 1136 0 0
 49 1138 0 0
 50 1137 0 0
 51 1138 0 0
 52 1136 0 0
 53 1135 0 0
 54 1139 0 0
 55 1138 0 0
 56 1139 0 0
 57 1142 0 0
 58 1140 0 0
 59 1138 0 0
 60 1139 0 0
 61 1141 0 0
 62 1139 0 0
 63 1145 0 0
 64 1139 0 0
 65 1140 0 0
 66 1142 0 0
 67 1140 0 0
 68 1142 0 0
 69 1142 0 0
 70 1144 0 0
 71 1144 0 0
 72 1142 0 0
 73 1147 0 0
 74 1147 0 0
 75 1142 0 0
 76 1146 0 0
 77 1144 0 0
 78 1147 0 0
 79 1149 0 0
 80 1147 0 0
 81 1148 0 0
 82 1148 0 0
 83 1146 0 0
 84 1148 0 0
 85 1140 0 0
 86 1144 0 0
 87 1143 0 0
 88 1143 0 0
 89 1146 0 0
 90 1147 0 0
 91 1146 0 0
 92 1147 0 0
 93 1143 0 0
 94 1147 0 0
 95 1146 0 0
 96 1140 0 0
 97 1151 0 0
 98 1138 0 0
 99 1142 0 0
 100 1144 0 0
 101 1147 0 0
 102 1146 0 0
 103 1141 0 0
 104 1144 0 0
 105 1147 0 0
 106 1142 0 0
 107 1146 0 0
 108 1144 0 0
 109 1144 0 0
 110 1145 0 0
 111 1153 0 0
 112 1142 0 0
 113 1146 0 0
 114 1147 0 0
 115 1144 0 0
 116 1140 0 0
 117 1145 0 0
 118 1144 0 0
 119 1147 0 0
 120 1136 0 0
 121 1144 0 0
 122 1142 0 0
 123 1145 0 0
 124 1144 0 0
 125 1142 0 0
 126 1144 0 0
 127 1149 0 0
 128 1144 0 0
 129 1146 0 0
 130 1148 0 0
 131 1143 0 0
 132 1150 0 0
 133 1166 0 0
 134 1143 0 0
 135 1146 0 0
 136 1137 0 0
 137 1139 0 0
 138 1144 0 0
 139 1149 0 0
 140 1142 0 0
 141 1144 0 0
 142 1146 0 0
 143 1145 0 0
 144 1151 0 0
 145 1147 0 0
 146 1139 0 0
 147 1142 0 0
 148 1152 0 0
 149 1143 0 0
 150 1144 0 0
 151 1146 0 0
 152 1140 0 0
 153 1141 0 0
 154 1139 0 0
 155 1137 0 0
 156 1141 0 0
 157 1149 0 0
 158 1142 0 0
 159 1143 0 0
 160 1140 0 0
 161 1141 0 0
 162 1142 0 0
 163 1143 0 0
 164 1140 0 0
 165 1143 0 0
 166 1138 0 0
 167 1142 0 0
 168 1142 0 0
 169 1142 0 0
 170 1144 0 0
 171 1142 0 0
 172 1146 0 0
 173 1144 0 0
 174 1140 0 0
 175 1145 0 0
 176 1143 0 0
 177 1143 0 0
 178 1140 0 0
 179 1141 0 0
 180 1147 0 0
 181 1143 0 0
 182 1142 0 0
 183 1144 0 0
 184 1137 0 0
 185 1142 0 0
 186 1142 0 0
 187 1139 0 0
 188 1142 0 0
 189 1139 0 0
 190 1139 0 0
 191 1139 0 0
 192 1143 0 0
 193 1140 0 0
 194 1144 0 0
 195 1140 0 0
 196 1139 0 0
 197 1143 0 0
 198 1138 0 0
 199 1139 0 0
 200 1138 0 0
 201 1137 0 0
 202 1142 0 0
 203 1142 0 0
 204 1143 0 0
 205 1138 0 0
 206 1139 0 0
 207 1146 0 0
 208 1136 0 0
 209 1139 0 0
 210 1140 0 0
 211 1143 0 0
 212 1138 0 0
 213 1138 0 0
 214 1143 0 0
 215 1142 0 0
 216 1144 0 0
 217 1141 0 0
 218 1141 0 0
 219 1142 0 0
 220 1141 0 0
 221 1146 0 0
 222 1141 0 0
 223 1139 0 0
 224 1140 0 0
 225 1142 0 0
 226 1143 0 0
 227 1142 0 0
 228 1138 0 0
 229 1136 0 0
 230 1140 0 0
 231 1142 0 0
 232 1144 0 0
 233 1141 0 0
 234 1141 0 0
 235 1140 0 0
 236 1141 0 0
 237 1141 0 0
 238 1138 0 0
 239 1141 0 0
 240 1142 0 0
 241 1136 0 0
 242 1144 0 0
 243 1145 0 0
 244 1142 0 0
 245 1142 0 0
 246 1139 0 0
 247 1140 0 0
 248 1141 0 0
 249 1144 0 0
 250 1138 0 0
 251 1136 0 0
 252 1140 0 0
 253 1141 0 0
 254 1140 0 0
 255 1189 0 0
[END] of [DATA]
[END] of [Spectrum]


#TBID:2021-12-20 00:30:00;SAM_84C8;CALIBRATED;

[Spectrum]
Version            = 1
IDData             = 96B1_2021-12-20_00-30-00_000_126
IDDevice           = SAM_84C8
IDDataType         = SPECTRUM
IDDataTypeSub1     = CALIBRATED
IDDataTypeSub2     = 
IDDataTypeSub3     = 
DateTime           = 2021-12-20 00:30:00
PositionLatitude   = 0
PositionLongitude  = 0
Comment            = 
CommentSub1        = 
CommentSub2        = 
CommentSub3        = 
IDMethodType       = SAM Control
MethodName         = SAM_84C8
Mission            = No Mission
MissionSub         = 1
RecordType         = 0
[Attributes]
CalFactor = 1
IDBasisSpec = 
IDDataBack = DLAB_2015-08-21_12-14-03_013_778
IDDataCal = DLAB_2015-08-24_11-04-47_772_747
IntegrationTime = 4096
P31 = -1
P31e = 0
PathLength = +INF
PathLengthCustomOn = 0
RAWDynamic = 65535
Salinity = 0
Temperature = -NAN
Unit1 = $01 $01 Wavelength nm
Unit2 = $03 $03 Intensity mW/(m^2 nm Sr)
Unit3 = $f0 $03 Error mW/(m^2 nm Sr)
Unit4 = $f1 $00 Status 
p999 = 1811
[END] of [Attributes]
[DATA]
 0 11 0 0
 303.516048156 0 0 0
 306.890006053 0 0 0
 310.26457112 0 0 0
 313.639731825 0 0 0
 317.015476636 -0.000128541675345187 0 0
 320.391794021 -0.000427002263033309 0 0
 323.768672448 -0.00027017745838059 0 0
 327.146100385 -7.33968321823413e-005 0 0
 330.5240663 -0.000155457231210781 0 0
 333.902558661 -7.27714177372943e-006 0 0
 337.281565936 -7.24313088975605e-005 0 0
 340.661076593 -0.000320827699686961 0 0
 344.0410791 -0.000102648460217093 0 0
 347.421561925 -0.000125101263105979 0 0
 350.802513536 -0.000207013138809206 0 0
 354.183922401 -0.000176652716850718 0 0
 357.565776988 -0.000192221104016386 0 0
 360.948065765 -0.000115086262901561 0 0
 364.3307772 -4.95881767710906e-005 0 0
 367.713899761 -5.7292585375328e-005 0 0
 371.097421916 -7.0361300778975e-005 0 0
 374.481332133 -8.59663475639616e-005 0 0
 377.86561888 -1.99097581696355e-005 0 0
 381.250270625 -0.000155916593396375 0 0
 384.635275836 -4.87455290404882e-005 0 0
 388.020622981 8.17032682613433e-005 0 0
 391.406300528 1.07361910161999e-006 0 0
 394.792296945 -0.000158764074104489 0 0
 398.1786007 1.05710959343908e-005 0 0
 401.565200261 -0.000137620594760265 0 0
 404.952084096 -3.42684831364179e-006 0 0
 408.339240673 4.95649286629915e-005 0 0
 411.72665846 5.18859813255933e-005 0 0
 415.114325925 2.37307996093972e-005 0 0
 418.502231536 6.15765083260385e-005 0 0
 421.890363761 -1.92282085691965e-005 0 0
 425.278711068 -8.61795144008804e-005 0 0
 428.667261925 -1.59480920646436e-005 0 0
 432.0560048 5.94627877409851e-005 0 0
 435.444928161 -8.86177522565989e-006 0 0
 438.834020476 5.07855547301601e-005 0 0
 442.223270213 3.13170735311497e-005 0 0
 445.61266584 -9.23684179073012e-006 0 0
 449.002195825 8.29236431087318e-005 0 0
 452.391848636 1.6116229000711e-005 0 0
 455.781612741 3.99177444368442e-005 0 0
 459.171476608 6.32919637411977e-005 0 0
 462.561428705 -2.88943627997827e-006 0 0
 465.9514575 -2.43415544484847e-005 0 0
 469.341551461 7.82211768658323e-005 0 0
 472.731699056 1.32094102563248e-005 0 0
 476.121888753 -5.17576348527089e-006 0 0
 479.51210902 1.55292265545841e-005 0 0
 482.902348325 0.000211465057541257 0 0
 486.292595136 4.74737200696352e-005 0 0
 489.682837921 3.68796372513386e-005 0 0
 493.073065148 2.44895900511331e-005 0 0
 496.463265285 9.23598997220726e-005 0 0
 499.8534268 0.000139085344242392 0 0
 503.243538161 0.000112445327625963 0 0
 506.633587836 9.4050913288722e-005 0 0
 510.023564293 -9.92290132999066e-005 0 0
 513.413456 8.52834969727707e-005 0 0
 516.803251425 0.000142017527546469 0 0
 520.192939036 0.000104141552991842 0 0
 523.582507301 4.83067752606773e-005 0 0
 526.971944688 5.30548816954151e-005 0 0
 530.361239665 2.26654170270335e-005 0 0
 533.7503807 0.00010134989507425 0 0
 537.139356261 4.27188558119862e-005 0 0
 540.528154816 8.55970509645977e-005 0 0
 543.916764833 -1.6110566367902e-006 0 0
 547.30517478 0.000127310172140346 0 0
 550.693373125 0.000139479158316298 0 0
 554.081348336 5.40203282188314e-005 0 0
 557.469088881 0.000106059032138133 0 0
 560.856583228 8.13770725457223e-005 0 0
 564.243819845 0.000117950236815703 0 0
 567.6307872 0.000133695438755746 0 0
 571.017473761 0.000116961262692945 0 0
 574.403867996 0.00016377504686649 0 0
 577.789958373 7.06358118988412e-005 0 0
 581.17573336 8.08197824542469e-005 0 0
 584.561181425 8.87537057656341e-005 0 0
 587.946291036 7.25212453097139e-005 0 0
 591.331050661 0.000114724917140824 0 0
 594.715448768 4.36348297986383e-005 0 0
 598.099473825 9.84418815296743e-005 0 0
 601.4831143 0.00016905622435658 0 0
 604.866358661 5.1571377500202e-005 0 0
 608.249195376 9.01763261745144e-005 0 0
 611.631612913 0.000114103157357947 0 0
 615.01359974 0.000145582114347305 0 0
 618.395144325 5.03483493598239e-005 0 0
 621.776235136 0.000137013451931184 0 0
 625.156860641 -5.37617156324395e-005 0 0
 628.537009308 0.000218911952191797 0 0
 631.916669605 2.23796214435695e-005 0 0
 635.29583 0.000122087770819647 0 0
 638.674478961 -1.82594159506466e-005 0 0
 642.052604956 -3.42726294475709e-005 0 0
 645.430196453 7.78798545883267e-005 0 0
 648.80724192 7.6141350957295e-005 0 0
 652.183729825 0.000126350715200848 0 0
 655.559648636 3.4006945969879e-005 0 0
 658.934986821 0.000123191404825458 0 0
 662.309732848 0.000158953475306385 0 0
 665.683875185 0.000223170167995458 0 0
 669.0574023 0.000179846921941716 0 0
 672.430302661 -1.16361922391738e-005 0 0
 675.802564736 1.2866669519907e-005 0 0
 679.174176993 1.97824332016383e-005 0 0
 682.5451279 0.000108886057753744 0 0
 685.915405925 0.000161599610324552 0 0
 689.284999536 -4.06432663822929e-005 0 0
 692.653897201 -0.000188923094320873 0 0
 696.022087388 0.00016318151644114 0 0
 699.389558565 0.000163207305230293 0 0
 702.7562992 3.83618060684987e-005 0 0
 706.122297761 5.02356630288808e-005 0 0
 709.487542716 9.4451682132451e-005 0 0
 712.852022533 0.000188628765208731 0 0
 716.21572568 0.00020048491087297 0 0
 719.578640625 0.0002049893335598 0 0
 722.940755836 4.84696681484468e-005 0 0
 726.302059781 9.69543593153473e-005 0 0
 729.662540928 -8.75010090047002e-007 0 0
 733.022187745 0.000171819584860497 0 0
 736.3809887 9.66551292544547e-005 0 0
 739.738932261 0.000305048776747895 0 0
 743.096006896 1.16964283904189e-005 0 0
 746.452201073 0.000215173512709255 0 0
 749.80750326 -0.000863370005169625 0 0
 753.161901925 -3.11102483722981e-005 0 0
 756.515385536 0.000178145392016833 0 0
 759.867942561 -6.6272174585861e-005 0 0
 763.219561468 -9.65311915848043e-005 0 0
 766.570230725 0.000188433028510858 0 0
 769.9199388 7.69213545930562e-005 0 0
 773.268674161 4.33808171792133e-005 0 0
 776.616425276 0.000189119765632478 0 0
 779.963180613 8.75688551136005e-005 0 0
 783.30892864 0.000150595472202033 0 0
 786.653657825 0.000112179144696818 0 0
 789.997356636 0.000115266547959558 0 0
 793.340013541 -0.000138276656542505 0 0
 796.681617008 0.000159529811705113 0 0
 800.022155505 0.00030736318372948 0 0
 803.3616175 0.000184197724729007 0 0
 806.699991461 0.000168498992110936 0 0
 810.037265856 0.000193512453224855 0 0
 813.373429153 -0.000200297892848112 0 0
 816.70846982 7.52512540129929e-005 0 0
 820.042376325 0.000102698527087027 0 0
 823.375137136 0.000114536019169304 0 0
 826.706740721 -1.29867042681735e-005 0 0
 830.037175548 0.000271340684723781 0 0
 833.366430085 1.83498503287374e-005 0 0
 836.6944928 0.000262453973829634 0 0
 840.021352161 -0.000179274628544394 0 0
 843.346996636 0.000108001218962036 0 0
 846.671414693 -9.8600422978533e-006 0 0
 849.9945948 0.000186741804737341 0 0
 853.316525425 0.000389819135527718 0 0
 856.637195036 -7.47631977735603e-005 0 0
 859.956592101 -0.000259187911558721 0 0
 863.274705088 -0.000239616813477324 0 0
 866.591522465 -5.29202276650753e-005 0 0
 869.9070327 0.000281753595503517 0 0
 873.221224261 2.97497367970492e-005 0 0
 876.534085616 0.000289687236960864 0 0
 879.845605233 0.000376211534824887 0 0
 883.15577158 0.00132620756684831 0 0
 886.464573125 0.000382711971304475 0 0
 889.771998336 -0.000203174169445169 0 0
 893.078035681 0.000538039514626258 0 0
 896.382673628 0.000412562774749326 0 0
 899.685900645 0.000443829247576485 0 0
 902.9877052 -5.33369670607062e-005 0 0
 906.288075761 0.000318032053116049 0 0
 909.587000796 9.93813522882069e-005 0 0
 912.884468773 7.77522548781542e-006 0 0
 916.18046816 0.000406440535185542 0 0
 919.474987425 0.000264814094152086 0 0
 922.768015036 3.38992045809213e-005 0 0
 926.059539461 0.000710445006556505 0 0
 929.349549168 -0.00127397872493226 0 0
 932.638032625 0.000581262069106403 0 0
 935.9249783 8.59766746117561e-006 0 0
 939.210374661 0.00130347655787979 0 0
 942.494210176 -0.000187647623759722 0 0
 945.776473313 -0.000313615109349382 0 0
 949.05715254 0.00185933962449668 0 0
 952.336236325 0.000331399597390022 0 0
 955.613713136 0 0 0
 958.889571441 0 0 0
 962.163799708 0 0 0
 965.436386405 0 0 0
 968.70732 0 0 0
 971.976588961 0 0 0
 975.244181756 0 0 0
 978.510086853 0 0 0
 981.77429272 0 0 0
 985.036787825 0 0 0
 988.297560636 0 0 0
 991.556599621 0 0 0
 994.813893248 0 0 0
 998.069429985 0 0 0
 1001.3231983 0 0 0
 1004.575186661 0 0 0
 1007.825383536 0 0 0
 1011.073777393 0 0 0
 1014.3203567 0 0 0
 1017.565109925 0 0 0
 1020.808025536 0 0 0
 1024.049092001 0 0 0
 1027.288297788 0 0 0
 1030.525631365 0 0 0
 1033.7610812 0 0 0
 1036.994635761 0 0 0
 1040.226283516 0 0 0
 1043.456012933 0 0 0
 1046.68381248 0 0 0
 1049.909670625 0 0 0
 1053.133575836 0 0 0
 1056.355516581 0 0 0
 1059.575481328 0 0 0
 1062.793458545 0 0 0
 1066.0094367 0 0 0
 1069.223404261 0 0 0
 1072.435349696 0 0 0
 1075.645261473 0 0 0
 1078.85312806 0 0 0
 1082.058937925 0 0 0
 1085.262679536 0 0 0
 1088.464341361 0 0 0
 1091.663911868 0 0 0
 1094.861379525 0 0 0
 1098.0567328 0 0 0
 1101.249960161 0 0 0
 1104.441050076 0 0 0
 1107.629991013 0 0 0
 1110.81677144 0 0 0
 1114.001379825 0 0 0
 1117.183804636 0 0 0
 1120.364034341 0 0 0
 1123.542057408 0 0 0
 1126.717862305 0 0 0
 1129.8914375 0 0 0
 1133.062771461 0 0 0
 1136.231852656 0 0 0
 1139.398669553 0 0 0
 1142.56321062 0 0 0
 1145.725464325 0 0 0
 1148.885419136 0 0 0
[END] of [DATA]
[END] of [Spectrum]


#TBID:2021-12-20 01:00:00;SAM_84CE;RAW;

[Spectrum]
Version            = 1
IDData             = 96B1_2021-12-20_01-00-00_000_129
IDDevice           = SAM_84CE
IDDataType         = SPECTRUM
IDDataTypeSub1     = RAW
IDDataTypeSub2     = 
IDDataTypeSub3     = 
DateTime           = 2021-12-20 01:00:00
PositionLatitude   = 0
PositionLongitude  = 0
Comment            = 
CommentSub1        = 
CommentSub2        = 
CommentSub3        = 
IDMethodType       = SAM Control
MethodName         = SAM_84CE
Mission            = No Mission
MissionSub         = 1
RecordType         = 0
[Attributes]
CalFactor = 1
IDBasisSpec = 
IDDataBack = DLAB_2015-08-21_11-56-43_233_004
IDDataCal = DLAB_2015-08-26_10-05-37_585_478
IntegrationTime = 4096
P31 = -1
P31e = 0
PathLength = +INF
PathLengthCustomOn = 0
RAWDynamic = 65535
Salinity = 0
Temperature = -NAN
Unit1 = $05 $00 Pixel 
Unit2 = $03 $05 Intensity counts
Unit3 = $f0 $05 Error counts
Unit4 = $f1 $00 Status 
p999 = 1812
[END] of [Attributes]
[DATA]
 0 11 0 0
 1 1179 0 0
 2 1173 0 0
 3 1178 0 0
 4 1188 0 0
 5 1184 0 0
 6 1187 0 0
 7 1181 0 0
 8 1187 0 0
 9 1185 0 0
 10 1191 0 0
 11 1186 0 0
 12 1186 0 0
 13 1186 0 0
 14 1188 0 0
 15 1184 0 0
 16 1187 0 0
 17 1186 0 0
 18 1189 0 0
 19 1184 0 0
 20 1188 0 0
 21 1181 0 0
 22 1186 0 0
 23 1193 0 0
 24 1188 0 0
 25 1183 0 0
 26 1193 0 0
 27 1194 0 0
 28 1188 0 0
 29 1190 0 0
 30 1190 0 0
 31 1191 0 0
 32 1195 0 0
 33 1193 0 0
 34 1194 0 0
 35 1192 0 0
 36 1200 0 0
 37 1191 0 0
 38 1199 0 0
 39 1198 0 0
 40 1198 0 0
 41 1198 0 0
 42 1201 0 0
 43 1203 0 0
 44 1198 0 0
 45 1200 0 0
 46 1199 0 0
 47 1206 0 0
 48 1197 0 0
 49 1206 0 0
 50 1201 0 0
 51 1196 0 0
 52 1202 0 0
 53 1196 0 0
 54 1196 0 0
 55 1200 0 0
 56 1190 0 0
 57 1196 0 0
 58 1203 0 0
 59 1199 0 0
 60 1200 0 0
 61 1197 0 0
 62 1203 0 0
 63 1201 0 0
 64 1202 0 0
 65 1195 0 0
 66 1201 0 0
 67 1205 0 0
 68 1205 0 0
 69 1198 0 0
 70 1202 0 0
 71 1202 0 0
 72 1205 0 0
 73 1206 0 0
 74 1196 0 0
 75 1207 0 0
 76 1210 0 0
 77 1205 0 0
 78 1204 0 0
 79 1206 0 0
 80 1204 0 0
 81 1209 0 0
 82 1204 0 0
 83 1202 0 0
 84 1201 0 0
 85 1202 0 0
 86 1201 0 0
 87 1203 0 0
 88 1198 0 0
 89 1204 0 0
 90 1205 0 0
 91 1204 0 0
 92 1198 0 0
 93 1203 0 0
 94 1196 0 0
 95 1192 0 0
 96 1196 0 0
 97 1203 0 0
 98 1201 0 0
 99 1202 0 0
 100 1199 0 0
 101 1196 0 0
 102 1197 0 0
 103 1203 0 0
 104 1193 0 0
 105 1195 0 0
 106 1193 0 0
 107 1195 0 0
 108 1196 0 0
 109 1197 0 0
 110 1196 0 0
 111 1203 0 0
 112 1196 0 0
 113 1194 0 0
 114 1192 0 0
 115 1196 0 0
 116 1195 0 0
 117 1193 0 0
 118 1192 0 0
 119 1196 0 0
 120 1194 0 0
 121 1200 0 0
 122 1195 0 0
 123 1193 0 0
 124 1193 0 0
 125 1191 0 0
 126 1196 0 0
 127 1189 0 0
 128 1191 0 0
 129 1192 0 0
 130 1192 0 0
 131 1199 0 0
 132 1189 0 0
 133 1191 0 0
 134 1195 0 0
 135 1193 0 0
 136 1193 0 0
 137 1194 0 0
 138 1187 0 0
 139 1190 0 0
 140 1184 0 0
 141 1190 0 0
 142 1189 0 0
 143 1192 0 0
 144 1188 0 0
 145 1188 0 0
 146 1193 0 0
 147 1194 0 0
 148 1186 0 0
 149 1190 0 0
 150 1187 0 0
 151 1187 0 0
 152 1186 0 0
 153 1189 0 0
 154 1178 0 0
 155 1188 0 0
 156 1188 0 0
 157 1184 0 0
 158 1183 0 0
 159 1182 0 0
 160 1187 0 0
 161 1193 0 0
 162 1184 0 0
 163 1188 0 0
 164 1188 0 0
 165 1181 0 0
 166 1186 0 0
 167 1185 0 0
 168 1182 0 0
 169 1184 0 0
 170 1191 0 0
 171 1186 0 0
 172 1182 0 0
 173 1181 0 0
 174 1186 0 0
 175 1188 0 0
 176 1180 0 0
 177 1184 0 0
 178 1181 0 0
 179 1185 0 0
 180 1180 0 0
 181 1181 0 0
 182 1182 0 0
 183 1179 0 0
 184 1176 0 0
 185 1180 0 0
 186 1179 0 0
 187 1180 0 0
 188 1177 0 0
 189 1175 0 0
 190 1177 0 0
 191 1186 0 0
 192 1180 0 0
 193 1183 0 0
 194 1174 0 0
 195 1176 0 0
 196 1178 0 0
 197 1180 0 0
 198 1177 0 0
 199 1178 0 0
 200 1178 0 0
 201 1181 0 0
 202 1174 0 0
 203 1175 0 0
 204 1174 0 0
 205 1175 0 0
 206 1177 0 0
 207 1176 0 0
 208 1176 0 0
 209 1175 0 0
 210 1174 0 0
 211 1173 0 0
 212 1173 0 0
 213 1177 0 0
 214 1174 0 0
 215 1178 0 0
 216 1173 0 0
 217 1172 0 0
 218 1170 0 0
 219 1174 0 0
 220 1174 0 0
 221 1171 0 0
 222 1177 0 0
 223 1171 0 0
 224 1164 0 0
 225 1174 0 0
 226 1172 0 0
 227 1175 0 0
 228 1164 0 0
 229 1174 0 0
 230 1173 0 0
 231 1169 0 0
 232 1174 0 0
 233 1166 0 0
 234 1166 0 0
 235 1175 0 0
 236 1167 0 0
 237 1172 0 0
 238 1170 0 0
 239 1166 0 0
 240 1165 0 0
 241 1170 0 0
 242 1164 0 0
 243 1168 0 0
 244 1172 0 0
 245 1174 0 0
 246 1166 0 0
 247 1166 0 0
 248 1162 0 0
 249 1168 0 0
 250 1165 0 0
 251 1164 0 0
 252 1163 0 0
 253 1164 0 0
 254 1170 0 0
 255 1215 0 0
[END] of [DATA]
[END] of [Spectrum]


#TBID:2021-12-20 01:00:00;SAM_84CE;CALIBRATED;

[Spectrum]
Version            = 1
IDData             = 96B1_2021-12-20_01-00-00_000_130
IDDevice           = SAM_84CE
IDDataType         = SPECTRUM
IDDataTypeSub1     = CALIBRATED
IDDataTypeSub2     = 
IDDataTypeSub3     = 
DateTime           = 2021-12-20 01:00:00
PositionLatitude   = 0
PositionLongitude  = 0
Comment            = 
CommentSub1        = 
CommentSub2        = 
CommentSub3        = 
IDMethodType       = SAM Control
MethodName         = SAM_84CE
Mission            = No Mission
MissionSub         = 1
RecordType         = 0
[Attributes]
CalFactor = 1
IDBasisSpec = 
IDDataBack = DLAB_2015-08-21_11-56-43_233_004
IDDataCal = DLAB_2015-08-26_10-05-37_585_478
IntegrationTime = 4096
P31 = -1
P31e = 0
PathLength = +INF
PathLengthCustomOn = 0
RAWDynamic = 65535
Salinity = 0
Temperature = -NAN
Unit1 = $01 $01 Wavelength nm
Unit2 = $03 $06 Intensity mW/(m^2 nm)
Unit3 = $f0 $06 Error mW/(m^2 nm)
Unit4 = $f1 $00 Status 
p999 = 1812
[END] of [Attributes]
[DATA]
 0 11 0 0
 303.485180022 0 0 0
 306.85638880275 0 0 0
 310.228324544 0 0 0
 313.60097308125 0 0 0
 316.97432025 0.012249542114184 0 0
 320.34835188575 0.0152908574549804 0 0
 323.723053824 0.0124461893391572 0 0
 327.09841190025 0.0136505608367831 0 0
 330.47441195 0.00957354075129787 0 0
 333.85103980875 0.0123236793997655 0 0
 337.228281312 0.00905713212420131 0 0
 340.60612229525 0.00840121002169055 0 0
 343.984548594 0.00788048425177209 0 0
 347.36354604375 0.00633794304811365 0 0
 350.74310048 0.0067871422869465 0 0
 354.12319773825 0.00647655525715617 0 0
 357.503823654 0.00670101645167686 0 0
 360.88496406275 0.00604839618537346 0 0
 364.2666048 0.00613760244355434 0 0
 367.64873170125 0.00493615501938823 0 0
 371.031330602 0.00429774327783015 0 0
 374.41438733775 0.00582622338633218 0 0
 377.797887744 0.00474191463190949 0 0
 381.18181765625 0.00569901174056117 0 0
 384.56616291 0.0047046739213095 0 0
 387.95090934075 0.00580602544906057 0 0
 391.336042784 0.00565518645307089 0 0
 394.72154907525 0.00678378277175713 0 0
 398.10741405 0.00649928507093937 0 0
 401.49362354375 0.00614791061693211 0 0
 404.880163392 0.00457182567870099 0 0
 408.26701943025 0.005653705174879 0 0
 411.654177494 0.00555829168337531 0 0
 415.04162341875 0.0057992801251775 0 0
 418.42934304 0.00548048651324295 0 0
 421.81732219325 0.00502373338837784 0 0
 425.205546714 0.00486154724906352 0 0
 428.59400243775 0.00429211081490124 0 0
 431.9826752 0.00442458185865008 0 0
 435.37155083625 0.00420169316012745 0 0
 438.760615182 0.00430509601177166 0 0
 442.14985407275 0.00434047369696321 0 0
 445.539253344 0.00465864859753983 0 0
 448.92879883125 0.00485149332363975 0 0
 452.31847637 0.00521989304073983 0 0
 455.70827179575 0.00398488982641151 0 0
 459.098170944 0.00453953251938884 0 0
 462.48815965025 0.00436312717334269 0 0
 465.87822375 0.00561211007044201 0 0
 469.26834907875 0.00481267820440816 0 0
 472.658521472 0.00511879512825141 0 0
 476.04872676525 0.00598696387310141 0 0
 479.438950794 0.00438895788880821 0 0
 482.82917939375 0.00407067657136815 0 0
 486.2193984 0.00575350044871084 0 0
 489.60959364825 0.00453362013574181 0 0
 492.999750974 0.00530614960418025 0 0
 496.38985621275 0.00562320297090573 0 0
 499.7798952 0.00548286487834184 0 0
 503.16985377125 0.00616728394715384 0 0
 506.559717762 0.00506649442256688 0 0
 509.94947300775 0.00476655391254095 0 0
 513.339105344 0.004921346289771 0 0
 516.72860060625 0.00508006329962563 0 0
 520.11794463 0.00448526326913662 0 0
 523.50712325075 0.00396889932733564 0 0
 526.896122304 0.00509362115898183 0 0
 530.28492762525 0.00474121994633561 0 0
 533.67352505 0.0048179175885295 0 0
 537.06190041375 0.00587544457823545 0 0
 540.450039552 0.00499068725605642 0 0
 543.83792830025 0.00479852873015095 0 0
 547.225552494 0.00467541082989859 0 0
 550.61289796875 0.00404067431246438 0 0
 553.99995056 0.00503074126189914 0 0
 557.38669610325 0.00451262581680016 0 0
 560.773120434 0.00508063195767067 0 0
 564.15920938775 0.0054198761286151 0 0
 567.5449488 0.00496125019703416 0 0
 570.93032450625 0.00464669375751404 0 0
 574.315322342 0.00523291317170784 0 0
 577.69992814275 0.00537086583413594 0 0
 581.084127744 0.00551778805543557 0 0
 584.46790698125 0.00539278181960843 0 0
 587.85125169 0.00551971552780823 0 0
 591.23414770575 0.00527337828153399 0 0
 594.616580864 0.00547924227810833 0 0
 597.99853700025 0.00523621356135781 0 0
 601.38000195 0.0061320924959055 0 0
 604.76096154875 0.00528278431482459 0 0
 608.141401632 0.00541089709590846 0 0
 611.52130803525 0.00484148453568345 0 0
 614.900666594 0.0048564197936768 0 0
 618.27946314375 0.00504050246676535 0 0
 621.65768352 0.00506193378366321 0 0
 625.03531355825 0.00579853134332838 0 0
 628.412339094 0.00599939920431594 0 0
 631.78874596275 0.00525262434614198 0 0
 635.16452 0.00587967545895765 0 0
 638.53964704125 0.00570727262510587 0 0
 641.914112922 0.00605655561445662 0 0
 645.28790347775 0.00580413353704515 0 0
 648.661004544 0.00677402669356326 0 0
 652.03340195625 0.00566973095212942 0 0
 655.40508155 0.0051587460460946 0 0
 658.77602916075 0.00539600181361868 0 0
 662.146230624 0.00646623153616583 0 0
 665.51567177525 0.0067368887079205 0 0
 668.88433845 0.00505944097617685 0 0
 672.25221648375 0.00662758266007964 0 0
 675.619291712 0.00611558894909185 0 0
 678.98554997025 0.00602488145919551 0 0
 682.350977094 0.00649025357123527 0 0
 685.71555891875 0.00508828332465807 0 0
 689.07928128 0.00651745962885131 0 0
 692.44213001325 0.00701265737641413 0 0
 695.804090954 0.00508247196298759 0 0
 699.16514993775 0.00543617718252182 0 0
 702.5252928 0.00615996320490763 0 0
 705.88450537625 0.00556898783955427 0 0
 709.242773502 0.00772140175128093 0 0
 712.60008301275 0.00583603580289913 0 0
 715.956419744 0.00633764959542325 0 0
 719.31176953125 0.00613439188568789 0 0
 722.66611821 0.00599239577506185 0 0
 726.01945161575 0.00537893140791348 0 0
 729.371755584 0.00581144830046403 0 0
 732.72301595025 0.00556870134716705 0 0
 736.07321855 0.00619902122171838 0 0
 739.42234921875 0.00701047399084732 0 0
 742.770393792 0.00589238925575757 0 0
 746.11733810525 0.00581932635147122 0 0
 749.463167994 0.00622655471766614 0 0
 752.80786929375 0.00714829964497265 0 0
 756.15142784 0.00644903795195013 0 0
 759.49382946825 0.00691205192719285 0 0
 762.835060014 0.00577286716696355 0 0
 766.17510531275 0.00725061040251589 0 0
 769.5139512 0.00514538346457694 0 0
 772.85158351125 0.00603525630198611 0 0
 776.187988082 0.00638709053006443 0 0
 779.52315074775 0.00700272501074217 0 0
 782.857057344 0.00753597537110519 0 0
 786.18969370625 0.00632119489030076 0 0
 789.52104567 0.00398400621319544 0 0
 792.85109907075 0.0068734421531502 0 0
 796.179839744 0.0108726468832748 0 0
 799.50725352525 0.00594416521928462 0 0
 802.83332625 0.00895725863607424 0 0
 806.15804375375 0.00857824907852022 0 0
 809.481391872 0.00926718085351918 0 0
 812.80335644025 0.00891938408828243 0 0
 816.123923294 0.00822793161025642 0 0
 819.44307826875 0.00499297590353453 0 0
 822.7608072 0.00958638654174028 0 0
 826.07709592325 0.010429692768338 0 0
 829.391930274 0.00768432101536409 0 0
 832.70529608775 0.0104869248280322 0 0
 836.0171792 0.00729559578689723 0 0
 839.32756544625 0.00966436491367065 0 0
 842.636440662 0.0123494088472824 0 0
 845.94379068275 0.00905851577393487 0 0
 849.249601344 0.0123900932701356 0 0
 852.55385848125 0.0125707622721984 0 0
 855.85654793 0.0104906228277617 0 0
 859.15765552575 0.0149994836442714 0 0
 862.457167104 0.0133011363192223 0 0
 865.75506850025 0.0121915113319415 0 0
 869.05134555 0.0112043534549756 0 0
 872.34598408875 0.0166064679256129 0 0
 875.638969952 0.0120485624695702 0 0
 878.93028897525 0.0116850366906022 0 0
 882.219926994 0.0120833198340935 0 0
 885.50786984375 0.0210126166012533 0 0
 888.79410336 0.0187386391864836 0 0
 892.07861337825 0.0118140168374391 0 0
 895.361385734 0.0161422401682233 0 0
 898.64240626275 0.0102811827558898 0 0
 901.9216608 0.0169088839289164 0 0
 905.19913518125 0.010424240431626 0 0
 908.474815242 0.0140115459060764 0 0
 911.74868681775 0.0174016482232912 0 0
 915.020735744 0.0246711281466218 0 0
 918.29094785625 0.0194001150737698 0 0
 921.55930899 0.0176296887042813 0 0
 924.82580498075 0.0121508607992567 0 0
 928.090421664 0.0118263299617333 0 0
 931.35314487525 0.0170382682346214 0 0
 934.61396045 0.0137126412279591 0 0
 937.87285422375 0.0173074200969204 0 0
 941.129812032 0.0295653612709378 0 0
 944.38481971025 0.0258346600110315 0 0
 947.637863094 0.0324247162782778 0 0
 950.88892801875 0.01711173063395 0 0
 954.13800032 0 0 0
 957.38506583325 0 0 0
 960.630110394 0 0 0
 963.87311983775 0 0 0
 967.11408 0 0 0
 970.35297671625 0 0 0
 973.589795822 0 0 0
 976.82452315275 0 0 0
 980.057144544 0 0 0
 983.28764583125 0 0 0
 986.51601285 0 0 0
 989.74223143575 0 0 0
 992.966287424 0 0 0
 996.18816665025 0 0 0
 999.40785495 0 0 0
 1002.62533815875 0 0 0
 1005.840602112 0 0 0
 1009.05363264525 0 0 0
 1012.264415594 0 0 0
 1015.47293679375 0 0 0
 1018.67918208 0 0 0
 1021.88313728825 0 0 0
 1025.084788254 0 0 0
 1028.28412081275 0 0 0
 1031.4811208 0 0 0
 1034.67577405125 0 0 0
 1037.868066402 0 0 0
 1041.05798368775 0 0 0
 1044.245511744 0 0 0
 1047.43063640625 0 0 0
 1050.61334351 0 0 0
 1053.79361889075 0 0 0
 1056.971448384 0 0 0
 1060.14681782525 0 0 0
 1063.31971305 0 0 0
 1066.49011989375 0 0 0
 1069.658024192 0 0 0
 1072.82341178025 0 0 0
 1075.986268494 0 0 0
 1079.14658016875 0 0 0
 1082.30433264 0 0 0
 1085.45951174325 0 0 0
 1088.612103314 0 0 0
 1091.76209318775 0 0 0
 1094.9094672 0 0 0
 1098.05421118625 0 0 0
 1101.196310982 0 0 0
 1104.33575242275 0 0 0
 1107.472521344 0 0 0
 1110.60660358125 0 0 0
 1113.73798497 0 0 0
 1116.86665134575 0 0 0
 1119.992588544 0 0 0
 1123.11578240025 0 0 0
 1126.23621875 0 0 0
 1129.35388342875 0 0 0
 1132.468762272 0 0 0
 1135.58084111525 0 0 0
 1138.690105794 0 0 0
 1141.79654214375 0 0 0
 1144.900136 0 0 0
[END] of [DATA]
[END] of [Spectrum]


#TBID:2021-12-20 01:00:00;SAM_84DC;RAW;

[Spectrum]
Version            = 1
IDData             = 96B1_2021-12-20_01-00-00_000_132
IDDevice           = SAM_84DC
IDDataType         = SPECTRUM
IDDataTypeSub1     = RAW
IDDataTypeSub2     = 
IDDataTypeSub3     = 
DateTime           = 2021-12-20 01:00:00
PositionLatitude   = 0
PositionLongitude  = 0
Comment            = 
CommentSub1        = 
CommentSub2        = 
CommentSub3        = 
IDMethodType       = SAM Control
MethodName         = SAM_84DC
Mission            = No Mission
MissionSub         = 1
RecordType         = 0
[Attributes]
CalFactor = 1
IDBasisSpec = 
IDDataBack = DLAB_2015-08-21_13-19-54_137_939
IDDataCal = DLAB_2015-08-24_10-46-55_592_608
IntegrationTime = 4096
P31 = -1
P31e = 0
PathLength = +INF
PathLengthCustomOn = 0
RAWDynamic = 65535
Salinity = 0
Temperature = -NAN
Unit1 = $05 $00 Pixel 
Unit2 = $03 $05 Intensity counts
Unit3 = $f0 $05 Error counts
Unit4 = $f1 $00 Status 
p999 = 1812
[END] of [Attributes]
[DATA]
 0 11 0 0
 1 1223 0 0
 2 1212 0 0
 3 1227 0 0
 4 1230 0 0
 5 1228 0 0
 6 1227 0 0
 7 1228 0 0
 8 1228 0 0
 9 1231 0 0
 10 1228 0 0
 11 1231 0 0
 12 1228 0 0
 13 1229 0 0
 14 1232 0 0
 15 1226 0 0
 16 1231 0 0
 17 1238 0 0
 18 1234 0 0
 19 1236 0 0
 20 1236 0 0
 21 1234 0 0
 22 1235 0 0
 23 1234 0 0
 24 1233 0 0
 25 1234 0 0
 26 1236 0 0
 27 1240 0 0
 28 1235 0 0
 29 1238 0 0
 30 1239 0 0
 31 1242 0 0
 32 1246 0 0
 33 1245 0 0
 34 1243 0 0
 35 1249 0 0
 36 1251 0 0
 37 1250 0 0
 38 1251 0 0
 39 1251 0 0
 40 1256 0 0
 41 1255 0 0
 42 1250 0 0
 43 1251 0 0
 44 1254 0 0
 45 1254 0 0
 46 1258 0 0
 47 1259 0 0
 48 1254 0 0
 49 1257 0 0
 50 1254 0 0
 51 1254 0 0
 52 1254 0 0
 53 1253 0 0
 54 1250 0 0
 55 1250 0 0
 56 1255 0 0
 57 1254 0 0
 58 1250 0 0
 59 1253 0 0
 60 1254 0 0
 61 1255 0 0
 62 1251 0 0
 63 1254 0 0
 64 1255 0 0
 65 1251 0 0
 66 1255 0 0
 67 1262 0 0
 68 1265 0 0
 69 1261 0 0
 70 1264 0 0
 71 1263 0 0
 72 1258 0 0
 73 1261 0 0
 74 1264 0 0
 75 1258 0 0
 76 1268 0 0
 77 1262 0 0
 78 1257 0 0
 79 1262 0 0
 80 1263 0 0
 81 1262 0 0
 82 1256 0 0
 83 1260 0 0
 84 1259 0 0
 85 1257 0 0
 86 1258 0 0
 87 1257 0 0
 88 1253 0 0
 89 1261 0 0
 90 1253 0 0
 91 1259 0 0
 92 1253 0 0
 93 1256 0 0
 94 1255 0 0
 95 1255 0 0
 96 1250 0 0
 97 1252 0 0
 98 1248 0 0
 99 1250 0 0
 100 1248 0 0
 101 1254 0 0
 102 1252 0 0
 103 1250 0 0
 104 1248 0 0
 105 1251 0 0
 106 1245 0 0
 107 1252 0 0
 108 1250 0 0
 109 1249 0 0
 110 1244 0 0
 111 1250 0 0
 112 1247 0 0
 113 1248 0 0
 114 1246 0 0
 115 1251 0 0
 116 1251 0 0
 117 1252 0 0
 118 1249 0 0
 119 1248 0 0
 120 1242 0 0
 121 1253 0 0
 122 1244 0 0
 123 1248 0 0
 124 1243 0 0
 125 1242 0 0
 126 1244 0 0
 127 1251 0 0
 128 1248 0 0
 129 1246 0 0
 130 1245 0 0
 131 1245 0 0
 132 1250 0 0
 133 1246 0 0
 134 1248 0 0
 135 1244 0 0
 136 1245 0 0
 137 1245 0 0
 138 1240 0 0
 139 1237 0 0
 140 1238 0 0
 141 1251 0 0
 142 1242 0 0
 143 1248 0 0
 144 1244 0 0
 145 1239 0 0
 146 1247 0 0
 147 1237 0 0
 148 1245 0 0
 149 1243 0 0
 150 1241 0 0
 151 1243 0 0
 152 1241 0 0
 153 1246 0 0
 154 1243 0 0
 155 1238 0 0
 156 1240 0 0
 157 1244 0 0
 158 1243 0 0
 159 1242 0 0
 160 1240 0 0
 161 1237 0 0
 162 1232 0 0
 163 1239 0 0
 164 1236 0 0
 165 1236 0 0
 166 1246 0 0
 167 1244 0 0
 168 1240 0 0
 169 1244 0 0
 170 1237 0 0
 171 1238 0 0
 172 1234 0 0
 173 1242 0 0
 174 1234 0 0
 175 1236 0 0
 176 1238 0 0
 177 1245 0 0
 178 1235 0 0
 179 1237 0 0
 180 1235 0 0
 181 1238 0 0
 182 1234 0 0
 183 1240 0 0
 184 1234 0 0
 185 1236 0 0
 186 1238 0 0
 187 1237 0 0
 188 1235 0 0
 189 1236 0 0
 190 1232 0 0
 191 1235 0 0
 192 1241 0 0
 193 1242 0 0
 194 1236 0 0
 195 1236 0 0
 196 1237 0 0
 197 1243 0 0
 198 1234 0 0
 199 1235 0 0
 200 1234 0 0
 201 1236 0 0
 202 1235 0 0
 203 1245 0 0
 204 1240 0 0
 205 1236 0 0
 206 1237 0 0
 207 1241 0 0
 208 1234 0 0
 209 1233 0 0
 210 1229 0 0
 211 1237 0 0
 212 1233 0 0
 213 1238 0 0
 214 1234 0 0
 215 1238 0 0
 216 1235 0 0
 217 1236 0 0
 218 1238 0 0
 219 1233 0 0
 220 1238 0 0
 221 1243 0 0
 222 1236 0 0
 223 1241 0 0
 224 1232 0 0
 225 1236 0 0
 226 1237 0 0
 227 1239 0 0
 228 1233 0 0
 229 1232 0 0
 230 1234 0 0
 231 1238 0 0
 232 1240 0 0
 233 1236 0 0
 234 1236 0 0
 235 1234 0 0
 236 1238 0 0
 237 1236 0 0
 238 1239 0 0
 239 1237 0 0
 240 1236 0 0
 241 1240 0 0
 242 1237 0 0
 243 1241 0 0
 244 1233 0 0
 245 1242 0 0
 246 1237 0 0
 247 1237 0 0
 248 1238 0 0
 249 1231 0 0
 250 1240 0 0
 251 1242 0 0
 252 1240 0 0
 253 1244 0 0
 254 1240 0 0
 255 1301 0 0
[END] of [DATA]
[END] of [Spectrum]


#TBID:2021-12-20 01:00:00;SAM_84DC;CALIBRATED;

[Spectrum]
Version            = 1
IDData             = 96B1_2021-12-20_01-00-00_000_133
IDDevice           = SAM_84DC
IDDataType         = SPECTRUM
IDDataTypeSub1     = CALIBRATED
IDDataTypeSub2     = 
IDDataTypeSub3     = 
DateTime           = 2021-12-20 01:00:00
PositionLatitude   = 0
PositionLongitude  = 0
Comment            = 
CommentSub1        = 
CommentSub2        = 
CommentSub3        = 
IDMethodType       = SAM Control
MethodName         = SAM_84DC
Mission            = No Mission
MissionSub         = 1
RecordType         = 0
[Attributes]
CalFactor = 1
IDBasisSpec = 
IDDataBack = DLAB_2015-08-21_13-19-54_137_939
IDDataCal = DLAB_2015-08-24_10-46-55_592_608
IntegrationTime = 4096
P31 = -1
P31e = 0
PathLength = +INF
PathLengthCustomOn = 0
RAWDynamic = 65535
Salinity = 0
Temperature = -NAN
Unit1 = $01 $01 Wavelength nm
Unit2 = $03 $03 Intensity mW/(m^2 nm Sr)
Unit3 = $f0 $03 Error mW/(m^2 nm Sr)
Unit4 = $f1 $00 Status 
p999 = 1812
[END] of [Attributes]
[DATA]
 0 11 0 0
 305.71650776488 0 0 0
 309.04007505697 0 0 0
 312.36416914304 0 0 0
 315.68877841375 0 0 0
 319.01389125976 8.67241110005952e-005 0 0
 322.33949607173 0.000291164845497825 0 0
 325.66558124032 -0.000105530119888853 0 0
 328.99213515619 -1.27105161270528e-005 0 0
 332.31914621 -4.65158003765338e-005 0 0
 335.64660279241 -4.14559680519009e-005 0 0
 338.97449329408 -2.29025285297252e-005 0 0
 342.30280610567 6.11524512265057e-005 0 0
 345.63152961784 6.56286026674239e-005 0 0
 348.96065222125 -8.90091093737081e-005 0 0
 352.29016230656 7.45572490354247e-005 0 0
 355.62004826443 1.79664996406652e-006 0 0
 358.95029848552 3.27999231397349e-005 0 0
 362.28090136049 0.000106305474989971 0 0
 365.61184528 0.00010354733873606 0 0
 368.94311863471 0.000154591749450133 0 0
 372.27470981528 0.000179432645070813 0 0
 375.60660721237 3.58942455355563e-005 0 0
 378.93879921664 2.75994821879993e-005 0 0
 382.27127421875 2.9034117305835e-005 0 0
 385.60402060936 0.000186946993124914 0 0
 388.93702677913 9.39256876059647e-005 0 0
 392.27028111872 0.000164615893918046 0 0
 395.60377201879 0.00019322301252304 0 0
 398.93748787 0.000247284875604361 0 0
 402.27141706301 0.000275501145165308 0 0
 405.60554798848 0.000150254060893074 0 0
 408.93986903707 0.00023761930904023 0 0
 412.27436859944 0.000274842421317415 0 0
 415.60903506625 0.000147695412917728 0 0
 418.94385682816 0.000289698389519161 0 0
 422.27882227583 0.000170277802151217 0 0
 425.61391979992 0.000174549425302896 0 0
 428.94913779109 0.000213659995376016 0 0
 432.28446464 0.00024825473155474 0 0
 435.61988873731 0.00016728173355594 0 0
 438.95539847368 0.000226423889372603 0 0
 442.29098223977 0.000189385485314615 0 0
 445.62662842624 0.000176407134157488 0 0
 448.96232542375 0.000189017032341123 0 0
 452.29806162296 0.000207149295985033 0 0
 455.63382541453 0.000209651392688878 0 0
 458.96960518912 0.000207055099543823 0 0
 462.30538933739 0.00025384543428497 0 0
 465.64116625 0.000286863842593575 0 0
 468.97692431761 0.000277008896598735 0 0
 472.31265193088 0.000253850313364753 0 0
 475.64833748047 0.000244159875848139 0 0
 478.98396935704 0.000268214034691136 0 0
 482.31953595125 0.000230326192391939 0 0
 485.65502565376 0.000177653446105452 0 0
 488.99042685523 0.000270762796286167 0 0
 492.32572794632 0.000206366472891037 0 0
 495.66091731769 0.000160149120887625 0 0
 498.99598336 0.000113431596264864 0 0
 502.33091446391 0.000212275351895466 0 0
 505.66569902008 0.000186484378406758 0 0
 509.00032541917 0.000225376496813495 0 0
 512.33478205184 0.000214046724209761 0 0
 515.66905730875 0.000205775773806209 0 0
 519.00313958056 0.000195690500856071 0 0
 522.33701725793 0.000322135772777335 0 0
 525.67067873152 0.000264542397662894 0 0
 529.00411239199 0.00027320260227438 0 0
 532.33730663 0.000276207370749204 0 0
 535.67024983621 0.000252123254371684 0 0
 539.00293040128 0.000206845973407571 0 0
 542.33533671587 0.000229718843843908 0 0
 545.66745717064 0.000214468255967146 0 0
 548.99928015625 0.000231841672011736 0 0
 552.33079406336 0.000253088293027543 0 0
 555.66198728263 0.000299446490095991 0 0
 558.99284820472 0.000250444544133946 0 0
 562.32336522029 0.000276188879788274 0 0
 565.65352672 0.000225487818400252 0 0
 568.98332109451 0.000315445777368059 0 0
 572.31273673448 0.000227948805308527 0 0
 575.64176203057 0.000249089910331707 0 0
 578.97038537344 0.000260894109774325 0 0
 582.29859515375 0.000345916160211081 0 0
 585.62637976216 0.000152896167506081 0 0
 588.95372758933 0.000242805036668408 0 0
 592.28062702592 0.000221191839305377 0 0
 595.60706646259 0.000235899898047397 0 0
 598.93303429 0.000257256007260569 0 0
 602.25851889881 0.000291198164282115 0 0
 605.58350867968 0.000287850994580111 0 0
 608.90799202327 0.000208223802442287 0 0
 612.23195732024 0.000267200007975423 0 0
 615.55539296125 0.000198362409911092 0 0
 618.87828733696 0.000213181482498304 0 0
 622.20062883803 0.000227553746595552 0 0
 625.52240585512 0.00013483742453854 0 0
 628.84360677889 0.000199994643886508 0 0
 632.16422 0.000189102553662026 0 0
 635.48423390911 0.000136752123017566 0 0
 638.80363689688 0.00031356982218432 0 0
 642.12241735397 0.000223472876591211 0 0
 645.44056367104 0.000226275311962093 0 0
 648.75806423875 0.000196169690814776 0 0
 652.07490744776 0.000189872792499085 0 0
 655.39108168873 0.000108958011884625 0 0
 658.70657535232 0.000107047413993151 0 0
 662.02137682919 0.00019707746518695 0 0
 665.33547451 0.000164211288882372 0 0
 668.64885678541 0.000134637532495416 0 0
 671.96151204608 0.000189648337625381 0 0
 675.27342868267 0.000153566707396798 0 0
 678.58459508584 0.000298883111822325 0 0
 681.89499964625 0.000115985371765872 0 0
 685.20463075456 0.00016708345207277 0 0
 688.51347680143 0.000282491425399554 0 0
 691.82152617752 0.000311792651933955 0 0
 695.12876727349 0.000301609657915237 0 0
 698.43518848 0.000229065214345006 0 0
 701.74077818771 0.000279016709633656 0 0
 705.04552478728 0.000175160751430243 0 0
 708.34941666937 0.000202602547317992 0 0
 711.65244222464 0.000156139936377545 0 0
 714.95458984375 5.21420801091372e-005 0 0
 718.25584791736 0.00016107992006069 0 0
 721.55620483613 7.64956294374977e-005 0 0
 724.85564899072 0.000249469003360375 0 0
 728.15416877179 0.000255589194863468 0 0
 731.45175257 0.000229075765815271 0 0
 734.74838877601 5.64951083947517e-005 0 0
 738.04406578048 0.000203720546512495 0 0
 741.33877197407 0.000236931000818414 0 0
 744.63249574744 0.000191703445854578 0 0
 747.92522549125 0.000280063109663756 0 0
 751.21694959616 0.000111538136088912 0 0
 754.50765645283 0.000302533771597547 0 0
 757.79733445192 0.000162571416792671 0 0
 761.08597198409 0.000167237130620044 0 0
 764.37355744 1.92508376362661e-005 0 0
 767.66007921031 0.00011225866644048 0 0
 770.94552568568 0.000273168480365976 0 0
 774.22988525677 0.000225323850924524 0 0
 777.51314631424 0.000261751397040297 0 0
 780.79529724875 0.000216552485156382 0 0
 784.07632645096 0.000206542674139397 0 0
 787.35622231153 0.000380928826880901 0 0
 790.63497322112 7.09881000028675e-005 0 0
 793.91256757039 0.000190729289970416 0 0
 797.18899375 0.000187578301854275 0 0
 800.46424015061 0.000279835082129754 0 0
 803.73829516288 0.000167319540979777 0 0
 807.01114717747 0.000167663104691908 0 0
 810.28278458504 0.000213770662055651 0 0
 813.55319577625 0.000190466196399962 0 0
 816.82236914176 6.20070109862563e-005 0 0
 820.09029307223 0.000323149784562731 0 0
 823.35695595832 0.000153706844848249 0 0
 826.62234619069 0.000340284713765887 0 0
 829.88645216 0.000159920631223925 0 0
 833.14926225691 0.000100435936126084 0 0
 836.41076487208 0.000255978899598128 0 0
 839.67094839617 0.000193479619826896 0 0
 842.92980121984 0.000350600723711314 0 0
 846.18731173375 9.87784998488863e-005 0 0
 849.44346832856 -2.676580149913e-005 0 0
 852.69825939493 0.000264917974107603 0 0
 855.95167332352 0.000313395844342848 0 0
 859.20369850499 0.000190407795976876 0 0
 862.45432333 0.000452277634024243 0 0
 865.70353618921 2.92867576524972e-005 0 0
 868.95132547328 -0.000275576868742208 0 0
 872.19767957287 0.000440734925621121 0 0
 875.44258687864 0.000226832580135289 0 0
 878.68603578125 -0.000232875611300084 0 0
 881.92801467136 0.000205377914880255 0 0
 885.16851193963 7.47741147262195e-005 0 0
 888.40751597672 0.00108541306485609 0 0
 891.64501517329 -0.000142119940684738 0 0
 894.88099792 0.000638295194692485 0 0
 898.11545260751 0.000314054279014101 0 0
 901.34836762648 0.000702525501999015 0 0
 904.57973136757 -9.80736141589881e-005 0 0
 907.80953222144 0.000513871243139183 0 0
 911.03775857875 -1.29563514326283e-006 0 0
 914.26439883016 0.000110200962173821 0 0
 917.48944136633 0.000191709078137572 0 0
 920.71287457792 7.84252630119182e-005 0 0
 923.93468685559 0.000628318760546603 0 0
 927.15486659 0.000923813094887572 0 0
 930.37340217181 1.96264622559803e-005 0 0
 933.59028199168 8.00098431064905e-005 0 0
 936.80549444027 -0.000457286656564712 0 0
 940.01902790824 0.000867612601306302 0 0
 943.23087078625 0.000309778293533335 0 0
 946.44101146496 0.00110320820057653 0 0
 949.64943833503 -0.000711234840054497 0 0
 952.85613978712 0.00149206729731459 0 0
 956.06110421189 0 0 0
 959.26432 0 0 0
 962.46577554211 0 0 0
 965.66545922888 0 0 0
 968.86335945097 0 0 0
 972.05946459904 0 0 0
 975.25376306375 0 0 0
 978.44624323576 0 0 0
 981.63689350573 0 0 0
 984.82570226432 0 0 0
 988.01265790219 0 0 0
 991.19774881 0 0 0
 994.38096337841 0 0 0
 997.56228999808 0 0 0
 1000.74171705967 0 0 0
 1003.91923295384 0 0 0
 1007.09482607125 0 0 0
 1010.26848480256 0 0 0
 1013.44019753843 0 0 0
 1016.60995266952 0 0 0
 1019.77773858649 0 0 0
 1022.94354368 0 0 0
 1026.10735634071 0 0 0
 1029.26916495928 0 0 0
 1032.42895792637 0 0 0
 1035.58672363264 0 0 0
 1038.74245046875 0 0 0
 1041.89612682536 0 0 0
 1045.04774109313 0 0 0
 1048.19728166272 0 0 0
 1051.34473692479 0 0 0
 1054.49009527 0 0 0
 1057.63334508901 0 0 0
 1060.77447477248 0 0 0
 1063.91347271107 0 0 0
 1067.05032729544 0 0 0
 1070.18502691625 0 0 0
 1073.31755996416 0 0 0
 1076.44791482983 0 0 0
 1079.57607990392 0 0 0
 1082.70204357709 0 0 0
 1085.82579424 0 0 0
 1088.94732028331 0 0 0
 1092.06661009768 0 0 0
 1095.18365207377 0 0 0
 1098.29843460224 0 0 0
 1101.41094607375 0 0 0
 1104.52117487896 0 0 0
 1107.62910940853 0 0 0
 1110.73473805312 0 0 0
 1113.83804920339 0 0 0
 1116.93903125 0 0 0
 1120.03767258361 0 0 0
 1123.13396159488 0 0 0
 1126.22788667447 0 0 0
 1129.31943621304 0 0 0
 1132.40859860125 0 0 0
 1135.49536222976 0 0 0
[END] of [DATA]
[END] of [Spectrum]


#TBID:2021-12-20 01:00:00;SAM_84C8;RAW;

[Spectrum]
Version            = 1
IDData             = 96B1_2021-12-20_01-00-00_000_135
IDDevice           = SAM_84C8
IDDataType         = SPECTRUM
IDDataTypeSub1     = RAW
IDDataTypeSub2     = 
IDDataTypeSub3     = 
DateTime           = 2021-12-20 01:00:00
PositionLatitude   = 0
PositionLongitude  = 0
Comment            = 
CommentSub1        = 
CommentSub2        = 
CommentSub3        = 
IDMethodType       = SAM Control
MethodName         = SAM_84C8
Mission            = No Mission
MissionSub         = 1
RecordType         = 0
[Attributes]
CalFactor = 1
IDBasisSpec = 
IDDataBack = DLAB_2015-08-21_12-14-03_013_778
IDDataCal = DLAB_2015-08-24_11-04-47_772_747
IntegrationTime = 4096
P31 = -1
P31e = 0
PathLength = +INF
PathLengthCustomOn = 0
RAWDynamic = 65535
Salinity = 0
Temperature = -NAN
Unit1 = $05 $00 Pixel 
Unit2 = $03 $05 Intensity counts
Unit3 = $f0 $05 Error counts
Unit4 = $f1 $00 Status 
p999 = 1812
[END] of [Attributes]
[DATA]
 0 11 0 0
 1 1132 0 0
 2 1120 0 0
 3 1123 0 0
 4 1132 0 0
 5 1126 0 0
 6 1125 0 0
 7 1129 0 0
 8 1132 0 0
 9 1128 0 0
 10 1126 0 0
 11 1131 0 0
 12 1128 0 0
 13 1127 0 0
 14 1127 0 0
 15 1129 0 0
 16 1132 0 0
 17 1125 0 0
 18 1129 0 0
 19 1130 0 0
 20 1130 0 0
 21 1132 0 0
 22 1133 0 0
 23 1132 0 0
 24 1135 0 0
 25 1135 0 0
 26 1134 0 0
 27 1127 0 0
 28 1131 0 0
 29 1130 0 0
 30 1132 0 0
 31 1133 0 0
 32 1132 0 0
 33 1138 0 0
 34 1130 0 0
 35 1136 0 0
 36 1137 0 0
 37 1138 0 0
 38 1134 0 0
 39 1137 0 0
 40 1135 0 0
 41 1134 0 0
 42 1138 0 0
 43 1138 0 0
 44 1137 0 0
 45 1137 0 0
 46 1141 0 0
 47 1133 0 0
 48 1139 0 0
 49 1142 0 0
 50 1140 0 0
 51 1139 0 0
 52 1137 0 0
 53 1136 0 0
 54 1135 0 0
 55 1144 0 0
 56 1142 0 0
 57 1142 0 0
 58 1144 0 0
 59 1142 0 0
 60 1135 0 0
 61 1143 0 0
 62 1144 0 0
 63 1139 0 0
 64 1144 0 0
 65 1142 0 0
 66 1146 0 0
 67 1142 0 0
 68 1145 0 0
 69 1142 0 0
 70 1145 0 0
 71 1147 0 0
 72 1146 0 0
 73 1149 0 0
 74 1145 0 0
 75 1153 0 0
 76 1146 0 0
 77 1149 0 0
 78 1150 0 0
 79 1148 0 0
 80 1148 0 0
 81 1148 0 0
 82 1150 0 0
 83 1147 0 0
 84 1146 0 0
 85 1147 0 0
 86 1146 0 0
 87 1147 0 0
 88 1144 0 0
 89 1144 0 0
 90 1153 0 0
 91 1150 0 0
 92 1148 0 0
 93 1146 0 0
 94 1151 0 0
 95 1145 0 0
 96 1148 0 0
 97 1150 0 0
 98 1145 0 0
 99 1147 0 0
 100 1146 0 0
 101 1150 0 0
 102 1147 0 0
 103 1145 0 0
 104 1145 0 0
 105 1145 0 0
 106 1145 0 0
 107 1140 0 0
 108 1142 0 0
 109 1143 0 0
 110 1148 0 0
 111 1148 0 0
 112 1150 0 0
 113 1149 0 0
 114 1145 0 0
 115 1147 0 0
 116 1143 0 0
 117 1147 0 0
 118 1142 0 0
 119 1144 0 0
 120 1142 0 0
 121 1146 0 0
 122 1140 0 0
 123 1143 0 0
 124 1146 0 0
 125 1144 0 0
 126 1139 0 0
 127 1151 0 0
 128 1146 0 0
 129 1146 0 0
 130 1145 0 0
 131 1150 0 0
 132 1146 0 0
 133 1165 0 0
 134 1144 0 0
 135 1144 0 0
 136 1140 0 0
 137 1150 0 0
 138 1146 0 0
 139 1148 0 0
 140 1148 0 0
 141 1144 0 0
 142 1145 0 0
 143 1149 0 0
 144 1142 0 0
 145 1144 0 0
 146 1142 0 0
 147 1144 0 0
 148 1146 0 0
 149 1142 0 0
 150 1141 0 0
 151 1143 0 0
 152 1153 0 0
 153 1145 0 0
 154 1140 0 0
 155 1144 0 0
 156 1142 0 0
 157 1148 0 0
 158 1141 0 0
 159 1140 0 0
 160 1143 0 0
 161 1141 0 0
 162 1140 0 0
 163 1141 0 0
 164 1146 0 0
 165 1138 0 0
 166 1144 0 0
 167 1145 0 0
 168 1137 0 0
 169 1142 0 0
 170 1139 0 0
 171 1141 0 0
 172 1146 0 0
 173 1134 0 0
 174 1140 0 0
 175 1145 0 0
 176 1135 0 0
 177 1142 0 0
 178 1143 0 0
 179 1138 0 0
 180 1141 0 0
 181 1142 0 0
 182 1143 0 0
 183 1142 0 0
 184 1138 0 0
 185 1146 0 0
 186 1141 0 0
 187 1140 0 0
 188 1142 0 0
 189 1142 0 0
 190 1138 0 0
 191 1139 0 0
 192 1143 0 0
 193 1134 0 0
 194 1144 0 0
 195 1140 0 0
 196 1142 0 0
 197 1140 0 0
 198 1142 0 0
 199 1137 0 0
 200 1140 0 0
 201 1141 0 0
 202 1142 0 0
 203 1139 0 0
 204 1142 0 0
 205 1144 0 0
 206 1140 0 0
 207 1143 0 0
 208 1143 0 0
 209 1137 0 0
 210 1133 0 0
 211 1142 0 0
 212 1136 0 0
 213 1140 0 0
 214 1139 0 0
 215 1143 0 0
 216 1141 0 0
 217 1140 0 0
 218 1138 0 0
 219 1141 0 0
 220 1140 0 0
 221 1142 0 0
 222 1136 0 0
 223 1139 0 0
 224 1145 0 0
 225 1141 0 0
 226 1142 0 0
 227 1139 0 0
 228 1144 0 0
 229 1142 0 0
 230 1136 0 0
 231 1141 0 0
 232 1137 0 0
 233 1140 0 0
 234 1142 0 0
 235 1142 0 0
 236 1140 0 0
 237 1138 0 0
 238 1138 0 0
 239 1139 0 0
 240 1136 0 0
 241 1145 0 0
 242 1140 0 0
 243 1139 0 0
 244 1142 0 0
 245 1140 0 0
 246 1138 0 0
 247 1139 0 0
 248 1139 0 0
 249 1141 0 0
 250 1138 0 0
 251 1142 0 0
 252 1139 0 0
 253 1139 0 0
 254 1147 0 0
 255 1183 0 0
[END] of [DATA]
[END] of [Spectrum]


#TBID:2021-12-20 01:00:00;SAM_84C8;CALIBRATED;

[Spectrum]
Version            = 1
IDData             = 96B1_2021-12-20_01-00-00_000_136
IDDevice           = SAM_84C8
IDDataType         = SPECTRUM
IDDataTypeSub1     = CALIBRATED
IDDataTypeSub2     = 
IDDataTypeSub3     = 
DateTime           = 2021-12-20 01:00:00
PositionLatitude   = 0
PositionLongitude  = 0
Comment            = 
CommentSub1        = 
CommentSub2        = 
CommentSub3        = 
IDMethodType       = SAM Control
MethodName         = SAM_84C8
Mission            = No Mission
MissionSub         = 1
RecordType         = 0
[Attributes]
CalFactor = 1
IDBasisSpec = 
IDDataBack = DLAB_2015-08-21_12-14-03_013_778
IDDataCal = DLAB_2015-08-24_11-04-47_772_747
IntegrationTime = 4096
P31 = -1
P31e = 0
PathLength = +INF
PathLengthCustomOn = 0
RAWDynamic = 65535
Salinity = 0
Temperature = -NAN
Unit1 = $01 $01 Wavelength nm
Unit2 = $03 $03 Intensity mW/(m^2 nm Sr)
Unit3 = $f0 $03 Error mW/(m^2 nm Sr)
Unit4 = $f1 $00 Status 
p999 = 1812
[END] of [Attributes]
[DATA]
 0 11 0 0
 303.516048156 0 0 0
 306.890006053 0 0 0
 310.26457112 0 0 0
 313.639731825 0 0 0
 317.015476636 -0.000328816343641741 0 0
 320.391794021 -0.000442893565913131 0 0
 323.768672448 -9.38298999558678e-005 0 0
 327.146100385 9.1860239723645e-005 0 0
 330.5240663 -9.99520733787889e-005 0 0
 333.902558661 4.56445321300032e-005 0 0
 337.281565936 -8.46828064311775e-005 0 0
 340.661076593 -0.000273797328859072 0 0
 344.0410791 -5.89188115903867e-005 0 0
 347.421561925 -5.99214462041697e-005 0 0
 350.802513536 -7.87132664233649e-005 0 0
 354.183922401 -1.51512169434478e-005 0 0
 357.565776988 -0.000199900210128931 0 0
 360.948065765 -8.48724800030133e-005 0 0
 364.3307772 -7.50014008617414e-005 0 0
 367.713899761 -9.62279924361136e-006 0 0
 371.097421916 -2.19766100108069e-005 0 0
 374.481332133 -3.62516833142307e-005 0 0
 377.86561888 -6.66999694909979e-005 0 0
 381.250270625 -4.31616954962083e-005 0 0
 384.635275836 2.53296343664611e-005 0 0
 388.020622981 0.000156311902929918 0 0
 391.406300528 -8.92168002683775e-005 0 0
 394.792296945 -8.53053665012156e-005 0 0
 398.1786007 -5.67419866944821e-005 0 0
 401.565200261 -8.74034038197992e-005 0 0
 404.952084096 -1.06097352001259e-005 0 0
 408.339240673 -2.74621421823643e-005 0 0
 411.72665846 0.000145215642977022 0 0
 415.114325925 1.9354869815728e-006 0 0
 418.502231536 0.000114867478208631 0 0
 421.890363761 4.48646920545497e-005 0 0
 425.278711068 -9.12834804686381e-005 0 0
 428.667261925 -8.33872618615601e-006 0 0
 432.0560048 0.000114382338407288 0 0
 435.444928161 5.56406621236469e-005 0 0
 438.834020476 1.60585358671938e-006 0 0
 442.223270213 8.24272752280017e-005 0 0
 445.61266584 4.18948096205917e-005 0 0
 449.002195825 8.97755403964477e-005 0 0
 452.391848636 -1.12228938118427e-005 0 0
 455.781612741 8.22962532187739e-005 0 0
 459.171476608 1.03699456288724e-005 0 0
 462.561428705 4.18265066310542e-005 0 0
 465.9514575 3.40719516136652e-005 0 0
 469.341551461 0.000124864552881603 0 0
 472.731699056 3.43392585864326e-005 0 0
 476.121888753 1.62046838933099e-005 0 0
 479.51210902 3.71771763693894e-005 0 0
 482.902348325 0.000165197844573582 0 0
 486.292595136 0.000139195864179169 0 0
 489.682837921 8.76962028474419e-005 0 0
 493.073065148 3.31934560899092e-005 0 0
 496.463265285 0.000158416216859984 0 0
 499.8534268 0.000205178277130109 0 0
 503.243538161 6.41563798122607e-005 0 0
 506.633587836 0.000130828044319125 0 0
 510.023564293 -2.14377819355101e-005 0 0
 513.413456 1.20869861337233e-005 0 0
 516.803251425 0.000216324992475528 0 0
 520.192939036 0.000137782985878454 0 0
 523.582507301 0.000106077835794807 0 0
 526.971944688 8.48940399307179e-005 0 0
 530.361239665 6.57121096403973e-005 0 0
 533.7503807 0.000108503371785444 0 0
 537.139356261 6.1325868675053e-005 0 0
 540.528154816 0.000126955967734407 0 0
 543.916764833 5.09554601963538e-005 0 0
 547.30517478 0.000157038826858681 0 0
 550.693373125 0.000123632700285807 0 0
 554.081348336 0.000187086532518652 0 0
 557.469088881 0.000113114003650155 0 0
 560.856583228 0.000146862976455015 0 0
 564.243819845 0.000160680029374748 0 0
 567.6307872 0.000129019147152806 0 0
 571.017473761 0.000136695604452395 0 0
 574.403867996 0.000171404839048367 0 0
 577.789958373 0.000103908707677933 0 0
 581.17573336 0.00010178960853376 0 0
 584.561181425 7.02638984563503e-005 0 0
 587.946291036 0.000176246129446069 0 0
 591.331050661 0.000151182070447705 0 0
 594.715448768 0.000109606919261999 0 0
 598.099473825 0.000122066246431852 0 0
 601.4831143 0.000148170560955849 0 0
 604.866358661 0.000153277688783531 0 0
 608.249195376 0.000162306451438897 0 0
 611.631612913 0.000139503869037381 0 0
 615.01359974 0.000202785065693797 0 0
 618.395144325 0.000123933327269325 0 0
 621.776235136 0.000130745872848158 0 0
 625.156860641 8.69287687242131e-005 0 0
 628.537009308 0.000212423059707233 0 0
 631.916669605 0.000152893812207501 0 0
 635.29583 0.000221245926162482 0 0
 638.674478961 2.93467367545821e-005 0 0
 642.052604956 3.34797316178442e-005 0 0
 645.430196453 0.000108866774460316 0 0
 648.80724192 0.000166843554010118 0 0
 652.183729825 0.000158649032186819 0 0
 655.559648636 5.72134871398143e-006 0 0
 658.934986821 0.000197712442454135 0 0
 662.309732848 4.67349179673642e-005 0 0
 665.683875185 0.00019409257286446 0 0
 669.0574023 0.000171673302065161 0 0
 672.430302661 6.46646814187623e-005 0 0
 675.802564736 -8.08747375001129e-005 0 0
 679.174176993 0.000206166989906375 0 0
 682.5451279 0.000187907869586076 0 0
 685.915405925 0.000130944562859716 0 0
 689.284999536 3.97388125649687e-005 0 0
 692.653897201 -0.000107999451200616 0 0
 696.022087388 0.00022210773964064 0 0
 699.389558565 0.000131589120989988 0 0
 702.7562992 -1.64198647131024e-005 0 0
 706.122297761 0.000202817844553798 0 0
 709.487542716 0.000155065973016025 0 0
 712.852022533 0.000156231573628446 0 0
 716.21572568 0.000167988522090139 0 0
 719.578640625 0.000266192806535737 0 0
 722.940755836 0.000109758177036499 0 0
 726.302059781 -6.15285439132247e-006 0 0
 729.662540928 6.06415940172983e-005 0 0
 733.022187745 0.000233562518419448 0 0
 736.3809887 0.000111191714998092 0 0
 739.738932261 0.000247720997799635 0 0
 743.096006896 0.000196280937948824 0 0
 746.452201073 0.000131875260843909 0 0
 749.80750326 -0.000873063398825953 0 0
 753.161901925 9.59155204329512e-006 0 0
 756.515385536 0.000142565336736827 0 0
 759.867942561 2.7562609180428e-005 0 0
 763.219561468 0.00020942655260354 0 0
 766.570230725 0.000258269613726029 0 0
 769.9199388 6.63514184654478e-005 0 0
 773.268674161 0.000226076693596035 0 0
 776.616425276 0.000206335831639447 0 0
 779.963180613 7.63797743731367e-005 0 0
 783.30892864 0.000286471681513973 0 0
 786.653657825 -0.000141837928732336 0 0
 789.997356636 4.08084782195852e-005 0 0
 793.340013541 -2.20766092631401e-005 0 0
 796.681617008 0.00024645780452005 0 0
 800.022155505 0.000121610386994661 0 0
 803.3616175 0.000170322915774192 0 0
 806.699991461 8.01994703889706e-005 0 0
 810.037265856 0.000102035752388235 0 0
 813.373429153 0.000339628849246539 0 0
 816.70846982 0.000264820106177742 0 0
 820.042376325 0.000171320159072407 0 0
 823.375137136 0.000450729235674853 0 0
 826.706740721 6.09268717007959e-005 0 0
 830.037175548 0.000252794469047336 0 0
 833.366430085 -9.39763426370522e-007 0 0
 836.6944928 0.00013901017057015 0 0
 840.021352161 1.54573773097195e-005 0 0
 843.346996636 0.000142484846489821 0 0
 846.671414693 -9.19694860898594e-005 0 0
 849.9945948 0.000100691343595118 0 0
 853.316525425 0.000818611471303763 0 0
 856.637195036 -0.000373023767771177 0 0
 859.956592101 0.00021099479280764 0 0
 863.274705088 2.90878046799478e-005 0 0
 866.591522465 -0.000393780279639249 0 0
 869.9070327 0.000331240411747919 0 0
 873.221224261 -0.000340365682443829 0 0
 876.534085616 0.000255605030054615 0 0
 879.845605233 0.000431787813622554 0 0
 883.15577158 0.000440510407798706 0 0
 886.464573125 0.00044240504544898 0 0
 889.771998336 -0.000141395184541261 0 0
 893.078035681 -0.000235088531385209 0 0
 896.382673628 0.000370438603414619 0 0
 899.685900645 0.000849797345430937 0 0
 902.9877052 -0.000332224224518107 0 0
 906.288075761 -0.000336557829468768 0 0
 909.587000796 5.01108335193306e-005 0 0
 912.884468773 0.000220926189370573 0 0
 916.18046816 0.000214321105746756 0 0
 919.474987425 0.000497878159137081 0 0
 922.768015036 0.000734928058743726 0 0
 926.059539461 0.000648506903120222 0 0
 929.349549168 -0.00100426106213672 0 0
 932.638032625 0.000688669832196702 0 0
 935.9249783 0.00067705555169512 0 0
 939.210374661 0.00122764651029281 0 0
 942.494210176 -6.18195734781261e-005 0 0
 945.776473313 -0.000181308881861957 0 0
 949.05715254 0.000634794441087414 0 0
 952.336236325 0.000476282250500047 0 0
 955.613713136 0 0 0
 958.889571441 0 0 0
 962.163799708 0 0 0
 965.436386405 0 0 0
 968.70732 0 0 0
 971.976588961 0 0 0
 975.244181756 0 0 0
 978.510086853 0 0 0
 981.77429272 0 0 0
 985.036787825 0 0 0
 988.297560636 0 0 0
 991.556599621 0 0 0
 994.813893248 0 0 0
 998.069429985 0 0 0
 1001.3231983 0 0 0
 1004.575186661 0 0 0
 1007.825383536 0 0 0
 1011.073777393 0 0 0
 1014.3203567 0 0 0
 1017.565109925 0 0 0
 1020.808025536 0 0 0
 1024.049092001 0 0 0
 1027.288297788 0 0 0
 1030.525631365 0 0 0
 1033.7610812 0 0 0
 1036.994635761 0 0 0
 1040.226283516 0 0 0
 1043.456012933 0 0 0
 1046.68381248 0 0 0
 1049.909670625 0 0 0
 1053.133575836 0 0 0
 1056.355516581 0 0 0
 1059.575481328 0 0 0
 1062.793458545 0 0 0
 1066.0094367 0 0 0
 1069.223404261 0 0 0
 1072.435349696 0 0 0
 1075.645261473 0 0 0
 1078.85312806 0 0 0
 1082.058937925 0 0 0
 1085.262679536 0 0 0
 1088.464341361 0 0 0
 1091.663911868 0 0 0
 1094.861379525 0 0 0
 1098.0567328 0 0 0
 1101.249960161 0 0 0
 1104.441050076 0 0 0
 1107.629991013 0 0 0
 1110.81677144 0 0 0
 1114.001379825 0 0 0
 1117.183804636 0 0 0
 1120.364034341 0 0 0
 1123.542057408 0 0 0
 1126.717862305 0 0 0
 1129.8914375 0 0 0
 1133.062771461 0 0 0
 1136.231852656 0 0 0
 1139.398669553 0 0 0
 1142.56321062 0 0 0
 1145.725464325 0 0 0
 1148.885419136 0 0 0
[END] of [DATA]
[END] of [Spectrum]

