
#TBID:2021-08-16 02:30:00;SAM_84CE;RAW;

[Spectrum]
Version            = 1
IDData             = 96B1_2021-08-16_02-30-00_000_615
IDDevice           = SAM_84CE
IDDataType         = SPECTRUM
IDDataTypeSub1     = RAW
IDDataTypeSub2     = 
IDDataTypeSub3     = 
DateTime           = 2021-08-16 02:30:00
PositionLatitude   = 0
PositionLongitude  = 0
Comment            = 
CommentSub1        = 
CommentSub2        = 
CommentSub3        = 
IDMethodType       = SAM Control
MethodName         = SAM_84CE
Mission            = No Mission
MissionSub         = 1
RecordType         = 0
[Attributes]
CalFactor = 1
IDBasisSpec = 
IDDataBack = DLAB_2015-08-21_11-56-43_233_004
IDDataCal = DLAB_2015-08-26_10-05-37_585_478
IntegrationTime = 4096
P31 = -1
P31e = 0
PathLength = +INF
PathLengthCustomOn = 0
RAWDynamic = 65535
Salinity = 0
Temperature = -NAN
Unit1 = $05 $00 Pixel 
Unit2 = $03 $05 Intensity counts
Unit3 = $f0 $05 Error counts
Unit4 = $f1 $00 Status 
p999 = 1760
[END] of [Attributes]
[DATA]
 0 11 0 0
 1 2245 0 0
 2 2267 0 0
 3 2263 0 0
 4 2276 0 0
 5 2288 0 0
 6 2278 0 0
 7 2282 0 0
 8 2288 0 0
 9 2296 0 0
 10 2298 0 0
 11 2303 0 0
 12 2306 0 0
 13 2301 0 0
 14 2310 0 0
 15 2305 0 0
 16 2302 0 0
 17 2301 0 0
 18 2307 0 0
 19 2301 0 0
 20 2316 0 0
 21 2314 0 0
 22 2315 0 0
 23 2332 0 0
 24 2327 0 0
 25 2326 0 0
 26 2330 0 0
 27 2334 0 0
 28 2323 0 0
 29 2323 0 0
 30 2323 0 0
 31 2331 0 0
 32 2324 0 0
 33 2323 0 0
 34 2320 0 0
 35 2316 0 0
 36 2329 0 0
 37 2316 0 0
 38 2326 0 0
 39 2321 0 0
 40 2322 0 0
 41 2319 0 0
 42 2325 0 0
 43 2322 0 0
 44 2306 0 0
 45 2309 0 0
 46 2323 0 0
 47 2324 0 0
 48 2322 0 0
 49 2317 0 0
 50 2318 0 0
 51 2310 0 0
 52 2312 0 0
 53 2318 0 0
 54 2318 0 0
 55 2312 0 0
 56 2309 0 0
 57 2309 0 0
 58 2318 0 0
 59 2311 0 0
 60 2307 0 0
 61 2310 0 0
 62 2320 0 0
 63 2318 0 0
 64 2310 0 0
 65 2313 0 0
 66 2324 0 0
 67 2310 0 0
 68 2319 0 0
 69 2309 0 0
 70 2300 0 0
 71 2308 0 0
 72 2314 0 0
 73 2314 0 0
 74 2314 0 0
 75 2309 0 0
 76 2317 0 0
 77 2311 0 0
 78 2309 0 0
 79 2318 0 0
 80 2315 0 0
 81 2316 0 0
 82 2310 0 0
 83 2311 0 0
 84 2312 0 0
 85 2308 0 0
 86 2313 0 0
 87 2315 0 0
 88 2309 0 0
 89 2310 0 0
 90 2316 0 0
 91 2308 0 0
 92 2309 0 0
 93 2315 0 0
 94 2303 0 0
 95 2307 0 0
 96 2304 0 0
 97 2305 0 0
 98 2316 0 0
 99 2314 0 0
 100 2315 0 0
 101 2313 0 0
 102 2315 0 0
 103 2315 0 0
 104 2315 0 0
 105 2319 0 0
 106 2321 0 0
 107 2308 0 0
 108 2310 0 0
 109 2327 0 0
 110 2315 0 0
 111 2329 0 0
 112 2321 0 0
 113 2310 0 0
 114 2322 0 0
 115 2315 0 0
 116 2312 0 0
 117 2323 0 0
 118 2320 0 0
 119 2315 0 0
 120 2319 0 0
 121 2316 0 0
 122 2321 0 0
 123 2314 0 0
 124 2317 0 0
 125 2319 0 0
 126 2325 0 0
 127 2314 0 0
 128 2322 0 0
 129 2314 0 0
 130 2311 0 0
 131 2326 0 0
 132 2315 0 0
 133 2319 0 0
 134 2321 0 0
 135 2317 0 0
 136 2315 0 0
 137 2324 0 0
 138 2310 0 0
 139 2318 0 0
 140 2312 0 0
 141 2318 0 0
 142 2312 0 0
 143 2315 0 0
 144 2315 0 0
 145 2330 0 0
 146 2322 0 0
 147 2304 0 0
 148 2316 0 0
 149 2310 0 0
 150 2313 0 0
 151 2316 0 0
 152 2317 0 0
 153 2322 0 0
 154 2317 0 0
 155 2316 0 0
 156 2318 0 0
 157 2320 0 0
 158 2308 0 0
 159 2324 0 0
 160 2318 0 0
 161 2324 0 0
 162 2312 0 0
 163 2320 0 0
 164 2325 0 0
 165 2320 0 0
 166 2312 0 0
 167 2321 0 0
 168 2312 0 0
 169 2321 0 0
 170 2320 0 0
 171 2328 0 0
 172 2319 0 0
 173 2323 0 0
 174 2317 0 0
 175 2317 0 0
 176 2322 0 0
 177 2320 0 0
 178 2322 0 0
 179 2318 0 0
 180 2325 0 0
 181 2319 0 0
 182 2314 0 0
 183 2310 0 0
 184 2311 0 0
 185 2312 0 0
 186 2322 0 0
 187 2325 0 0
 188 2314 0 0
 189 2316 0 0
 190 2317 0 0
 191 2321 0 0
 192 2318 0 0
 193 2316 0 0
 194 2316 0 0
 195 2316 0 0
 196 2313 0 0
 197 2313 0 0
 198 2328 0 0
 199 2310 0 0
 200 2316 0 0
 201 2322 0 0
 202 2314 0 0
 203 2316 0 0
 204 2317 0 0
 205 2315 0 0
 206 2330 0 0
 207 2321 0 0
 208 2312 0 0
 209 2317 0 0
 210 2315 0 0
 211 2308 0 0
 212 2312 0 0
 213 2324 0 0
 214 2315 0 0
 215 2325 0 0
 216 2321 0 0
 217 2314 0 0
 218 2315 0 0
 219 2318 0 0
 220 2309 0 0
 221 2314 0 0
 222 2312 0 0
 223 2323 0 0
 224 2312 0 0
 225 2312 0 0
 226 2314 0 0
 227 2320 0 0
 228 2309 0 0
 229 2332 0 0
 230 2315 0 0
 231 2311 0 0
 232 2323 0 0
 233 2317 0 0
 234 2316 0 0
 235 2325 0 0
 236 2307 0 0
 237 2320 0 0
 238 2317 0 0
 239 2310 0 0
 240 2316 0 0
 241 2319 0 0
 242 2308 0 0
 243 2322 0 0
 244 2316 0 0
 245 2306 0 0
 246 2295 0 0
 247 2307 0 0
 248 2296 0 0
 249 2296 0 0
 250 2282 0 0
 251 2284 0 0
 252 2260 0 0
 253 2251 0 0
 254 2235 0 0
 255 2289 0 0
[END] of [DATA]
[END] of [Spectrum]


#TBID:2021-08-16 02:30:00;SAM_84CE;CALIBRATED;

[Spectrum]
Version            = 1
IDData             = 96B1_2021-08-16_02-30-00_000_616
IDDevice           = SAM_84CE
IDDataType         = SPECTRUM
IDDataTypeSub1     = CALIBRATED
IDDataTypeSub2     = 
IDDataTypeSub3     = 
DateTime           = 2021-08-16 02:30:00
PositionLatitude   = 0
PositionLongitude  = 0
Comment            = 
CommentSub1        = 
CommentSub2        = 
CommentSub3        = 
IDMethodType       = SAM Control
MethodName         = SAM_84CE
Mission            = No Mission
MissionSub         = 1
RecordType         = 0
[Attributes]
CalFactor = 1
IDBasisSpec = 
IDDataBack = DLAB_2015-08-21_11-56-43_233_004
IDDataCal = DLAB_2015-08-26_10-05-37_585_478
IntegrationTime = 4096
P31 = -1
P31e = 0
PathLength = +INF
PathLengthCustomOn = 0
RAWDynamic = 65535
Salinity = 0
Temperature = -NAN
Unit1 = $01 $01 Wavelength nm
Unit2 = $03 $06 Intensity mW/(m^2 nm)
Unit3 = $f0 $06 Error mW/(m^2 nm)
Unit4 = $f1 $00 Status 
p999 = 1760
[END] of [Attributes]
[DATA]
 0 11 0 0
 303.485180022 0 0 0
 306.85638880275 0 0 0
 310.228324544 0 0 0
 313.60097308125 0 0 0
 316.97432025 0.000397734340929972 0 0
 320.34835188575 -0.00118426366177077 0 0
 323.723053824 0.0013470294070786 0 0
 327.09841190025 0.00289273143516617 0 0
 330.47441195 0.0030424670339618 0 0
 333.85103980875 0.00459730863642494 0 0
 337.228281312 0.00504043435262379 0 0
 340.60612229525 0.00556614808196323 0 0
 343.984548594 0.00385559216566482 0 0
 347.36354604375 0.00443211021835993 0 0
 350.74310048 0.00481867722697456 0 0
 354.12319773825 0.00339121142171663 0 0
 357.503823654 0.00382850498391779 0 0
 360.88496406275 0.00388775308187414 0 0
 364.2666048 0.00383705208726703 0 0
 367.64873170125 0.00466028296674557 0 0
 371.031330602 0.00495248137125326 0 0
 374.41438733775 0.00572990169234582 0 0
 377.797887744 0.00662665551408052 0 0
 381.18181765625 0.0076224286287388 0 0
 384.56616291 0.00747945268046804 0 0
 387.95090934075 0.0073518740940494 0 0
 391.336042784 0.00780061033247316 0 0
 394.72154907525 0.00789157406442443 0 0
 398.10741405 0.00718385097316073 0 0
 401.49362354375 0.00680849543403185 0 0
 404.880163392 0.00646636786274275 0 0
 408.26701943025 0.00556808333898195 0 0
 411.654177494 0.0056389653089113 0 0
 415.04162341875 0.00526805329614338 0 0
 418.42934304 0.00469668406908036 0 0
 421.81732219325 0.00495673069736526 0 0
 425.205546714 0.00429242987211732 0 0
 428.59400243775 0.00399206840208039 0 0
 431.9826752 0.00367769577973392 0 0
 435.37155083625 0.00359024080314194 0 0
 438.760615182 0.00338121999887692 0 0
 442.14985407275 0.0037484409986551 0 0
 445.539253344 0.00352500864251752 0 0
 448.92879883125 0.00249917405986137 0 0
 452.31847637 0.002927347001504 0 0
 455.70827179575 0.00335423016723357 0 0
 459.098170944 0.00318375299806554 0 0
 462.48815965025 0.00381917969368708 0 0
 465.87822375 0.00332455959553481 0 0
 469.26834907875 0.00324108156653259 0 0
 472.658521472 0.00314285677619218 0 0
 476.04872676525 0.00347170756766208 0 0
 479.438950794 0.00341094067812849 0 0
 482.82917939375 0.00307866189638736 0 0
 486.2193984 0.00340336169226456 0 0
 489.60959364825 0.00310620488131307 0 0
 492.999750974 0.00304443093948007 0 0
 496.38985621275 0.00363168557617148 0 0
 499.7798952 0.00308785201479493 0 0
 503.16985377125 0.00311072995099729 0 0
 506.559717762 0.00285320195402531 0 0
 509.94947300775 0.00311825338094237 0 0
 513.339105344 0.00330974724982491 0 0
 516.72860060625 0.00238130773002169 0 0
 520.11794463 0.00308243824539895 0 0
 523.50712325075 0.00319889040745838 0 0
 526.896122304 0.00227084101021799 0 0
 530.28492762525 0.00299749494987479 0 0
 533.67352505 0.00277530287691638 0 0
 537.06190041375 0.00244558783264148 0 0
 540.450039552 0.00245413577421353 0 0
 543.83792830025 0.00259642537474466 0 0
 547.225552494 0.00236798447291392 0 0
 550.61289796875 0.00280218855251704 0 0
 553.99995056 0.00205263687405941 0 0
 557.38669610325 0.00205532111915524 0 0
 560.773120434 0.00248083948602617 0 0
 564.15920938775 0.00266518100921254 0 0
 567.5449488 0.00295848764028013 0 0
 570.93032450625 0.00248708839562801 0 0
 574.315322342 0.00255437317541678 0 0
 577.69992814275 0.00251471356444682 0 0
 581.084127744 0.00297197230814013 0 0
 584.46790698125 0.00304338872241132 0 0
 587.85125169 0.0024660691821456 0 0
 591.23414770575 0.00294647657533104 0 0
 594.616580864 0.00310391786414307 0 0
 597.99853700025 0.00267807765320961 0 0
 601.38000195 0.00282730387001191 0 0
 604.76096154875 0.0026459725521077 0 0
 608.141401632 0.00173335620370539 0 0
 611.52130803525 0.00214638774962091 0 0
 614.900666594 0.00228094954335589 0 0
 618.27946314375 0.00168772225465605 0 0
 621.65768352 0.00286087868399465 0 0
 625.03531355825 0.00244617577690858 0 0
 628.412339094 0.00156128992441182 0 0
 631.78874596275 0.0028235040183622 0 0
 635.16452 0.00284630820959871 0 0
 638.53964704125 0.00329224206170525 0 0
 641.914112922 0.00375657618429489 0 0
 645.28790347775 0.00363691167656669 0 0
 648.661004544 0.00340378366299432 0 0
 652.03340195625 0.00419883680762121 0 0
 655.40508155 0.00406443578106681 0 0
 658.77602916075 0.00509374162080602 0 0
 662.146230624 0.0031102510037453 0 0
 665.51567177525 0.003566025003186 0 0
 668.88433845 0.00516217372734124 0 0
 672.25221648375 0.00446733760171268 0 0
 675.619291712 0.00539657720307226 0 0
 678.98554997025 0.00510328873861786 0 0
 682.350977094 0.00373556689134189 0 0
 685.71555891875 0.00519001351957477 0 0
 689.07928128 0.00437394745412757 0 0
 692.44213001325 0.00443544059028153 0 0
 695.804090954 0.00518713266994781 0 0
 699.16514993775 0.00511783238080647 0 0
 702.5252928 0.00390946671452726 0 0
 705.88450537625 0.00459762727317798 0 0
 709.242773502 0.00478763094236199 0 0
 712.60008301275 0.00507177511470694 0 0
 715.956419744 0.00447311151006611 0 0
 719.31176953125 0.00492376402611192 0 0
 722.66611821 0.00566153979026816 0 0
 726.01945161575 0.00526847380755517 0 0
 729.371755584 0.00481428849348086 0 0
 732.72301595025 0.00590249570632394 0 0
 736.07321855 0.00451872413517168 0 0
 739.42234921875 0.0046372402312849 0 0
 742.770393792 0.00532102687569494 0 0
 746.11733810525 0.00500895046856507 0 0
 749.463167994 0.00587435270703762 0 0
 752.80786929375 0.00631490958429731 0 0
 756.15142784 0.00512123960080447 0 0
 759.49382946825 0.00507513105606176 0 0
 762.835060014 0.00589709766588598 0 0
 766.17510531275 0.00561060234012353 0 0
 769.5139512 0.00476075470718451 0 0
 772.85158351125 0.00564421146561091 0 0
 776.187988082 0.00598860061112892 0 0
 779.52315074775 0.00524013602675177 0 0
 782.857057344 0.00573101078275009 0 0
 786.18969370625 0.00560704572284384 0 0
 789.52104567 0.00766044480060955 0 0
 792.85109907075 0.00672164152426144 0 0
 796.179839744 0.00475364435981003 0 0
 799.50725352525 0.00610666131947727 0 0
 802.83332625 0.00575756671512076 0 0
 806.15804375375 0.00735650106034197 0 0
 809.481391872 0.00908627697018551 0 0
 812.80335644025 0.00948223023865062 0 0
 816.123923294 0.00959064679960392 0 0
 819.44307826875 0.00883069064524554 0 0
 822.7608072 0.00895838079069311 0 0
 826.07709592325 0.010647248446352 0 0
 829.391930274 0.0106247167479714 0 0
 832.70529608775 0.008367234278818 0 0
 836.0171792 0.0134307518707095 0 0
 839.32756544625 0.0104329861230668 0 0
 842.636440662 0.0131543097431624 0 0
 845.94379068275 0.00821519937935842 0 0
 849.249601344 0.0138631893327783 0 0
 852.55385848125 0.0172036290112602 0 0
 855.85654793 0.0166476764253413 0 0
 859.15765552575 0.0126219504172228 0 0
 862.457167104 0.0179252036456379 0 0
 865.75506850025 0.0125626903428941 0 0
 869.05134555 0.0170198533711949 0 0
 872.34598408875 0.0162024187717651 0 0
 875.638969952 0.0225499482985038 0 0
 878.93028897525 0.0182295314848729 0 0
 882.219926994 0.0233994289312891 0 0
 885.50786984375 0.0224177856842721 0 0
 888.79410336 0.0182530636542035 0 0
 892.07861337825 0.0243671172737948 0 0
 895.361385734 0.0229045322767646 0 0
 898.64240626275 0.0227029314716572 0 0
 901.9216608 0.0208333072793148 0 0
 905.19913518125 0.0284987767141969 0 0
 908.474815242 0.0243378475544992 0 0
 911.74868681775 0.0205741535038665 0 0
 915.020735744 0.0266595095173135 0 0
 918.29094785625 0.0270268268787926 0 0
 921.55930899 0.0212675612937198 0 0
 924.82580498075 0.0327374379667508 0 0
 928.090421664 0.036685685734503 0 0
 931.35314487525 0.0296815150386293 0 0
 934.61396045 0.0341208089448576 0 0
 937.87285422375 0.0369123687172637 0 0
 941.129812032 0.0403791274667832 0 0
 944.38481971025 0.0434325814458716 0 0
 947.637863094 0.0399942223269593 0 0
 950.88892801875 0.0454034869470307 0 0
 954.13800032 0 0 0
 957.38506583325 0 0 0
 960.630110394 0 0 0
 963.87311983775 0 0 0
 967.11408 0 0 0
 970.35297671625 0 0 0
 973.589795822 0 0 0
 976.82452315275 0 0 0
 980.057144544 0 0 0
 983.28764583125 0 0 0
 986.51601285 0 0 0
 989.74223143575 0 0 0
 992.966287424 0 0 0
 996.18816665025 0 0 0
 999.40785495 0 0 0
 1002.62533815875 0 0 0
 1005.840602112 0 0 0
 1009.05363264525 0 0 0
 1012.264415594 0 0 0
 1015.47293679375 0 0 0
 1018.67918208 0 0 0
 1021.88313728825 0 0 0
 1025.084788254 0 0 0
 1028.28412081275 0 0 0
 1031.4811208 0 0 0
 1034.67577405125 0 0 0
 1037.868066402 0 0 0
 1041.05798368775 0 0 0
 1044.245511744 0 0 0
 1047.43063640625 0 0 0
 1050.61334351 0 0 0
 1053.79361889075 0 0 0
 1056.971448384 0 0 0
 1060.14681782525 0 0 0
 1063.31971305 0 0 0
 1066.49011989375 0 0 0
 1069.658024192 0 0 0
 1072.82341178025 0 0 0
 1075.986268494 0 0 0
 1079.14658016875 0 0 0
 1082.30433264 0 0 0
 1085.45951174325 0 0 0
 1088.612103314 0 0 0
 1091.76209318775 0 0 0
 1094.9094672 0 0 0
 1098.05421118625 0 0 0
 1101.196310982 0 0 0
 1104.33575242275 0 0 0
 1107.472521344 0 0 0
 1110.60660358125 0 0 0
 1113.73798497 0 0 0
 1116.86665134575 0 0 0
 1119.992588544 0 0 0
 1123.11578240025 0 0 0
 1126.23621875 0 0 0
 1129.35388342875 0 0 0
 1132.468762272 0 0 0
 1135.58084111525 0 0 0
 1138.690105794 0 0 0
 1141.79654214375 0 0 0
 1144.900136 0 0 0
[END] of [DATA]
[END] of [Spectrum]


#TBID:2021-08-16 03:00:00;SAM_84DC;RAW;

[Spectrum]
Version            = 1
IDData             = 96B1_2021-08-16_03-00-00_000_619
IDDevice           = SAM_84DC
IDDataType         = SPECTRUM
IDDataTypeSub1     = RAW
IDDataTypeSub2     = 
IDDataTypeSub3     = 
DateTime           = 2021-08-16 03:00:00
PositionLatitude   = 0
PositionLongitude  = 0
Comment            = 
CommentSub1        = 
CommentSub2        = 
CommentSub3        = 
IDMethodType       = SAM Control
MethodName         = SAM_84DC
Mission            = No Mission
MissionSub         = 1
RecordType         = 0
[Attributes]
CalFactor = 1
IDBasisSpec = 
IDDataBack = DLAB_2015-08-21_13-19-54_137_939
IDDataCal = DLAB_2015-08-24_10-46-55_592_608
IntegrationTime = 4096
P31 = -1
P31e = 0
PathLength = +INF
PathLengthCustomOn = 0
RAWDynamic = 65535
Salinity = 0
Temperature = -NAN
Unit1 = $05 $00 Pixel 
Unit2 = $03 $05 Intensity counts
Unit3 = $f0 $05 Error counts
Unit4 = $f1 $00 Status 
p999 = 1761
[END] of [Attributes]
[DATA]
 0 11 0 0
 1 2364 0 0
 2 2356 0 0
 3 2377 0 0
 4 2391 0 0
 5 2388 0 0
 6 2385 0 0
 7 2402 0 0
 8 2400 0 0
 9 2402 0 0
 10 2404 0 0
 11 2411 0 0
 12 2407 0 0
 13 2409 0 0
 14 2419 0 0
 15 2399 0 0
 16 2414 0 0
 17 2418 0 0
 18 2405 0 0
 19 2417 0 0
 20 2416 0 0
 21 2422 0 0
 22 2438 0 0
 23 2433 0 0
 24 2441 0 0
 25 2432 0 0
 26 2442 0 0
 27 2444 0 0
 28 2433 0 0
 29 2432 0 0
 30 2434 0 0
 31 2444 0 0
 32 2446 0 0
 33 2438 0 0
 34 2444 0 0
 35 2435 0 0
 36 2449 0 0
 37 2442 0 0
 38 2443 0 0
 39 2433 0 0
 40 2455 0 0
 41 2439 0 0
 42 2441 0 0
 43 2449 0 0
 44 2445 0 0
 45 2445 0 0
 46 2446 0 0
 47 2452 0 0
 48 2446 0 0
 49 2442 0 0
 50 2442 0 0
 51 2439 0 0
 52 2439 0 0
 53 2443 0 0
 54 2437 0 0
 55 2440 0 0
 56 2444 0 0
 57 2443 0 0
 58 2445 0 0
 59 2458 0 0
 60 2443 0 0
 61 2446 0 0
 62 2442 0 0
 63 2444 0 0
 64 2448 0 0
 65 2441 0 0
 66 2428 0 0
 67 2442 0 0
 68 2448 0 0
 69 2439 0 0
 70 2446 0 0
 71 2451 0 0
 72 2440 0 0
 73 2449 0 0
 74 2449 0 0
 75 2434 0 0
 76 2444 0 0
 77 2448 0 0
 78 2436 0 0
 79 2447 0 0
 80 2441 0 0
 81 2447 0 0
 82 2438 0 0
 83 2442 0 0
 84 2434 0 0
 85 2452 0 0
 86 2442 0 0
 87 2436 0 0
 88 2428 0 0
 89 2428 0 0
 90 2423 0 0
 91 2422 0 0
 92 2419 0 0
 93 2422 0 0
 94 2419 0 0
 95 2420 0 0
 96 2417 0 0
 97 2428 0 0
 98 2421 0 0
 99 2427 0 0
 100 2429 0 0
 101 2423 0 0
 102 2429 0 0
 103 2428 0 0
 104 2431 0 0
 105 2437 0 0
 106 2432 0 0
 107 2444 0 0
 108 2435 0 0
 109 2438 0 0
 110 2434 0 0
 111 2439 0 0
 112 2439 0 0
 113 2428 0 0
 114 2438 0 0
 115 2442 0 0
 116 2439 0 0
 117 2433 0 0
 118 2432 0 0
 119 2436 0 0
 120 2425 0 0
 121 2447 0 0
 122 2434 0 0
 123 2446 0 0
 124 2445 0 0
 125 2435 0 0
 126 2443 0 0
 127 2443 0 0
 128 2437 0 0
 129 2432 0 0
 130 2443 0 0
 131 2438 0 0
 132 2446 0 0
 133 2444 0 0
 134 2440 0 0
 135 2444 0 0
 136 2435 0 0
 137 2441 0 0
 138 2435 0 0
 139 2440 0 0
 140 2437 0 0
 141 2448 0 0
 142 2437 0 0
 143 2444 0 0
 144 2441 0 0
 145 2433 0 0
 146 2438 0 0
 147 2436 0 0
 148 2438 0 0
 149 2443 0 0
 150 2435 0 0
 151 2441 0 0
 152 2435 0 0
 153 2446 0 0
 154 2440 0 0
 155 2441 0 0
 156 2437 0 0
 157 2445 0 0
 158 2440 0 0
 159 2438 0 0
 160 2442 0 0
 161 2436 0 0
 162 2430 0 0
 163 2434 0 0
 164 2434 0 0
 165 2438 0 0
 166 2450 0 0
 167 2447 0 0
 168 2447 0 0
 169 2437 0 0
 170 2439 0 0
 171 2442 0 0
 172 2430 0 0
 173 2444 0 0
 174 2441 0 0
 175 2436 0 0
 176 2442 0 0
 177 2439 0 0
 178 2431 0 0
 179 2432 0 0
 180 2435 0 0
 181 2433 0 0
 182 2439 0 0
 183 2439 0 0
 184 2438 0 0
 185 2441 0 0
 186 2440 0 0
 187 2442 0 0
 188 2432 0 0
 189 2427 0 0
 190 2438 0 0
 191 2441 0 0
 192 2452 0 0
 193 2441 0 0
 194 2440 0 0
 195 2433 0 0
 196 2446 0 0
 197 2444 0 0
 198 2433 0 0
 199 2452 0 0
 200 2440 0 0
 201 2455 0 0
 202 2442 0 0
 203 2454 0 0
 204 2451 0 0
 205 2455 0 0
 206 2459 0 0
 207 2443 0 0
 208 2440 0 0
 209 2447 0 0
 210 2444 0 0
 211 2452 0 0
 212 2443 0 0
 213 2440 0 0
 214 2444 0 0
 215 2454 0 0
 216 2457 0 0
 217 2458 0 0
 218 2451 0 0
 219 2446 0 0
 220 2456 0 0
 221 2461 0 0
 222 2453 0 0
 223 2464 0 0
 224 2454 0 0
 225 2469 0 0
 226 2464 0 0
 227 2461 0 0
 228 2472 0 0
 229 2466 0 0
 230 2466 0 0
 231 2467 0 0
 232 2470 0 0
 233 2464 0 0
 234 2472 0 0
 235 2472 0 0
 236 2460 0 0
 237 2474 0 0
 238 2471 0 0
 239 2479 0 0
 240 2481 0 0
 241 2474 0 0
 242 2474 0 0
 243 2475 0 0
 244 2478 0 0
 245 2480 0 0
 246 2481 0 0
 247 2481 0 0
 248 2482 0 0
 249 2469 0 0
 250 2462 0 0
 251 2463 0 0
 252 2453 0 0
 253 2429 0 0
 254 2400 0 0
 255 2457 0 0
[END] of [DATA]
[END] of [Spectrum]


#TBID:2021-08-16 03:00:00;SAM_84DC;CALIBRATED;

[Spectrum]
Version            = 1
IDData             = 96B1_2021-08-16_03-00-00_000_620
IDDevice           = SAM_84DC
IDDataType         = SPECTRUM
IDDataTypeSub1     = CALIBRATED
IDDataTypeSub2     = 
IDDataTypeSub3     = 
DateTime           = 2021-08-16 03:00:00
PositionLatitude   = 0
PositionLongitude  = 0
Comment            = 
CommentSub1        = 
CommentSub2        = 
CommentSub3        = 
IDMethodType       = SAM Control
MethodName         = SAM_84DC
Mission            = No Mission
MissionSub         = 1
RecordType         = 0
[Attributes]
CalFactor = 1
IDBasisSpec = 
IDDataBack = DLAB_2015-08-21_13-19-54_137_939
IDDataCal = DLAB_2015-08-24_10-46-55_592_608
IntegrationTime = 4096
P31 = -1
P31e = 0
PathLength = +INF
PathLengthCustomOn = 0
RAWDynamic = 65535
Salinity = 0
Temperature = -NAN
Unit1 = $01 $01 Wavelength nm
Unit2 = $03 $03 Intensity mW/(m^2 nm Sr)
Unit3 = $f0 $03 Error mW/(m^2 nm Sr)
Unit4 = $f1 $00 Status 
p999 = 1761
[END] of [Attributes]
[DATA]
 0 11 0 0
 305.71650776488 0 0 0
 309.04007505697 0 0 0
 312.36416914304 0 0 0
 315.68877841375 0 0 0
 319.01389125976 -0.00277875760501146 0 0
 322.33949607173 -0.00244673835210954 0 0
 325.66558124032 -0.0021046071622889 0 0
 328.99213515619 -0.00194264352020092 0 0
 332.31914621 -0.00189232285085206 0 0
 335.64660279241 -0.00160831615012312 0 0
 338.97449329408 -0.0013556930192038 0 0
 342.30280610567 -0.00117363431446777 0 0
 345.63152961784 -0.00104382323335545 0 0
 348.96065222125 -0.000956855793804378 0 0
 352.29016230656 -0.000993278658472944 0 0
 355.62004826443 -0.000821007134945369 0 0
 358.95029848552 -0.000811401031055689 0 0
 362.28090136049 -0.000887695621532384 0 0
 365.61184528 -0.000729899527530853 0 0
 368.94311863471 -0.000721435072124272 0 0
 372.27470981528 -0.000580578742468968 0 0
 375.60660721237 -0.000459832846996865 0 0
 378.93879921664 -0.000557493619355754 0 0
 382.27127421875 -0.000383802873081094 0 0
 385.60402060936 -0.000425850397162009 0 0
 388.93702677913 -0.000353753904349918 0 0
 392.27028111872 -0.000311662299455775 0 0
 395.60377201879 -0.000380051707162306 0 0
 398.93748787 -0.000374538747654337 0 0
 402.27141706301 -0.000299523900089284 0 0
 405.60554798848 -0.000281500089383134 0 0
 408.93986903707 -0.000198854638989069 0 0
 412.27436859944 -0.000234389174678473 0 0
 415.60903506625 -0.000223218556067631 0 0
 418.94385682816 -0.000247475270725648 0 0
 422.27882227583 -0.000194068008385605 0 0
 425.61391979992 -0.00024006415778735 0 0
 428.94913779109 -0.000184255253013313 0 0
 432.28446464 -0.000243375528334226 0 0
 435.61988873731 -0.00013926087037316 0 0
 438.95539847368 -0.000231075935304133 0 0
 442.29098223977 -0.000197133508796989 0 0
 445.62662842624 -0.000142224751736788 0 0
 448.96232542375 -0.000210093603455759 0 0
 452.29806162296 -0.000202365009944065 0 0
 455.63382541453 -0.000244901227386095 0 0
 458.96960518912 -0.00020259003547299 0 0
 462.30538933739 -0.000177655352849104 0 0
 465.64116625 -0.000237814459535146 0 0
 468.97692431761 -0.000219083524949887 0 0
 472.31265193088 -0.000283799535689972 0 0
 475.64833748047 -0.000297191352863702 0 0
 478.98396935704 -0.000214089254799085 0 0
 482.31953595125 -0.000294058687634614 0 0
 485.65502565376 -0.000313815709435106 0 0
 488.99042685523 -0.000237251828630767 0 0
 492.32572794632 -0.000304398215472528 0 0
 495.66091731769 -0.000273838545132403 0 0
 498.99598336 -0.000190224143221952 0 0
 502.33091446391 -0.000291022585536721 0 0
 505.66569902008 -0.000284319958143431 0 0
 509.00032541917 -0.0002360266587349 0 0
 512.33478205184 -0.000249018054415968 0 0
 515.66905730875 -0.000210635221735718 0 0
 519.00313958056 -0.00024335762376006 0 0
 522.33701725793 -0.000292623240261549 0 0
 525.67067873152 -0.000258899297497586 0 0
 529.00411239199 -0.000206351962867474 0 0
 532.33730663 -0.000246028769051932 0 0
 535.67024983621 -0.000222604277028387 0 0
 539.00293040128 -0.000203498723587924 0 0
 542.33533671587 -0.000240219762605867 0 0
 545.66745717064 -0.000196085557148807 0 0
 548.99928015625 -0.000211747000670598 0 0
 552.33079406336 -0.000287158814683191 0 0
 555.66198728263 -0.00024736914730704 0 0
 558.99284820472 -0.000199160680128658 0 0
 562.32336522029 -0.000256268107593486 0 0
 565.65352672 -0.000251240968562019 0 0
 568.98332109451 -0.000248733995097377 0 0
 572.31273673448 -0.000268873963460301 0 0
 575.64176203057 -0.000293641656008174 0 0
 578.97038537344 -0.000294137513500736 0 0
 582.29859515375 -0.000307159828980362 0 0
 585.62637976216 -0.000266123536285892 0 0
 588.95372758933 -0.000325411770057927 0 0
 592.28062702592 -0.000424734415813581 0 0
 595.60706646259 -0.000477454170900798 0 0
 598.93303429 -0.000579563551696566 0 0
 602.25851889881 -0.000520934208989551 0 0
 605.58350867968 -0.000636863985482789 0 0
 608.90799202327 -0.00068907405979547 0 0
 612.23195732024 -0.000644438390034832 0 0
 615.55539296125 -0.000755113277935616 0 0
 618.87828733696 -0.000734320846767421 0 0
 622.20062883803 -0.000699193965283654 0 0
 625.52240585512 -0.000667914741394123 0 0
 628.84360677889 -0.000667000136172936 0 0
 632.16422 -0.000637486607737193 0 0
 635.48423390911 -0.000648261193179165 0 0
 638.80363689688 -0.000697769641999325 0 0
 642.12241735397 -0.000675298173889243 0 0
 645.44056367104 -0.000673712146655905 0 0
 648.75806423875 -0.000629652052144854 0 0
 652.07490744776 -0.000593055104788612 0 0
 655.39108168873 -0.000663922330597066 0 0
 658.70657535232 -0.000579746398563293 0 0
 662.02137682919 -0.000626223130452202 0 0
 665.33547451 -0.000586980456622905 0 0
 668.64885678541 -0.000600132550596184 0 0
 671.96151204608 -0.000564600360840318 0 0
 675.27342868267 -0.000543582534100374 0 0
 678.58459508584 -0.000628189709192447 0 0
 681.89499964625 -0.000587993357809796 0 0
 685.20463075456 -0.000564860196520024 0 0
 688.51347680143 -0.000517449597392112 0 0
 691.82152617752 -0.00063607077670449 0 0
 695.12876727349 -0.000616131628607693 0 0
 698.43518848 -0.000596966516869368 0 0
 701.74077818771 -0.000656874585373029 0 0
 705.04552478728 -0.000540367680237449 0 0
 708.34941666937 -0.000600205752615773 0 0
 711.65244222464 -0.000483690456909856 0 0
 714.95458984375 -0.00050646456129875 0 0
 718.25584791736 -0.000588378534918704 0 0
 721.55620483613 -0.000548029915647349 0 0
 724.85564899072 -0.000523980367937201 0 0
 728.15416877179 -0.00058376636082689 0 0
 731.45175257 -0.000677713928072353 0 0
 734.74838877601 -0.000599477710079221 0 0
 738.04406578048 -0.000566066592158977 0 0
 741.33877197407 -0.000476025931709019 0 0
 744.63249574744 -0.000486257112012813 0 0
 747.92522549125 -0.000542416148362207 0 0
 751.21694959616 -0.000540664499338486 0 0
 754.50765645283 -0.000590468885080487 0 0
 757.79733445192 -0.000602831771701522 0 0
 761.08597198409 -0.00063210658946087 0 0
 764.37355744 -0.000598379524878971 0 0
 767.66007921031 -0.000611228098329088 0 0
 770.94552568568 -0.000510229719214694 0 0
 774.22988525677 -0.000621539647132043 0 0
 777.51314631424 -0.000575537541276671 0 0
 780.79529724875 -0.000613520721108815 0 0
 784.07632645096 -0.000726673931963383 0 0
 787.35622231153 -0.000664185756884527 0 0
 790.63497322112 -0.000779238211171093 0 0
 793.91256757039 -0.000868126939509018 0 0
 797.18899375 -0.000695480174519747 0 0
 800.46424015061 -0.000828566037405979 0 0
 803.73829516288 -0.000850718996809885 0 0
 807.01114717747 -0.00102640830648033 0 0
 810.28278458504 -0.000811528785061792 0 0
 813.55319577625 -0.000985350452219802 0 0
 816.82236914176 -0.00092650709368188 0 0
 820.09029307223 -0.000942873769182916 0 0
 823.35695595832 -0.00099539876434783 0 0
 826.62234619069 -0.0010264280841166 0 0
 829.88645216 -0.00130823417714175 0 0
 833.14926225691 -0.00114711768711158 0 0
 836.41076487208 -0.00118994844542333 0 0
 839.67094839617 -0.00136822823915366 0 0
 842.92980121984 -0.00144197274818538 0 0
 846.18731173375 -0.00161010473740039 0 0
 849.44346832856 -0.00158297618349814 0 0
 852.69825939493 -0.00124192545957845 0 0
 855.95167332352 -0.00132677625375287 0 0
 859.20369850499 -0.00125654561167402 0 0
 862.45432333 -0.00203485385297416 0 0
 865.70353618921 -0.00190751620783731 0 0
 868.95132547328 -0.00214201092680659 0 0
 872.19767957287 -0.00212792744033302 0 0
 875.44258687864 -0.00195049409188248 0 0
 878.68603578125 -0.0020670660411747 0 0
 881.92801467136 -0.00230709116881052 0 0
 885.16851193963 -0.00216149707943231 0 0
 888.40751597672 -0.00216677692338954 0 0
 891.64501517329 -0.00330861360617799 0 0
 894.88099792 -0.00273759900771407 0 0
 898.11545260751 -0.00266375871052572 0 0
 901.34836762648 -0.0029246269352245 0 0
 904.57973136757 -0.00274662996230552 0 0
 907.80953222144 -0.00294244791530052 0 0
 911.03775857875 -0.0029869131237948 0 0
 914.26439883016 -0.00287542283262398 0 0
 917.48944136633 -0.00331493971027444 0 0
 920.71287457792 -0.00316656501361082 0 0
 923.93468685559 -0.00391866935922094 0 0
 927.15486659 -0.0047368332306333 0 0
 930.37340217181 -0.00355392628382522 0 0
 933.59028199168 -0.00367585834421569 0 0
 936.80549444027 -0.00353936085510232 0 0
 940.01902790824 -0.00457348346842334 0 0
 943.23087078625 -0.00447355666727898 0 0
 946.44101146496 -0.00535549984038679 0 0
 949.64943833503 -0.00491738943398333 0 0
 952.85613978712 -0.00468135829126645 0 0
 956.06110421189 0 0 0
 959.26432 0 0 0
 962.46577554211 0 0 0
 965.66545922888 0 0 0
 968.86335945097 0 0 0
 972.05946459904 0 0 0
 975.25376306375 0 0 0
 978.44624323576 0 0 0
 981.63689350573 0 0 0
 984.82570226432 0 0 0
 988.01265790219 0 0 0
 991.19774881 0 0 0
 994.38096337841 0 0 0
 997.56228999808 0 0 0
 1000.74171705967 0 0 0
 1003.91923295384 0 0 0
 1007.09482607125 0 0 0
 1010.26848480256 0 0 0
 1013.44019753843 0 0 0
 1016.60995266952 0 0 0
 1019.77773858649 0 0 0
 1022.94354368 0 0 0
 1026.10735634071 0 0 0
 1029.26916495928 0 0 0
 1032.42895792637 0 0 0
 1035.58672363264 0 0 0
 1038.74245046875 0 0 0
 1041.89612682536 0 0 0
 1045.04774109313 0 0 0
 1048.19728166272 0 0 0
 1051.34473692479 0 0 0
 1054.49009527 0 0 0
 1057.63334508901 0 0 0
 1060.77447477248 0 0 0
 1063.91347271107 0 0 0
 1067.05032729544 0 0 0
 1070.18502691625 0 0 0
 1073.31755996416 0 0 0
 1076.44791482983 0 0 0
 1079.57607990392 0 0 0
 1082.70204357709 0 0 0
 1085.82579424 0 0 0
 1088.94732028331 0 0 0
 1092.06661009768 0 0 0
 1095.18365207377 0 0 0
 1098.29843460224 0 0 0
 1101.41094607375 0 0 0
 1104.52117487896 0 0 0
 1107.62910940853 0 0 0
 1110.73473805312 0 0 0
 1113.83804920339 0 0 0
 1116.93903125 0 0 0
 1120.03767258361 0 0 0
 1123.13396159488 0 0 0
 1126.22788667447 0 0 0
 1129.31943621304 0 0 0
 1132.40859860125 0 0 0
 1135.49536222976 0 0 0
[END] of [DATA]
[END] of [Spectrum]


#TBID:2021-08-16 03:00:00;SAM_84CE;RAW;

[Spectrum]
Version            = 1
IDData             = 96B1_2021-08-16_03-00-00_000_622
IDDevice           = SAM_84CE
IDDataType         = SPECTRUM
IDDataTypeSub1     = RAW
IDDataTypeSub2     = 
IDDataTypeSub3     = 
DateTime           = 2021-08-16 03:00:00
PositionLatitude   = 0
PositionLongitude  = 0
Comment            = 
CommentSub1        = 
CommentSub2        = 
CommentSub3        = 
IDMethodType       = SAM Control
MethodName         = SAM_84CE
Mission            = No Mission
MissionSub         = 1
RecordType         = 0
[Attributes]
CalFactor = 1
IDBasisSpec = 
IDDataBack = DLAB_2015-08-21_11-56-43_233_004
IDDataCal = DLAB_2015-08-26_10-05-37_585_478
IntegrationTime = 4096
P31 = -1
P31e = 0
PathLength = +INF
PathLengthCustomOn = 0
RAWDynamic = 65535
Salinity = 0
Temperature = -NAN
Unit1 = $05 $00 Pixel 
Unit2 = $03 $05 Intensity counts
Unit3 = $f0 $05 Error counts
Unit4 = $f1 $00 Status 
p999 = 1761
[END] of [Attributes]
[DATA]
 0 11 0 0
 1 2292 0 0
 2 2316 0 0
 3 2312 0 0
 4 2322 0 0
 5 2331 0 0
 6 2331 0 0
 7 2326 0 0
 8 2330 0 0
 9 2339 0 0
 10 2338 0 0
 11 2348 0 0
 12 2344 0 0
 13 2347 0 0
 14 2354 0 0
 15 2346 0 0
 16 2348 0 0
 17 2339 0 0
 18 2355 0 0
 19 2350 0 0
 20 2366 0 0
 21 2357 0 0
 22 2361 0 0
 23 2378 0 0
 24 2376 0 0
 25 2373 0 0
 26 2378 0 0
 27 2384 0 0
 28 2368 0 0
 29 2371 0 0
 30 2370 0 0
 31 2377 0 0
 32 2370 0 0
 33 2368 0 0
 34 2366 0 0
 35 2365 0 0
 36 2372 0 0
 37 2362 0 0
 38 2376 0 0
 39 2366 0 0
 40 2368 0 0
 41 2365 0 0
 42 2367 0 0
 43 2361 0 0
 44 2357 0 0
 45 2360 0 0
 46 2368 0 0
 47 2374 0 0
 48 2367 0 0
 49 2363 0 0
 50 2366 0 0
 51 2361 0 0
 52 2360 0 0
 53 2362 0 0
 54 2374 0 0
 55 2360 0 0
 56 2356 0 0
 57 2355 0 0
 58 2364 0 0
 59 2356 0 0
 60 2355 0 0
 61 2358 0 0
 62 2366 0 0
 63 2360 0 0
 64 2359 0 0
 65 2358 0 0
 66 2370 0 0
 67 2360 0 0
 68 2363 0 0
 69 2351 0 0
 70 2343 0 0
 71 2354 0 0
 72 2364 0 0
 73 2363 0 0
 74 2357 0 0
 75 2354 0 0
 76 2367 0 0
 77 2357 0 0
 78 2349 0 0
 79 2360 0 0
 80 2364 0 0
 81 2366 0 0
 82 2365 0 0
 83 2356 0 0
 84 2356 0 0
 85 2356 0 0
 86 2360 0 0
 87 2361 0 0
 88 2357 0 0
 89 2351 0 0
 90 2362 0 0
 91 2357 0 0
 92 2355 0 0
 93 2360 0 0
 94 2347 0 0
 95 2347 0 0
 96 2349 0 0
 97 2355 0 0
 98 2364 0 0
 99 2360 0 0
 100 2366 0 0
 101 2362 0 0
 102 2361 0 0
 103 2366 0 0
 104 2365 0 0
 105 2370 0 0
 106 2366 0 0
 107 2355 0 0
 108 2364 0 0
 109 2375 0 0
 110 2360 0 0
 111 2375 0 0
 112 2366 0 0
 113 2356 0 0
 114 2368 0 0
 115 2364 0 0
 116 2354 0 0
 117 2367 0 0
 118 2369 0 0
 119 2367 0 0
 120 2363 0 0
 121 2359 0 0
 122 2371 0 0
 123 2363 0 0
 124 2364 0 0
 125 2364 0 0
 126 2370 0 0
 127 2361 0 0
 128 2367 0 0
 129 2363 0 0
 130 2357 0 0
 131 2371 0 0
 132 2364 0 0
 133 2363 0 0
 134 2359 0 0
 135 2362 0 0
 136 2365 0 0
 137 2370 0 0
 138 2361 0 0
 139 2369 0 0
 140 2361 0 0
 141 2362 0 0
 142 2364 0 0
 143 2365 0 0
 144 2365 0 0
 145 2380 0 0
 146 2368 0 0
 147 2358 0 0
 148 2365 0 0
 149 2358 0 0
 150 2366 0 0
 151 2362 0 0
 152 2359 0 0
 153 2365 0 0
 154 2367 0 0
 155 2361 0 0
 156 2369 0 0
 157 2364 0 0
 158 2358 0 0
 159 2370 0 0
 160 2372 0 0
 161 2371 0 0
 162 2366 0 0
 163 2368 0 0
 164 2370 0 0
 165 2366 0 0
 166 2360 0 0
 167 2364 0 0
 168 2370 0 0
 169 2370 0 0
 170 2370 0 0
 171 2372 0 0
 172 2369 0 0
 173 2369 0 0
 174 2360 0 0
 175 2370 0 0
 176 2367 0 0
 177 2367 0 0
 178 2374 0 0
 179 2372 0 0
 180 2369 0 0
 181 2365 0 0
 182 2372 0 0
 183 2356 0 0
 184 2362 0 0
 185 2367 0 0
 186 2372 0 0
 187 2368 0 0
 188 2370 0 0
 189 2364 0 0
 190 2363 0 0
 191 2371 0 0
 192 2366 0 0
 193 2366 0 0
 194 2363 0 0
 195 2361 0 0
 196 2364 0 0
 197 2365 0 0
 198 2376 0 0
 199 2364 0 0
 200 2365 0 0
 201 2370 0 0
 202 2360 0 0
 203 2366 0 0
 204 2367 0 0
 205 2366 0 0
 206 2374 0 0
 207 2367 0 0
 208 2365 0 0
 209 2362 0 0
 210 2358 0 0
 211 2356 0 0
 212 2360 0 0
 213 2374 0 0
 214 2363 0 0
 215 2377 0 0
 216 2371 0 0
 217 2362 0 0
 218 2367 0 0
 219 2365 0 0
 220 2357 0 0
 221 2365 0 0
 222 2370 0 0
 223 2366 0 0
 224 2363 0 0
 225 2362 0 0
 226 2366 0 0
 227 2368 0 0
 228 2357 0 0
 229 2382 0 0
 230 2369 0 0
 231 2366 0 0
 232 2368 0 0
 233 2370 0 0
 234 2368 0 0
 235 2372 0 0
 236 2360 0 0
 237 2368 0 0
 238 2369 0 0
 239 2366 0 0
 240 2362 0 0
 241 2372 0 0
 242 2351 0 0
 243 2368 0 0
 244 2364 0 0
 245 2362 0 0
 246 2351 0 0
 247 2354 0 0
 248 2344 0 0
 249 2350 0 0
 250 2322 0 0
 251 2336 0 0
 252 2314 0 0
 253 2299 0 0
 254 2289 0 0
 255 2340 0 0
[END] of [DATA]
[END] of [Spectrum]


#TBID:2021-08-16 03:00:00;SAM_84CE;CALIBRATED;

[Spectrum]
Version            = 1
IDData             = 96B1_2021-08-16_03-00-00_000_623
IDDevice           = SAM_84CE
IDDataType         = SPECTRUM
IDDataTypeSub1     = CALIBRATED
IDDataTypeSub2     = 
IDDataTypeSub3     = 
DateTime           = 2021-08-16 03:00:00
PositionLatitude   = 0
PositionLongitude  = 0
Comment            = 
CommentSub1        = 
CommentSub2        = 
CommentSub3        = 
IDMethodType       = SAM Control
MethodName         = SAM_84CE
Mission            = No Mission
MissionSub         = 1
RecordType         = 0
[Attributes]
CalFactor = 1
IDBasisSpec = 
IDDataBack = DLAB_2015-08-21_11-56-43_233_004
IDDataCal = DLAB_2015-08-26_10-05-37_585_478
IntegrationTime = 4096
P31 = -1
P31e = 0
PathLength = +INF
PathLengthCustomOn = 0
RAWDynamic = 65535
Salinity = 0
Temperature = -NAN
Unit1 = $01 $01 Wavelength nm
Unit2 = $03 $06 Intensity mW/(m^2 nm)
Unit3 = $f0 $06 Error mW/(m^2 nm)
Unit4 = $f1 $00 Status 
p999 = 1761
[END] of [Attributes]
[DATA]
 0 11 0 0
 303.485180022 0 0 0
 306.85638880275 0 0 0
 310.228324544 0 0 0
 313.60097308125 0 0 0
 316.97432025 -0.00288152401898999 0 0
 320.34835188575 7.57383861192959e-005 0 0
 323.723053824 -0.00101127163112135 0 0
 327.09841190025 -0.000147980578936046 0 0
 330.47441195 0.000551637117740564 0 0
 333.85103980875 0.00114428861626537 0 0
 337.228281312 0.00341590325389691 0 0
 340.60612229525 0.00196843790113973 0 0
 343.984548594 0.00272985606495284 0 0
 347.36354604375 0.00289332667433659 0 0
 350.74310048 0.00272155431994561 0 0
 354.12319773825 0.00252826084705348 0 0
 357.503823654 0.00144024832298404 0 0
 360.88496406275 0.00350155117448538 0 0
 364.2666048 0.00364278339051388 0 0
 367.64873170125 0.00465006548331437 0 0
 371.031330602 0.00363261251625751 0 0
 374.41438733775 0.00494862573001212 0 0
 377.797887744 0.00582205852929415 0 0
 381.18181765625 0.0074087156411636 0 0
 384.56616291 0.00685141633580263 0 0
 387.95090934075 0.00692819705801552 0 0
 391.336042784 0.0077892588833759 0 0
 394.72154907525 0.00687330126005346 0 0
 398.10741405 0.00678180433217366 0 0
 401.49362354375 0.00623179440323056 0 0
 404.880163392 0.0057346134741976 0 0
 408.26701943025 0.00487359511448397 0 0
 411.654177494 0.0048232653173805 0 0
 415.04162341875 0.00465250474821499 0 0
 418.42934304 0.00454625733737239 0 0
 421.81732219325 0.00401124827974363 0 0
 425.205546714 0.00377952161882015 0 0
 428.59400243775 0.00398540079290666 0 0
 431.9826752 0.00309678438502136 0 0
 435.37155083625 0.00313937189344557 0 0
 438.760615182 0.00294041641102519 0 0
 442.14985407275 0.00288132240012304 0 0
 445.539253344 0.00233138773749405 0 0
 448.92879883125 0.0026025059138258 0 0
 452.31847637 0.00303296565371812 0 0
 455.70827179575 0.0027745329047569 0 0
 459.098170944 0.00317720333854229 0 0
 462.48815965025 0.00320807820419747 0 0
 465.87822375 0.00282308456650111 0 0
 469.26834907875 0.00298264123052639 0 0
 472.658521472 0.0032632544535578 0 0
 476.04872676525 0.00320656658959584 0 0
 479.438950794 0.00262128233765377 0 0
 482.82917939375 0.00386492537952033 0 0
 486.2193984 0.00312731364785659 0 0
 489.60959364825 0.00269081948981265 0 0
 492.999750974 0.00248852029125411 0 0
 496.38985621275 0.00307467113243355 0 0
 499.7798952 0.00239595940977028 0 0
 503.16985377125 0.00283148921554596 0 0
 506.559717762 0.00257747191585684 0 0
 509.94947300775 0.00258347143069039 0 0
 513.339105344 0.00227116120185967 0 0
 516.72860060625 0.00224881068655276 0 0
 520.11794463 0.00246573738955293 0 0
 523.50712325075 0.0027184574916376 0 0
 526.896122304 0.00226444014820265 0 0
 530.28492762525 0.00231625471828257 0 0
 533.67352505 0.0018858760505383 0 0
 537.06190041375 0.00167734831466894 0 0
 540.450039552 0.0020163857548884 0 0
 543.83792830025 0.00259045761497392 0 0
 547.225552494 0.00225469997476739 0 0
 550.61289796875 0.0020423446321629 0 0
 553.99995056 0.00150514697649696 0 0
 557.38669610325 0.00204925370014871 0 0
 560.773120434 0.00203217553701897 0 0
 564.15920938775 0.0015345691801607 0 0
 567.5449488 0.00203658106653622 0 0
 570.93032450625 0.00236386766927415 0 0
 574.315322342 0.0025477594964136 0 0
 577.69992814275 0.00311565340369583 0 0
 581.084127744 0.00234414240840062 0 0
 584.46790698125 0.00227436815906453 0 0
 587.85125169 0.0021989653646763 0 0
 591.23414770575 0.00254019215043847 0 0
 594.616580864 0.00255344585709716 0 0
 597.99853700025 0.00239384033008204 0 0
 601.38000195 0.00155382740187799 0 0
 604.76096154875 0.00206793273625686 0 0
 608.141401632 0.00158112684215451 0 0
 611.52130803525 0.00155557073646007 0 0
 614.900666594 0.0015369248043743 0 0
 618.27946314375 0.000785369061767387 0 0
 621.65768352 0.00133447648843907 0 0
 625.03531355825 0.0016578957858383 0 0
 628.412339094 0.00155232404707869 0 0
 631.78874596275 0.00247914596423251 0 0
 635.16452 0.00214333738673142 0 0
 638.53964704125 0.00346119481716949 0 0
 641.914112922 0.00356235569908124 0 0
 645.28790347775 0.00287262570644628 0 0
 648.661004544 0.00358566979480281 0 0
 652.03340195625 0.00418794129543967 0 0
 655.40508155 0.00425234764475854 0 0
 658.77602916075 0.00407501282280787 0 0
 662.146230624 0.00248877312737114 0 0
 665.51567177525 0.00437294730797507 0 0
 668.88433845 0.00473982797255431 0 0
 672.25221648375 0.00342721961064713 0 0
 675.619291712 0.00456343660847826 0 0
 678.98554997025 0.00406791913895658 0 0
 682.350977094 0.00290802727145625 0 0
 685.71555891875 0.00436486860525025 0 0
 689.07928128 0.00415846210322942 0 0
 692.44213001325 0.00277456755032942 0 0
 695.804090954 0.00391957521898492 0 0
 699.16514993775 0.00489381196478468 0 0
 702.5252928 0.00432622532385696 0 0
 705.88450537625 0.00329048774558524 0 0
 709.242773502 0.00325434331794759 0 0
 712.60008301275 0.00505964399267225 0 0
 715.956419744 0.0042415675648257 0 0
 719.31176953125 0.00425119299301419 0 0
 722.66611821 0.00454643258225989 0 0
 726.01945161575 0.00415162473726597 0 0
 729.371755584 0.00413720467392441 0 0
 732.72301595025 0.00477748508842472 0 0
 736.07321855 0.0042822378785466 0 0
 739.42234921875 0.00372059438764441 0 0
 742.770393792 0.00416560517379067 0 0
 746.11733810525 0.00476455139276799 0 0
 749.463167994 0.0044525001456115 0 0
 752.80786929375 0.00344434381974901 0 0
 756.15142784 0.00390073808611506 0 0
 759.49382946825 0.00506152423479413 0 0
 762.835060014 0.00488945028573723 0 0
 766.17510531275 0.00584889410987285 0 0
 769.5139512 0.00500292836924652 0 0
 772.85158351125 0.00536903176593945 0 0
 776.187988082 0.0043798820495005 0 0
 779.52315074775 0.00576740623563779 0 0
 782.857057344 0.00571558373498638 0 0
 786.18969370625 0.00559117574134481 0 0
 789.52104567 0.00764410507355452 0 0
 792.85109907075 0.00549036975660843 0 0
 796.179839744 0.00599139130900092 0 0
 799.50725352525 0.00576361399684829 0 0
 802.83332625 0.00506523571468056 0 0
 806.15804375375 0.00838432082166651 0 0
 809.481391872 0.00761894547203496 0 0
 812.80335644025 0.00645953794963603 0 0
 816.123923294 0.00684358602107793 0 0
 819.44307826875 0.00880824786897824 0 0
 822.7608072 0.00684176881494169 0 0
 826.07709592325 0.0110581869492678 0 0
 829.391930274 0.00788537371502961 0 0
 832.70529608775 0.00834106525969192 0 0
 836.0171792 0.0114402345635173 0 0
 839.32756544625 0.0124541752292572 0 0
 842.636440662 0.0115146968071106 0 0
 845.94379068275 0.0104328091576893 0 0
 849.249601344 0.0126519770146054 0 0
 852.55385848125 0.0140807336538188 0 0
 855.85654793 0.0140192266439185 0 0
 859.15765552575 0.011225621379115 0 0
 862.457167104 0.012905916889614 0 0
 865.75506850025 0.0184603124058064 0 0
 869.05134555 0.0162013756052089 0 0
 872.34598408875 0.016157524421338 0 0
 875.638969952 0.0174626102747097 0 0
 878.93028897525 0.0181810537456565 0 0
 882.219926994 0.0197279802019772 0 0
 885.50786984375 0.0158082866641461 0 0
 888.79410336 0.0211125640109641 0 0
 892.07861337825 0.0192900855417577 0 0
 895.361385734 0.0197256770120658 0 0
 898.64240626275 0.0248032271482367 0 0
 901.9216608 0.0252560701027804 0 0
 905.19913518125 0.0214373987400031 0 0
 908.474815242 0.0194109193170166 0 0
 911.74868681775 0.0306556702843613 0 0
 915.020735744 0.0212835154409994 0 0
 918.29094785625 0.0283364642594532 0 0
 921.55930899 0.0284624648594979 0 0
 924.82580498075 0.032652719542194 0 0
 928.090421664 0.0253697782680452 0 0
 931.35314487525 0.0397024588018067 0 0
 934.61396045 0.0304729722031898 0 0
 937.87285422375 0.0293400869750149 0 0
 941.129812032 0.0402698975052099 0 0
 944.38481971025 0.0391768749550934 0 0
 947.637863094 0.0398740714372978 0 0
 950.88892801875 0.0384877242927223 0 0
 954.13800032 0 0 0
 957.38506583325 0 0 0
 960.630110394 0 0 0
 963.87311983775 0 0 0
 967.11408 0 0 0
 970.35297671625 0 0 0
 973.589795822 0 0 0
 976.82452315275 0 0 0
 980.057144544 0 0 0
 983.28764583125 0 0 0
 986.51601285 0 0 0
 989.74223143575 0 0 0
 992.966287424 0 0 0
 996.18816665025 0 0 0
 999.40785495 0 0 0
 1002.62533815875 0 0 0
 1005.840602112 0 0 0
 1009.05363264525 0 0 0
 1012.264415594 0 0 0
 1015.47293679375 0 0 0
 1018.67918208 0 0 0
 1021.88313728825 0 0 0
 1025.084788254 0 0 0
 1028.28412081275 0 0 0
 1031.4811208 0 0 0
 1034.67577405125 0 0 0
 1037.868066402 0 0 0
 1041.05798368775 0 0 0
 1044.245511744 0 0 0
 1047.43063640625 0 0 0
 1050.61334351 0 0 0
 1053.79361889075 0 0 0
 1056.971448384 0 0 0
 1060.14681782525 0 0 0
 1063.31971305 0 0 0
 1066.49011989375 0 0 0
 1069.658024192 0 0 0
 1072.82341178025 0 0 0
 1075.986268494 0 0 0
 1079.14658016875 0 0 0
 1082.30433264 0 0 0
 1085.45951174325 0 0 0
 1088.612103314 0 0 0
 1091.76209318775 0 0 0
 1094.9094672 0 0 0
 1098.05421118625 0 0 0
 1101.196310982 0 0 0
 1104.33575242275 0 0 0
 1107.472521344 0 0 0
 1110.60660358125 0 0 0
 1113.73798497 0 0 0
 1116.86665134575 0 0 0
 1119.992588544 0 0 0
 1123.11578240025 0 0 0
 1126.23621875 0 0 0
 1129.35388342875 0 0 0
 1132.468762272 0 0 0
 1135.58084111525 0 0 0
 1138.690105794 0 0 0
 1141.79654214375 0 0 0
 1144.900136 0 0 0
[END] of [DATA]
[END] of [Spectrum]


#TBID:2021-08-16 03:00:00;SAM_84C8;RAW;

[Spectrum]
Version            = 1
IDData             = 96B1_2021-08-16_03-00-00_000_625
IDDevice           = SAM_84C8
IDDataType         = SPECTRUM
IDDataTypeSub1     = RAW
IDDataTypeSub2     = 
IDDataTypeSub3     = 
DateTime           = 2021-08-16 03:00:00
PositionLatitude   = 0
PositionLongitude  = 0
Comment            = 
CommentSub1        = 
CommentSub2        = 
CommentSub3        = 
IDMethodType       = SAM Control
MethodName         = SAM_84C8
Mission            = No Mission
MissionSub         = 1
RecordType         = 0
[Attributes]
CalFactor = 1
IDBasisSpec = 
IDDataBack = DLAB_2015-08-21_12-14-03_013_778
IDDataCal = DLAB_2015-08-24_11-04-47_772_747
IntegrationTime = 4096
P31 = -1
P31e = 0
PathLength = +INF
PathLengthCustomOn = 0
RAWDynamic = 65535
Salinity = 0
Temperature = -NAN
Unit1 = $05 $00 Pixel 
Unit2 = $03 $05 Intensity counts
Unit3 = $f0 $05 Error counts
Unit4 = $f1 $00 Status 
p999 = 1761
[END] of [Attributes]
[DATA]
 0 11 0 0
 1 2307 0 0
 2 2297 0 0
 3 2285 0 0
 4 2293 0 0
 5 2290 0 0
 6 2294 0 0
 7 2292 0 0
 8 2288 0 0
 9 2288 0 0
 10 2286 0 0
 11 2300 0 0
 12 2305 0 0
 13 2298 0 0
 14 2302 0 0
 15 2310 0 0
 16 2315 0 0
 17 2317 0 0
 18 2326 0 0
 19 2326 0 0
 20 2323 0 0
 21 2329 0 0
 22 2336 0 0
 23 2338 0 0
 24 2346 0 0
 25 2342 0 0
 26 2328 0 0
 27 2338 0 0
 28 2345 0 0
 29 2340 0 0
 30 2340 0 0
 31 2342 0 0
 32 2336 0 0
 33 2337 0 0
 34 2333 0 0
 35 2334 0 0
 36 2338 0 0
 37 2357 0 0
 38 2344 0 0
 39 2329 0 0
 40 2336 0 0
 41 2336 0 0
 42 2334 0 0
 43 2336 0 0
 44 2333 0 0
 45 2347 0 0
 46 2340 0 0
 47 2334 0 0
 48 2342 0 0
 49 2350 0 0
 50 2336 0 0
 51 2335 0 0
 52 2344 0 0
 53 2345 0 0
 54 2326 0 0
 55 2335 0 0
 56 2344 0 0
 57 2349 0 0
 58 2338 0 0
 59 2322 0 0
 60 2329 0 0
 61 2340 0 0
 62 2354 0 0
 63 2340 0 0
 64 2331 0 0
 65 2336 0 0
 66 2343 0 0
 67 2339 0 0
 68 2350 0 0
 69 2338 0 0
 70 2347 0 0
 71 2347 0 0
 72 2352 0 0
 73 2341 0 0
 74 2345 0 0
 75 2346 0 0
 76 2345 0 0
 77 2350 0 0
 78 2348 0 0
 79 2351 0 0
 80 2350 0 0
 81 2345 0 0
 82 2353 0 0
 83 2345 0 0
 84 2350 0 0
 85 2343 0 0
 86 2344 0 0
 87 2348 0 0
 88 2341 0 0
 89 2342 0 0
 90 2357 0 0
 91 2352 0 0
 92 2350 0 0
 93 2346 0 0
 94 2355 0 0
 95 2344 0 0
 96 2352 0 0
 97 2343 0 0
 98 2344 0 0
 99 2338 0 0
 100 2359 0 0
 101 2368 0 0
 102 2354 0 0
 103 2347 0 0
 104 2350 0 0
 105 2360 0 0
 106 2344 0 0
 107 2350 0 0
 108 2350 0 0
 109 2346 0 0
 110 2368 0 0
 111 2371 0 0
 112 2356 0 0
 113 2353 0 0
 114 2352 0 0
 115 2359 0 0
 116 2366 0 0
 117 2354 0 0
 118 2350 0 0
 119 2365 0 0
 120 2352 0 0
 121 2355 0 0
 122 2348 0 0
 123 2354 0 0
 124 2346 0 0
 125 2354 0 0
 126 2357 0 0
 127 2369 0 0
 128 2353 0 0
 129 2358 0 0
 130 2347 0 0
 131 2354 0 0
 132 2360 0 0
 133 2430 0 0
 134 2357 0 0
 135 2356 0 0
 136 2350 0 0
 137 2358 0 0
 138 2350 0 0
 139 2364 0 0
 140 2356 0 0
 141 2360 0 0
 142 2359 0 0
 143 2354 0 0
 144 2363 0 0
 145 2369 0 0
 146 2363 0 0
 147 2355 0 0
 148 2359 0 0
 149 2352 0 0
 150 2356 0 0
 151 2353 0 0
 152 2366 0 0
 153 2350 0 0
 154 2352 0 0
 155 2352 0 0
 156 2360 0 0
 157 2362 0 0
 158 2355 0 0
 159 2353 0 0
 160 2354 0 0
 161 2353 0 0
 162 2361 0 0
 163 2356 0 0
 164 2342 0 0
 165 2362 0 0
 166 2355 0 0
 167 2363 0 0
 168 2359 0 0
 169 2359 0 0
 170 2362 0 0
 171 2355 0 0
 172 2357 0 0
 173 2344 0 0
 174 2353 0 0
 175 2367 0 0
 176 2357 0 0
 177 2355 0 0
 178 2350 0 0
 179 2359 0 0
 180 2359 0 0
 181 2352 0 0
 182 2363 0 0
 183 2359 0 0
 184 2350 0 0
 185 2360 0 0
 186 2352 0 0
 187 2364 0 0
 188 2356 0 0
 189 2352 0 0
 190 2343 0 0
 191 2355 0 0
 192 2355 0 0
 193 2345 0 0
 194 2358 0 0
 195 2356 0 0
 196 2344 0 0
 197 2349 0 0
 198 2352 0 0
 199 2349 0 0
 200 2344 0 0
 201 2352 0 0
 202 2353 0 0
 203 2353 0 0
 204 2359 0 0
 205 2348 0 0
 206 2351 0 0
 207 2353 0 0
 208 2354 0 0
 209 2345 0 0
 210 2338 0 0
 211 2355 0 0
 212 2353 0 0
 213 2364 0 0
 214 2355 0 0
 215 2348 0 0
 216 2354 0 0
 217 2357 0 0
 218 2356 0 0
 219 2356 0 0
 220 2356 0 0
 221 2359 0 0
 222 2358 0 0
 223 2358 0 0
 224 2362 0 0
 225 2364 0 0
 226 2364 0 0
 227 2362 0 0
 228 2355 0 0
 229 2356 0 0
 230 2356 0 0
 231 2363 0 0
 232 2366 0 0
 233 2353 0 0
 234 2361 0 0
 235 2354 0 0
 236 2362 0 0
 237 2359 0 0
 238 2354 0 0
 239 2355 0 0
 240 2360 0 0
 241 2364 0 0
 242 2360 0 0
 243 2354 0 0
 244 2359 0 0
 245 2357 0 0
 246 2354 0 0
 247 2350 0 0
 248 2355 0 0
 249 2346 0 0
 250 2343 0 0
 251 2328 0 0
 252 2317 0 0
 253 2308 0 0
 254 2290 0 0
 255 2335 0 0
[END] of [DATA]
[END] of [Spectrum]


#TBID:2021-08-16 03:00:00;SAM_84C8;CALIBRATED;

[Spectrum]
Version            = 1
IDData             = 96B1_2021-08-16_03-00-00_000_626
IDDevice           = SAM_84C8
IDDataType         = SPECTRUM
IDDataTypeSub1     = CALIBRATED
IDDataTypeSub2     = 
IDDataTypeSub3     = 
DateTime           = 2021-08-16 03:00:00
PositionLatitude   = 0
PositionLongitude  = 0
Comment            = 
CommentSub1        = 
CommentSub2        = 
CommentSub3        = 
IDMethodType       = SAM Control
MethodName         = SAM_84C8
Mission            = No Mission
MissionSub         = 1
RecordType         = 0
[Attributes]
CalFactor = 1
IDBasisSpec = 
IDDataBack = DLAB_2015-08-21_12-14-03_013_778
IDDataCal = DLAB_2015-08-24_11-04-47_772_747
IntegrationTime = 4096
P31 = -1
P31e = 0
PathLength = +INF
PathLengthCustomOn = 0
RAWDynamic = 65535
Salinity = 0
Temperature = -NAN
Unit1 = $01 $01 Wavelength nm
Unit2 = $03 $03 Intensity mW/(m^2 nm Sr)
Unit3 = $f0 $03 Error mW/(m^2 nm Sr)
Unit4 = $f1 $00 Status 
p999 = 1761
[END] of [Attributes]
[DATA]
 0 11 0 0
 303.516048156 0 0 0
 306.890006053 0 0 0
 310.26457112 0 0 0
 313.639731825 0 0 0
 317.015476636 -0.0022098771521992 0 0
 320.391794021 -0.001923054919862 0 0
 323.768672448 -0.00170857862770033 0 0
 327.146100385 -0.0016722092266463 0 0
 330.5240663 -0.00165792443459408 0 0
 333.902558661 -0.00143981210778862 0 0
 337.281565936 -0.00122582229099069 0 0
 340.661076593 -0.0010976396868097 0 0
 344.0410791 -0.00098779686517838 0 0
 347.421561925 -0.000814343156727256 0 0
 350.802513536 -0.000632562220485016 0 0
 354.183922401 -0.000486688442950075 0 0
 357.565776988 -0.000460989817955395 0 0
 360.948065765 -0.000239066958243882 0 0
 364.3307772 -0.000243745208823648 0 0
 367.713899761 -0.000232757968370797 0 0
 371.097421916 -0.000174336912855251 0 0
 374.481332133 -7.85620358671893e-005 0 0
 377.86561888 -5.1465947200317e-005 0 0
 381.250270625 7.29423577871388e-005 0 0
 384.635275836 6.17974071206577e-005 0 0
 388.020622981 -7.55487771170372e-005 0 0
 391.406300528 2.96465366237745e-005 0 0
 394.792296945 9.32557996729032e-005 0 0
 398.1786007 3.81584248806534e-005 0 0
 401.565200261 -3.3980860266105e-005 0 0
 404.952084096 5.91668802685682e-005 0 0
 408.339240673 -4.8912718873471e-005 0 0
 411.72665846 4.17213647100943e-005 0 0
 415.114325925 -3.29370132229402e-005 0 0
 418.502231536 8.28553844344815e-006 0 0
 421.890363761 -1.38227832153838e-005 0 0
 425.278711068 8.95427459318893e-005 0 0
 428.667261925 5.11526797729396e-005 0 0
 432.0560048 -4.30978189250017e-005 0 0
 435.444928161 7.10417461327982e-006 0 0
 438.834020476 -3.45007624426386e-005 0 0
 442.223270213 -1.9793128165701e-005 0 0
 445.61266584 -3.81909094573806e-005 0 0
 449.002195825 -1.3625818672729e-005 0 0
 452.391848636 4.34553518132661e-005 0 0
 455.781612741 9.27482270221963e-006 0 0
 459.171476608 -4.05423755931074e-005 0 0
 462.561428705 1.43090033011908e-005 0 0
 465.9514575 6.92608106872535e-005 0 0
 469.341551461 5.74454644132748e-006 0 0
 472.731699056 -8.66109077169453e-005 0 0
 476.121888753 3.97969016903692e-005 0 0
 479.51210902 8.79378862799733e-005 0 0
 482.902348325 -2.89727541104254e-005 0 0
 486.292595136 -5.81223618043642e-005 0 0
 489.682837921 4.23521904693833e-005 0 0
 493.073065148 5.8513793657265e-005 0 0
 496.463265285 -2.34735015035292e-006 0 0
 499.8534268 -0.000156342102761742 0 0
 503.243538161 -9.57512834396653e-005 0 0
 506.633587836 1.50192061808346e-005 0 0
 510.023564293 4.48002962559607e-005 0 0
 513.413456 -4.52628574102681e-005 0 0
 516.803251425 -2.49903391752769e-005 0 0
 520.192939036 -6.80359801720121e-006 0 0
 523.582507301 3.06437845684288e-006 0 0
 526.971944688 -1.53654370655543e-005 0 0
 530.361239665 6.30630824026549e-005 0 0
 533.7503807 5.50905052869719e-007 0 0
 537.139356261 2.41118429489208e-005 0 0
 540.528154816 6.7144611174992e-005 0 0
 543.916764833 5.98221015898993e-005 0 0
 547.30517478 6.49797956157673e-006 0 0
 550.693373125 6.40500180911652e-005 0 0
 554.081348336 4.70168437820009e-005 0 0
 557.469088881 4.12815664368396e-005 0 0
 560.856583228 9.75864547014903e-005 0 0
 564.243819845 7.52204442566583e-005 0 0
 567.6307872 0.0001022974808503 0 0
 571.017473761 9.72269209334957e-005 0 0
 574.403867996 6.87494533285599e-005 0 0
 577.789958373 7.55913495680703e-005 0 0
 581.17573336 7.7869399014575e-006 0 0
 584.561181425 5.3992868024185e-005 0 0
 587.946291036 5.05648829742835e-005 0 0
 591.331050661 5.03431357691001e-005 0 0
 594.715448768 4.91987409582016e-005 0 0
 598.099473825 1.50052210349336e-006 0 0
 601.4831143 3.95651112720568e-005 0 0
 604.866358661 0.00013447484131939 0 0
 608.249195376 0.000111902267519211 0 0
 611.631612913 8.87024456785148e-005 0 0
 615.01359974 0.000120060797592719 0 0
 618.395144325 0.000104428875293317 0 0
 621.776235136 3.04646075197673e-005 0 0
 625.156860641 6.6959796751015e-005 0 0
 628.537009308 8.48643876385048e-006 0 0
 631.916669605 4.61960796121737e-005 0 0
 635.29583 -3.00856358946054e-005 0 0
 638.674478961 0.000171152298004209 0 0
 642.052604956 0.000273218855387785 0 0
 645.430196453 0.000143059237767346 0 0
 648.80724192 0.00010346129163586 0 0
 652.183729825 0.000154194091912897 0 0
 655.559648636 0.000204851953395495 0 0
 658.934986821 6.93069622324166e-005 0 0
 662.309732848 0.000146227659525675 0 0
 665.683875185 0.000252247763126459 0 0
 669.0574023 0.000124966902770577 0 0
 672.430302661 0.000376911333618944 0 0
 675.802564736 0.000298837290935419 0 0
 679.174176993 0.000223001724060357 0 0
 682.5451279 0.000161162025581292 0 0
 685.915405925 0.00017018302361471 0 0
 689.284999536 0.000190609791512146 0 0
 692.653897201 0.000290393868776044 0 0
 696.022087388 0.000262227721393499 0 0
 699.389558565 0.0001948254894706 0 0
 702.7562992 0.000345393960914211 0 0
 706.122297761 0.000313087320277695 0 0
 709.487542716 0.000242763244932694 0 0
 712.852022533 0.00022102595678902 0 0
 716.21572568 0.000303173499426713 0 0
 719.578640625 0.000143785860583866 0 0
 722.940755836 0.00022190310819337 0 0
 726.302059781 0.000294032704501515 0 0
 729.662540928 0.000361680294968163 0 0
 733.022187745 0.000275600260417038 0 0
 736.3809887 0.000272415665972999 0 0
 739.738932261 0.000170395156427572 0 0
 743.096006896 0.00016663962984456 0 0
 746.452201073 0.000347631388626281 0 0
 749.80750326 0.000616949683203549 0 0
 753.161901925 0.000206083002325485 0 0
 756.515385536 0.000316196006503251 0 0
 759.867942561 0.000151713246163528 0 0
 763.219561468 0.000282622185184491 0 0
 766.570230725 0.000225580148306168 0 0
 769.9199388 0.000359289648287688 0 0
 773.268674161 0.000302839666880422 0 0
 776.616425276 0.000509964632126035 0 0
 779.963180613 0.00032893331108642 0 0
 783.30892864 0.000279923430462803 0 0
 786.653657825 0.000335916037187401 0 0
 789.997356636 0.000657252032345874 0 0
 793.340013541 0.000485628212695951 0 0
 796.681617008 0.000438809107770138 0 0
 800.022155505 0.000389707207024303 0 0
 803.3616175 0.000340784854361891 0 0
 806.699991461 0.000441611466274221 0 0
 810.037265856 0.00028498915406148 0 0
 813.373429153 0.000648158416157781 0 0
 816.70846982 0.000255684257880656 0 0
 820.042376325 0.000460004266045412 0 0
 823.375137136 0.000573427489873971 0 0
 826.706740721 0.000647137991454732 0 0
 830.037175548 0.000671409051458436 0 0
 833.366430085 0.000434454375617422 0 0
 836.6944928 0.000540920227694052 0 0
 840.021352161 0.000327028586676322 0 0
 843.346996636 0.000524939624525306 0 0
 846.671414693 0.000840793795387295 0 0
 849.9945948 0.000706486590036354 0 0
 853.316525425 0.000220464179380887 0 0
 856.637195036 0.000903078417788244 0 0
 859.956592101 0.000621910769732886 0 0
 863.274705088 0.000979888761236487 0 0
 866.591522465 0.000909254349426577 0 0
 869.9070327 0.00128498632482198 0 0
 873.221224261 0.00115883601574707 0 0
 876.534085616 0.00102488912879556 0 0
 879.845605233 0.00095723626770967 0 0
 883.15577158 0.000891220204711541 0 0
 886.464573125 0.00120213508001552 0 0
 889.771998336 0.00155471876463897 0 0
 893.078035681 0.00152043530241527 0 0
 896.382673628 0.00121292203010863 0 0
 899.685900645 0.00104965856283624 0 0
 902.9877052 0.0015097288247354 0 0
 906.288075761 0.00121556251068081 0 0
 909.587000796 0.000655434349822584 0 0
 912.884468773 0.0021760350305022 0 0
 916.18046816 0.00184349386738761 0 0
 919.474987425 0.00147835457045335 0 0
 922.768015036 0.00206941672088503 0 0
 926.059539461 0.00156873015417343 0 0
 929.349549168 0.00213934480079088 0 0
 932.638032625 0.0022314358838576 0 0
 935.9249783 0.00156147675237395 0 0
 939.210374661 0.00118431505452888 0 0
 942.494210176 0.00215732967694307 0 0
 945.776473313 0.00128608745936245 0 0
 949.05715254 0.00194770886453656 0 0
 952.336236325 0.00255732399517163 0 0
 955.613713136 0 0 0
 958.889571441 0 0 0
 962.163799708 0 0 0
 965.436386405 0 0 0
 968.70732 0 0 0
 971.976588961 0 0 0
 975.244181756 0 0 0
 978.510086853 0 0 0
 981.77429272 0 0 0
 985.036787825 0 0 0
 988.297560636 0 0 0
 991.556599621 0 0 0
 994.813893248 0 0 0
 998.069429985 0 0 0
 1001.3231983 0 0 0
 1004.575186661 0 0 0
 1007.825383536 0 0 0
 1011.073777393 0 0 0
 1014.3203567 0 0 0
 1017.565109925 0 0 0
 1020.808025536 0 0 0
 1024.049092001 0 0 0
 1027.288297788 0 0 0
 1030.525631365 0 0 0
 1033.7610812 0 0 0
 1036.994635761 0 0 0
 1040.226283516 0 0 0
 1043.456012933 0 0 0
 1046.68381248 0 0 0
 1049.909670625 0 0 0
 1053.133575836 0 0 0
 1056.355516581 0 0 0
 1059.575481328 0 0 0
 1062.793458545 0 0 0
 1066.0094367 0 0 0
 1069.223404261 0 0 0
 1072.435349696 0 0 0
 1075.645261473 0 0 0
 1078.85312806 0 0 0
 1082.058937925 0 0 0
 1085.262679536 0 0 0
 1088.464341361 0 0 0
 1091.663911868 0 0 0
 1094.861379525 0 0 0
 1098.0567328 0 0 0
 1101.249960161 0 0 0
 1104.441050076 0 0 0
 1107.629991013 0 0 0
 1110.81677144 0 0 0
 1114.001379825 0 0 0
 1117.183804636 0 0 0
 1120.364034341 0 0 0
 1123.542057408 0 0 0
 1126.717862305 0 0 0
 1129.8914375 0 0 0
 1133.062771461 0 0 0
 1136.231852656 0 0 0
 1139.398669553 0 0 0
 1142.56321062 0 0 0
 1145.725464325 0 0 0
 1148.885419136 0 0 0
[END] of [DATA]
[END] of [Spectrum]

