
#TBID:2021-07-04 03:00:00;SAM_84DC;RAW;

[Spectrum]
Version            = 1
IDData             = 96B1_2021-07-04_03-00-00_000_779
IDDevice           = SAM_84DC
IDDataType         = SPECTRUM
IDDataTypeSub1     = RAW
IDDataTypeSub2     = 
IDDataTypeSub3     = 
DateTime           = 2021-07-04 03:00:00
PositionLatitude   = 0
PositionLongitude  = 0
Comment            = 
CommentSub1        = 
CommentSub2        = 
CommentSub3        = 
IDMethodType       = SAM Control
MethodName         = SAM_84DC
Mission            = No Mission
MissionSub         = 1
RecordType         = 0
[Attributes]
CalFactor = 1
IDBasisSpec = 
IDDataBack = DLAB_2015-08-21_13-19-54_137_939
IDDataCal = DLAB_2015-08-24_10-46-55_592_608
IntegrationTime = 4096
P31 = -1
P31e = 0
PathLength = +INF
PathLengthCustomOn = 0
RAWDynamic = 65535
Salinity = 0
Temperature = -NAN
Unit1 = $05 $00 Pixel 
Unit2 = $03 $05 Intensity counts
Unit3 = $f0 $05 Error counts
Unit4 = $f1 $00 Status 
p999 = 77
[END] of [Attributes]
[DATA]
 0 11 0 0
 1 1848 0 0
 2 1835 0 0
 3 1852 0 0
 4 1867 0 0
 5 1850 0 0
 6 1850 0 0
 7 1868 0 0
 8 1866 0 0
 9 1870 0 0
 10 1869 0 0
 11 1866 0 0
 12 1860 0 0
 13 1864 0 0
 14 1876 0 0
 15 1857 0 0
 16 1872 0 0
 17 1875 0 0
 18 1870 0 0
 19 1876 0 0
 20 1873 0 0
 21 1867 0 0
 22 1882 0 0
 23 1888 0 0
 24 1888 0 0
 25 1878 0 0
 26 1888 0 0
 27 1882 0 0
 28 1876 0 0
 29 1876 0 0
 30 1884 0 0
 31 1889 0 0
 32 1884 0 0
 33 1881 0 0
 34 1883 0 0
 35 1879 0 0
 36 1889 0 0
 37 1889 0 0
 38 1883 0 0
 39 1879 0 0
 40 1890 0 0
 41 1882 0 0
 42 1884 0 0
 43 1889 0 0
 44 1881 0 0
 45 1884 0 0
 46 1892 0 0
 47 1891 0 0
 48 1880 0 0
 49 1881 0 0
 50 1878 0 0
 51 1881 0 0
 52 1887 0 0
 53 1878 0 0
 54 1878 0 0
 55 1891 0 0
 56 1876 0 0
 57 1884 0 0
 58 1888 0 0
 59 1891 0 0
 60 1886 0 0
 61 1890 0 0
 62 1880 0 0
 63 1885 0 0
 64 1884 0 0
 65 1882 0 0
 66 1877 0 0
 67 1882 0 0
 68 1890 0 0
 69 1883 0 0
 70 1887 0 0
 71 1885 0 0
 72 1886 0 0
 73 1883 0 0
 74 1888 0 0
 75 1881 0 0
 76 1890 0 0
 77 1888 0 0
 78 1881 0 0
 79 1892 0 0
 80 1884 0 0
 81 1887 0 0
 82 1883 0 0
 83 1886 0 0
 84 1877 0 0
 85 1897 0 0
 86 1888 0 0
 87 1883 0 0
 88 1878 0 0
 89 1884 0 0
 90 1875 0 0
 91 1877 0 0
 92 1872 0 0
 93 1874 0 0
 94 1880 0 0
 95 1879 0 0
 96 1875 0 0
 97 1881 0 0
 98 1876 0 0
 99 1876 0 0
 100 1880 0 0
 101 1879 0 0
 102 1879 0 0
 103 1876 0 0
 104 1875 0 0
 105 1883 0 0
 106 1881 0 0
 107 1893 0 0
 108 1882 0 0
 109 1886 0 0
 110 1883 0 0
 111 1887 0 0
 112 1885 0 0
 113 1878 0 0
 114 1882 0 0
 115 1888 0 0
 116 1884 0 0
 117 1882 0 0
 118 1882 0 0
 119 1885 0 0
 120 1872 0 0
 121 1886 0 0
 122 1882 0 0
 123 1887 0 0
 124 1889 0 0
 125 1880 0 0
 126 1886 0 0
 127 1886 0 0
 128 1885 0 0
 129 1882 0 0
 130 1885 0 0
 131 1883 0 0
 132 1892 0 0
 133 1889 0 0
 134 1884 0 0
 135 1886 0 0
 136 1880 0 0
 137 1886 0 0
 138 1883 0 0
 139 1885 0 0
 140 1880 0 0
 141 1889 0 0
 142 1887 0 0
 143 1887 0 0
 144 1886 0 0
 145 1883 0 0
 146 1882 0 0
 147 1881 0 0
 148 1891 0 0
 149 1889 0 0
 150 1880 0 0
 151 1889 0 0
 152 1884 0 0
 153 1893 0 0
 154 1887 0 0
 155 1888 0 0
 156 1882 0 0
 157 1891 0 0
 158 1890 0 0
 159 1889 0 0
 160 1882 0 0
 161 1882 0 0
 162 1878 0 0
 163 1882 0 0
 164 1883 0 0
 165 1881 0 0
 166 1890 0 0
 167 1888 0 0
 168 1882 0 0
 169 1888 0 0
 170 1888 0 0
 171 1893 0 0
 172 1884 0 0
 173 1893 0 0
 174 1888 0 0
 175 1889 0 0
 176 1891 0 0
 177 1888 0 0
 178 1883 0 0
 179 1890 0 0
 180 1886 0 0
 181 1886 0 0
 182 1889 0 0
 183 1890 0 0
 184 1882 0 0
 185 1891 0 0
 186 1889 0 0
 187 1891 0 0
 188 1889 0 0
 189 1883 0 0
 190 1886 0 0
 191 1887 0 0
 192 1902 0 0
 193 1898 0 0
 194 1893 0 0
 195 1886 0 0
 196 1893 0 0
 197 1893 0 0
 198 1891 0 0
 199 1903 0 0
 200 1896 0 0
 201 1900 0 0
 202 1882 0 0
 203 1904 0 0
 204 1898 0 0
 205 1900 0 0
 206 1898 0 0
 207 1902 0 0
 208 1890 0 0
 209 1898 0 0
 210 1891 0 0
 211 1897 0 0
 212 1893 0 0
 213 1891 0 0
 214 1899 0 0
 215 1899 0 0
 216 1898 0 0
 217 1905 0 0
 218 1900 0 0
 219 1900 0 0
 220 1905 0 0
 221 1910 0 0
 222 1896 0 0
 223 1909 0 0
 224 1896 0 0
 225 1907 0 0
 226 1902 0 0
 227 1901 0 0
 228 1914 0 0
 229 1914 0 0
 230 1909 0 0
 231 1913 0 0
 232 1913 0 0
 233 1905 0 0
 234 1909 0 0
 235 1909 0 0
 236 1899 0 0
 237 1910 0 0
 238 1912 0 0
 239 1918 0 0
 240 1914 0 0
 241 1915 0 0
 242 1908 0 0
 243 1913 0 0
 244 1915 0 0
 245 1910 0 0
 246 1922 0 0
 247 1915 0 0
 248 1924 0 0
 249 1910 0 0
 250 1900 0 0
 251 1899 0 0
 252 1900 0 0
 253 1895 0 0
 254 1884 0 0
 255 1948 0 0
[END] of [DATA]
[END] of [Spectrum]


#TBID:2021-07-04 03:00:00;SAM_84DC;CALIBRATED;

[Spectrum]
Version            = 1
IDData             = 96B1_2021-07-04_03-00-00_000_780
IDDevice           = SAM_84DC
IDDataType         = SPECTRUM
IDDataTypeSub1     = CALIBRATED
IDDataTypeSub2     = 
IDDataTypeSub3     = 
DateTime           = 2021-07-04 03:00:00
PositionLatitude   = 0
PositionLongitude  = 0
Comment            = 
CommentSub1        = 
CommentSub2        = 
CommentSub3        = 
IDMethodType       = SAM Control
MethodName         = SAM_84DC
Mission            = No Mission
MissionSub         = 1
RecordType         = 0
[Attributes]
CalFactor = 1
IDBasisSpec = 
IDDataBack = DLAB_2015-08-21_13-19-54_137_939
IDDataCal = DLAB_2015-08-24_10-46-55_592_608
IntegrationTime = 4096
P31 = -1
P31e = 0
PathLength = +INF
PathLengthCustomOn = 0
RAWDynamic = 65535
Salinity = 0
Temperature = -NAN
Unit1 = $01 $01 Wavelength nm
Unit2 = $03 $03 Intensity mW/(m^2 nm Sr)
Unit3 = $f0 $03 Error mW/(m^2 nm Sr)
Unit4 = $f1 $00 Status 
p999 = 77
[END] of [Attributes]
[DATA]
 0 11 0 0
 305.71650776488 0 0 0
 309.04007505697 0 0 0
 312.36416914304 0 0 0
 315.68877841375 0 0 0
 319.01389125976 -0.00194878798176526 0 0
 322.33949607173 -0.00155993322835622 0 0
 325.66558124032 -0.00123102674741897 0 0
 328.99213515619 -0.00112904431260116 0 0
 332.31914621 -0.00106366573570602 0 0
 335.64660279241 -0.00092736003723985 0 0
 338.97449329408 -0.00100271654222163 0 0
 342.30280610567 -0.000902920437425178 0 0
 345.63152961784 -0.00074999580646355 0 0
 348.96065222125 -0.000646745245234489 0 0
 352.29016230656 -0.000688487171898702 0 0
 355.62004826443 -0.000534727472555958 0 0
 358.95029848552 -0.000553129506256179 0 0
 362.28090136049 -0.000493159540831799 0 0
 365.61184528 -0.000434599006149573 0 0
 368.94311863471 -0.000453426866437128 0 0
 372.27470981528 -0.000526588862479807 0 0
 375.60660721237 -0.00042335076659405 0 0
 378.93879921664 -0.000303295867374197 0 0
 382.27127421875 -0.000286142509763755 0 0
 385.60402060936 -0.000348140583176352 0 0
 388.93702677913 -0.000276946131220232 0 0
 392.27028111872 -0.000391041998351416 0 0
 395.60377201879 -0.000363435048620706 0 0
 398.93748787 -0.000340657332284476 0 0
 402.27141706301 -0.000164782057801907 0 0
 405.60554798848 -0.000234726723103211 0 0
 408.93986903707 -0.000261449740063042 0 0
 412.27436859944 -0.000221698044560199 0 0
 415.60903506625 -0.000264927757399321 0 0
 418.94385682816 -0.000223694145141896 0 0
 422.27882227583 -0.000219149785197923 0 0
 425.61391979992 -0.000184782346708651 0 0
 428.94913779109 -0.000207165524890277 0 0
 432.28446464 -0.000202406340010148 0 0
 435.61988873731 -0.000212739247344929 0 0
 438.95539847368 -0.000221971461181215 0 0
 442.29098223977 -0.000188012116605567 0 0
 445.62662842624 -0.000164159555475886 0 0
 448.96232542375 -0.000274846066490653 0 0
 452.29806162296 -0.000236189200404287 0 0
 455.63382541453 -0.000201433080657614 0 0
 458.96960518912 -0.00023832232139346 0 0
 462.30538933739 -0.000273108557275735 0 0
 465.64116625 -0.000275196119737704 0 0
 468.97692431761 -0.000293632932559655 0 0
 472.31265193088 -0.000285167601463651 0 0
 475.64833748047 -0.000224184698609945 0 0
 478.98396935704 -0.000302788710337519 0 0
 482.31953595125 -0.000308042284435324 0 0
 485.65502565376 -0.000200834294368311 0 0
 488.99042685523 -0.000366745752629204 0 0
 492.32572794632 -0.000318705349600361 0 0
 495.66091731769 -0.000262380124907452 0 0
 498.99598336 -0.000307124474855373 0 0
 502.33091446391 -0.000279744200384182 0 0
 505.66569902008 -0.000260710301148288 0 0
 509.00032541917 -0.000286386295181188 0 0
 512.33478205184 -0.000262324513571882 0 0
 515.66905730875 -0.000281982900099601 0 0
 519.00313958056 -0.000255973949180066 0 0
 522.33701725793 -0.000216545278568117 0 0
 525.67067873152 -0.00028160567240181 0 0
 529.00411239199 -0.000207518762296043 0 0
 532.33730663 -0.000226559439278646 0 0
 535.67024983621 -0.000233907313490296 0 0
 539.00293040128 -0.000285343430912164 0 0
 542.33533671587 -0.000201058212068388 0 0
 545.66745717064 -0.000277971973426034 0 0
 548.99928015625 -0.000243351282693766 0 0
 552.33079406336 -0.000237009294136205 0 0
 555.66198728263 -0.000206992465220318 0 0
 558.99284820472 -0.000221406771954152 0 0
 562.32336522029 -0.000225297455083587 0 0
 565.65352672 -0.000219701659500902 0 0
 568.98332109451 -0.000238836104352372 0 0
 572.31273673448 -0.000292893384851162 0 0
 575.64176203057 -0.000260043987615708 0 0
 578.97038537344 -0.000271671947796748 0 0
 582.29859515375 -0.000296342835370569 0 0
 585.62637976216 -0.000230168050151928 0 0
 588.95372758933 -0.000275940157532002 0 0
 592.28062702592 -0.000361153307927154 0 0
 595.60706646259 -0.000372592599688955 0 0
 598.93303429 -0.000391090678057575 0 0
 602.25851889881 -0.000384040683949444 0 0
 605.58350867968 -0.00045536324489515 0 0
 608.90799202327 -0.000533160601463381 0 0
 612.23195732024 -0.000500580557724707 0 0
 615.55539296125 -0.000476606633719227 0 0
 618.87828733696 -0.000482976424344405 0 0
 622.20062883803 -0.000460410320601267 0 0
 625.52240585512 -0.000501944884302563 0 0
 628.84360677889 -0.000466258829811871 0 0
 632.16422 -0.000527274719550634 0 0
 635.48423390911 -0.000501871763585373 0 0
 638.80363689688 -0.000462355427803881 0 0
 642.12241735397 -0.000538066465106209 0 0
 645.44056367104 -0.000569108341158641 0 0
 648.75806423875 -0.000595493975185457 0 0
 652.07490744776 -0.000521694489150414 0 0
 655.39108168873 -0.000536139447306763 0 0
 658.70657535232 -0.000450712409537537 0 0
 662.02137682919 -0.000534046982339935 0 0
 665.33547451 -0.000475458993004479 0 0
 668.64885678541 -0.000469225236941937 0 0
 671.96151204608 -0.000452625063869224 0 0
 675.27342868267 -0.000469642463032495 0 0
 678.58459508584 -0.000477910781585034 0 0
 681.89499964625 -0.000551727786892266 0 0
 685.20463075456 -0.00048929079327298 0 0
 688.51347680143 -0.00046062318593697 0 0
 691.82152617752 -0.000499083521283554 0 0
 695.12876727349 -0.000457592379597654 0 0
 698.43518848 -0.000457037644368577 0 0
 701.74077818771 -0.000556681843328522 0 0
 705.04552478728 -0.000604581770258913 0 0
 708.34941666937 -0.000477938971304026 0 0
 711.65244222464 -0.000506872717536215 0 0
 714.95458984375 -0.000466896590865691 0 0
 718.25584791736 -0.000527674734826919 0 0
 721.55620483613 -0.000529317539764661 0 0
 724.85564899072 -0.000505230080148173 0 0
 728.15416877179 -0.000459156152279026 0 0
 731.45175257 -0.000510052291962927 0 0
 734.74838877601 -0.000601854423189638 0 0
 738.04406578048 -0.000503716232017366 0 0
 741.33877197407 -0.000391150106408134 0 0
 744.63249574744 -0.000422391262358638 0 0
 747.92522549125 -0.000500046004766935 0 0
 751.21694959616 -0.00054319241653007 0 0
 754.50765645283 -0.000523750295788455 0 0
 757.79733445192 -0.0005351430543517 0 0
 761.08597198409 -0.000492287390898866 0 0
 764.37355744 -0.000528862687539599 0 0
 767.66007921031 -0.000589550592268581 0 0
 770.94552568568 -0.000537717375340331 0 0
 774.22988525677 -0.000423099685541235 0 0
 777.51314631424 -0.000552754168805467 0 0
 780.79529724875 -0.000537794744396908 0 0
 784.07632645096 -0.000514307332497691 0 0
 787.35622231153 -0.000611775881002491 0 0
 790.63497322112 -0.000696444637798354 0 0
 793.91256757039 -0.000544862420851744 0 0
 797.18899375 -0.000575685419972883 0 0
 800.46424015061 -0.000736199277444674 0 0
 803.73829516288 -0.000655226089190854 0 0
 807.01114717747 -0.000789124885029441 0 0
 810.28278458504 -0.000636671515010754 0 0
 813.55319577625 -0.000803820864362723 0 0
 816.82236914176 -0.00073821869279271 0 0
 820.09029307223 -0.000827376883578058 0 0
 823.35695595832 -0.000833877895585327 0 0
 826.62234619069 -0.00068594875552131 0 0
 829.88645216 -0.000908736270103469 0 0
 833.14926225691 -0.00124588234895124 0 0
 836.41076487208 -0.00100040740768645 0 0
 839.67094839617 -0.00106833506333494 0 0
 842.92980121984 -0.00112842029270511 0 0
 846.18731173375 -0.00122622516961252 0 0
 849.44346832856 -0.00153110250409819 0 0
 852.69825939493 -0.00137088953723626 0 0
 855.95167332352 -0.00139777937488256 0 0
 859.20369850499 -0.00173144314033894 0 0
 862.45432333 -0.00141500799951661 0 0
 865.70353618921 -0.00140717544175244 0 0
 868.95132547328 -0.00146942207705366 0 0
 872.19767957287 -0.00119307413027489 0 0
 875.44258687864 -0.00138801803494455 0 0
 878.68603578125 -0.00165319743135683 0 0
 881.92801467136 -0.00135274244709852 0 0
 885.16851193963 -0.0015369528720547 0 0
 888.40751597672 -0.00152050840008432 0 0
 891.64501517329 -0.00235004919723617 0 0
 894.88099792 -0.00114435520921856 0 0
 898.11545260751 -0.00174040584555215 0 0
 901.34836762648 -0.00175148852318523 0 0
 904.57973136757 -0.00186377784625667 0 0
 907.80953222144 -0.00190684666932607 0 0
 911.03775857875 -0.00275828475754673 0 0
 914.26439883016 -0.00188021490102471 0 0
 917.48944136633 -0.00240905543993467 0 0
 920.71287457792 -0.00222201385327931 0 0
 923.93468685559 -0.00178078722571619 0 0
 927.15486659 -0.00264957426104598 0 0
 930.37340217181 -0.00262550326646101 0 0
 933.59028199168 -0.00303146919443005 0 0
 936.80549444027 -0.0021630887287113 0 0
 940.01902790824 -0.00184274611507586 0 0
 943.23087078625 -0.00236199438728074 0 0
 946.44101146496 -0.00313461075963452 0 0
 949.64943833503 -0.00387179168182022 0 0
 952.85613978712 -0.00314420011258361 0 0
 956.06110421189 0 0 0
 959.26432 0 0 0
 962.46577554211 0 0 0
 965.66545922888 0 0 0
 968.86335945097 0 0 0
 972.05946459904 0 0 0
 975.25376306375 0 0 0
 978.44624323576 0 0 0
 981.63689350573 0 0 0
 984.82570226432 0 0 0
 988.01265790219 0 0 0
 991.19774881 0 0 0
 994.38096337841 0 0 0
 997.56228999808 0 0 0
 1000.74171705967 0 0 0
 1003.91923295384 0 0 0
 1007.09482607125 0 0 0
 1010.26848480256 0 0 0
 1013.44019753843 0 0 0
 1016.60995266952 0 0 0
 1019.77773858649 0 0 0
 1022.94354368 0 0 0
 1026.10735634071 0 0 0
 1029.26916495928 0 0 0
 1032.42895792637 0 0 0
 1035.58672363264 0 0 0
 1038.74245046875 0 0 0
 1041.89612682536 0 0 0
 1045.04774109313 0 0 0
 1048.19728166272 0 0 0
 1051.34473692479 0 0 0
 1054.49009527 0 0 0
 1057.63334508901 0 0 0
 1060.77447477248 0 0 0
 1063.91347271107 0 0 0
 1067.05032729544 0 0 0
 1070.18502691625 0 0 0
 1073.31755996416 0 0 0
 1076.44791482983 0 0 0
 1079.57607990392 0 0 0
 1082.70204357709 0 0 0
 1085.82579424 0 0 0
 1088.94732028331 0 0 0
 1092.06661009768 0 0 0
 1095.18365207377 0 0 0
 1098.29843460224 0 0 0
 1101.41094607375 0 0 0
 1104.52117487896 0 0 0
 1107.62910940853 0 0 0
 1110.73473805312 0 0 0
 1113.83804920339 0 0 0
 1116.93903125 0 0 0
 1120.03767258361 0 0 0
 1123.13396159488 0 0 0
 1126.22788667447 0 0 0
 1129.31943621304 0 0 0
 1132.40859860125 0 0 0
 1135.49536222976 0 0 0
[END] of [DATA]
[END] of [Spectrum]


#TBID:2021-07-04 03:00:00;SAM_84CE;RAW;

[Spectrum]
Version            = 1
IDData             = 96B1_2021-07-04_03-00-00_000_782
IDDevice           = SAM_84CE
IDDataType         = SPECTRUM
IDDataTypeSub1     = RAW
IDDataTypeSub2     = 
IDDataTypeSub3     = 
DateTime           = 2021-07-04 03:00:00
PositionLatitude   = 0
PositionLongitude  = 0
Comment            = 
CommentSub1        = 
CommentSub2        = 
CommentSub3        = 
IDMethodType       = SAM Control
MethodName         = SAM_84CE
Mission            = No Mission
MissionSub         = 1
RecordType         = 0
[Attributes]
CalFactor = 1
IDBasisSpec = 
IDDataBack = DLAB_2015-08-21_11-56-43_233_004
IDDataCal = DLAB_2015-08-26_10-05-37_585_478
IntegrationTime = 4096
P31 = -1
P31e = 0
PathLength = +INF
PathLengthCustomOn = 0
RAWDynamic = 65535
Salinity = 0
Temperature = -NAN
Unit1 = $05 $00 Pixel 
Unit2 = $03 $05 Intensity counts
Unit3 = $f0 $05 Error counts
Unit4 = $f1 $00 Status 
p999 = 77
[END] of [Attributes]
[DATA]
 0 11 0 0
 1 1829 0 0
 2 1844 0 0
 3 1830 0 0
 4 1846 0 0
 5 1850 0 0
 6 1847 0 0
 7 1842 0 0
 8 1852 0 0
 9 1853 0 0
 10 1854 0 0
 11 1857 0 0
 12 1866 0 0
 13 1860 0 0
 14 1860 0 0
 15 1862 0 0
 16 1860 0 0
 17 1855 0 0
 18 1860 0 0
 19 1856 0 0
 20 1868 0 0
 21 1862 0 0
 22 1868 0 0
 23 1877 0 0
 24 1868 0 0
 25 1877 0 0
 26 1882 0 0
 27 1878 0 0
 28 1868 0 0
 29 1869 0 0
 30 1871 0 0
 31 1878 0 0
 32 1875 0 0
 33 1872 0 0
 34 1863 0 0
 35 1864 0 0
 36 1871 0 0
 37 1862 0 0
 38 1868 0 0
 39 1869 0 0
 40 1870 0 0
 41 1869 0 0
 42 1868 0 0
 43 1863 0 0
 44 1860 0 0
 45 1861 0 0
 46 1867 0 0
 47 1874 0 0
 48 1865 0 0
 49 1865 0 0
 50 1862 0 0
 51 1858 0 0
 52 1862 0 0
 53 1866 0 0
 54 1864 0 0
 55 1864 0 0
 56 1864 0 0
 57 1860 0 0
 58 1868 0 0
 59 1857 0 0
 60 1851 0 0
 61 1859 0 0
 62 1869 0 0
 63 1859 0 0
 64 1860 0 0
 65 1855 0 0
 66 1867 0 0
 67 1862 0 0
 68 1866 0 0
 69 1851 0 0
 70 1844 0 0
 71 1851 0 0
 72 1855 0 0
 73 1858 0 0
 74 1852 0 0
 75 1857 0 0
 76 1862 0 0
 77 1860 0 0
 78 1849 0 0
 79 1862 0 0
 80 1861 0 0
 81 1860 0 0
 82 1856 0 0
 83 1849 0 0
 84 1854 0 0
 85 1854 0 0
 86 1853 0 0
 87 1852 0 0
 88 1850 0 0
 89 1854 0 0
 90 1861 0 0
 91 1858 0 0
 92 1851 0 0
 93 1858 0 0
 94 1852 0 0
 95 1848 0 0
 96 1845 0 0
 97 1852 0 0
 98 1857 0 0
 99 1854 0 0
 100 1858 0 0
 101 1852 0 0
 102 1858 0 0
 103 1859 0 0
 104 1847 0 0
 105 1857 0 0
 106 1859 0 0
 107 1853 0 0
 108 1850 0 0
 109 1864 0 0
 110 1848 0 0
 111 1866 0 0
 112 1851 0 0
 113 1849 0 0
 114 1854 0 0
 115 1854 0 0
 116 1850 0 0
 117 1854 0 0
 118 1852 0 0
 119 1848 0 0
 120 1852 0 0
 121 1844 0 0
 122 1856 0 0
 123 1849 0 0
 124 1846 0 0
 125 1848 0 0
 126 1854 0 0
 127 1843 0 0
 128 1849 0 0
 129 1850 0 0
 130 1839 0 0
 131 1855 0 0
 132 1844 0 0
 133 1847 0 0
 134 1845 0 0
 135 1846 0 0
 136 1843 0 0
 137 1844 0 0
 138 1836 0 0
 139 1842 0 0
 140 1842 0 0
 141 1843 0 0
 142 1845 0 0
 143 1849 0 0
 144 1842 0 0
 145 1854 0 0
 146 1849 0 0
 147 1836 0 0
 148 1842 0 0
 149 1836 0 0
 150 1836 0 0
 151 1837 0 0
 152 1842 0 0
 153 1842 0 0
 154 1839 0 0
 155 1838 0 0
 156 1839 0 0
 157 1839 0 0
 158 1832 0 0
 159 1843 0 0
 160 1836 0 0
 161 1842 0 0
 162 1838 0 0
 163 1836 0 0
 164 1840 0 0
 165 1836 0 0
 166 1835 0 0
 167 1835 0 0
 168 1838 0 0
 169 1841 0 0
 170 1839 0 0
 171 1847 0 0
 172 1836 0 0
 173 1838 0 0
 174 1831 0 0
 175 1837 0 0
 176 1838 0 0
 177 1836 0 0
 178 1833 0 0
 179 1836 0 0
 180 1831 0 0
 181 1826 0 0
 182 1831 0 0
 183 1823 0 0
 184 1822 0 0
 185 1830 0 0
 186 1832 0 0
 187 1832 0 0
 188 1831 0 0
 189 1833 0 0
 190 1828 0 0
 191 1830 0 0
 192 1827 0 0
 193 1826 0 0
 194 1825 0 0
 195 1829 0 0
 196 1820 0 0
 197 1829 0 0
 198 1835 0 0
 199 1826 0 0
 200 1824 0 0
 201 1828 0 0
 202 1827 0 0
 203 1821 0 0
 204 1821 0 0
 205 1829 0 0
 206 1832 0 0
 207 1828 0 0
 208 1820 0 0
 209 1825 0 0
 210 1817 0 0
 211 1822 0 0
 212 1821 0 0
 213 1828 0 0
 214 1818 0 0
 215 1828 0 0
 216 1826 0 0
 217 1818 0 0
 218 1820 0 0
 219 1821 0 0
 220 1811 0 0
 221 1824 0 0
 222 1819 0 0
 223 1817 0 0
 224 1815 0 0
 225 1816 0 0
 226 1816 0 0
 227 1820 0 0
 228 1809 0 0
 229 1830 0 0
 230 1822 0 0
 231 1820 0 0
 232 1820 0 0
 233 1821 0 0
 234 1816 0 0
 235 1819 0 0
 236 1808 0 0
 237 1814 0 0
 238 1816 0 0
 239 1814 0 0
 240 1809 0 0
 241 1819 0 0
 242 1806 0 0
 243 1816 0 0
 244 1813 0 0
 245 1807 0 0
 246 1802 0 0
 247 1807 0 0
 248 1796 0 0
 249 1802 0 0
 250 1793 0 0
 251 1798 0 0
 252 1785 0 0
 253 1785 0 0
 254 1773 0 0
 255 1836 0 0
[END] of [DATA]
[END] of [Spectrum]


#TBID:2021-07-04 03:00:00;SAM_84CE;CALIBRATED;

[Spectrum]
Version            = 1
IDData             = 96B1_2021-07-04_03-00-00_000_783
IDDevice           = SAM_84CE
IDDataType         = SPECTRUM
IDDataTypeSub1     = CALIBRATED
IDDataTypeSub2     = 
IDDataTypeSub3     = 
DateTime           = 2021-07-04 03:00:00
PositionLatitude   = 0
PositionLongitude  = 0
Comment            = 
CommentSub1        = 
CommentSub2        = 
CommentSub3        = 
IDMethodType       = SAM Control
MethodName         = SAM_84CE
Mission            = No Mission
MissionSub         = 1
RecordType         = 0
[Attributes]
CalFactor = 1
IDBasisSpec = 
IDDataBack = DLAB_2015-08-21_11-56-43_233_004
IDDataCal = DLAB_2015-08-26_10-05-37_585_478
IntegrationTime = 4096
P31 = -1
P31e = 0
PathLength = +INF
PathLengthCustomOn = 0
RAWDynamic = 65535
Salinity = 0
Temperature = -NAN
Unit1 = $01 $01 Wavelength nm
Unit2 = $03 $06 Intensity mW/(m^2 nm)
Unit3 = $f0 $06 Error mW/(m^2 nm)
Unit4 = $f1 $00 Status 
p999 = 77
[END] of [Attributes]
[DATA]
 0 11 0 0
 303.485180022 0 0 0
 306.85638880275 0 0 0
 310.228324544 0 0 0
 313.60097308125 0 0 0
 316.97432025 0.0262444872407718 0 0
 320.34835188575 0.0256086100735518 0 0
 323.723053824 0.0222255661214177 0 0
 327.09841190025 0.0246390649429181 0 0
 330.47441195 0.0209097587952025 0 0
 333.85103980875 0.0216334792331239 0 0
 337.228281312 0.0203395898648101 0 0
 340.60612229525 0.021565181835395 0 0
 343.984548594 0.0184593193899697 0 0
 347.36354604375 0.0155141751913722 0 0
 350.74310048 0.0165394070938665 0 0
 354.12319773825 0.0143731440773615 0 0
 357.503823654 0.0132604679259466 0 0
 360.88496406275 0.0126451422791491 0 0
 364.2666048 0.0127836368061622 0 0
 367.64873170125 0.0130488368637681 0 0
 371.031330602 0.0127365898152834 0 0
 374.41438733775 0.0147092240539619 0 0
 377.797887744 0.0142868596843079 0 0
 381.18181765625 0.014629965010813 0 0
 384.56616291 0.0166487833125845 0 0
 387.95090934075 0.0167529240017223 0 0
 391.336042784 0.0154855413713904 0 0
 394.72154907525 0.0156684927351699 0 0
 398.10741405 0.0149313984062377 0 0
 401.49362354375 0.0146621149262179 0 0
 404.880163392 0.013793935780915 0 0
 408.26701943025 0.0132074538084608 0 0
 411.654177494 0.0125141509518139 0 0
 415.04162341875 0.0108248545712779 0 0
 418.42934304 0.0106266641769367 0 0
 421.81732219325 0.00972881124614883 0 0
 425.205546714 0.00930206801733499 0 0
 428.59400243775 0.00826600588248383 0 0
 431.9826752 0.00845904341313735 0 0
 435.37155083625 0.00821627934235547 0 0
 438.760615182 0.00812136816961136 0 0
 442.14985407275 0.00768934552577672 0 0
 445.539253344 0.00726182182759103 0 0
 448.92879883125 0.00770831516853856 0 0
 452.31847637 0.00802810661725633 0 0
 455.70827179575 0.00766692298807655 0 0
 459.098170944 0.00832523572385676 0 0
 462.48815965025 0.00824462894174928 0 0
 465.87822375 0.00846983078383958 0 0
 469.26834907875 0.0079698412280515 0 0
 472.658521472 0.00844743679659489 0 0
 476.04872676525 0.00909699588609476 0 0
 479.438950794 0.00883712505441813 0 0
 482.82917939375 0.00831796903165621 0 0
 486.2193984 0.00952864397493882 0 0
 489.60959364825 0.00971460883700165 0 0
 492.999750974 0.00915944806996572 0 0
 496.38985621275 0.00962149843006566 0 0
 499.7798952 0.00850894462339475 0 0
 503.16985377125 0.00822008070506638 0 0
 506.559717762 0.00856901112362592 0 0
 509.94947300775 0.00873712674865839 0 0
 513.339105344 0.00777208592487562 0 0
 516.72860060625 0.00785552768386947 0 0
 520.11794463 0.00742645196624843 0 0
 523.50712325075 0.00753594919548493 0 0
 526.896122304 0.00752594872481007 0 0
 530.28492762525 0.00756617943880977 0 0
 533.67352505 0.00670718284731881 0 0
 537.06190041375 0.00654084888514081 0 0
 540.450039552 0.00640587909935412 0 0
 543.83792830025 0.00631433971192113 0 0
 547.225552494 0.00640449001213516 0 0
 550.61289796875 0.00620652863662346 0 0
 553.99995056 0.00655889987707347 0 0
 557.38669610325 0.00627217732869405 0 0
 560.773120434 0.00719488399134847 0 0
 564.15920938775 0.00644429789637479 0 0
 567.5449488 0.00726283764320862 0 0
 570.93032450625 0.0071111082845912 0 0
 574.315322342 0.00703183386057492 0 0
 577.69992814275 0.00732898441146417 0 0
 581.084127744 0.00689763398892903 0 0
 584.46790698125 0.00756579405365259 0 0
 587.85125169 0.0076132319350001 0 0
 591.23414770575 0.0074156052491494 0 0
 594.616580864 0.00725885041047595 0 0
 597.99853700025 0.00746401960749287 0 0
 601.38000195 0.00811652821925531 0 0
 604.76096154875 0.00814922833315345 0 0
 608.141401632 0.00802283245725529 0 0
 611.52130803525 0.00733424672819775 0 0
 614.900666594 0.00766899682894787 0 0
 618.27946314375 0.00803730848351489 0 0
 621.65768352 0.00811473817477438 0 0
 625.03531355825 0.00784286186962055 0 0
 628.412339094 0.00811534625493689 0 0
 631.78874596275 0.00862174909195147 0 0
 635.16452 0.00867229927582778 0 0
 638.53964704125 0.00984164593528964 0 0
 641.914112922 0.00975696696431682 0 0
 645.28790347775 0.0105364247492976 0 0
 648.661004544 0.0106471313826615 0 0
 652.03340195625 0.00922166792331218 0 0
 655.40508155 0.0103539563952163 0 0
 658.77602916075 0.0114635953137835 0 0
 662.146230624 0.0109634714415644 0 0
 665.51567177525 0.0104419122482196 0 0
 668.88433845 0.0114517010486293 0 0
 672.25221648375 0.00994224438984902 0 0
 675.619291712 0.0116850767595291 0 0
 678.98554997025 0.00993880609967334 0 0
 682.350977094 0.0103898923279567 0 0
 685.71555891875 0.0104008601703092 0 0
 689.07928128 0.0110313106634547 0 0
 692.44213001325 0.0109529354849902 0 0
 695.804090954 0.0103387652458796 0 0
 699.16514993775 0.0105532751063904 0 0
 702.5252928 0.00961310596792511 0 0
 705.88450537625 0.0103418459311315 0 0
 709.242773502 0.00948407886281247 0 0
 712.60008301275 0.0113193029626271 0 0
 715.956419744 0.0107491710784251 0 0
 719.31176953125 0.00990078967103529 0 0
 722.66611821 0.0106488874128986 0 0
 726.01945161575 0.0102636119570909 0 0
 729.371755584 0.00982470875819869 0 0
 732.72301595025 0.0104890774562208 0 0
 736.07321855 0.0111527859657597 0 0
 739.42234921875 0.00952183246657473 0 0
 742.770393792 0.0104886821798167 0 0
 746.11733810525 0.0102442359343238 0 0
 749.463167994 0.0109486705638704 0 0
 752.80786929375 0.010508316714997 0 0
 756.15142784 0.0105799661555143 0 0
 759.49382946825 0.0103681845291728 0 0
 762.835060014 0.00927892791433086 0 0
 766.17510531275 0.0105586608531534 0 0
 769.5139512 0.00927658122916199 0 0
 772.85158351125 0.0117995468529989 0 0
 776.187988082 0.0109328273831062 0 0
 779.52315074775 0.0124562054569346 0 0
 782.857057344 0.0133982535213183 0 0
 786.18969370625 0.0114948088589885 0 0
 789.52104567 0.0128401382770997 0 0
 792.85109907075 0.0129792007817857 0 0
 796.179839744 0.0127902830017396 0 0
 799.50725352525 0.0124801194714792 0 0
 802.83332625 0.0123627786922937 0 0
 806.15804375375 0.0131549559402672 0 0
 809.481391872 0.0143726904498239 0 0
 812.80335644025 0.0164656917339603 0 0
 816.123923294 0.0148900947581778 0 0
 819.44307826875 0.0151371107763613 0 0
 822.7608072 0.0154942924960355 0 0
 826.07709592325 0.0170047088149869 0 0
 829.391930274 0.0163295871009786 0 0
 832.70529608775 0.0166628133417924 0 0
 836.0171792 0.0196204426752668 0 0
 839.32756544625 0.0163826836328378 0 0
 842.636440662 0.0193848389001606 0 0
 845.94379068275 0.019240780389933 0 0
 849.249601344 0.0195264253069382 0 0
 852.55385848125 0.0225228463783314 0 0
 855.85654793 0.0228767423456996 0 0
 859.15765552575 0.0239057985900405 0 0
 862.457167104 0.0233397098312701 0 0
 865.75506850025 0.0271211559946979 0 0
 869.05134555 0.0275739087747041 0 0
 872.34598408875 0.0263934363188127 0 0
 875.638969952 0.0331446797792504 0 0
 878.93028897525 0.0274887796752857 0 0
 882.219926994 0.0311949707538017 0 0
 885.50786984375 0.029547717698109 0 0
 888.79410336 0.0314715086996043 0 0
 892.07861337825 0.0340190567204151 0 0
 895.361385734 0.0329034770184538 0 0
 898.64240626275 0.0276836326475447 0 0
 901.9216608 0.0338524260131768 0 0
 905.19913518125 0.0280452937250286 0 0
 908.474815242 0.0250802613985036 0 0
 911.74868681775 0.0340396759169743 0 0
 915.020735744 0.0354231162992502 0 0
 918.29094785625 0.0334209387961348 0 0
 921.55930899 0.0381634584313336 0 0
 924.82580498075 0.0382441355629944 0 0
 928.090421664 0.037665803704039 0 0
 931.35314487525 0.0475693679242998 0 0
 934.61396045 0.0529515337464403 0 0
 937.87285422375 0.0455219493283142 0 0
 941.129812032 0.0455129356607708 0 0
 944.38481971025 0.0488384788801038 0 0
 947.637863094 0.0478040301549642 0 0
 950.88892801875 0.0513133204879857 0 0
 954.13800032 0 0 0
 957.38506583325 0 0 0
 960.630110394 0 0 0
 963.87311983775 0 0 0
 967.11408 0 0 0
 970.35297671625 0 0 0
 973.589795822 0 0 0
 976.82452315275 0 0 0
 980.057144544 0 0 0
 983.28764583125 0 0 0
 986.51601285 0 0 0
 989.74223143575 0 0 0
 992.966287424 0 0 0
 996.18816665025 0 0 0
 999.40785495 0 0 0
 1002.62533815875 0 0 0
 1005.840602112 0 0 0
 1009.05363264525 0 0 0
 1012.264415594 0 0 0
 1015.47293679375 0 0 0
 1018.67918208 0 0 0
 1021.88313728825 0 0 0
 1025.084788254 0 0 0
 1028.28412081275 0 0 0
 1031.4811208 0 0 0
 1034.67577405125 0 0 0
 1037.868066402 0 0 0
 1041.05798368775 0 0 0
 1044.245511744 0 0 0
 1047.43063640625 0 0 0
 1050.61334351 0 0 0
 1053.79361889075 0 0 0
 1056.971448384 0 0 0
 1060.14681782525 0 0 0
 1063.31971305 0 0 0
 1066.49011989375 0 0 0
 1069.658024192 0 0 0
 1072.82341178025 0 0 0
 1075.986268494 0 0 0
 1079.14658016875 0 0 0
 1082.30433264 0 0 0
 1085.45951174325 0 0 0
 1088.612103314 0 0 0
 1091.76209318775 0 0 0
 1094.9094672 0 0 0
 1098.05421118625 0 0 0
 1101.196310982 0 0 0
 1104.33575242275 0 0 0
 1107.472521344 0 0 0
 1110.60660358125 0 0 0
 1113.73798497 0 0 0
 1116.86665134575 0 0 0
 1119.992588544 0 0 0
 1123.11578240025 0 0 0
 1126.23621875 0 0 0
 1129.35388342875 0 0 0
 1132.468762272 0 0 0
 1135.58084111525 0 0 0
 1138.690105794 0 0 0
 1141.79654214375 0 0 0
 1144.900136 0 0 0
[END] of [DATA]
[END] of [Spectrum]


#TBID:2021-07-04 03:00:00;SAM_84C8;RAW;

[Spectrum]
Version            = 1
IDData             = 96B1_2021-07-04_03-00-00_000_785
IDDevice           = SAM_84C8
IDDataType         = SPECTRUM
IDDataTypeSub1     = RAW
IDDataTypeSub2     = 
IDDataTypeSub3     = 
DateTime           = 2021-07-04 03:00:00
PositionLatitude   = 0
PositionLongitude  = 0
Comment            = 
CommentSub1        = 
CommentSub2        = 
CommentSub3        = 
IDMethodType       = SAM Control
MethodName         = SAM_84C8
Mission            = No Mission
MissionSub         = 1
RecordType         = 0
[Attributes]
CalFactor = 1
IDBasisSpec = 
IDDataBack = DLAB_2015-08-21_12-14-03_013_778
IDDataCal = DLAB_2015-08-24_11-04-47_772_747
IntegrationTime = 4096
P31 = -1
P31e = 0
PathLength = +INF
PathLengthCustomOn = 0
RAWDynamic = 65535
Salinity = 0
Temperature = -NAN
Unit1 = $05 $00 Pixel 
Unit2 = $03 $05 Intensity counts
Unit3 = $f0 $05 Error counts
Unit4 = $f1 $00 Status 
p999 = 77
[END] of [Attributes]
[DATA]
 0 11 0 0
 1 1802 0 0
 2 1790 0 0
 3 1786 0 0
 4 1793 0 0
 5 1792 0 0
 6 1795 0 0
 7 1787 0 0
 8 1791 0 0
 9 1792 0 0
 10 1784 0 0
 11 1799 0 0
 12 1800 0 0
 13 1790 0 0
 14 1807 0 0
 15 1803 0 0
 16 1798 0 0
 17 1808 0 0
 18 1805 0 0
 19 1807 0 0
 20 1807 0 0
 21 1807 0 0
 22 1808 0 0
 23 1814 0 0
 24 1818 0 0
 25 1811 0 0
 26 1808 0 0
 27 1807 0 0
 28 1815 0 0
 29 1811 0 0
 30 1814 0 0
 31 1816 0 0
 32 1815 0 0
 33 1807 0 0
 34 1812 0 0
 35 1809 0 0
 36 1813 0 0
 37 1823 0 0
 38 1815 0 0
 39 1807 0 0
 40 1814 0 0
 41 1814 0 0
 42 1808 0 0
 43 1814 0 0
 44 1808 0 0
 45 1817 0 0
 46 1818 0 0
 47 1806 0 0
 48 1819 0 0
 49 1823 0 0
 50 1806 0 0
 51 1816 0 0
 52 1817 0 0
 53 1808 0 0
 54 1804 0 0
 55 1816 0 0
 56 1814 0 0
 57 1821 0 0
 58 1818 0 0
 59 1807 0 0
 60 1806 0 0
 61 1813 0 0
 62 1820 0 0
 63 1814 0 0
 64 1805 0 0
 65 1811 0 0
 66 1819 0 0
 67 1823 0 0
 68 1821 0 0
 69 1816 0 0
 70 1822 0 0
 71 1816 0 0
 72 1825 0 0
 73 1816 0 0
 74 1817 0 0
 75 1818 0 0
 76 1820 0 0
 77 1825 0 0
 78 1819 0 0
 79 1823 0 0
 80 1818 0 0
 81 1818 0 0
 82 1820 0 0
 83 1830 0 0
 84 1823 0 0
 85 1822 0 0
 86 1822 0 0
 87 1823 0 0
 88 1815 0 0
 89 1819 0 0
 90 1823 0 0
 91 1825 0 0
 92 1820 0 0
 93 1810 0 0
 94 1830 0 0
 95 1822 0 0
 96 1825 0 0
 97 1821 0 0
 98 1820 0 0
 99 1816 0 0
 100 1825 0 0
 101 1829 0 0
 102 1827 0 0
 103 1821 0 0
 104 1822 0 0
 105 1833 0 0
 106 1818 0 0
 107 1822 0 0
 108 1817 0 0
 109 1821 0 0
 110 1832 0 0
 111 1835 0 0
 112 1823 0 0
 113 1827 0 0
 114 1820 0 0
 115 1833 0 0
 116 1834 0 0
 117 1821 0 0
 118 1818 0 0
 119 1824 0 0
 120 1821 0 0
 121 1820 0 0
 122 1820 0 0
 123 1818 0 0
 124 1822 0 0
 125 1821 0 0
 126 1824 0 0
 127 1830 0 0
 128 1820 0 0
 129 1829 0 0
 130 1818 0 0
 131 1823 0 0
 132 1824 0 0
 133 1887 0 0
 134 1834 0 0
 135 1822 0 0
 136 1822 0 0
 137 1831 0 0
 138 1822 0 0
 139 1835 0 0
 140 1818 0 0
 141 1824 0 0
 142 1823 0 0
 143 1824 0 0
 144 1832 0 0
 145 1830 0 0
 146 1829 0 0
 147 1822 0 0
 148 1831 0 0
 149 1824 0 0
 150 1820 0 0
 151 1829 0 0
 152 1830 0 0
 153 1822 0 0
 154 1825 0 0
 155 1825 0 0
 156 1832 0 0
 157 1832 0 0
 158 1826 0 0
 159 1825 0 0
 160 1824 0 0
 161 1820 0 0
 162 1830 0 0
 163 1826 0 0
 164 1821 0 0
 165 1828 0 0
 166 1824 0 0
 167 1832 0 0
 168 1830 0 0
 169 1830 0 0
 170 1829 0 0
 171 1826 0 0
 172 1829 0 0
 173 1811 0 0
 174 1824 0 0
 175 1829 0 0
 176 1823 0 0
 177 1827 0 0
 178 1824 0 0
 179 1824 0 0
 180 1830 0 0
 181 1831 0 0
 182 1830 0 0
 183 1826 0 0
 184 1818 0 0
 185 1826 0 0
 186 1824 0 0
 187 1834 0 0
 188 1823 0 0
 189 1820 0 0
 190 1819 0 0
 191 1823 0 0
 192 1829 0 0
 193 1819 0 0
 194 1829 0 0
 195 1830 0 0
 196 1820 0 0
 197 1828 0 0
 198 1824 0 0
 199 1820 0 0
 200 1820 0 0
 201 1823 0 0
 202 1825 0 0
 203 1826 0 0
 204 1830 0 0
 205 1824 0 0
 206 1828 0 0
 207 1824 0 0
 208 1821 0 0
 209 1817 0 0
 210 1813 0 0
 211 1821 0 0
 212 1819 0 0
 213 1832 0 0
 214 1828 0 0
 215 1821 0 0
 216 1822 0 0
 217 1826 0 0
 218 1824 0 0
 219 1829 0 0
 220 1826 0 0
 221 1826 0 0
 222 1826 0 0
 223 1822 0 0
 224 1834 0 0
 225 1832 0 0
 226 1828 0 0
 227 1826 0 0
 228 1823 0 0
 229 1821 0 0
 230 1825 0 0
 231 1823 0 0
 232 1825 0 0
 233 1820 0 0
 234 1829 0 0
 235 1821 0 0
 236 1830 0 0
 237 1818 0 0
 238 1817 0 0
 239 1822 0 0
 240 1822 0 0
 241 1823 0 0
 242 1823 0 0
 243 1817 0 0
 244 1826 0 0
 245 1819 0 0
 246 1811 0 0
 247 1817 0 0
 248 1826 0 0
 249 1813 0 0
 250 1814 0 0
 251 1807 0 0
 252 1800 0 0
 253 1799 0 0
 254 1796 0 0
 255 1844 0 0
[END] of [DATA]
[END] of [Spectrum]


#TBID:2021-07-04 03:00:00;SAM_84C8;CALIBRATED;

[Spectrum]
Version            = 1
IDData             = 96B1_2021-07-04_03-00-00_000_786
IDDevice           = SAM_84C8
IDDataType         = SPECTRUM
IDDataTypeSub1     = CALIBRATED
IDDataTypeSub2     = 
IDDataTypeSub3     = 
DateTime           = 2021-07-04 03:00:00
PositionLatitude   = 0
PositionLongitude  = 0
Comment            = 
CommentSub1        = 
CommentSub2        = 
CommentSub3        = 
IDMethodType       = SAM Control
MethodName         = SAM_84C8
Mission            = No Mission
MissionSub         = 1
RecordType         = 0
[Attributes]
CalFactor = 1
IDBasisSpec = 
IDDataBack = DLAB_2015-08-21_12-14-03_013_778
IDDataCal = DLAB_2015-08-24_11-04-47_772_747
IntegrationTime = 4096
P31 = -1
P31e = 0
PathLength = +INF
PathLengthCustomOn = 0
RAWDynamic = 65535
Salinity = 0
Temperature = -NAN
Unit1 = $01 $01 Wavelength nm
Unit2 = $03 $03 Intensity mW/(m^2 nm Sr)
Unit3 = $f0 $03 Error mW/(m^2 nm Sr)
Unit4 = $f1 $00 Status 
p999 = 77
[END] of [Attributes]
[DATA]
 0 11 0 0
 303.516048156 0 0 0
 306.890006053 0 0 0
 310.26457112 0 0 0
 313.639731825 0 0 0
 317.015476636 -0.000742041292152336 0 0
 320.391794021 -0.000649480503350774 0 0
 323.768672448 -0.000746103399189484 0 0
 327.146100385 -0.000483552938358648 0 0
 330.5240663 -0.000480832294363851 0 0
 333.902558661 -0.000514595257126773 0 0
 337.281565936 -0.000306959975969607 0 0
 340.661076593 -0.000362992859739549 0 0
 344.0410791 -0.000386137216831609 0 0
 347.421561925 6.35041645247967e-005 0 0
 350.802513536 -0.000102848885981094 0 0
 354.183922401 -0.000207302636541147 0 0
 357.565776988 -4.3027042401259e-005 0 0
 360.948065765 -6.71609520969637e-005 0 0
 364.3307772 -3.9422887134829e-005 0 0
 367.713899761 2.58759776629905e-005 0 0
 371.097421916 -2.30060715165093e-005 0 0
 374.481332133 -3.73094421280514e-005 0 0
 377.86561888 6.93180866757523e-005 0 0
 381.250270625 0.00011648137776839 0 0
 384.635275836 4.47031386421289e-005 0 0
 388.020622981 0.000134503225103723 0 0
 391.406300528 1.25027861104824e-005 0 0
 394.792296945 9.66462015622833e-005 0 0
 398.1786007 6.13317811955091e-005 0 0
 401.565200261 4.61529550644269e-005 0 0
 404.952084096 0.000136126382623739 0 0
 408.339240673 0.000111966606309863 0 0
 411.72665846 4.44935328779571e-005 0 0
 415.114325925 0.000110912050120692 0 0
 418.502231536 8.45326184293109e-005 0 0
 421.890363761 5.79921536280908e-005 0 0
 425.278711068 3.92322232640005e-005 0 0
 428.667261925 6.56796509955076e-005 0 0
 432.0560048 5.41693370743547e-005 0 0
 435.444928161 0.000100983959666232 0 0
 438.834020476 5.70108333559132e-005 0 0
 442.223270213 2.63907890302494e-005 0 0
 445.61266584 5.23675575000212e-005 0 0
 449.002195825 4.43038583961478e-005 0 0
 452.391848636 4.5362732474606e-005 0 0
 455.781612741 0.0001051154502552 0 0
 459.171476608 -1.44163160186698e-005 0 0
 462.561428705 0.00010305295154001 0 0
 465.9514575 0.000109376110031139 0 0
 469.341551461 7.89731764205432e-006 0 0
 472.731699056 5.98407996744973e-005 0 0
 476.121888753 8.18205396413737e-005 0 0
 479.51210902 -3.87928017593057e-006 0 0
 482.902348325 8.25236443526576e-005 0 0
 486.292595136 9.68032765655208e-005 0 0
 489.682837921 4.46975704199715e-005 0 0
 493.073065148 8.93729550674739e-005 0 0
 496.463265285 0.000143294891250103 0 0
 499.8534268 6.1047905411112e-005 0 0
 503.243538161 6.36796685488267e-006 0 0
 506.633587836 5.96212587070684e-005 0 0
 510.023564293 -8.34420833951995e-006 0 0
 513.413456 1.13323829291995e-005 0 0
 516.803251425 3.0188471415608e-005 0 0
 520.192939036 5.97634925882248e-005 0 0
 523.582507301 8.0324471460317e-005 0 0
 526.971944688 0.000157378932083433 0 0
 530.361239665 7.69704754008179e-005 0 0
 533.7503807 9.61473665570187e-005 0 0
 537.139356261 8.37826083373782e-005 0 0
 540.528154816 5.76002457665732e-005 0 0
 543.916764833 9.59219986921812e-005 0 0
 547.30517478 6.53227644297733e-005 0 0
 550.693373125 8.87704926187296e-005 0 0
 554.081348336 7.18473795125885e-005 0 0
 557.469088881 0.000100928143765755 0 0
 560.856583228 0.000157885356320941 0 0
 564.243819845 8.90254541603492e-005 0 0
 567.6307872 0.000128351105495246 0 0
 571.017473761 7.47706010003261e-005 0 0
 574.403867996 0.000108285649180108 0 0
 577.789958373 3.94867179779893e-005 0 0
 581.17573336 0.000205192544029303 0 0
 584.561181425 9.61496286893486e-005 0 0
 587.946291036 0.00017548901350347 0 0
 591.331050661 0.000164368700367217 0 0
 594.715448768 0.00012311927493522 0 0
 598.099473825 6.25980175401625e-005 0 0
 601.4831143 0.000147335134419823 0 0
 604.866358661 7.5502274272752e-005 0 0
 608.249195376 0.000161437413785115 0 0
 611.631612913 9.13301055074205e-005 0 0
 615.01359974 2.76560300329979e-005 0 0
 618.395144325 0.000186879513191918 0 0
 621.776235136 0.000162083768263284 0 0
 625.156860641 0.000118697587772496 0 0
 628.537009308 0.000144753180939658 0 0
 631.916669605 0.000151941153880761 0 0
 635.29583 0.000114233659505364 0 0
 638.674478961 0.000101262414245469 0 0
 642.052604956 0.000107486156781615 0 0
 645.430196453 0.000203964563032987 0 0
 648.80724192 0.000185421113671543 0 0
 652.183729825 0.000197629759583687 0 0
 655.559648636 0.00026934311513894 0 0
 658.934986821 0.000155292774880891 0 0
 662.309732848 0.000191346460930021 0 0
 665.683875185 0.000192929469059224 0 0
 669.0574023 0.000233559281130497 0 0
 672.430302661 0.000253656076171509 0 0
 675.802564736 0.000174244281605009 0 0
 679.174176993 0.000161675192499442 0 0
 682.5451279 0.000252341039233988 0 0
 685.915405925 0.000129718360961126 0 0
 689.284999536 0.000283358344143606 0 0
 692.653897201 0.000249309557653455 0 0
 696.022087388 0.000198286500474888 0 0
 699.389558565 0.000153089486273398 0 0
 702.7562992 9.69654538813748e-005 0 0
 706.122297761 0.000293854272186317 0 0
 709.487542716 0.000130562323509903 0 0
 712.852022533 0.00027156557565426 0 0
 716.21572568 0.00016668866653883 0 0
 719.578640625 0.000288330232931294 0 0
 722.940755836 0.000155398555995693 0 0
 726.302059781 0.000227469819703537 0 0
 729.662540928 0.000153570932136917 0 0
 733.022187745 0.000208602609108386 0 0
 736.3809887 0.000300167329665403 0 0
 739.738932261 0.000198392443820905 0 0
 743.096006896 0.000146429647046193 0 0
 746.452201073 0.000204249151808884 0 0
 749.80750326 0.000297067692544795 0 0
 753.161901925 0.00038713583865693 0 0
 756.515385536 0.000217995053930439 0 0
 759.867942561 0.0002080141164233 0 0
 763.219561468 0.000366065206326771 0 0
 766.570230725 0.000283529655186841 0 0
 769.9199388 0.000390999456670511 0 0
 773.268674161 8.63680822184689e-005 0 0
 776.616425276 0.000345629456604945 0 0
 779.963180613 0.000161097099979494 0 0
 783.30892864 0.000284834618751184 0 0
 786.653657825 0.000310682553071927 0 0
 789.997356636 0.000381930332609695 0 0
 793.340013541 0.000362277393276319 0 0
 796.681617008 0.000344482987907116 0 0
 800.022155505 0.00046439132117542 0 0
 803.3616175 0.00041808736139584 0 0
 806.699991461 0.000225996355092682 0 0
 810.037265856 0.000521126684128103 0 0
 813.373429153 0.000416761240974363 0 0
 816.70846982 0.000344758778777343 0 0
 820.042376325 0.000594881266844275 0 0
 823.375137136 0.000713303499660959 0 0
 826.706740721 0.000746539007413012 0 0
 830.037175548 0.000679357429605489 0 0
 833.366430085 0.000492323216882741 0 0
 836.6944928 0.000652880886464286 0 0
 840.021352161 0.000336016217715738 0 0
 843.346996636 0.000365060987805555 0 0
 846.671414693 0.000791528129112103 0 0
 849.9945948 0.000716812645373429 0 0
 853.316525425 0.00081500817436448 0 0
 856.637195036 0.000642572350321985 0 0
 859.956592101 0.000562644042291742 0 0
 863.274705088 0.000917880003200203 0 0
 866.591522465 0.000999862717672885 0 0
 869.9070327 0.00137946115583404 0 0
 873.221224261 0.000919900745097908 0 0
 876.534085616 0.0011271357495143 0 0
 879.845605233 0.00115427943799234 0 0
 883.15577158 0.000623938813519053 0 0
 886.464573125 0.00131609458520049 0 0
 889.771998336 0.000762824503597895 0 0
 893.078035681 0.00111933879734165 0 0
 896.382673628 0.00144761384183054 0 0
 899.685900645 0.00151808329112984 0 0
 902.9877052 0.000945468559647175 0 0
 906.288075761 0.00135727784608578 0 0
 909.587000796 0.00181681086366017 0 0
 912.884468773 0.00180118333539804 0 0
 916.18046816 0.00145157023133253 0 0
 919.474987425 0.00121314373788419 0 0
 922.768015036 0.00148663369754488 0 0
 926.059539461 0.00191381387331835 0 0
 929.349549168 0.00216724662797665 0 0
 932.638032625 0.0017334544368025 0 0
 935.9249783 0.00122210582653207 0 0
 939.210374661 0.00238676295197934 0 0
 942.494210176 0.00177984552609822 0 0
 945.776473313 0.00218817537404958 0 0
 949.05715254 0.00289452215067771 0 0
 952.336236325 0.00283391815110902 0 0
 955.613713136 0 0 0
 958.889571441 0 0 0
 962.163799708 0 0 0
 965.436386405 0 0 0
 968.70732 0 0 0
 971.976588961 0 0 0
 975.244181756 0 0 0
 978.510086853 0 0 0
 981.77429272 0 0 0
 985.036787825 0 0 0
 988.297560636 0 0 0
 991.556599621 0 0 0
 994.813893248 0 0 0
 998.069429985 0 0 0
 1001.3231983 0 0 0
 1004.575186661 0 0 0
 1007.825383536 0 0 0
 1011.073777393 0 0 0
 1014.3203567 0 0 0
 1017.565109925 0 0 0
 1020.808025536 0 0 0
 1024.049092001 0 0 0
 1027.288297788 0 0 0
 1030.525631365 0 0 0
 1033.7610812 0 0 0
 1036.994635761 0 0 0
 1040.226283516 0 0 0
 1043.456012933 0 0 0
 1046.68381248 0 0 0
 1049.909670625 0 0 0
 1053.133575836 0 0 0
 1056.355516581 0 0 0
 1059.575481328 0 0 0
 1062.793458545 0 0 0
 1066.0094367 0 0 0
 1069.223404261 0 0 0
 1072.435349696 0 0 0
 1075.645261473 0 0 0
 1078.85312806 0 0 0
 1082.058937925 0 0 0
 1085.262679536 0 0 0
 1088.464341361 0 0 0
 1091.663911868 0 0 0
 1094.861379525 0 0 0
 1098.0567328 0 0 0
 1101.249960161 0 0 0
 1104.441050076 0 0 0
 1107.629991013 0 0 0
 1110.81677144 0 0 0
 1114.001379825 0 0 0
 1117.183804636 0 0 0
 1120.364034341 0 0 0
 1123.542057408 0 0 0
 1126.717862305 0 0 0
 1129.8914375 0 0 0
 1133.062771461 0 0 0
 1136.231852656 0 0 0
 1139.398669553 0 0 0
 1142.56321062 0 0 0
 1145.725464325 0 0 0
 1148.885419136 0 0 0
[END] of [DATA]
[END] of [Spectrum]

