
#TBID:2021-05-04 02:30:00;SAM_84C8;RAW;

[Spectrum]
Version            = 1
IDData             = 96B1_2021-05-04_02-30-00_000_475
IDDevice           = SAM_84C8
IDDataType         = SPECTRUM
IDDataTypeSub1     = RAW
IDDataTypeSub2     = 
IDDataTypeSub3     = 
DateTime           = 2021-05-04 02:30:00
PositionLatitude   = 0
PositionLongitude  = 0
Comment            = 
CommentSub1        = 
CommentSub2        = 
CommentSub3        = 
IDMethodType       = SAM Control
MethodName         = SAM_84C8
Mission            = No Mission
MissionSub         = 1
RecordType         = 0
[Attributes]
CalFactor = 1
IDBasisSpec = 
IDDataBack = DLAB_2015-08-21_12-14-03_013_778
IDDataCal = DLAB_2015-08-24_11-04-47_772_747
IntegrationTime = 4096
P31 = -1
P31e = 0
PathLength = +INF
PathLengthCustomOn = 0
RAWDynamic = 65535
Salinity = 0
Temperature = -NAN
Unit1 = $05 $00 Pixel 
Unit2 = $03 $05 Intensity counts
Unit3 = $f0 $05 Error counts
Unit4 = $f1 $00 Status 
p999 = 846
[END] of [Attributes]
[DATA]
 0 11 0 0
 1 1206 0 0
 2 1195 0 0
 3 1198 0 0
 4 1204 0 0
 5 1203 0 0
 6 1201 0 0
 7 1201 0 0
 8 1213 0 0
 9 1205 0 0
 10 1201 0 0
 11 1203 0 0
 12 1207 0 0
 13 1201 0 0
 14 1203 0 0
 15 1204 0 0
 16 1205 0 0
 17 1209 0 0
 18 1208 0 0
 19 1210 0 0
 20 1204 0 0
 21 1203 0 0
 22 1210 0 0
 23 1208 0 0
 24 1209 0 0
 25 1205 0 0
 26 1199 0 0
 27 1205 0 0
 28 1209 0 0
 29 1209 0 0
 30 1206 0 0
 31 1211 0 0
 32 1209 0 0
 33 1208 0 0
 34 1209 0 0
 35 1208 0 0
 36 1206 0 0
 37 1210 0 0
 38 1211 0 0
 39 1207 0 0
 40 1208 0 0
 41 1209 0 0
 42 1206 0 0
 43 1210 0 0
 44 1208 0 0
 45 1211 0 0
 46 1212 0 0
 47 1210 0 0
 48 1209 0 0
 49 1214 0 0
 50 1209 0 0
 51 1213 0 0
 52 1214 0 0
 53 1206 0 0
 54 1206 0 0
 55 1210 0 0
 56 1212 0 0
 57 1212 0 0
 58 1212 0 0
 59 1210 0 0
 60 1208 0 0
 61 1213 0 0
 62 1217 0 0
 63 1213 0 0
 64 1208 0 0
 65 1211 0 0
 66 1214 0 0
 67 1219 0 0
 68 1214 0 0
 69 1209 0 0
 70 1215 0 0
 71 1218 0 0
 72 1216 0 0
 73 1210 0 0
 74 1214 0 0
 75 1215 0 0
 76 1216 0 0
 77 1211 0 0
 78 1214 0 0
 79 1216 0 0
 80 1214 0 0
 81 1216 0 0
 82 1216 0 0
 83 1217 0 0
 84 1217 0 0
 85 1216 0 0
 86 1214 0 0
 87 1213 0 0
 88 1209 0 0
 89 1208 0 0
 90 1218 0 0
 91 1214 0 0
 92 1216 0 0
 93 1215 0 0
 94 1216 0 0
 95 1214 0 0
 96 1218 0 0
 97 1211 0 0
 98 1212 0 0
 99 1216 0 0
 100 1222 0 0
 101 1222 0 0
 102 1215 0 0
 103 1212 0 0
 104 1214 0 0
 105 1222 0 0
 106 1215 0 0
 107 1216 0 0
 108 1212 0 0
 109 1213 0 0
 110 1219 0 0
 111 1222 0 0
 112 1217 0 0
 113 1216 0 0
 114 1210 0 0
 115 1221 0 0
 116 1220 0 0
 117 1217 0 0
 118 1214 0 0
 119 1221 0 0
 120 1215 0 0
 121 1219 0 0
 122 1218 0 0
 123 1216 0 0
 124 1214 0 0
 125 1220 0 0
 126 1219 0 0
 127 1223 0 0
 128 1218 0 0
 129 1217 0 0
 130 1219 0 0
 131 1221 0 0
 132 1219 0 0
 133 1244 0 0
 134 1218 0 0
 135 1222 0 0
 136 1216 0 0
 137 1217 0 0
 138 1217 0 0
 139 1221 0 0
 140 1218 0 0
 141 1219 0 0
 142 1216 0 0
 143 1216 0 0
 144 1222 0 0
 145 1221 0 0
 146 1223 0 0
 147 1221 0 0
 148 1221 0 0
 149 1221 0 0
 150 1221 0 0
 151 1219 0 0
 152 1226 0 0
 153 1220 0 0
 154 1214 0 0
 155 1218 0 0
 156 1217 0 0
 157 1216 0 0
 158 1219 0 0
 159 1218 0 0
 160 1218 0 0
 161 1218 0 0
 162 1215 0 0
 163 1219 0 0
 164 1217 0 0
 165 1218 0 0
 166 1212 0 0
 167 1223 0 0
 168 1222 0 0
 169 1218 0 0
 170 1218 0 0
 171 1216 0 0
 172 1220 0 0
 173 1211 0 0
 174 1222 0 0
 175 1221 0 0
 176 1218 0 0
 177 1223 0 0
 178 1213 0 0
 179 1220 0 0
 180 1222 0 0
 181 1214 0 0
 182 1218 0 0
 183 1217 0 0
 184 1216 0 0
 185 1219 0 0
 186 1218 0 0
 187 1215 0 0
 188 1214 0 0
 189 1220 0 0
 190 1212 0 0
 191 1217 0 0
 192 1220 0 0
 193 1213 0 0
 194 1225 0 0
 195 1220 0 0
 196 1216 0 0
 197 1213 0 0
 198 1217 0 0
 199 1220 0 0
 200 1215 0 0
 201 1219 0 0
 202 1220 0 0
 203 1220 0 0
 204 1218 0 0
 205 1217 0 0
 206 1219 0 0
 207 1218 0 0
 208 1215 0 0
 209 1217 0 0
 210 1209 0 0
 211 1215 0 0
 212 1219 0 0
 213 1219 0 0
 214 1217 0 0
 215 1220 0 0
 216 1217 0 0
 217 1219 0 0
 218 1218 0 0
 219 1220 0 0
 220 1216 0 0
 221 1220 0 0
 222 1219 0 0
 223 1213 0 0
 224 1221 0 0
 225 1223 0 0
 226 1221 0 0
 227 1216 0 0
 228 1218 0 0
 229 1215 0 0
 230 1216 0 0
 231 1218 0 0
 232 1222 0 0
 233 1218 0 0
 234 1214 0 0
 235 1219 0 0
 236 1220 0 0
 237 1222 0 0
 238 1219 0 0
 239 1214 0 0
 240 1218 0 0
 241 1223 0 0
 242 1218 0 0
 243 1217 0 0
 244 1219 0 0
 245 1216 0 0
 246 1214 0 0
 247 1220 0 0
 248 1220 0 0
 249 1213 0 0
 250 1213 0 0
 251 1218 0 0
 252 1217 0 0
 253 1214 0 0
 254 1216 0 0
 255 1258 0 0
[END] of [DATA]
[END] of [Spectrum]


#TBID:2021-05-04 02:30:00;SAM_84C8;CALIBRATED;

[Spectrum]
Version            = 1
IDData             = 96B1_2021-05-04_02-30-00_000_476
IDDevice           = SAM_84C8
IDDataType         = SPECTRUM
IDDataTypeSub1     = CALIBRATED
IDDataTypeSub2     = 
IDDataTypeSub3     = 
DateTime           = 2021-05-04 02:30:00
PositionLatitude   = 0
PositionLongitude  = 0
Comment            = 
CommentSub1        = 
CommentSub2        = 
CommentSub3        = 
IDMethodType       = SAM Control
MethodName         = SAM_84C8
Mission            = No Mission
MissionSub         = 1
RecordType         = 0
[Attributes]
CalFactor = 1
IDBasisSpec = 
IDDataBack = DLAB_2015-08-21_12-14-03_013_778
IDDataCal = DLAB_2015-08-24_11-04-47_772_747
IntegrationTime = 4096
P31 = -1
P31e = 0
PathLength = +INF
PathLengthCustomOn = 0
RAWDynamic = 65535
Salinity = 0
Temperature = -NAN
Unit1 = $01 $01 Wavelength nm
Unit2 = $03 $03 Intensity mW/(m^2 nm Sr)
Unit3 = $f0 $03 Error mW/(m^2 nm Sr)
Unit4 = $f1 $00 Status 
p999 = 846
[END] of [Attributes]
[DATA]
 0 11 0 0
 303.516048156 0 0 0
 306.890006053 0 0 0
 310.26457112 0 0 0
 313.639731825 0 0 0
 317.015476636 -0.000344027077942734 0 0
 320.391794021 -0.000497378032929645 0 0
 323.768672448 -0.00029779816030253 0 0
 327.146100385 0.000223269477624801 0 0
 330.5240663 -0.000111435899137125 0 0
 333.902558661 -3.1000650765054e-005 0 0
 337.281565936 -0.000252703344035027 0 0
 340.661076593 -0.000225145221106076 0 0
 344.0410791 -0.000149393946680121 0 0
 347.421561925 -9.32047569625358e-005 0 0
 350.802513536 -0.000132065688603611 0 0
 354.183922401 -0.000107100976014736 0 0
 357.565776988 -6.82583910567571e-005 0 0
 360.948065765 -5.3616842521751e-005 0 0
 364.3307772 -2.62080106076904e-005 0 0
 367.713899761 -7.04778453692047e-005 0 0
 371.097421916 -0.000139335221661256 0 0
 374.481332133 -4.2598236197171e-005 0 0
 377.86561888 -9.28154362750087e-005 0 0
 381.250270625 -0.00011014480315967 0 0
 384.635275836 -0.000125099928244573 0 0
 388.020622981 -9.85052800919847e-005 0 0
 391.406300528 -7.55017998577406e-005 0 0
 394.792296945 -7.17437589436834e-005 0 0
 398.1786007 -2.3637191958967e-005 0 0
 401.565200261 -0.000151510456084222 0 0
 404.952084096 1.70378517670581e-006 0 0
 408.339240673 -3.33122994617543e-005 0 0
 411.72665846 2.32402435909987e-005 0 0
 415.114325925 2.80898621349642e-005 0 0
 418.502231536 3.61608149974194e-005 0 0
 421.890363761 -7.09658512413759e-005 0 0
 425.278711068 -0.00016128072939787 0 0
 428.667261925 -1.24892893926015e-005 0 0
 432.0560048 2.70404024078678e-005 0 0
 435.444928161 5.82689862616438e-006 0 0
 438.834020476 -2.4540316641436e-005 0 0
 442.223270213 -2.10246992909268e-005 0 0
 445.61266584 -1.7245413698526e-005 0 0
 449.002195825 1.87649685055678e-005 0 0
 452.391848636 -4.93705070386581e-005 0 0
 455.781612741 7.97086858585209e-006 0 0
 459.171476608 6.35055184819229e-006 0 0
 462.561428705 -4.89812543575031e-005 0 0
 465.9514575 -3.34906578076149e-005 0 0
 469.341551461 1.72259928452093e-005 0 0
 472.731699056 -9.37766899309985e-006 0 0
 476.121888753 1.1781143056365e-005 0 0
 479.51210902 -6.13583193393813e-005 0 0
 482.902348325 7.87312498471112e-005 0 0
 486.292595136 -1.80420971514589e-005 0 0
 489.682837921 -1.55005149784899e-005 0 0
 493.073065148 -7.12529363754143e-005 0 0
 496.463265285 2.47118640989118e-005 0 0
 499.8534268 7.13998105622011e-005 0 0
 503.243538161 2.40985637835043e-006 0 0
 506.633587836 2.75390805741632e-005 0 0
 510.023564293 -8.15141784347447e-005 0 0
 513.413456 -3.31892061378486e-005 0 0
 516.803251425 3.97527985846955e-005 0 0
 520.192939036 3.04167107084135e-005 0 0
 523.582507301 -1.08563590212612e-005 0 0
 526.971944688 8.08294665389798e-005 0 0
 530.361239665 -3.3626411775057e-005 0 0
 533.7503807 -1.24554162402124e-005 0 0
 537.139356261 -2.33681209085627e-005 0 0
 540.528154816 5.44187906304345e-005 0 0
 543.916764833 -3.26443015141873e-005 0 0
 547.30517478 -2.89233962730373e-005 0 0
 550.693373125 2.85539521028657e-005 0 0
 554.081348336 1.13627411944886e-005 0 0
 557.469088881 2.84543455058895e-005 0 0
 560.856583228 -3.20886025446366e-005 0 0
 564.243819845 2.90848761827138e-006 0 0
 567.6307872 1.67881486822715e-005 0 0
 571.017473761 -2.12528240718977e-006 0 0
 574.403867996 5.48771039069635e-005 0 0
 577.789958373 -4.0509818682383e-005 0 0
 581.17573336 6.34074499942153e-006 0 0
 584.561181425 -1.40496228739761e-005 0 0
 587.946291036 6.26787380559012e-005 0 0
 591.331050661 2.08671394784295e-005 0 0
 594.715448768 -5.25413488166214e-005 0 0
 598.099473825 -5.87823400606886e-005 0 0
 601.4831143 -5.2331807691156e-005 0 0
 604.866358661 -3.64601356273842e-005 0 0
 608.249195376 -4.62625854701603e-005 0 0
 611.631612913 -7.64508138141187e-006 0 0
 615.01359974 7.07782548942012e-005 0 0
 618.395144325 -7.28843244886174e-005 0 0
 621.776235136 -3.55939321665302e-006 0 0
 625.156860641 -3.2885063114998e-005 0 0
 628.537009308 -6.01104246443804e-005 0 0
 631.916669605 -2.43006365668858e-005 0 0
 635.29583 7.39813390196588e-005 0 0
 638.674478961 5.03721196893687e-006 0 0
 642.052604956 -6.65852939556898e-005 0 0
 645.430196453 -7.06436579015588e-005 0 0
 648.80724192 -3.64168046383752e-005 0 0
 652.183729825 -8.41122808545031e-006 0 0
 655.559648636 -1.06719462742898e-006 0 0
 658.934986821 4.63774121928223e-005 0 0
 662.309732848 1.89695017185396e-005 0 0
 665.683875185 4.05628705728035e-005 0 0
 669.0574023 1.75421843930191e-005 0 0
 672.430302661 -6.91553123813083e-005 0 0
 675.802564736 -0.000152070742831767 0 0
 679.174176993 -1.74944781393061e-005 0 0
 682.5451279 -3.82160842725977e-005 0 0
 685.915405925 -0.000141272258628012 0 0
 689.284999536 -3.44600295401924e-005 0 0
 692.653897201 -0.000115469325950174 0 0
 696.022087388 5.6612814910129e-005 0 0
 699.389558565 1.01752935072319e-005 0 0
 702.7562992 -2.40638187756459e-005 0 0
 706.122297761 0.000102805994478646 0 0
 709.487542716 5.4472043464564e-005 0 0
 712.852022533 0.000171782225586987 0 0
 716.21572568 6.65997890877186e-005 0 0
 719.578640625 4.74229456855783e-005 0 0
 722.940755836 7.84619171787747e-005 0 0
 726.302059781 5.64945665950128e-005 0 0
 729.662540928 -6.50093420317458e-005 0 0
 733.022187745 0.0001074492924267 0 0
 736.3809887 -3.9460173617794e-005 0 0
 739.738932261 0.000167728748104396 0 0
 743.096006896 4.268506868125e-005 0 0
 746.452201073 2.53627420652785e-005 0 0
 749.80750326 -0.00083152028315598 0 0
 753.161901925 -7.46190695062064e-005 0 0
 756.515385536 0.000159643763271235 0 0
 759.867942561 -7.08408021019659e-006 0 0
 763.219561468 -6.28612005975661e-005 0 0
 766.570230725 8.88787474594449e-005 0 0
 769.9199388 -5.14278698135882e-005 0 0
 773.268674161 2.34224441252788e-005 0 0
 776.616425276 0.000140601761431018 0 0
 779.963180613 -0.000105842397685803 0 0
 783.30892864 -1.80219923657935e-005 0 0
 786.653657825 -6.10907795627972e-005 0 0
 789.997356636 3.04189801163406e-005 0 0
 793.340013541 9.59111310513019e-005 0 0
 796.681617008 0.000235360613947937 0 0
 800.022155505 4.11813409857784e-005 0 0
 803.3616175 0.000229786382723394 0 0
 806.699991461 0.000178766378357681 0 0
 810.037265856 5.09789891305968e-005 0 0
 813.373429153 0.000167733804824577 0 0
 816.70846982 0.000168893699058238 0 0
 820.042376325 2.93443687578297e-005 0 0
 823.375137136 0.000303491330635935 0 0
 826.706740721 -4.61203762542579e-005 0 0
 830.037175548 -0.000192314707187226 0 0
 833.366430085 3.2128145868105e-005 0 0
 836.6944928 0.000173459604037923 0 0
 840.021352161 -0.00011036945724216 0 0
 843.346996636 0.00012367559511104 0 0
 846.671414693 -0.000229913351660409 0 0
 849.9945948 0.000141995564943397 0 0
 853.316525425 0.0004078356202242 0 0
 856.637195036 -0.000191802155620714 0 0
 859.956592101 -0.000452792554533096 0 0
 863.274705088 7.86948111090005e-005 0 0
 866.591522465 0.000201646140265011 0 0
 869.9070327 0.000223269176305593 0 0
 873.221224261 -0.000199815523238416 0 0
 876.534085616 5.11117886171753e-005 0 0
 879.845605233 0.000128644474726175 0 0
 883.15577158 0.000409065538246671 0 0
 886.464573125 0.000898243066188913 0 0
 889.771998336 -0.000276185697058871 0 0
 893.078035681 0.000357836736984505 0 0
 896.382673628 0.000767609361713233 0 0
 899.685900645 2.53698236342122e-005 0 0
 902.9877052 0.000212578790049848 0 0
 906.288075761 0.000108833224661129 0 0
 909.587000796 -0.000625599138167955 0 0
 912.884468773 -8.77752065975432e-005 0 0
 916.18046816 -0.000108439535710355 0 0
 919.474987425 0.00059431846188953 0 0
 922.768015036 7.61298584461742e-005 0 0
 926.059539461 0.000595417100174883 0 0
 929.349549168 -0.00139488664273714 0 0
 932.638032625 -0.00024870700931871 0 0
 935.9249783 0.000800463161092201 0 0
 939.210374661 0.00057767467383313 0 0
 942.494210176 7.54473904654965e-005 0 0
 945.776473313 -0.000253475915036876 0 0
 949.05715254 0.00101351975554393 0 0
 952.336236325 0.00134557816916036 0 0
 955.613713136 0 0 0
 958.889571441 0 0 0
 962.163799708 0 0 0
 965.436386405 0 0 0
 968.70732 0 0 0
 971.976588961 0 0 0
 975.244181756 0 0 0
 978.510086853 0 0 0
 981.77429272 0 0 0
 985.036787825 0 0 0
 988.297560636 0 0 0
 991.556599621 0 0 0
 994.813893248 0 0 0
 998.069429985 0 0 0
 1001.3231983 0 0 0
 1004.575186661 0 0 0
 1007.825383536 0 0 0
 1011.073777393 0 0 0
 1014.3203567 0 0 0
 1017.565109925 0 0 0
 1020.808025536 0 0 0
 1024.049092001 0 0 0
 1027.288297788 0 0 0
 1030.525631365 0 0 0
 1033.7610812 0 0 0
 1036.994635761 0 0 0
 1040.226283516 0 0 0
 1043.456012933 0 0 0
 1046.68381248 0 0 0
 1049.909670625 0 0 0
 1053.133575836 0 0 0
 1056.355516581 0 0 0
 1059.575481328 0 0 0
 1062.793458545 0 0 0
 1066.0094367 0 0 0
 1069.223404261 0 0 0
 1072.435349696 0 0 0
 1075.645261473 0 0 0
 1078.85312806 0 0 0
 1082.058937925 0 0 0
 1085.262679536 0 0 0
 1088.464341361 0 0 0
 1091.663911868 0 0 0
 1094.861379525 0 0 0
 1098.0567328 0 0 0
 1101.249960161 0 0 0
 1104.441050076 0 0 0
 1107.629991013 0 0 0
 1110.81677144 0 0 0
 1114.001379825 0 0 0
 1117.183804636 0 0 0
 1120.364034341 0 0 0
 1123.542057408 0 0 0
 1126.717862305 0 0 0
 1129.8914375 0 0 0
 1133.062771461 0 0 0
 1136.231852656 0 0 0
 1139.398669553 0 0 0
 1142.56321062 0 0 0
 1145.725464325 0 0 0
 1148.885419136 0 0 0
[END] of [DATA]
[END] of [Spectrum]


#TBID:2021-05-04 03:00:00;SAM_84CE;RAW;

[Spectrum]
Version            = 1
IDData             = 96B1_2021-05-04_03-00-00_000_479
IDDevice           = SAM_84CE
IDDataType         = SPECTRUM
IDDataTypeSub1     = RAW
IDDataTypeSub2     = 
IDDataTypeSub3     = 
DateTime           = 2021-05-04 03:00:00
PositionLatitude   = 0
PositionLongitude  = 0
Comment            = 
CommentSub1        = 
CommentSub2        = 
CommentSub3        = 
IDMethodType       = SAM Control
MethodName         = SAM_84CE
Mission            = No Mission
MissionSub         = 1
RecordType         = 0
[Attributes]
CalFactor = 1
IDBasisSpec = 
IDDataBack = DLAB_2015-08-21_11-56-43_233_004
IDDataCal = DLAB_2015-08-26_10-05-37_585_478
IntegrationTime = 4096
P31 = -1
P31e = 0
PathLength = +INF
PathLengthCustomOn = 0
RAWDynamic = 65535
Salinity = 0
Temperature = -NAN
Unit1 = $05 $00 Pixel 
Unit2 = $03 $05 Intensity counts
Unit3 = $f0 $05 Error counts
Unit4 = $f1 $00 Status 
p999 = 847
[END] of [Attributes]
[DATA]
 0 11 0 0
 1 1213 0 0
 2 1214 0 0
 3 1215 0 0
 4 1222 0 0
 5 1222 0 0
 6 1220 0 0
 7 1220 0 0
 8 1222 0 0
 9 1227 0 0
 10 1223 0 0
 11 1226 0 0
 12 1226 0 0
 13 1228 0 0
 14 1228 0 0
 15 1225 0 0
 16 1227 0 0
 17 1224 0 0
 18 1229 0 0
 19 1223 0 0
 20 1230 0 0
 21 1232 0 0
 22 1224 0 0
 23 1229 0 0
 24 1229 0 0
 25 1225 0 0
 26 1232 0 0
 27 1233 0 0
 28 1225 0 0
 29 1228 0 0
 30 1225 0 0
 31 1226 0 0
 32 1234 0 0
 33 1228 0 0
 34 1225 0 0
 35 1227 0 0
 36 1226 0 0
 37 1228 0 0
 38 1227 0 0
 39 1229 0 0
 40 1226 0 0
 41 1228 0 0
 42 1236 0 0
 43 1226 0 0
 44 1223 0 0
 45 1225 0 0
 46 1226 0 0
 47 1232 0 0
 48 1225 0 0
 49 1231 0 0
 50 1230 0 0
 51 1224 0 0
 52 1228 0 0
 53 1228 0 0
 54 1229 0 0
 55 1223 0 0
 56 1229 0 0
 57 1224 0 0
 58 1227 0 0
 59 1225 0 0
 60 1227 0 0
 61 1228 0 0
 62 1227 0 0
 63 1223 0 0
 64 1224 0 0
 65 1220 0 0
 66 1227 0 0
 67 1227 0 0
 68 1227 0 0
 69 1228 0 0
 70 1221 0 0
 71 1221 0 0
 72 1226 0 0
 73 1229 0 0
 74 1224 0 0
 75 1229 0 0
 76 1226 0 0
 77 1228 0 0
 78 1223 0 0
 79 1228 0 0
 80 1226 0 0
 81 1229 0 0
 82 1230 0 0
 83 1225 0 0
 84 1222 0 0
 85 1224 0 0
 86 1225 0 0
 87 1225 0 0
 88 1226 0 0
 89 1231 0 0
 90 1227 0 0
 91 1228 0 0
 92 1225 0 0
 93 1231 0 0
 94 1230 0 0
 95 1227 0 0
 96 1222 0 0
 97 1225 0 0
 98 1230 0 0
 99 1226 0 0
 100 1228 0 0
 101 1223 0 0
 102 1223 0 0
 103 1228 0 0
 104 1229 0 0
 105 1228 0 0
 106 1228 0 0
 107 1220 0 0
 108 1228 0 0
 109 1230 0 0
 110 1223 0 0
 111 1229 0 0
 112 1226 0 0
 113 1226 0 0
 114 1228 0 0
 115 1225 0 0
 116 1222 0 0
 117 1225 0 0
 118 1226 0 0
 119 1226 0 0
 120 1226 0 0
 121 1224 0 0
 122 1228 0 0
 123 1217 0 0
 124 1225 0 0
 125 1225 0 0
 126 1228 0 0
 127 1222 0 0
 128 1222 0 0
 129 1224 0 0
 130 1223 0 0
 131 1225 0 0
 132 1222 0 0
 133 1223 0 0
 134 1219 0 0
 135 1223 0 0
 136 1220 0 0
 137 1222 0 0
 138 1214 0 0
 139 1227 0 0
 140 1225 0 0
 141 1218 0 0
 142 1220 0 0
 143 1223 0 0
 144 1220 0 0
 145 1225 0 0
 146 1225 0 0
 147 1220 0 0
 148 1218 0 0
 149 1217 0 0
 150 1215 0 0
 151 1219 0 0
 152 1220 0 0
 153 1224 0 0
 154 1217 0 0
 155 1216 0 0
 156 1218 0 0
 157 1218 0 0
 158 1216 0 0
 159 1221 0 0
 160 1221 0 0
 161 1222 0 0
 162 1222 0 0
 163 1220 0 0
 164 1217 0 0
 165 1219 0 0
 166 1215 0 0
 167 1220 0 0
 168 1210 0 0
 169 1214 0 0
 170 1219 0 0
 171 1219 0 0
 172 1216 0 0
 173 1214 0 0
 174 1217 0 0
 175 1215 0 0
 176 1217 0 0
 177 1218 0 0
 178 1214 0 0
 179 1219 0 0
 180 1216 0 0
 181 1220 0 0
 182 1216 0 0
 183 1210 0 0
 184 1213 0 0
 185 1211 0 0
 186 1214 0 0
 187 1224 0 0
 188 1211 0 0
 189 1213 0 0
 190 1214 0 0
 191 1215 0 0
 192 1215 0 0
 193 1210 0 0
 194 1209 0 0
 195 1210 0 0
 196 1213 0 0
 197 1212 0 0
 198 1212 0 0
 199 1215 0 0
 200 1210 0 0
 201 1219 0 0
 202 1212 0 0
 203 1213 0 0
 204 1212 0 0
 205 1211 0 0
 206 1216 0 0
 207 1212 0 0
 208 1206 0 0
 209 1206 0 0
 210 1211 0 0
 211 1209 0 0
 212 1214 0 0
 213 1215 0 0
 214 1207 0 0
 215 1214 0 0
 216 1214 0 0
 217 1206 0 0
 218 1209 0 0
 219 1207 0 0
 220 1207 0 0
 221 1211 0 0
 222 1209 0 0
 223 1206 0 0
 224 1209 0 0
 225 1207 0 0
 226 1212 0 0
 227 1210 0 0
 228 1202 0 0
 229 1212 0 0
 230 1206 0 0
 231 1205 0 0
 232 1208 0 0
 233 1207 0 0
 234 1206 0 0
 235 1211 0 0
 236 1201 0 0
 237 1211 0 0
 238 1206 0 0
 239 1203 0 0
 240 1207 0 0
 241 1212 0 0
 242 1209 0 0
 243 1211 0 0
 244 1207 0 0
 245 1208 0 0
 246 1206 0 0
 247 1209 0 0
 248 1204 0 0
 249 1206 0 0
 250 1204 0 0
 251 1208 0 0
 252 1201 0 0
 253 1205 0 0
 254 1206 0 0
 255 1257 0 0
[END] of [DATA]
[END] of [Spectrum]


#TBID:2021-05-04 03:00:00;SAM_84CE;CALIBRATED;

[Spectrum]
Version            = 1
IDData             = 96B1_2021-05-04_03-00-00_000_480
IDDevice           = SAM_84CE
IDDataType         = SPECTRUM
IDDataTypeSub1     = CALIBRATED
IDDataTypeSub2     = 
IDDataTypeSub3     = 
DateTime           = 2021-05-04 03:00:00
PositionLatitude   = 0
PositionLongitude  = 0
Comment            = 
CommentSub1        = 
CommentSub2        = 
CommentSub3        = 
IDMethodType       = SAM Control
MethodName         = SAM_84CE
Mission            = No Mission
MissionSub         = 1
RecordType         = 0
[Attributes]
CalFactor = 1
IDBasisSpec = 
IDDataBack = DLAB_2015-08-21_11-56-43_233_004
IDDataCal = DLAB_2015-08-26_10-05-37_585_478
IntegrationTime = 4096
P31 = -1
P31e = 0
PathLength = +INF
PathLengthCustomOn = 0
RAWDynamic = 65535
Salinity = 0
Temperature = -NAN
Unit1 = $01 $01 Wavelength nm
Unit2 = $03 $06 Intensity mW/(m^2 nm)
Unit3 = $f0 $06 Error mW/(m^2 nm)
Unit4 = $f1 $00 Status 
p999 = 847
[END] of [Attributes]
[DATA]
 0 11 0 0
 303.485180022 0 0 0
 306.85638880275 0 0 0
 310.228324544 0 0 0
 313.60097308125 0 0 0
 316.97432025 0.0114749141551478 0 0
 320.34835188575 0.0124380226295688 0 0
 323.723053824 0.0121865598670619 0 0
 327.09841190025 0.0118890449113721 0 0
 330.47441195 0.0103972797787096 0 0
 333.85103980875 0.00969099010262717 0 0
 337.228281312 0.00916424406477666 0 0
 340.60612229525 0.00850068587922479 0 0
 343.984548594 0.00852816803574332 0 0
 347.36354604375 0.00642264672943599 0 0
 350.74310048 0.00709592111988329 0 0
 354.12319773825 0.00654748270164899 0 0
 357.503823654 0.0063708427197505 0 0
 360.88496406275 0.00611102352170675 0 0
 364.2666048 0.00601490642455235 0 0
 367.64873170125 0.00536528932349897 0 0
 371.031330602 0.00641784758034302 0 0
 374.41438733775 0.00550515107304433 0 0
 377.797887744 0.00401447078265045 0 0
 381.18181765625 0.00596896498802466 0 0
 384.56616291 0.00518426531178135 0 0
 387.95090934075 0.00566861668061708 0 0
 391.336042784 0.00551896906390246 0 0
 394.72154907525 0.00624667184197899 0 0
 398.10741405 0.00617330130797677 0 0
 401.49362354375 0.00526713086079907 0 0
 404.880163392 0.00372980693023794 0 0
 408.26701943025 0.00553954272701627 0 0
 411.654177494 0.00480533784503915 0 0
 415.04162341875 0.00448386131042637 0 0
 418.42934304 0.00481544201516559 0 0
 421.81732219325 0.00319232650070114 0 0
 425.205546714 0.00452429250716946 0 0
 428.59400243775 0.002891912888404 0 0
 431.9826752 0.00342873375342853 0 0
 435.37155083625 0.00290467300894608 0 0
 438.760615182 0.00325441348730312 0 0
 442.14985407275 0.00383814292264117 0 0
 445.539253344 0.00285922009750442 0 0
 448.92879883125 0.00324681041501573 0 0
 452.31847637 0.00357969750047354 0 0
 455.70827179575 0.00253246152042597 0 0
 459.098170944 0.00292831627665679 0 0
 462.48815965025 0.00295289296682816 0 0
 465.87822375 0.00379855654078584 0 0
 469.26834907875 0.00347158240675433 0 0
 472.658521472 0.00363152970197026 0 0
 476.04872676525 0.00422413466757982 0 0
 479.438950794 0.0033892069623356 0 0
 482.82917939375 0.00318888574916299 0 0
 486.2193984 0.00351527306161913 0 0
 489.60959364825 0.00444299059577806 0 0
 492.999750974 0.00370695458873567 0 0
 496.38985621275 0.00347144854441124 0 0
 499.7798952 0.00361247388014329 0 0
 503.16985377125 0.00444655725302125 0 0
 506.559717762 0.00390395696434301 0 0
 509.94947300775 0.00270068391293739 0 0
 513.339105344 0.00264361964664719 0 0
 516.72860060625 0.00286248120367199 0 0
 520.11794463 0.00269615309393495 0 0
 523.50712325075 0.00234990621374757 0 0
 526.896122304 0.00305814703810449 0 0
 530.28492762525 0.00275374844499316 0 0
 533.67352505 0.00375060539687578 0 0
 537.06190041375 0.00362516819488278 0 0
 540.450039552 0.00275996113018039 0 0
 543.83792830025 0.00279336144717936 0 0
 547.225552494 0.00288670822758488 0 0
 550.61289796875 0.00278423948353229 0 0
 553.99995056 0.00311753480668088 0 0
 557.38669610325 0.00192790532001809 0 0
 560.773120434 0.00323680750969584 0 0
 564.15920938775 0.00309618772857483 0 0
 567.5449488 0.00293941371116818 0 0
 570.93032450625 0.00258436791643368 0 0
 574.315322342 0.00289167080457935 0 0
 577.69992814275 0.00370984110991956 0 0
 581.084127744 0.00344801915519537 0 0
 584.46790698125 0.00302222301883297 0 0
 587.85125169 0.00322406650199092 0 0
 591.23414770575 0.00319024723026658 0 0
 594.616580864 0.0030812957268672 0 0
 597.99853700025 0.00362297470036344 0 0
 601.38000195 0.00435078798833164 0 0
 604.76096154875 0.00276474785673458 0 0
 608.141401632 0.00315149288762682 0 0
 611.52130803525 0.0029961930425235 0 0
 614.900666594 0.00313943962679618 0 0
 618.27946314375 0.00419609856149336 0 0
 621.65768352 0.00435354823434457 0 0
 625.03531355825 0.0036675766421933 0 0
 628.412339094 0.00314825021237752 0 0
 631.78874596275 0.0034656852544419 0 0
 635.16452 0.00316408954048392 0 0
 638.53964704125 0.00379910032809795 0 0
 641.914112922 0.00372590979189272 0 0
 645.28790347775 0.00322859451444756 0 0
 648.661004544 0.00394944205841976 0 0
 652.03340195625 0.00495062714814761 0 0
 655.40508155 0.00383230936121242 0 0
 658.77602916075 0.00445563676931266 0 0
 662.146230624 0.00348313772956979 0 0
 665.51567177525 0.00516850450987976 0 0
 668.88433845 0.00368967096065129 0 0
 672.25221648375 0.00402157274839886 0 0
 675.619291712 0.00330801927415827 0 0
 678.98554997025 0.00404516376313983 0 0
 682.350977094 0.00492586360487605 0 0
 685.71555891875 0.00434226189526873 0 0
 689.07928128 0.00433992345135416 0 0
 692.44213001325 0.00440107769979975 0 0
 695.804090954 0.00347767445626389 0 0
 699.16514993775 0.00423354126493055 0 0
 702.5252928 0.00408807754709711 0 0
 705.88450537625 0.00391407724498726 0 0
 709.242773502 0.00431677883722685 0 0
 712.60008301275 0.00438030115872353 0 0
 715.956419744 0.00290104998711795 0 0
 719.31176953125 0.00444685002082442 0 0
 722.66611821 0.00474249538806352 0 0
 726.01945161575 0.00368524820241976 0 0
 729.371755584 0.00433417451234081 0 0
 732.72301595025 0.00364011171648263 0 0
 736.07321855 0.00448138419991508 0 0
 739.42234921875 0.00505161437977991 0 0
 742.770393792 0.00276894157808196 0 0
 746.11733810525 0.0042757532411738 0 0
 749.463167994 0.00442641110778714 0 0
 752.80786929375 0.00341788699242596 0 0
 756.15142784 0.00411533175902746 0 0
 759.49382946825 0.00380969667817146 0 0
 762.835060014 0.00287415552543936 0 0
 766.17510531275 0.00405469725528977 0 0
 769.5139512 0.0044615990069904 0 0
 772.85158351125 0.00638285171209744 0 0
 776.187988082 0.00328772449389953 0 0
 779.52315074775 0.00465260636542163 0 0
 782.857057344 0.00512935591996505 0 0
 786.18969370625 0.00413113744343292 0 0
 789.52104567 0.00319969931454704 0 0
 792.85109907075 0.00454583251018965 0 0
 796.179839744 0.00658411520016272 0 0
 799.50725352525 0.00345255834966344 0 0
 802.83332625 0.0046910027414696 0 0
 806.15804375375 0.00450575568459281 0 0
 809.481391872 0.0064933213090701 0 0
 812.80335644025 0.00679307640911347 0 0
 816.123923294 0.00641097802445962 0 0
 819.44307826875 0.00472366258832676 0 0
 822.7608072 0.00470189736692922 0 0
 826.07709592325 0.0062236163267316 0 0
 829.391930274 0.0051208990946296 0 0
 832.70529608775 0.0073466425329 0 0
 836.0171792 0.00696838746242727 0 0
 839.32756544625 0.0067606847892848 0 0
 842.636440662 0.00662566914324578 0 0
 845.94379068275 0.00812149755773877 0 0
 849.249601344 0.00787259867803115 0 0
 852.55385848125 0.00598179624331031 0 0
 855.85654793 0.00941043798608113 0 0
 859.15765552575 0.00775366809517105 0 0
 862.457167104 0.00998129311051346 0 0
 865.75506850025 0.00353066774304991 0 0
 869.05134555 0.00370882022962632 0 0
 872.34598408875 0.00717865433583317 0 0
 875.638969952 0.00644782336080542 0 0
 878.93028897525 0.0067403072904866 0 0
 882.219926994 0.00604806164892266 0 0
 885.50786984375 0.0128938618993661 0 0
 888.79410336 0.00643739236872286 0 0
 892.07861337825 0.00913602207768331 0 0
 895.361385734 0.0102469085864182 0 0
 898.64240626275 0.003080169007619 0 0
 901.9216608 0.0105550556473186 0 0
 905.19913518125 0.00614854367660937 0 0
 908.474815242 0.0132016398944355 0 0
 911.74868681775 0.0102106362539877 0 0
 915.020735744 0.0131827024492929 0 0
 918.29094785625 0.0157023154107286 0 0
 921.55930899 0.00501839706089523 0 0
 924.82580498075 0.00503451313641936 0 0
 928.090421664 0.0187762573820776 0 0
 931.35314487525 0.0074855928715934 0 0
 934.61396045 0.010754935761742 0 0
 937.87285422375 0.0123283855266746 0 0
 941.129812032 0.00859320864869136 0 0
 944.38481971025 0.0161730560860215 0 0
 947.637863094 0.00503031343543127 0 0
 950.88892801875 0.00654947494373346 0 0
 954.13800032 0 0 0
 957.38506583325 0 0 0
 960.630110394 0 0 0
 963.87311983775 0 0 0
 967.11408 0 0 0
 970.35297671625 0 0 0
 973.589795822 0 0 0
 976.82452315275 0 0 0
 980.057144544 0 0 0
 983.28764583125 0 0 0
 986.51601285 0 0 0
 989.74223143575 0 0 0
 992.966287424 0 0 0
 996.18816665025 0 0 0
 999.40785495 0 0 0
 1002.62533815875 0 0 0
 1005.840602112 0 0 0
 1009.05363264525 0 0 0
 1012.264415594 0 0 0
 1015.47293679375 0 0 0
 1018.67918208 0 0 0
 1021.88313728825 0 0 0
 1025.084788254 0 0 0
 1028.28412081275 0 0 0
 1031.4811208 0 0 0
 1034.67577405125 0 0 0
 1037.868066402 0 0 0
 1041.05798368775 0 0 0
 1044.245511744 0 0 0
 1047.43063640625 0 0 0
 1050.61334351 0 0 0
 1053.79361889075 0 0 0
 1056.971448384 0 0 0
 1060.14681782525 0 0 0
 1063.31971305 0 0 0
 1066.49011989375 0 0 0
 1069.658024192 0 0 0
 1072.82341178025 0 0 0
 1075.986268494 0 0 0
 1079.14658016875 0 0 0
 1082.30433264 0 0 0
 1085.45951174325 0 0 0
 1088.612103314 0 0 0
 1091.76209318775 0 0 0
 1094.9094672 0 0 0
 1098.05421118625 0 0 0
 1101.196310982 0 0 0
 1104.33575242275 0 0 0
 1107.472521344 0 0 0
 1110.60660358125 0 0 0
 1113.73798497 0 0 0
 1116.86665134575 0 0 0
 1119.992588544 0 0 0
 1123.11578240025 0 0 0
 1126.23621875 0 0 0
 1129.35388342875 0 0 0
 1132.468762272 0 0 0
 1135.58084111525 0 0 0
 1138.690105794 0 0 0
 1141.79654214375 0 0 0
 1144.900136 0 0 0
[END] of [DATA]
[END] of [Spectrum]


#TBID:2021-05-04 03:00:00;SAM_84C8;RAW;

[Spectrum]
Version            = 1
IDData             = 96B1_2021-05-04_03-00-00_000_482
IDDevice           = SAM_84C8
IDDataType         = SPECTRUM
IDDataTypeSub1     = RAW
IDDataTypeSub2     = 
IDDataTypeSub3     = 
DateTime           = 2021-05-04 03:00:00
PositionLatitude   = 0
PositionLongitude  = 0
Comment            = 
CommentSub1        = 
CommentSub2        = 
CommentSub3        = 
IDMethodType       = SAM Control
MethodName         = SAM_84C8
Mission            = No Mission
MissionSub         = 1
RecordType         = 0
[Attributes]
CalFactor = 1
IDBasisSpec = 
IDDataBack = DLAB_2015-08-21_12-14-03_013_778
IDDataCal = DLAB_2015-08-24_11-04-47_772_747
IntegrationTime = 4096
P31 = -1
P31e = 0
PathLength = +INF
PathLengthCustomOn = 0
RAWDynamic = 65535
Salinity = 0
Temperature = -NAN
Unit1 = $05 $00 Pixel 
Unit2 = $03 $05 Intensity counts
Unit3 = $f0 $05 Error counts
Unit4 = $f1 $00 Status 
p999 = 847
[END] of [Attributes]
[DATA]
 0 11 0 0
 1 1196 0 0
 2 1187 0 0
 3 1184 0 0
 4 1189 0 0
 5 1193 0 0
 6 1196 0 0
 7 1194 0 0
 8 1190 0 0
 9 1194 0 0
 10 1186 0 0
 11 1188 0 0
 12 1198 0 0
 13 1193 0 0
 14 1191 0 0
 15 1190 0 0
 16 1194 0 0
 17 1193 0 0
 18 1195 0 0
 19 1194 0 0
 20 1191 0 0
 21 1194 0 0
 22 1194 0 0
 23 1204 0 0
 24 1196 0 0
 25 1200 0 0
 26 1191 0 0
 27 1191 0 0
 28 1197 0 0
 29 1200 0 0
 30 1195 0 0
 31 1202 0 0
 32 1194 0 0
 33 1196 0 0
 34 1193 0 0
 35 1199 0 0
 36 1201 0 0
 37 1200 0 0
 38 1194 0 0
 39 1198 0 0
 40 1194 0 0
 41 1199 0 0
 42 1198 0 0
 43 1196 0 0
 44 1199 0 0
 45 1201 0 0
 46 1198 0 0
 47 1202 0 0
 48 1204 0 0
 49 1197 0 0
 50 1197 0 0
 51 1206 0 0
 52 1198 0 0
 53 1193 0 0
 54 1191 0 0
 55 1202 0 0
 56 1202 0 0
 57 1205 0 0
 58 1199 0 0
 59 1196 0 0
 60 1198 0 0
 61 1200 0 0
 62 1201 0 0
 63 1203 0 0
 64 1201 0 0
 65 1201 0 0
 66 1199 0 0
 67 1207 0 0
 68 1209 0 0
 69 1203 0 0
 70 1206 0 0
 71 1201 0 0
 72 1202 0 0
 73 1207 0 0
 74 1203 0 0
 75 1205 0 0
 76 1206 0 0
 77 1204 0 0
 78 1208 0 0
 79 1206 0 0
 80 1206 0 0
 81 1202 0 0
 82 1208 0 0
 83 1207 0 0
 84 1206 0 0
 85 1202 0 0
 86 1207 0 0
 87 1205 0 0
 88 1203 0 0
 89 1206 0 0
 90 1203 0 0
 91 1207 0 0
 92 1210 0 0
 93 1205 0 0
 94 1208 0 0
 95 1207 0 0
 96 1201 0 0
 97 1202 0 0
 98 1208 0 0
 99 1207 0 0
 100 1209 0 0
 101 1212 0 0
 102 1208 0 0
 103 1208 0 0
 104 1208 0 0
 105 1207 0 0
 106 1209 0 0
 107 1208 0 0
 108 1206 0 0
 109 1207 0 0
 110 1211 0 0
 111 1207 0 0
 112 1206 0 0
 113 1206 0 0
 114 1207 0 0
 115 1208 0 0
 116 1209 0 0
 117 1204 0 0
 118 1202 0 0
 119 1208 0 0
 120 1204 0 0
 121 1203 0 0
 122 1207 0 0
 123 1207 0 0
 124 1204 0 0
 125 1209 0 0
 126 1208 0 0
 127 1214 0 0
 128 1212 0 0
 129 1207 0 0
 130 1206 0 0
 131 1209 0 0
 132 1207 0 0
 133 1234 0 0
 134 1211 0 0
 135 1204 0 0
 136 1207 0 0
 137 1211 0 0
 138 1209 0 0
 139 1207 0 0
 140 1206 0 0
 141 1207 0 0
 142 1208 0 0
 143 1209 0 0
 144 1208 0 0
 145 1209 0 0
 146 1207 0 0
 147 1208 0 0
 148 1214 0 0
 149 1209 0 0
 150 1211 0 0
 151 1210 0 0
 152 1209 0 0
 153 1208 0 0
 154 1202 0 0
 155 1206 0 0
 156 1207 0 0
 157 1212 0 0
 158 1206 0 0
 159 1205 0 0
 160 1211 0 0
 161 1206 0 0
 162 1211 0 0
 163 1208 0 0
 164 1200 0 0
 165 1212 0 0
 166 1208 0 0
 167 1210 0 0
 168 1209 0 0
 169 1205 0 0
 170 1207 0 0
 171 1209 0 0
 172 1208 0 0
 173 1200 0 0
 174 1209 0 0
 175 1211 0 0
 176 1210 0 0
 177 1209 0 0
 178 1209 0 0
 179 1207 0 0
 180 1210 0 0
 181 1209 0 0
 182 1212 0 0
 183 1211 0 0
 184 1204 0 0
 185 1210 0 0
 186 1209 0 0
 187 1211 0 0
 188 1203 0 0
 189 1202 0 0
 190 1203 0 0
 191 1211 0 0
 192 1207 0 0
 193 1202 0 0
 194 1210 0 0
 195 1210 0 0
 196 1208 0 0
 197 1208 0 0
 198 1209 0 0
 199 1205 0 0
 200 1209 0 0
 201 1208 0 0
 202 1209 0 0
 203 1208 0 0
 204 1207 0 0
 205 1204 0 0
 206 1211 0 0
 207 1205 0 0
 208 1207 0 0
 209 1202 0 0
 210 1202 0 0
 211 1206 0 0
 212 1209 0 0
 213 1208 0 0
 214 1202 0 0
 215 1208 0 0
 216 1209 0 0
 217 1206 0 0
 218 1204 0 0
 219 1206 0 0
 220 1204 0 0
 221 1206 0 0
 222 1208 0 0
 223 1204 0 0
 224 1212 0 0
 225 1208 0 0
 226 1208 0 0
 227 1201 0 0
 228 1204 0 0
 229 1204 0 0
 230 1204 0 0
 231 1206 0 0
 232 1210 0 0
 233 1205 0 0
 234 1208 0 0
 235 1209 0 0
 236 1210 0 0
 237 1206 0 0
 238 1203 0 0
 239 1208 0 0
 240 1206 0 0
 241 1206 0 0
 242 1202 0 0
 243 1205 0 0
 244 1206 0 0
 245 1207 0 0
 246 1201 0 0
 247 1205 0 0
 248 1208 0 0
 249 1202 0 0
 250 1206 0 0
 251 1201 0 0
 252 1203 0 0
 253 1204 0 0
 254 1204 0 0
 255 1255 0 0
[END] of [DATA]
[END] of [Spectrum]


#TBID:2021-05-04 03:00:00;SAM_84C8;CALIBRATED;

[Spectrum]
Version            = 1
IDData             = 96B1_2021-05-04_03-00-00_000_483
IDDevice           = SAM_84C8
IDDataType         = SPECTRUM
IDDataTypeSub1     = CALIBRATED
IDDataTypeSub2     = 
IDDataTypeSub3     = 
DateTime           = 2021-05-04 03:00:00
PositionLatitude   = 0
PositionLongitude  = 0
Comment            = 
CommentSub1        = 
CommentSub2        = 
CommentSub3        = 
IDMethodType       = SAM Control
MethodName         = SAM_84C8
Mission            = No Mission
MissionSub         = 1
RecordType         = 0
[Attributes]
CalFactor = 1
IDBasisSpec = 
IDDataBack = DLAB_2015-08-21_12-14-03_013_778
IDDataCal = DLAB_2015-08-24_11-04-47_772_747
IntegrationTime = 4096
P31 = -1
P31e = 0
PathLength = +INF
PathLengthCustomOn = 0
RAWDynamic = 65535
Salinity = 0
Temperature = -NAN
Unit1 = $01 $01 Wavelength nm
Unit2 = $03 $03 Intensity mW/(m^2 nm Sr)
Unit3 = $f0 $03 Error mW/(m^2 nm Sr)
Unit4 = $f1 $00 Status 
p999 = 847
[END] of [Attributes]
[DATA]
 0 11 0 0
 303.516048156 0 0 0
 306.890006053 0 0 0
 310.26457112 0 0 0
 313.639731825 0 0 0
 317.015476636 -0.000222341203534703 0 0
 320.391794021 -0.000184092347584637 0 0
 323.768672448 -8.10818836841922e-005 0 0
 327.146100385 -0.000147065647369343 0 0
 330.5240663 -5.40167703454061e-005 0 0
 333.902558661 -0.000107645833660119 0 0
 337.281565936 -0.000326212329236714 0 0
 340.661076593 -0.000118110584049497 0 0
 344.0410791 -2.27287575544845e-005 0 0
 347.421561925 -7.65631015833499e-005 0 0
 350.802513536 -0.000162552786992326 0 0
 354.183922401 -7.17356840642389e-005 0 0
 357.565776988 -0.000134079300592842 0 0
 360.948065765 -5.98679700180026e-005 0 0
 364.3307772 -8.71997484252489e-005 0 0
 367.713899761 -7.65633499817644e-005 0 0
 371.097421916 -7.13907622846779e-005 0 0
 374.481332133 -0.000106063765026616 0 0
 377.86561888 7.6935097821091e-005 0 0
 381.250270625 -0.000116843113926017 0 0
 384.635275836 3.21673417578766e-005 0 0
 388.020622981 -2.08796759720878e-006 0 0
 391.406300528 -0.000102931800679005 0 0
 394.792296945 -5.81821513861558e-005 0 0
 398.1786007 4.91933564591562e-005 0 0
 401.565200261 -0.000119456929952008 0 0
 404.952084096 6.94281472492571e-005 0 0
 408.339240673 -7.42634004175124e-005 0 0
 411.72665846 3.43289162624557e-005 0 0
 415.114325925 -2.42188881718115e-005 0 0
 418.502231536 9.02716459551293e-005 0 0
 421.890363761 3.55982485908786e-005 0 0
 425.278711068 -0.000126282104933253 0 0
 428.667261925 -6.64466110764294e-005 0 0
 432.0560048 7.07113704075793e-005 0 0
 435.444928161 -9.50041321921565e-006 0 0
 438.834020476 5.34102076217306e-006 0 0
 442.223270213 3.07012879685387e-005 0 0
 445.61266584 -3.2030469528306e-005 0 0
 449.002195825 5.98763522318682e-005 0 0
 452.391848636 -1.88524164572037e-005 0 0
 455.781612741 -7.67658081055307e-006 0 0
 459.171476608 6.26220647777524e-005 0 0
 462.561428705 4.5954132130537e-005 0 0
 465.9514575 -8.83852779624073e-005 0 0
 469.341551461 2.58370776481211e-005 0 0
 472.731699056 6.49411078921104e-005 0 0
 476.121888753 -3.24542653131146e-005 0 0
 479.51210902 -6.58372055079619e-005 0 0
 482.902348325 4.68751360005157e-005 0 0
 486.292595136 4.67029457493891e-005 0 0
 489.682837921 2.2025564230941e-005 0 0
 493.073065148 9.45563962052004e-006 0 0
 496.463265285 1.99367086431591e-005 0 0
 499.8534268 5.22886010524995e-005 0 0
 503.243538161 4.04077169530664e-005 0 0
 506.633587836 2.28441276766648e-005 0 0
 510.023564293 -0.000127726791126466 0 0
 513.413456 3.03174767941142e-006 0 0
 516.803251425 0.000114795980988301 0 0
 520.192939036 6.47739187628275e-005 0 0
 523.582507301 -4.00899077252789e-005 0 0
 526.971944688 8.89586133224616e-005 0 0
 530.361239665 5.77650279271634e-005 0 0
 533.7503807 6.55825115182774e-005 0 0
 537.139356261 1.89788738832465e-005 0 0
 540.528154816 4.78809050666178e-006 0 0
 543.916764833 -4.78442581888316e-005 0 0
 547.30517478 8.11358786416549e-005 0 0
 550.693373125 4.75697017394545e-005 0 0
 554.081348336 4.19234005552131e-005 0 0
 557.469088881 5.92396757401687e-005 0 0
 560.856583228 3.40456766508879e-005 0 0
 564.243819845 8.17942584965111e-005 0 0
 567.6307872 4.88541482452822e-005 0 0
 571.017473761 5.50362592408756e-005 0 0
 574.403867996 3.82302846010483e-005 0 0
 577.789958373 1.89566333483367e-005 0 0
 581.17573336 4.10494226482731e-005 0 0
 584.561181425 8.13814589716319e-006 0 0
 587.946291036 4.45079554334738e-005 0 0
 591.331050661 9.99869189954913e-005 0 0
 594.715448768 1.42255850981059e-005 0 0
 598.099473825 3.8973652637984e-005 0 0
 601.4831143 0.000108070087226451 0 0
 604.866358661 -7.23564807862068e-005 0 0
 608.249195376 4.23792552161904e-005 0 0
 611.631612913 9.74613117748711e-005 0 0
 615.01359974 0.000113020434350073 0 0
 618.395144325 1.58721941979464e-006 0 0
 621.776235136 8.7768187707421e-005 0 0
 625.156860641 -0.000103684145565443 0 0
 628.537009308 1.07056163863577e-006 0 0
 631.916669605 0.000124314062405184 0 0
 635.29583 0.000138777757362503 0 0
 638.674478961 -1.04016922747548e-006 0 0
 642.052604956 -1.65527811689206e-005 0 0
 645.430196453 3.83448188895823e-005 0 0
 648.80724192 0.000134059625195848 0 0
 652.183729825 0.000125236980132369 0 0
 655.559648636 -4.85869980173343e-005 0 0
 658.934986821 0.000183954712430384 0 0
 662.309732848 0.000116148458589442 0 0
 665.683875185 0.000180135327201587 0 0
 669.0574023 0.000157661382276789 0 0
 672.430302661 2.9448893576642e-005 0 0
 675.802564736 -0.000201907946563929 0 0
 679.174176993 1.85799521906433e-005 0 0
 682.5451279 2.01384844651258e-005 0 0
 685.915405925 7.2086871727238e-005 0 0
 689.284999536 -4.1879913750709e-005 0 0
 692.653897201 -7.81199522023623e-005 0 0
 696.022087388 4.90903183314691e-005 0 0
 699.389558565 2.53520219425772e-005 0 0
 702.7562992 -3.17077728381947e-005 0 0
 706.122297761 0.000141272090661399 0 0
 709.487542716 -2.29079023442563e-005 0 0
 712.852022533 0.000210658855483328 0 0
 716.21572568 0.000152390255474387 0 0
 719.578640625 0.000109928620214197 0 0
 722.940755836 0.000117582242000937 0 0
 726.302059781 9.5649204711469e-005 0 0
 729.662540928 2.13756765019757e-005 0 0
 733.022187745 0.000265090824917641 0 0
 736.3809887 2.39722005362653e-005 0 0
 739.738932261 0.000159729523134872 0 0
 743.096006896 5.88530549199425e-005 0 0
 746.452201073 4.1749283415838e-005 0 0
 749.80750326 -0.000765051298084033 0 0
 753.161901925 6.85389871279559e-005 0 0
 756.515385536 2.30163509960217e-005 0 0
 759.867942561 8.81943156140373e-005 0 0
 763.219561468 0.0001128083175967 0 0
 766.570230725 0.000213693069971669 0 0
 769.9199388 -8.76676508225243e-005 0 0
 773.268674161 4.18455577135299e-005 0 0
 776.616425276 0.000159382924347714 0 0
 779.963180613 2.84265711997364e-005 0 0
 783.30892864 0.000148958409439243 0 0
 786.653657825 -0.000101464354147563 0 0
 789.997356636 5.1197976322844e-005 0 0
 793.340013541 -1.13504510527296e-005 0 0
 796.681617008 0.000224263423375817 0 0
 800.022155505 0.000236509024150225 0 0
 803.3616175 0.000253571769503072 0 0
 806.699991461 0.000277333286326383 0 0
 810.037265856 0.000191385088089126 0 0
 813.373429153 -4.16123959739506e-006 0 0
 816.70846982 0.000196301243949527 0 0
 820.042376325 5.77395268207471e-005 0 0
 823.375137136 0.00033293891164372 0 0
 826.706740721 7.6219335694387e-005 0 0
 830.037175548 0.000221000956459163 0 0
 833.366430085 1.55941912208729e-005 0 0
 836.6944928 0.000156234887304042 0 0
 840.021352161 0.000195209998098148 0 0
 843.346996636 0.000161294097868627 0 0
 846.671414693 0.000282449577601682 0 0
 849.9945948 0.000245256118314059 0 0
 853.316525425 0.000126778458959226 0 0
 856.637195036 0.000261251874755405 0 0
 859.956592101 0.000163581410854745 0 0
 863.274705088 5.38913078944826e-005 0 0
 866.591522465 0.000175758035051783 0 0
 869.9070327 0.000196276367445007 0 0
 873.221224261 -5.92653640330211e-005 0 0
 876.534085616 0.000547738232108148 0 0
 879.845605233 0.000189273142505455 0 0
 883.15577158 0.000566289886006954 0 0
 886.464573125 0.000865683207564634 0 0
 889.771998336 -6.60467202360641e-006 0 0
 893.078035681 0.000846128134465426 0 0
 896.382673628 0.000623183631422837 0 0
 899.685900645 0.000999693258484918 0 0
 902.9877052 0.000173664289009282 0 0
 906.288075761 0.000189813416321105 0 0
 909.587000796 0.00034573394613256 0 0
 912.884468773 0.000794228781882876 0 0
 916.18046816 0.000813733725595767 0 0
 919.474987425 0.000690758764641946 0 0
 922.768015036 0.000633574489467209 0 0
 926.059539461 0.00117940493257401 0 0
 929.349549168 5.60083709217257e-005 0 0
 932.638032625 4.42232536548686e-005 0 0
 935.9249783 -0.000186797714084107 0 0
 939.210374661 0.00129264369393882 0 0
 942.494210176 0.00144811702990125 0 0
 945.776473313 -0.000325642948211844 0 0
 949.05715254 0.0013922450700004 0 0
 952.336236325 0.000792389857285648 0 0
 955.613713136 0 0 0
 958.889571441 0 0 0
 962.163799708 0 0 0
 965.436386405 0 0 0
 968.70732 0 0 0
 971.976588961 0 0 0
 975.244181756 0 0 0
 978.510086853 0 0 0
 981.77429272 0 0 0
 985.036787825 0 0 0
 988.297560636 0 0 0
 991.556599621 0 0 0
 994.813893248 0 0 0
 998.069429985 0 0 0
 1001.3231983 0 0 0
 1004.575186661 0 0 0
 1007.825383536 0 0 0
 1011.073777393 0 0 0
 1014.3203567 0 0 0
 1017.565109925 0 0 0
 1020.808025536 0 0 0
 1024.049092001 0 0 0
 1027.288297788 0 0 0
 1030.525631365 0 0 0
 1033.7610812 0 0 0
 1036.994635761 0 0 0
 1040.226283516 0 0 0
 1043.456012933 0 0 0
 1046.68381248 0 0 0
 1049.909670625 0 0 0
 1053.133575836 0 0 0
 1056.355516581 0 0 0
 1059.575481328 0 0 0
 1062.793458545 0 0 0
 1066.0094367 0 0 0
 1069.223404261 0 0 0
 1072.435349696 0 0 0
 1075.645261473 0 0 0
 1078.85312806 0 0 0
 1082.058937925 0 0 0
 1085.262679536 0 0 0
 1088.464341361 0 0 0
 1091.663911868 0 0 0
 1094.861379525 0 0 0
 1098.0567328 0 0 0
 1101.249960161 0 0 0
 1104.441050076 0 0 0
 1107.629991013 0 0 0
 1110.81677144 0 0 0
 1114.001379825 0 0 0
 1117.183804636 0 0 0
 1120.364034341 0 0 0
 1123.542057408 0 0 0
 1126.717862305 0 0 0
 1129.8914375 0 0 0
 1133.062771461 0 0 0
 1136.231852656 0 0 0
 1139.398669553 0 0 0
 1142.56321062 0 0 0
 1145.725464325 0 0 0
 1148.885419136 0 0 0
[END] of [DATA]
[END] of [Spectrum]


#TBID:2021-05-04 03:00:00;SAM_84DC;RAW;

[Spectrum]
Version            = 1
IDData             = 96B1_2021-05-04_03-00-00_000_485
IDDevice           = SAM_84DC
IDDataType         = SPECTRUM
IDDataTypeSub1     = RAW
IDDataTypeSub2     = 
IDDataTypeSub3     = 
DateTime           = 2021-05-04 03:00:00
PositionLatitude   = 0
PositionLongitude  = 0
Comment            = 
CommentSub1        = 
CommentSub2        = 
CommentSub3        = 
IDMethodType       = SAM Control
MethodName         = SAM_84DC
Mission            = No Mission
MissionSub         = 1
RecordType         = 0
[Attributes]
CalFactor = 1
IDBasisSpec = 
IDDataBack = DLAB_2015-08-21_13-19-54_137_939
IDDataCal = DLAB_2015-08-24_10-46-55_592_608
IntegrationTime = 4096
P31 = -1
P31e = 0
PathLength = +INF
PathLengthCustomOn = 0
RAWDynamic = 65535
Salinity = 0
Temperature = -NAN
Unit1 = $05 $00 Pixel 
Unit2 = $03 $05 Intensity counts
Unit3 = $f0 $05 Error counts
Unit4 = $f1 $00 Status 
p999 = 847
[END] of [Attributes]
[DATA]
 0 11 0 0
 1 1283 0 0
 2 1263 0 0
 3 1278 0 0
 4 1283 0 0
 5 1276 0 0
 6 1270 0 0
 7 1282 0 0
 8 1280 0 0
 9 1280 0 0
 10 1284 0 0
 11 1279 0 0
 12 1282 0 0
 13 1279 0 0
 14 1286 0 0
 15 1277 0 0
 16 1289 0 0
 17 1282 0 0
 18 1279 0 0
 19 1284 0 0
 20 1280 0 0
 21 1278 0 0
 22 1285 0 0
 23 1287 0 0
 24 1287 0 0
 25 1283 0 0
 26 1280 0 0
 27 1287 0 0
 28 1277 0 0
 29 1280 0 0
 30 1285 0 0
 31 1289 0 0
 32 1286 0 0
 33 1287 0 0
 34 1284 0 0
 35 1282 0 0
 36 1287 0 0
 37 1284 0 0
 38 1284 0 0
 39 1283 0 0
 40 1287 0 0
 41 1287 0 0
 42 1283 0 0
 43 1290 0 0
 44 1285 0 0
 45 1280 0 0
 46 1288 0 0
 47 1291 0 0
 48 1282 0 0
 49 1288 0 0
 50 1284 0 0
 51 1288 0 0
 52 1289 0 0
 53 1288 0 0
 54 1288 0 0
 55 1286 0 0
 56 1286 0 0
 57 1284 0 0
 58 1279 0 0
 59 1292 0 0
 60 1286 0 0
 61 1291 0 0
 62 1288 0 0
 63 1290 0 0
 64 1286 0 0
 65 1286 0 0
 66 1285 0 0
 67 1285 0 0
 68 1285 0 0
 69 1290 0 0
 70 1290 0 0
 71 1287 0 0
 72 1285 0 0
 73 1288 0 0
 74 1288 0 0
 75 1287 0 0
 76 1288 0 0
 77 1287 0 0
 78 1289 0 0
 79 1287 0 0
 80 1284 0 0
 81 1289 0 0
 82 1287 0 0
 83 1289 0 0
 84 1284 0 0
 85 1291 0 0
 86 1286 0 0
 87 1291 0 0
 88 1286 0 0
 89 1291 0 0
 90 1287 0 0
 91 1290 0 0
 92 1285 0 0
 93 1283 0 0
 94 1290 0 0
 95 1290 0 0
 96 1287 0 0
 97 1290 0 0
 98 1288 0 0
 99 1287 0 0
 100 1288 0 0
 101 1293 0 0
 102 1285 0 0
 103 1284 0 0
 104 1288 0 0
 105 1294 0 0
 106 1292 0 0
 107 1294 0 0
 108 1288 0 0
 109 1293 0 0
 110 1290 0 0
 111 1294 0 0
 112 1289 0 0
 113 1295 0 0
 114 1289 0 0
 115 1290 0 0
 116 1288 0 0
 117 1292 0 0
 118 1293 0 0
 119 1285 0 0
 120 1278 0 0
 121 1298 0 0
 122 1290 0 0
 123 1290 0 0
 124 1284 0 0
 125 1283 0 0
 126 1292 0 0
 127 1290 0 0
 128 1290 0 0
 129 1292 0 0
 130 1290 0 0
 131 1291 0 0
 132 1291 0 0
 133 1289 0 0
 134 1290 0 0
 135 1289 0 0
 136 1290 0 0
 137 1292 0 0
 138 1289 0 0
 139 1293 0 0
 140 1285 0 0
 141 1298 0 0
 142 1287 0 0
 143 1296 0 0
 144 1292 0 0
 145 1290 0 0
 146 1289 0 0
 147 1290 0 0
 148 1293 0 0
 149 1295 0 0
 150 1289 0 0
 151 1289 0 0
 152 1288 0 0
 153 1293 0 0
 154 1294 0 0
 155 1289 0 0
 156 1289 0 0
 157 1292 0 0
 158 1292 0 0
 159 1293 0 0
 160 1288 0 0
 161 1286 0 0
 162 1284 0 0
 163 1293 0 0
 164 1290 0 0
 165 1291 0 0
 166 1290 0 0
 167 1295 0 0
 168 1295 0 0
 169 1293 0 0
 170 1294 0 0
 171 1296 0 0
 172 1288 0 0
 173 1296 0 0
 174 1293 0 0
 175 1288 0 0
 176 1291 0 0
 177 1290 0 0
 178 1290 0 0
 179 1290 0 0
 180 1294 0 0
 181 1296 0 0
 182 1288 0 0
 183 1293 0 0
 184 1289 0 0
 185 1292 0 0
 186 1294 0 0
 187 1290 0 0
 188 1295 0 0
 189 1296 0 0
 190 1288 0 0
 191 1292 0 0
 192 1297 0 0
 193 1291 0 0
 194 1293 0 0
 195 1292 0 0
 196 1292 0 0
 197 1295 0 0
 198 1289 0 0
 199 1300 0 0
 200 1292 0 0
 201 1296 0 0
 202 1290 0 0
 203 1294 0 0
 204 1297 0 0
 205 1292 0 0
 206 1293 0 0
 207 1294 0 0
 208 1291 0 0
 209 1298 0 0
 210 1290 0 0
 211 1292 0 0
 212 1292 0 0
 213 1291 0 0
 214 1289 0 0
 215 1296 0 0
 216 1290 0 0
 217 1298 0 0
 218 1297 0 0
 219 1296 0 0
 220 1294 0 0
 221 1297 0 0
 222 1295 0 0
 223 1292 0 0
 224 1289 0 0
 225 1294 0 0
 226 1289 0 0
 227 1294 0 0
 228 1295 0 0
 229 1297 0 0
 230 1296 0 0
 231 1293 0 0
 232 1297 0 0
 233 1296 0 0
 234 1295 0 0
 235 1297 0 0
 236 1299 0 0
 237 1300 0 0
 238 1297 0 0
 239 1304 0 0
 240 1300 0 0
 241 1296 0 0
 242 1298 0 0
 243 1295 0 0
 244 1295 0 0
 245 1296 0 0
 246 1300 0 0
 247 1302 0 0
 248 1307 0 0
 249 1301 0 0
 250 1293 0 0
 251 1301 0 0
 252 1294 0 0
 253 1295 0 0
 254 1295 0 0
 255 1363 0 0
[END] of [DATA]
[END] of [Spectrum]


#TBID:2021-05-04 03:00:00;SAM_84DC;CALIBRATED;

[Spectrum]
Version            = 1
IDData             = 96B1_2021-05-04_03-00-00_000_486
IDDevice           = SAM_84DC
IDDataType         = SPECTRUM
IDDataTypeSub1     = CALIBRATED
IDDataTypeSub2     = 
IDDataTypeSub3     = 
DateTime           = 2021-05-04 03:00:00
PositionLatitude   = 0
PositionLongitude  = 0
Comment            = 
CommentSub1        = 
CommentSub2        = 
CommentSub3        = 
IDMethodType       = SAM Control
MethodName         = SAM_84DC
Mission            = No Mission
MissionSub         = 1
RecordType         = 0
[Attributes]
CalFactor = 1
IDBasisSpec = 
IDDataBack = DLAB_2015-08-21_13-19-54_137_939
IDDataCal = DLAB_2015-08-24_10-46-55_592_608
IntegrationTime = 4096
P31 = -1
P31e = 0
PathLength = +INF
PathLengthCustomOn = 0
RAWDynamic = 65535
Salinity = 0
Temperature = -NAN
Unit1 = $01 $01 Wavelength nm
Unit2 = $03 $03 Intensity mW/(m^2 nm Sr)
Unit3 = $f0 $03 Error mW/(m^2 nm Sr)
Unit4 = $f1 $00 Status 
p999 = 847
[END] of [Attributes]
[DATA]
 0 11 0 0
 305.71650776488 0 0 0
 309.04007505697 0 0 0
 312.36416914304 0 0 0
 315.68877841375 0 0 0
 319.01389125976 -0.000411721333127708 0 0
 322.33949607173 -0.000365329238834124 0 0
 325.66558124032 -0.00032290943242625 0 0
 328.99213515619 -0.000283279554933482 0 0
 332.31914621 -0.00039682792845329 0 0
 335.64660279241 -0.000158805201097314 0 0
 338.97449329408 -0.000350014349870961 0 0
 342.30280610567 -8.66352265467416e-005 0 0
 345.63152961784 -0.000161074455150031 0 0
 348.96065222125 -0.000212821903019147 0 0
 352.29016230656 -9.70211752248988e-005 0 0
 355.62004826443 -3.32375744542151e-005 0 0
 358.95029848552 -0.000243781896328398 0 0
 362.28090136049 -0.000151292111681041 0 0
 365.61184528 -0.000105300069477675 0 0
 368.94311863471 -0.000132417037983488 0 0
 372.27470981528 -0.00011854996179246 0 0
 375.60660721237 -0.000156173177761634 0 0
 378.93879921664 -0.000109360513491715 0 0
 382.27127421875 -8.97120062731979e-005 0 0
 385.60402060936 -3.17506262347279e-005 0 0
 388.93702677913 -0.000220986182225745 0 0
 392.27028111872 -8.5322887739835e-005 0 0
 395.60377201879 -0.000142225781785593 0 0
 398.93748787 -7.45885704093537e-005 0 0
 402.27141706301 3.73307056291676e-005 0 0
 405.60554798848 -5.93265995534993e-005 0 0
 408.93986903707 -6.60515191429433e-005 0 0
 412.27436859944 1.86402320546881e-005 0 0
 415.60903506625 -0.000106283830905578 0 0
 418.94385682816 -4.95323724843961e-005 0 0
 422.27882227583 -0.00011420235064112 0 0
 425.61391979992 -0.000118821094853384 0 0
 428.94913779109 -7.87474220009907e-005 0 0
 432.28446464 -4.6138150259724e-005 0 0
 435.61988873731 -0.000131798222711964 0 0
 438.95539847368 -5.97980158666977e-005 0 0
 442.29098223977 -8.71067154879335e-005 0 0
 445.62662842624 -4.12092082014647e-005 0 0
 448.96232542375 -0.000117674178942321 0 0
 452.29806162296 -0.000161896782072014 0 0
 455.63382541453 -0.000125053337120426 0 0
 458.96960518912 -0.00011389739720611 0 0
 462.30538933739 -0.000122083281778806 0 0
 465.64116625 -6.09191032194825e-005 0 0
 468.97692431761 -8.82832006891156e-005 0 0
 472.31265193088 -6.55930447886266e-005 0 0
 475.64833748047 -6.50852916984466e-005 0 0
 478.98396935704 -4.29270241897679e-005 0 0
 482.31953595125 -4.58498444220454e-005 0 0
 485.65502565376 -0.000126690240730726 0 0
 488.99042685523 -9.99313487862733e-005 0 0
 492.32572794632 -0.000179210791854006 0 0
 495.66091731769 -0.000238747133193489 0 0
 498.99598336 -0.000155296605111965 0 0
 502.33091446391 -0.000142288881337573 0 0
 505.66569902008 -0.000112802744090485 0 0
 509.00032541917 -5.56847174069872e-005 0 0
 512.33478205184 -7.27074706001369e-005 0 0
 515.66905730875 -0.000132152775535447 0 0
 519.00313958056 -8.75460048230129e-005 0 0
 522.33701725793 -8.55794780944967e-006 0 0
 525.67067873152 -0.000132819163160986 0 0
 529.00411239199 -0.000146261792296171 0 0
 532.33730663 -4.27460611249545e-005 0 0
 535.67024983621 -9.3184509539558e-005 0 0
 539.00293040128 -0.000155849407679977 0 0
 542.33533671587 -0.000102035434280754 0 0
 545.66745717064 -0.000118125201925968 0 0
 548.99928015625 -0.00013330065779166 0 0
 552.33079406336 -6.43353767982778e-005 0 0
 555.66198728263 -0.00011527971590905 0 0
 558.99284820472 -0.000117786817924879 0 0
 562.32336522029 -2.3392624297884e-005 0 0
 565.65352672 -0.000156016516204415 0 0
 568.98332109451 -0.000118205560897588 0 0
 572.31273673448 -0.000146880586396199 0 0
 575.64176203057 -8.75328826005287e-005 0 0
 578.97038537344 -0.000107144716611637 0 0
 582.29859515375 -7.932690107403e-005 0 0
 585.62637976216 -0.000170011756043178 0 0
 588.95372758933 -0.000163568923365973 0 0
 592.28062702592 -0.000116221540046472 0 0
 595.60706646259 -0.000122254059964895 0 0
 598.93303429 -0.000149091508305103 0 0
 602.25851889881 -6.79550727613209e-005 0 0
 605.58350867968 -0.000119743340963688 0 0
 608.90799202327 -0.000191901042154869 0 0
 612.23195732024 -0.000212056703035287 0 0
 615.55539296125 -0.00016943018789232 0 0
 618.87828733696 -0.00015804761509359 0 0
 622.20062883803 -0.000117263194851396 0 0
 625.52240585512 -0.000199642644600069 0 0
 628.84360677889 -0.000110635222422215 0 0
 632.16422 -0.000177974138443218 0 0
 635.48423390911 -0.000191709159633514 0 0
 638.80363689688 -4.14348128224158e-005 0 0
 642.12241735397 -0.000245241058336767 0 0
 645.44056367104 -0.000234573529238131 0 0
 648.75806423875 -0.000164499415903602 0 0
 652.07490744776 -0.000121055604210222 0 0
 655.39108168873 -0.000131150147846351 0 0
 658.70657535232 -0.00022906531548523 0 0
 662.02137682919 -0.000216667745089723 0 0
 665.33547451 -0.000137738334310925 0 0
 668.64885678541 -0.000130344207240201 0 0
 671.96151204608 -0.000113530060777498 0 0
 675.27342868267 -0.000187613906244997 0 0
 678.58459508584 5.22986742693089e-005 0 0
 681.89499964625 -0.000209338132053184 0 0
 685.20463075456 -0.000239911762557736 0 0
 688.51347680143 -0.000168841419426891 0 0
 691.82152617752 -8.48075472282848e-005 0 0
 695.12876727349 -1.8818260858584e-005 0 0
 698.43518848 -0.000236988207774579 0 0
 701.74077818771 -0.000211700015607073 0 0
 705.04552478728 -0.000133296216708554 0 0
 708.34941666937 -8.69159631466241e-005 0 0
 711.65244222464 -0.000218253572738089 0 0
 714.95458984375 -0.000344701388057714 0 0
 718.25584791736 -0.000236996922848923 0 0
 721.55620483613 -0.000174951921486173 0 0
 724.85564899072 -0.000192334652668694 0 0
 728.15416877179 -0.00012411927080598 0 0
 731.45175257 -6.72838867443526e-005 0 0
 734.74838877601 -0.000263172804955786 0 0
 738.04406578048 -9.72398457095258e-005 0 0
 741.33877197407 -0.000176535519575896 0 0
 744.63249574744 -0.000182894326155481 0 0
 747.92522549125 -0.000122453254491374 0 0
 751.21694959616 -0.000228466726178469 0 0
 754.50765645283 -4.26066230093338e-005 0 0
 757.79733445192 -0.000140726105178664 0 0
 761.08597198409 -9.26155308584015e-005 0 0
 764.37355744 -7.56663825771104e-005 0 0
 767.66007921031 -0.000203420015565714 0 0
 770.94552568568 -4.70627134977011e-005 0 0
 774.22988525677 -0.000150594104483421 0 0
 777.51314631424 -4.44001705415874e-005 0 0
 780.79529724875 -9.65453031717147e-005 0 0
 784.07632645096 -3.42391745505789e-005 0 0
 787.35622231153 -0.000116964993998496 0 0
 790.63497322112 -0.000128034912912381 0 0
 793.91256757039 -0.000163872095291384 0 0
 797.18899375 -5.71452681485983e-005 0 0
 800.46424015061 -0.000102065944633355 0 0
 803.73829516288 -0.000295592910080372 0 0
 807.01114717747 -0.000278200098518233 0 0
 810.28278458504 -0.000249203700693112 0 0
 813.55319577625 -0.000141650435929474 0 0
 816.82236914176 -0.000282475177004149 0 0
 820.09029307223 -0.000114405724363391 0 0
 823.35695595832 -0.000342392966350855 0 0
 826.62234619069 -0.000132070411116299 0 0
 829.88645216 -0.000242074137733336 0 0
 833.14926225691 -0.000458364124282448 0 0
 836.41076487208 -0.0002774437351757 0 0
 839.67094839617 -0.000211093249437985 0 0
 842.92980121984 3.40902261982106e-005 0 0
 846.18731173375 -0.000232472417516453 0 0
 849.44346832856 -0.000315313143161437 0 0
 852.69825939493 -0.000709100191360626 0 0
 855.95167332352 -0.000258179280751107 0 0
 859.20369850499 -0.000139794391922932 0 0
 862.45432333 -0.000310907573045349 0 0
 865.70353618921 -0.000184568569786989 0 0
 868.95132547328 -0.000422705679625648 0 0
 872.19767957287 -2.66917294079351e-005 0 0
 875.44258687864 -0.000258529823835326 0 0
 878.68603578125 -0.000312827501833065 0 0
 881.92801467136 -0.000490907121878997 0 0
 885.16851193963 -0.000554806739485064 0 0
 888.40751597672 -0.00031657268328184 0 0
 891.64501517329 -0.000621402145155638 0 0
 894.88099792 -5.80526193352538e-005 0 0
 898.11545260751 0.000215948037110677 0 0
 901.34836762648 0.000493036499849161 0 0
 904.57973136757 -0.000763321335407044 0 0
 907.80953222144 -0.000295192230278331 0 0
 911.03775857875 -0.000599764005616186 0 0
 914.26439883016 -0.000387403003625791 0 0
 917.48944136633 -0.000326982721815015 0 0
 920.71287457792 -0.000873743245386751 0 0
 923.93468685559 0.000636295932686573 0 0
 927.15486659 0.00093216213076595 0 0
 930.37340217181 -0.000602241785223809 0 0
 933.59028199168 -0.000407884798874058 0 0
 936.80549444027 -0.00114542271976019 0 0
 940.01902790824 -0.00113968313977371 0 0
 943.23087078625 -0.000261205384221254 0 0
 946.44101146496 0.00029870246214078 0 0
 949.64943833503 -0.00176871438485578 0 0
 952.85613978712 -0.000280623182940573 0 0
 956.06110421189 0 0 0
 959.26432 0 0 0
 962.46577554211 0 0 0
 965.66545922888 0 0 0
 968.86335945097 0 0 0
 972.05946459904 0 0 0
 975.25376306375 0 0 0
 978.44624323576 0 0 0
 981.63689350573 0 0 0
 984.82570226432 0 0 0
 988.01265790219 0 0 0
 991.19774881 0 0 0
 994.38096337841 0 0 0
 997.56228999808 0 0 0
 1000.74171705967 0 0 0
 1003.91923295384 0 0 0
 1007.09482607125 0 0 0
 1010.26848480256 0 0 0
 1013.44019753843 0 0 0
 1016.60995266952 0 0 0
 1019.77773858649 0 0 0
 1022.94354368 0 0 0
 1026.10735634071 0 0 0
 1029.26916495928 0 0 0
 1032.42895792637 0 0 0
 1035.58672363264 0 0 0
 1038.74245046875 0 0 0
 1041.89612682536 0 0 0
 1045.04774109313 0 0 0
 1048.19728166272 0 0 0
 1051.34473692479 0 0 0
 1054.49009527 0 0 0
 1057.63334508901 0 0 0
 1060.77447477248 0 0 0
 1063.91347271107 0 0 0
 1067.05032729544 0 0 0
 1070.18502691625 0 0 0
 1073.31755996416 0 0 0
 1076.44791482983 0 0 0
 1079.57607990392 0 0 0
 1082.70204357709 0 0 0
 1085.82579424 0 0 0
 1088.94732028331 0 0 0
 1092.06661009768 0 0 0
 1095.18365207377 0 0 0
 1098.29843460224 0 0 0
 1101.41094607375 0 0 0
 1104.52117487896 0 0 0
 1107.62910940853 0 0 0
 1110.73473805312 0 0 0
 1113.83804920339 0 0 0
 1116.93903125 0 0 0
 1120.03767258361 0 0 0
 1123.13396159488 0 0 0
 1126.22788667447 0 0 0
 1129.31943621304 0 0 0
 1132.40859860125 0 0 0
 1135.49536222976 0 0 0
[END] of [DATA]
[END] of [Spectrum]

