
#TBID:2021-08-11 02:30:00;SAM_84C8;CALIBRATED;

[Spectrum]
Version            = 1
IDData             = 96B1_2021-08-11_02-30-00_000_216
IDDevice           = SAM_84C8
IDDataType         = SPECTRUM
IDDataTypeSub1     = CALIBRATED
IDDataTypeSub2     = 
IDDataTypeSub3     = 
DateTime           = 2021-08-11 02:30:00
PositionLatitude   = 0
PositionLongitude  = 0
Comment            = 
CommentSub1        = 
CommentSub2        = 
CommentSub3        = 
IDMethodType       = SAM Control
MethodName         = SAM_84C8
Mission            = No Mission
MissionSub         = 1
RecordType         = 0
[Attributes]
CalFactor = 1
IDBasisSpec = 
IDDataBack = DLAB_2015-08-21_12-14-03_013_778
IDDataCal = DLAB_2015-08-24_11-04-47_772_747
IntegrationTime = 4096
P31 = -1
P31e = 0
PathLength = +INF
PathLengthCustomOn = 0
RAWDynamic = 65535
Salinity = 0
Temperature = -NAN
Unit1 = $01 $01 Wavelength nm
Unit2 = $03 $03 Intensity mW/(m^2 nm Sr)
Unit3 = $f0 $03 Error mW/(m^2 nm Sr)
Unit4 = $f1 $00 Status 
p999 = 1520
[END] of [Attributes]
[DATA]
 0 11 0 0
 303.516048156 0 0 0
 306.890006053 0 0 0
 310.26457112 0 0 0
 313.639731825 0 0 0
 317.015476636 -0.001358076031343 0 0
 320.391794021 -0.00120113573189308 0 0
 323.768672448 -0.001032933765302 0 0
 327.146100385 -0.00103905562584987 0 0
 330.5240663 -0.000808121328476655 0 0
 333.902558661 -0.00069525890252229 0 0
 337.281565936 -0.000669254260177922 0 0
 340.661076593 -0.00069869240323518 0 0
 344.0410791 7.42962080876103e-006 0 0
 347.421561925 0.00020079782140308 0 0
 350.802513536 2.29103948723561e-005 0 0
 354.183922401 7.91562282578826e-005 0 0
 357.565776988 0.000243293914080709 0 0
 360.948065765 7.34894165686977e-005 0 0
 364.3307772 0.000116106044299945 0 0
 367.713899761 -0.000147560903794962 0 0
 371.097421916 -0.00019904398899219 0 0
 374.481332133 -0.000218186199291971 0 0
 377.86561888 -1.88216137202995e-005 0 0
 381.250270625 -1.41356821753693e-005 0 0
 384.635275836 -6.57966679345252e-006 0 0
 388.020622981 -4.1114022654619e-005 0 0
 391.406300528 0.000228514042577941 0 0
 394.792296945 0.000391611165938509 0 0
 398.1786007 0.000230166234346613 0 0
 401.565200261 0.000190393822659387 0 0
 404.952084096 0.000163831803471601 0 0
 408.339240673 0.000190943729581682 0 0
 411.72665846 0.000169241100431848 0 0
 415.114325925 2.46026121145118e-005 0 0
 418.502231536 -1.13911273593567e-005 0 0
 421.890363761 -4.55633975171072e-006 0 0
 425.278711068 3.26699811768847e-005 0 0
 428.667261925 9.64704770845554e-006 0 0
 432.0560048 2.43936770745514e-005 0 0
 435.444928161 4.92542821880739e-005 0 0
 438.834020476 1.77915780136763e-005 0 0
 442.223270213 5.41011393478202e-005 0 0
 445.61266584 4.68231615638537e-005 0 0
 449.002195825 9.47587384238801e-005 0 0
 452.391848636 7.39734423947194e-005 0 0
 455.781612741 9.92476567315483e-005 0 0
 459.171476608 2.77873186785003e-005 0 0
 462.561428705 8.44786367923498e-005 0 0
 465.9514575 1.436619053246e-005 0 0
 469.341551461 2.72722584486058e-005 0 0
 472.731699056 4.01681822637064e-005 0 0
 476.121888753 8.84558508967956e-005 0 0
 479.51210902 7.00223416056497e-005 0 0
 482.902348325 7.56973342426729e-005 0 0
 486.292595136 0.000270227498621363 0 0
 489.682837921 0.000206528787010642 0 0
 493.073065148 0.000238921198824646 0 0
 496.463265285 0.000222084956270022 0 0
 499.8534268 0.000154215051770907 0 0
 503.243538161 0.000170233740583345 0 0
 506.633587836 0.000179342557593278 0 0
 510.023564293 0.000178816873061951 0 0
 513.413456 0.000194700961629078 0 0
 516.803251425 0.000169239074104641 0 0
 520.192939036 0.000130625234200454 0 0
 523.582507301 0.000174289449437517 0 0
 526.971944688 0.000151282071995821 0 0
 530.361239665 0.000106772031825455 0 0
 533.7503807 3.17660761562646e-005 0 0
 537.139356261 2.02621161496644e-005 0 0
 540.528154816 6.33268650116239e-005 0 0
 543.916764833 0.00010162198244517 0 0
 547.30517478 0.000116557254476268 0 0
 550.693373125 3.19961925408012e-006 0 0
 554.081348336 2.0276266841366e-005 0 0
 557.469088881 0.000141333889698246 0 0
 560.856583228 0.000198732999353468 0 0
 564.243819845 0.000213270543293577 0 0
 567.6307872 0.000182462479757826 0 0
 571.017473761 0.000178886266145017 0 0
 574.403867996 0.000226894236734753 0 0
 577.789958373 0.000173286235047109 0 0
 581.17573336 0.00039392097874493 0 0
 584.561181425 0.000315808539523628 0 0
 587.946291036 0.000277699665754624 0 0
 591.331050661 0.000241161427545542 0 0
 594.715448768 0.00028765207636794 0 0
 598.099473825 0.000260553902754975 0 0
 601.4831143 0.000305230749729342 0 0
 604.866358661 0.000144730939936195 0 0
 608.249195376 0.000137973397132842 0 0
 611.631612913 0.000130745002941027 0 0
 615.01359974 0.00016230297704859 0 0
 618.395144325 0.000115067667280231 0 0
 621.776235136 0.000154025452299396 0 0
 625.156860641 0.000143204962466878 0 0
 628.537009308 0.00011972459564206 0 0
 631.916669605 9.19236792958861e-005 0 0
 635.29583 0.000158413035648212 0 0
 638.674478961 0.000128610629629321 0 0
 642.052604956 0.000304489175879514 0 0
 645.430196453 0.000232814453948284 0 0
 648.80724192 0.000214926649604389 0 0
 652.183729825 0.000267795068898042 0 0
 655.559648636 0.000198063410054078 0 0
 658.934986821 0.000206884262469976 0 0
 662.309732848 0.000201758492023332 0 0
 665.683875185 0.000329012614272288 0 0
 669.0574023 0.000286103980336911 0 0
 672.430302661 0.000433256594166342 0 0
 675.802564736 0.000291717690402242 0 0
 679.174176993 0.000194142179796396 0 0
 682.5451279 0.000285165484148952 0 0
 685.915405925 0.000317327251445915 0 0
 689.284999536 0.000249968865196277 0 0
 692.653897201 0.00028292399402648 0 0
 696.022087388 7.41653069270008e-005 0 0
 699.389558565 9.61767546408537e-005 0 0
 702.7562992 -2.91597881506795e-005 0 0
 706.122297761 0.00012075683936393 0 0
 709.487542716 4.93133804106416e-005 0 0
 712.852022533 0.000119946719058532 0 0
 716.21572568 0.000131592566653375 0 0
 719.578640625 0.000206291535112482 0 0
 722.940755836 0.000261023433015531 0 0
 726.302059781 0.000121752296789105 0 0
 729.662540928 0.000212469808409904 0 0
 733.022187745 0.000220425724045207 0 0
 736.3809887 0.000264486619203739 0 0
 739.738932261 0.000282384306000912 0 0
 743.096006896 0.000522335327095794 0 0
 746.452201073 0.000437757366054356 0 0
 749.80750326 0.000633566929471528 0 0
 753.161901925 0.000450293804819054 0 0
 756.515385536 0.00064068611065688 0 0
 759.867942561 0.000454871778331542 0 0
 763.219561468 0.000431941275649614 0 0
 766.570230725 0.000189918913302673 0 0
 769.9199388 0.00032304986727875 0 0
 773.268674161 0.000100185417409657 0 0
 776.616425276 0.000331543584417423 0 0
 779.963180613 0.00020425498283556 0 0
 783.30892864 0.000152232534964831 0 0
 786.653657825 0.000174421738848335 0 0
 789.997356636 0.000459851568384075 0 0
 793.340013541 0.000249652732067079 0 0
 796.681617008 0.000227962486899856 0 0
 800.022155505 0.00030927816101541 0 0
 803.3616175 0.000293214080802533 0 0
 806.699991461 0.000207515059848551 0 0
 810.037265856 0.000425395253020006 0 0
 813.373429153 0.000714271894781613 0 0
 816.70846982 0.00085865024548902 0 0
 820.042376325 0.000701363109580206 0 0
 823.375137136 0.000956246042975179 0 0
 826.706740721 0.00095298727132634 0 0
 830.037175548 0.000798583101811167 0 0
 833.366430085 0.000665929740678667 0 0
 836.6944928 0.000782066261968382 0 0
 840.021352161 0.000848311186962725 0 0
 843.346996636 0.000788269143828412 0 0
 846.671414693 0.000880206328407451 0 0
 849.9945948 0.001119528803519 0 0
 853.316525425 0.000847437846818131 0 0
 856.637195036 0.00101634192538227 0 0
 859.956592101 0.00130940480805009 0 0
 863.274705088 0.00155036933517039 0 0
 866.591522465 0.00103869487549271 0 0
 869.9070327 0.00141995036912491 0 0
 873.221224261 0.00113072598390598 0 0
 876.534085616 0.00125859569043836 0 0
 879.845605233 0.00101786493548894 0 0
 883.15577158 0.00123711376978416 0 0
 886.464573125 0.0010718956455184 0 0
 889.771998336 0.00101555671456843 0 0
 893.078035681 0.0012762896036748 0 0
 896.382673628 0.00161009278840721 0 0
 899.685900645 0.00112460651936321 0 0
 902.9877052 0.00147081432369482 0 0
 906.288075761 0.00129654270234077 0 0
 909.587000796 0.00150007181443172 0 0
 912.884468773 0.00173503303626198 0 0
 916.18046816 0.00179738520432229 0 0
 919.474987425 0.00215343668972025 0 0
 922.768015036 0.00247483099799123 0 0
 926.059539461 0.00183417916890029 0 0
 929.349549168 0.00258577403576282 0 0
 932.638032625 0.0030516406201836 0 0
 935.9249783 0.00298066426043987 0 0
 939.210374661 0.00189928407463455 0 0
 942.494210176 0.0041477006541249 0 0
 945.776473313 0.00186342372476218 0 0
 949.05715254 0.00164472861297137 0 0
 952.336236325 0.00461202343927767 0 0
 955.613713136 0 0 0
 958.889571441 0 0 0
 962.163799708 0 0 0
 965.436386405 0 0 0
 968.70732 0 0 0
 971.976588961 0 0 0
 975.244181756 0 0 0
 978.510086853 0 0 0
 981.77429272 0 0 0
 985.036787825 0 0 0
 988.297560636 0 0 0
 991.556599621 0 0 0
 994.813893248 0 0 0
 998.069429985 0 0 0
 1001.3231983 0 0 0
 1004.575186661 0 0 0
 1007.825383536 0 0 0
 1011.073777393 0 0 0
 1014.3203567 0 0 0
 1017.565109925 0 0 0
 1020.808025536 0 0 0
 1024.049092001 0 0 0
 1027.288297788 0 0 0
 1030.525631365 0 0 0
 1033.7610812 0 0 0
 1036.994635761 0 0 0
 1040.226283516 0 0 0
 1043.456012933 0 0 0
 1046.68381248 0 0 0
 1049.909670625 0 0 0
 1053.133575836 0 0 0
 1056.355516581 0 0 0
 1059.575481328 0 0 0
 1062.793458545 0 0 0
 1066.0094367 0 0 0
 1069.223404261 0 0 0
 1072.435349696 0 0 0
 1075.645261473 0 0 0
 1078.85312806 0 0 0
 1082.058937925 0 0 0
 1085.262679536 0 0 0
 1088.464341361 0 0 0
 1091.663911868 0 0 0
 1094.861379525 0 0 0
 1098.0567328 0 0 0
 1101.249960161 0 0 0
 1104.441050076 0 0 0
 1107.629991013 0 0 0
 1110.81677144 0 0 0
 1114.001379825 0 0 0
 1117.183804636 0 0 0
 1120.364034341 0 0 0
 1123.542057408 0 0 0
 1126.717862305 0 0 0
 1129.8914375 0 0 0
 1133.062771461 0 0 0
 1136.231852656 0 0 0
 1139.398669553 0 0 0
 1142.56321062 0 0 0
 1145.725464325 0 0 0
 1148.885419136 0 0 0
[END] of [DATA]
[END] of [Spectrum]


#TBID:2021-08-11 03:00:00;SAM_84CE;RAW;

[Spectrum]
Version            = 1
IDData             = 96B1_2021-08-11_03-00-00_000_219
IDDevice           = SAM_84CE
IDDataType         = SPECTRUM
IDDataTypeSub1     = RAW
IDDataTypeSub2     = 
IDDataTypeSub3     = 
DateTime           = 2021-08-11 03:00:00
PositionLatitude   = 0
PositionLongitude  = 0
Comment            = 
CommentSub1        = 
CommentSub2        = 
CommentSub3        = 
IDMethodType       = SAM Control
MethodName         = SAM_84CE
Mission            = No Mission
MissionSub         = 1
RecordType         = 0
[Attributes]
CalFactor = 1
IDBasisSpec = 
IDDataBack = DLAB_2015-08-21_11-56-43_233_004
IDDataCal = DLAB_2015-08-26_10-05-37_585_478
IntegrationTime = 4096
P31 = -1
P31e = 0
PathLength = +INF
PathLengthCustomOn = 0
RAWDynamic = 65535
Salinity = 0
Temperature = -NAN
Unit1 = $05 $00 Pixel 
Unit2 = $03 $05 Intensity counts
Unit3 = $f0 $05 Error counts
Unit4 = $f1 $00 Status 
p999 = 1521
[END] of [Attributes]
[DATA]
 0 11 0 0
 1 1950 0 0
 2 1961 0 0
 3 1955 0 0
 4 1964 0 0
 5 1969 0 0
 6 1965 0 0
 7 1968 0 0
 8 1974 0 0
 9 1976 0 0
 10 1976 0 0
 11 1979 0 0
 12 1980 0 0
 13 1985 0 0
 14 1986 0 0
 15 1975 0 0
 16 1976 0 0
 17 1973 0 0
 18 1983 0 0
 19 1978 0 0
 20 1988 0 0
 21 1986 0 0
 22 1986 0 0
 23 2000 0 0
 24 1995 0 0
 25 1990 0 0
 26 2000 0 0
 27 1995 0 0
 28 1981 0 0
 29 1987 0 0
 30 1987 0 0
 31 1994 0 0
 32 1988 0 0
 33 1986 0 0
 34 1984 0 0
 35 1981 0 0
 36 1989 0 0
 37 1973 0 0
 38 1988 0 0
 39 1990 0 0
 40 1985 0 0
 41 1981 0 0
 42 1982 0 0
 43 1981 0 0
 44 1975 0 0
 45 1970 0 0
 46 1985 0 0
 47 1989 0 0
 48 1982 0 0
 49 1981 0 0
 50 1980 0 0
 51 1970 0 0
 52 1970 0 0
 53 1975 0 0
 54 1978 0 0
 55 1972 0 0
 56 1975 0 0
 57 1974 0 0
 58 1976 0 0
 59 1972 0 0
 60 1969 0 0
 61 1975 0 0
 62 1978 0 0
 63 1971 0 0
 64 1968 0 0
 65 1969 0 0
 66 1981 0 0
 67 1972 0 0
 68 1973 0 0
 69 1966 0 0
 70 1957 0 0
 71 1964 0 0
 72 1971 0 0
 73 1972 0 0
 74 1970 0 0
 75 1969 0 0
 76 1976 0 0
 77 1962 0 0
 78 1964 0 0
 79 1971 0 0
 80 1975 0 0
 81 1971 0 0
 82 1966 0 0
 83 1966 0 0
 84 1960 0 0
 85 1961 0 0
 86 1965 0 0
 87 1967 0 0
 88 1963 0 0
 89 1960 0 0
 90 1964 0 0
 91 1968 0 0
 92 1966 0 0
 93 1963 0 0
 94 1956 0 0
 95 1953 0 0
 96 1951 0 0
 97 1965 0 0
 98 1964 0 0
 99 1964 0 0
 100 1963 0 0
 101 1960 0 0
 102 1962 0 0
 103 1962 0 0
 104 1958 0 0
 105 1966 0 0
 106 1964 0 0
 107 1954 0 0
 108 1956 0 0
 109 1968 0 0
 110 1958 0 0
 111 1970 0 0
 112 1963 0 0
 113 1957 0 0
 114 1965 0 0
 115 1955 0 0
 116 1951 0 0
 117 1959 0 0
 118 1962 0 0
 119 1957 0 0
 120 1960 0 0
 121 1956 0 0
 122 1963 0 0
 123 1951 0 0
 124 1954 0 0
 125 1955 0 0
 126 1956 0 0
 127 1947 0 0
 128 1955 0 0
 129 1949 0 0
 130 1948 0 0
 131 1959 0 0
 132 1950 0 0
 133 1957 0 0
 134 1952 0 0
 135 1949 0 0
 136 1947 0 0
 137 1960 0 0
 138 1947 0 0
 139 1952 0 0
 140 1947 0 0
 141 1950 0 0
 142 1949 0 0
 143 1948 0 0
 144 1950 0 0
 145 1955 0 0
 146 1954 0 0
 147 1942 0 0
 148 1948 0 0
 149 1947 0 0
 150 1939 0 0
 151 1941 0 0
 152 1944 0 0
 153 1941 0 0
 154 1944 0 0
 155 1945 0 0
 156 1944 0 0
 157 1942 0 0
 158 1941 0 0
 159 1943 0 0
 160 1942 0 0
 161 1952 0 0
 162 1944 0 0
 163 1945 0 0
 164 1941 0 0
 165 1940 0 0
 166 1940 0 0
 167 1942 0 0
 168 1942 0 0
 169 1939 0 0
 170 1941 0 0
 171 1955 0 0
 172 1944 0 0
 173 1938 0 0
 174 1936 0 0
 175 1936 0 0
 176 1942 0 0
 177 1941 0 0
 178 1950 0 0
 179 1942 0 0
 180 1941 0 0
 181 1939 0 0
 182 1941 0 0
 183 1929 0 0
 184 1925 0 0
 185 1938 0 0
 186 1942 0 0
 187 1942 0 0
 188 1937 0 0
 189 1932 0 0
 190 1937 0 0
 191 1930 0 0
 192 1931 0 0
 193 1934 0 0
 194 1928 0 0
 195 1931 0 0
 196 1930 0 0
 197 1934 0 0
 198 1940 0 0
 199 1930 0 0
 200 1931 0 0
 201 1934 0 0
 202 1927 0 0
 203 1931 0 0
 204 1929 0 0
 205 1933 0 0
 206 1939 0 0
 207 1933 0 0
 208 1924 0 0
 209 1923 0 0
 210 1925 0 0
 211 1924 0 0
 212 1922 0 0
 213 1927 0 0
 214 1929 0 0
 215 1936 0 0
 216 1935 0 0
 217 1924 0 0
 218 1927 0 0
 219 1928 0 0
 220 1917 0 0
 221 1923 0 0
 222 1929 0 0
 223 1921 0 0
 224 1924 0 0
 225 1923 0 0
 226 1924 0 0
 227 1926 0 0
 228 1916 0 0
 229 1941 0 0
 230 1929 0 0
 231 1922 0 0
 232 1926 0 0
 233 1922 0 0
 234 1919 0 0
 235 1924 0 0
 236 1911 0 0
 237 1929 0 0
 238 1924 0 0
 239 1917 0 0
 240 1920 0 0
 241 1920 0 0
 242 1915 0 0
 243 1925 0 0
 244 1923 0 0
 245 1914 0 0
 246 1904 0 0
 247 1920 0 0
 248 1900 0 0
 249 1907 0 0
 250 1897 0 0
 251 1899 0 0
 252 1884 0 0
 253 1880 0 0
 254 1870 0 0
 255 1929 0 0
[END] of [DATA]
[END] of [Spectrum]


#TBID:2021-08-11 03:00:00;SAM_84CE;CALIBRATED;

[Spectrum]
Version            = 1
IDData             = 96B1_2021-08-11_03-00-00_000_220
IDDevice           = SAM_84CE
IDDataType         = SPECTRUM
IDDataTypeSub1     = CALIBRATED
IDDataTypeSub2     = 
IDDataTypeSub3     = 
DateTime           = 2021-08-11 03:00:00
PositionLatitude   = 0
PositionLongitude  = 0
Comment            = 
CommentSub1        = 
CommentSub2        = 
CommentSub3        = 
IDMethodType       = SAM Control
MethodName         = SAM_84CE
Mission            = No Mission
MissionSub         = 1
RecordType         = 0
[Attributes]
CalFactor = 1
IDBasisSpec = 
IDDataBack = DLAB_2015-08-21_11-56-43_233_004
IDDataCal = DLAB_2015-08-26_10-05-37_585_478
IntegrationTime = 4096
P31 = -1
P31e = 0
PathLength = +INF
PathLengthCustomOn = 0
RAWDynamic = 65535
Salinity = 0
Temperature = -NAN
Unit1 = $01 $01 Wavelength nm
Unit2 = $03 $06 Intensity mW/(m^2 nm)
Unit3 = $f0 $06 Error mW/(m^2 nm)
Unit4 = $f1 $00 Status 
p999 = 1521
[END] of [Attributes]
[DATA]
 0 11 0 0
 303.485180022 0 0 0
 306.85638880275 0 0 0
 310.228324544 0 0 0
 313.60097308125 0 0 0
 316.97432025 0.0326738993007724 0 0
 320.34835188575 0.0311003171124688 0 0
 323.723053824 0.0303389871243992 0 0
 327.09841190025 0.0309931045310075 0 0
 330.47441195 0.0272054785047066 0 0
 333.85103980875 0.0274139492116231 0 0
 337.228281312 0.0257487428638678 0 0
 340.60612229525 0.0242012920600537 0 0
 343.984548594 0.0239646315537255 0 0
 347.36354604375 0.0208081552740213 0 0
 350.74310048 0.0183534827373701 0 0
 354.12319773825 0.0166782860233795 0 0
 357.503823654 0.0158028056617793 0 0
 360.88496406275 0.0159957047729814 0 0
 364.2666048 0.0158817112859625 0 0
 367.64873170125 0.0157769049399009 0 0
 371.031330602 0.0162597043179886 0 0
 374.41438733775 0.0171814808662782 0 0
 377.797887744 0.0178248820420676 0 0
 381.18181765625 0.0190504494380283 0 0
 384.56616291 0.0182588401234542 0 0
 387.95090934075 0.0193980427942588 0 0
 391.336042784 0.0179034000291295 0 0
 394.72154907525 0.017246256091393 0 0
 398.10741405 0.0174414733810494 0 0
 401.49362354375 0.016706782217241 0 0
 404.880163392 0.0157486221612755 0 0
 408.26701943025 0.0145488625708474 0 0
 411.654177494 0.0139393850029501 0 0
 415.04162341875 0.0132280235597655 0 0
 418.42934304 0.0123130270113471 0 0
 421.81732219325 0.0114485469821379 0 0
 425.205546714 0.0100398127652282 0 0
 428.59400243775 0.0100462575318874 0 0
 431.9826752 0.0102783812976767 0 0
 435.37155083625 0.00930948204120833 0 0
 438.760615182 0.00886409202311497 0 0
 442.14985407275 0.00864018592002912 0 0
 445.539253344 0.00864738177261828 0 0
 448.92879883125 0.00878418211863875 0 0
 452.31847637 0.00845679408800775 0 0
 455.70827179575 0.00913846219282503 0 0
 459.098170944 0.00948452545948102 0 0
 462.48815965025 0.009675009351214 0 0
 465.87822375 0.00980938736824468 0 0
 469.26834907875 0.00958334710960373 0 0
 472.658521472 0.00931854940341669 0 0
 476.04872676525 0.00946246047748338 0 0
 479.438950794 0.00933700051765442 0 0
 482.82917939375 0.00948634187107801 0 0
 486.2193984 0.0099091426307444 0 0
 489.60959364825 0.0105076173116843 0 0
 492.999750974 0.010370267153088 0 0
 496.38985621275 0.0100106455071976 0 0
 499.7798952 0.0098547137562449 0 0
 503.16985377125 0.00996344853991122 0 0
 506.559717762 0.0100221829464057 0 0
 509.94947300775 0.00924260557834862 0 0
 513.339105344 0.00865309340004614 0 0
 516.72860060625 0.00821117764265449 0 0
 520.11794463 0.00850398423085851 0 0
 523.50712325075 0.00858237157377964 0 0
 526.896122304 0.00808282372014443 0 0
 530.28492762525 0.00777242648140191 0 0
 533.67352505 0.00779289697331136 0 0
 537.06190041375 0.00739377622399221 0 0
 540.450039552 0.00725139625996841 0 0
 543.83792830025 0.00747805286721713 0 0
 547.225552494 0.00735250239136141 0 0
 550.61289796875 0.00758860694844873 0 0
 553.99995056 0.00729891369465788 0 0
 557.38669610325 0.00723689695073242 0 0
 560.773120434 0.00684455734623325 0 0
 564.15920938775 0.00754992382865201 0 0
 567.5449488 0.00770153801278331 0 0
 570.93032450625 0.00814227120513137 0 0
 574.315322342 0.00772627015590964 0 0
 577.69992814275 0.00791641998466264 0 0
 581.084127744 0.00836716990809956 0 0
 584.46790698125 0.00767162257154436 0 0
 587.85125169 0.00785145966409435 0 0
 591.23414770575 0.00832420496300008 0 0
 594.616580864 0.00859355650975166 0 0
 597.99853700025 0.00854719427130336 0 0
 601.38000195 0.00823371930527991 0 0
 604.76096154875 0.00784041254112354 0 0
 608.141401632 0.00871988269172515 0 0
 611.52130803525 0.00876677565051927 0 0
 614.900666594 0.00764446854084958 0 0
 618.27946314375 0.00786346062066478 0 0
 621.65768352 0.00808943869087015 0 0
 625.03531355825 0.00797279813188485 0 0
 628.412339094 0.00937953495890957 0 0
 631.78874596275 0.00892887924833742 0 0
 635.16452 0.00951008642088881 0 0
 638.53964704125 0.00981183074314889 0 0
 641.914112922 0.0102782956351535 0 0
 645.28790347775 0.0103165616620027 0 0
 648.661004544 0.0102298631979244 0 0
 652.03340195625 0.0103656967023741 0 0
 655.40508155 0.0111166574890236 0 0
 658.77602916075 0.0114300108479155 0 0
 662.146230624 0.010116001610145 0 0
 665.51567177525 0.0106123887914849 0 0
 668.88433845 0.0112119912959123 0 0
 672.25221648375 0.0109366429087798 0 0
 675.619291712 0.0114454061775226 0 0
 678.98554997025 0.0113382617124023 0 0
 682.350977094 0.010968036445959 0 0
 685.71555891875 0.0115877124443376 0 0
 689.07928128 0.0101807105941199 0 0
 692.44213001325 0.0100938632229459 0 0
 695.804090954 0.0103038783435595 0 0
 699.16514993775 0.0115790528008064 0 0
 702.5252928 0.0104347157977465 0 0
 705.88450537625 0.0109534433247758 0 0
 709.242773502 0.0109690739636233 0 0
 712.60008301275 0.0117196299897754 0 0
 715.956419744 0.0100545392427037 0 0
 719.31176953125 0.0105244464471805 0 0
 722.66611821 0.0110532669498687 0 0
 726.01945161575 0.00956404715482179 0 0
 729.371755584 0.00956618584527708 0 0
 732.72301595025 0.0106745187668636 0 0
 736.07321855 0.00977120836126572 0 0
 739.42234921875 0.0103882511407006 0 0
 742.770393792 0.0102220464024542 0 0
 746.11733810525 0.0104371825731109 0 0
 749.463167994 0.0120835437092288 0 0
 752.80786929375 0.0109448543658268 0 0
 756.15142784 0.0100568940777902 0 0
 759.49382946825 0.0100824412825524 0 0
 762.835060014 0.0119705887243176 0 0
 766.17510531275 0.0120304629604285 0 0
 769.5139512 0.0105159405585374 0 0
 772.85158351125 0.0117560974267349 0 0
 776.187988082 0.0114198706173606 0 0
 779.52315074775 0.012139843331603 0 0
 782.857057344 0.0116858512195454 0 0
 786.18969370625 0.0123041779154396 0 0
 789.52104567 0.0116146587479617 0 0
 792.85109907075 0.0129286005721562 0 0
 796.179839744 0.0130517788360756 0 0
 799.50725352525 0.0127509463051336 0 0
 802.83332625 0.014327501801651 0 0
 806.15804375375 0.0123986357385377 0 0
 809.481391872 0.013950581388712 0 0
 812.80335644025 0.0152774609720717 0 0
 816.123923294 0.0124891203769463 0 0
 819.44307826875 0.0150697824475593 0 0
 822.7608072 0.0162618550806486 0 0
 826.07709592325 0.0169321902556487 0 0
 829.391930274 0.0153494551901095 0 0
 832.70529608775 0.0184684756614933 0 0
 836.0171792 0.0170845781606243 0 0
 839.32756544625 0.0168096954158355 0 0
 842.636440662 0.021978408453552 0 0
 845.94379068275 0.0197092894980309 0 0
 849.249601344 0.0217851726029903 0 0
 852.55385848125 0.0199490315232968 0 0
 855.85654793 0.022120612956523 0 0
 859.15765552575 0.0237925827220856 0 0
 862.457167104 0.0246439339489769 0 0
 865.75506850025 0.0262550716358086 0 0
 869.05134555 0.0220168755214277 0 0
 872.34598408875 0.0238344583444438 0 0
 875.638969952 0.0355249939004754 0 0
 878.93028897525 0.0299611443753433 0 0
 882.219926994 0.026517645660294 0 0
 885.50786984375 0.0293915877999956 0 0
 888.79410336 0.0254827438014838 0 0
 892.07861337825 0.0328474340130217 0 0
 895.361385734 0.0327300849131064 0 0
 898.64240626275 0.0404654320507253 0 0
 901.9216608 0.0347868125251762 0 0
 905.19913518125 0.0336814394475504 0 0
 908.474815242 0.034596657035285 0 0
 911.74868681775 0.0401731861260859 0 0
 915.020735744 0.0365277726163011 0 0
 918.29094785625 0.0304164765699138 0 0
 921.55930899 0.0422863806993634 0 0
 924.82580498075 0.0456146384995042 0 0
 928.090421664 0.0454176458267302 0 0
 931.35314487525 0.0489741731247448 0 0
 934.61396045 0.0420080235214365 0 0
 937.87285422375 0.0526793115230423 0 0
 941.129812032 0.03535454923437 0 0
 944.38481971025 0.0464230778988508 0 0
 947.637863094 0.0539317255277057 0 0
 950.88892801875 0.0464094160603846 0 0
 954.13800032 0 0 0
 957.38506583325 0 0 0
 960.630110394 0 0 0
 963.87311983775 0 0 0
 967.11408 0 0 0
 970.35297671625 0 0 0
 973.589795822 0 0 0
 976.82452315275 0 0 0
 980.057144544 0 0 0
 983.28764583125 0 0 0
 986.51601285 0 0 0
 989.74223143575 0 0 0
 992.966287424 0 0 0
 996.18816665025 0 0 0
 999.40785495 0 0 0
 1002.62533815875 0 0 0
 1005.840602112 0 0 0
 1009.05363264525 0 0 0
 1012.264415594 0 0 0
 1015.47293679375 0 0 0
 1018.67918208 0 0 0
 1021.88313728825 0 0 0
 1025.084788254 0 0 0
 1028.28412081275 0 0 0
 1031.4811208 0 0 0
 1034.67577405125 0 0 0
 1037.868066402 0 0 0
 1041.05798368775 0 0 0
 1044.245511744 0 0 0
 1047.43063640625 0 0 0
 1050.61334351 0 0 0
 1053.79361889075 0 0 0
 1056.971448384 0 0 0
 1060.14681782525 0 0 0
 1063.31971305 0 0 0
 1066.49011989375 0 0 0
 1069.658024192 0 0 0
 1072.82341178025 0 0 0
 1075.986268494 0 0 0
 1079.14658016875 0 0 0
 1082.30433264 0 0 0
 1085.45951174325 0 0 0
 1088.612103314 0 0 0
 1091.76209318775 0 0 0
 1094.9094672 0 0 0
 1098.05421118625 0 0 0
 1101.196310982 0 0 0
 1104.33575242275 0 0 0
 1107.472521344 0 0 0
 1110.60660358125 0 0 0
 1113.73798497 0 0 0
 1116.86665134575 0 0 0
 1119.992588544 0 0 0
 1123.11578240025 0 0 0
 1126.23621875 0 0 0
 1129.35388342875 0 0 0
 1132.468762272 0 0 0
 1135.58084111525 0 0 0
 1138.690105794 0 0 0
 1141.79654214375 0 0 0
 1144.900136 0 0 0
[END] of [DATA]
[END] of [Spectrum]


#TBID:2021-08-11 03:00:00;SAM_84DC;RAW;

[Spectrum]
Version            = 1
IDData             = 96B1_2021-08-11_03-00-00_000_222
IDDevice           = SAM_84DC
IDDataType         = SPECTRUM
IDDataTypeSub1     = RAW
IDDataTypeSub2     = 
IDDataTypeSub3     = 
DateTime           = 2021-08-11 03:00:00
PositionLatitude   = 0
PositionLongitude  = 0
Comment            = 
CommentSub1        = 
CommentSub2        = 
CommentSub3        = 
IDMethodType       = SAM Control
MethodName         = SAM_84DC
Mission            = No Mission
MissionSub         = 1
RecordType         = 0
[Attributes]
CalFactor = 1
IDBasisSpec = 
IDDataBack = DLAB_2015-08-21_13-19-54_137_939
IDDataCal = DLAB_2015-08-24_10-46-55_592_608
IntegrationTime = 4096
P31 = -1
P31e = 0
PathLength = +INF
PathLengthCustomOn = 0
RAWDynamic = 65535
Salinity = 0
Temperature = -NAN
Unit1 = $05 $00 Pixel 
Unit2 = $03 $05 Intensity counts
Unit3 = $f0 $05 Error counts
Unit4 = $f1 $00 Status 
p999 = 1521
[END] of [Attributes]
[DATA]
 0 11 0 0
 1 1948 0 0
 2 1941 0 0
 3 1958 0 0
 4 1974 0 0
 5 1968 0 0
 6 1960 0 0
 7 1977 0 0
 8 1976 0 0
 9 1978 0 0
 10 1973 0 0
 11 1975 0 0
 12 1970 0 0
 13 1974 0 0
 14 1982 0 0
 15 1974 0 0
 16 1987 0 0
 17 1983 0 0
 18 1982 0 0
 19 1984 0 0
 20 1985 0 0
 21 1989 0 0
 22 1993 0 0
 23 1996 0 0
 24 2002 0 0
 25 1995 0 0
 26 1995 0 0
 27 2002 0 0
 28 1996 0 0
 29 1992 0 0
 30 1994 0 0
 31 2002 0 0
 32 1994 0 0
 33 1994 0 0
 34 2001 0 0
 35 1997 0 0
 36 2007 0 0
 37 1997 0 0
 38 2002 0 0
 39 1994 0 0
 40 2008 0 0
 41 2000 0 0
 42 2001 0 0
 43 2000 0 0
 44 2004 0 0
 45 2004 0 0
 46 2007 0 0
 47 2013 0 0
 48 2000 0 0
 49 2001 0 0
 50 1999 0 0
 51 1999 0 0
 52 2005 0 0
 53 1993 0 0
 54 1997 0 0
 55 1999 0 0
 56 2002 0 0
 57 2006 0 0
 58 2004 0 0
 59 2007 0 0
 60 2003 0 0
 61 2009 0 0
 62 1998 0 0
 63 1999 0 0
 64 1998 0 0
 65 1999 0 0
 66 1997 0 0
 67 2001 0 0
 68 2005 0 0
 69 1998 0 0
 70 2006 0 0
 71 2012 0 0
 72 2006 0 0
 73 2004 0 0
 74 2009 0 0
 75 1998 0 0
 76 2014 0 0
 77 2011 0 0
 78 1999 0 0
 79 2014 0 0
 80 2000 0 0
 81 2009 0 0
 82 2005 0 0
 83 2005 0 0
 84 2002 0 0
 85 2022 0 0
 86 2011 0 0
 87 2005 0 0
 88 2001 0 0
 89 2001 0 0
 90 1999 0 0
 91 1994 0 0
 92 1999 0 0
 93 1996 0 0
 94 2009 0 0
 95 1999 0 0
 96 1989 0 0
 97 2000 0 0
 98 2001 0 0
 99 1996 0 0
 100 2001 0 0
 101 2005 0 0
 102 2009 0 0
 103 2004 0 0
 104 2006 0 0
 105 2012 0 0
 106 2008 0 0
 107 2024 0 0
 108 2012 0 0
 109 2013 0 0
 110 2012 0 0
 111 2012 0 0
 112 2017 0 0
 113 2012 0 0
 114 2018 0 0
 115 2017 0 0
 116 2016 0 0
 117 2016 0 0
 118 2012 0 0
 119 2022 0 0
 120 2006 0 0
 121 2023 0 0
 122 2013 0 0
 123 2022 0 0
 124 2020 0 0
 125 2015 0 0
 126 2019 0 0
 127 2020 0 0
 128 2016 0 0
 129 2014 0 0
 130 2021 0 0
 131 2016 0 0
 132 2018 0 0
 133 2020 0 0
 134 2019 0 0
 135 2025 0 0
 136 2013 0 0
 137 2020 0 0
 138 2015 0 0
 139 2024 0 0
 140 2021 0 0
 141 2026 0 0
 142 2014 0 0
 143 2026 0 0
 144 2024 0 0
 145 2021 0 0
 146 2017 0 0
 147 2018 0 0
 148 2024 0 0
 149 2027 0 0
 150 2021 0 0
 151 2026 0 0
 152 2018 0 0
 153 2030 0 0
 154 2030 0 0
 155 2030 0 0
 156 2029 0 0
 157 2036 0 0
 158 2030 0 0
 159 2034 0 0
 160 2026 0 0
 161 2019 0 0
 162 2019 0 0
 163 2016 0 0
 164 2028 0 0
 165 2030 0 0
 166 2030 0 0
 167 2034 0 0
 168 2032 0 0
 169 2028 0 0
 170 2027 0 0
 171 2036 0 0
 172 2023 0 0
 173 2030 0 0
 174 2036 0 0
 175 2030 0 0
 176 2033 0 0
 177 2036 0 0
 178 2032 0 0
 179 2025 0 0
 180 2030 0 0
 181 2035 0 0
 182 2037 0 0
 183 2039 0 0
 184 2032 0 0
 185 2037 0 0
 186 2038 0 0
 187 2043 0 0
 188 2035 0 0
 189 2032 0 0
 190 2032 0 0
 191 2038 0 0
 192 2050 0 0
 193 2040 0 0
 194 2038 0 0
 195 2030 0 0
 196 2049 0 0
 197 2046 0 0
 198 2033 0 0
 199 2051 0 0
 200 2042 0 0
 201 2053 0 0
 202 2046 0 0
 203 2056 0 0
 204 2052 0 0
 205 2057 0 0
 206 2051 0 0
 207 2058 0 0
 208 2046 0 0
 209 2052 0 0
 210 2038 0 0
 211 2046 0 0
 212 2050 0 0
 213 2044 0 0
 214 2047 0 0
 215 2057 0 0
 216 2054 0 0
 217 2057 0 0
 218 2058 0 0
 219 2051 0 0
 220 2059 0 0
 221 2063 0 0
 222 2061 0 0
 223 2064 0 0
 224 2055 0 0
 225 2068 0 0
 226 2060 0 0
 227 2062 0 0
 228 2070 0 0
 229 2066 0 0
 230 2065 0 0
 231 2060 0 0
 232 2070 0 0
 233 2066 0 0
 234 2065 0 0
 235 2071 0 0
 236 2063 0 0
 237 2070 0 0
 238 2071 0 0
 239 2073 0 0
 240 2078 0 0
 241 2070 0 0
 242 2073 0 0
 243 2070 0 0
 244 2073 0 0
 245 2074 0 0
 246 2080 0 0
 247 2077 0 0
 248 2086 0 0
 249 2071 0 0
 250 2061 0 0
 251 2065 0 0
 252 2066 0 0
 253 2053 0 0
 254 2031 0 0
 255 2090 0 0
[END] of [DATA]
[END] of [Spectrum]


#TBID:2021-08-11 03:00:00;SAM_84DC;CALIBRATED;

[Spectrum]
Version            = 1
IDData             = 96B1_2021-08-11_03-00-00_000_223
IDDevice           = SAM_84DC
IDDataType         = SPECTRUM
IDDataTypeSub1     = CALIBRATED
IDDataTypeSub2     = 
IDDataTypeSub3     = 
DateTime           = 2021-08-11 03:00:00
PositionLatitude   = 0
PositionLongitude  = 0
Comment            = 
CommentSub1        = 
CommentSub2        = 
CommentSub3        = 
IDMethodType       = SAM Control
MethodName         = SAM_84DC
Mission            = No Mission
MissionSub         = 1
RecordType         = 0
[Attributes]
CalFactor = 1
IDBasisSpec = 
IDDataBack = DLAB_2015-08-21_13-19-54_137_939
IDDataCal = DLAB_2015-08-24_10-46-55_592_608
IntegrationTime = 4096
P31 = -1
P31e = 0
PathLength = +INF
PathLengthCustomOn = 0
RAWDynamic = 65535
Salinity = 0
Temperature = -NAN
Unit1 = $01 $01 Wavelength nm
Unit2 = $03 $03 Intensity mW/(m^2 nm Sr)
Unit3 = $f0 $03 Error mW/(m^2 nm Sr)
Unit4 = $f1 $00 Status 
p999 = 1521
[END] of [Attributes]
[DATA]
 0 11 0 0
 305.71650776488 0 0 0
 309.04007505697 0 0 0
 312.36416914304 0 0 0
 315.68877841375 0 0 0
 319.01389125976 -0.00369682456256873 0 0
 322.33949607173 -0.00349282400779916 0 0
 325.66558124032 -0.00309195618932796 0 0
 328.99213515619 -0.00282814219265836 0 0
 332.31914621 -0.00272453643430346 0 0
 335.64660279241 -0.00259008297306648 0 0
 338.97449329408 -0.0023963650461685 0 0
 342.30280610567 -0.00214323197612032 0 0
 345.63152961784 -0.00188731058813997 0 0
 348.96065222125 -0.00176916029043149 0 0
 352.29016230656 -0.00151121104474946 0 0
 355.62004826443 -0.00134351756769808 0 0
 358.95029848552 -0.00145322504417687 0 0
 362.28090136049 -0.00131862095239468 0 0
 365.61184528 -0.00134187100276181 0 0
 368.94311863471 -0.00131545325935624 0 0
 372.27470981528 -0.00123468690387616 0 0
 375.60660721237 -0.00136759284760819 0 0
 378.93879921664 -0.00132666095509305 0 0
 382.27127421875 -0.00120281819271969 0 0
 385.60402060936 -0.00120516881741821 0 0
 388.93702677913 -0.00132153184578397 0 0
 392.27028111872 -0.00116123961736584 0 0
 395.60377201879 -0.0011091076006752 0 0
 398.93748787 -0.00112790198352546 0 0
 402.27141706301 -0.00101688187733759 0 0
 405.60554798848 -0.000993894437338883 0 0
 408.93986903707 -0.00102104975039311 0 0
 412.27436859944 -0.000891155158299344 0 0
 415.60903506625 -0.000826512361043823 0 0
 418.94385682816 -0.000751075577205158 0 0
 422.27882227583 -0.00071682504089496 0 0
 425.61391979992 -0.000771523387021212 0 0
 428.94913779109 -0.000650901317033528 0 0
 432.28446464 -0.00067530782809382 0 0
 435.61988873731 -0.000645572811694258 0 0
 438.95539847368 -0.000651019804223824 0 0
 442.29098223977 -0.000628119289841788 0 0
 445.62662842624 -0.000672123431539225 0 0
 448.96232542375 -0.000665715479719456 0 0
 452.29806162296 -0.000669863642376399 0 0
 455.63382541453 -0.000703179688609226 0 0
 458.96960518912 -0.000673490517782039 0 0
 462.30538933739 -0.000742529110551893 0 0
 465.64116625 -0.000754482405906179 0 0
 468.97692431761 -0.000768038253712707 0 0
 472.31265193088 -0.000800928398139556 0 0
 475.64833748047 -0.000743496182641404 0 0
 478.98396935704 -0.000862704023423867 0 0
 482.31953595125 -0.00082263864670138 0 0
 485.65502565376 -0.000860363304820728 0 0
 488.99042685523 -0.000800763849547031 0 0
 492.32572794632 -0.000806578623359396 0 0
 495.66091731769 -0.00082813962351442 0 0
 498.99598336 -0.00087024192601637 0 0
 502.33091446391 -0.000823926283994333 0 0
 505.66569902008 -0.000771789934925486 0 0
 509.00032541917 -0.000799510158431172 0 0
 512.33478205184 -0.000811881276711036 0 0
 515.66905730875 -0.000817739103086565 0 0
 519.00313958056 -0.000742964110392209 0 0
 522.33701725793 -0.000657061218051069 0 0
 525.67067873152 -0.000721392302125683 0 0
 529.00411239199 -0.000678905731437916 0 0
 532.33730663 -0.000689242335067371 0 0
 535.67024983621 -0.000649859055288452 0 0
 539.00293040128 -0.000617206901706334 0 0
 542.33533671587 -0.000602743830438553 0 0
 545.66745717064 -0.000670578078864786 0 0
 548.99928015625 -0.000638404807983378 0 0
 552.33079406336 -0.000676957360752962 0 0
 555.66198728263 -0.000579611559906352 0 0
 558.99284820472 -0.000610127955431196 0 0
 562.32336522029 -0.000674371916477151 0 0
 565.65352672 -0.000633351828340941 0 0
 568.98332109451 -0.000727544459887125 0 0
 572.31273673448 -0.000723978789813427 0 0
 575.64176203057 -0.000700690330763087 0 0
 578.97038537344 -0.000757985370094895 0 0
 582.29859515375 -0.000720909834555068 0 0
 585.62637976216 -0.000664399690385193 0 0
 588.95372758933 -0.000745213739206489 0 0
 592.28062702592 -0.000853906894046985 0 0
 595.60706646259 -0.000862931214369701 0 0
 598.93303429 -0.000973094911854789 0 0
 602.25851889881 -0.000880856510780406 0 0
 605.58350867968 -0.0010593226058161 0 0
 608.90799202327 -0.00100408288377256 0 0
 612.23195732024 -0.00105176618489048 0 0
 615.55539296125 -0.000932046910731915 0 0
 618.87828733696 -0.00107661226414614 0 0
 622.20062883803 -0.00115004420349516 0 0
 625.52240585512 -0.00112517863338108 0 0
 628.84360677889 -0.00100964477978925 0 0
 632.16422 -0.00116543710437282 0 0
 635.48423390911 -0.00114232551805823 0 0
 638.80363689688 -0.00103676611044077 0 0
 642.12241735397 -0.00105800068570673 0 0
 645.44056367104 -0.00113554781620988 0 0
 648.75806423875 -0.00111791162279982 0 0
 652.07490744776 -0.00108850166479099 0 0
 655.39108168873 -0.00114619966430565 0 0
 658.70657535232 -0.000991822686097159 0 0
 662.02137682919 -0.00109757843329905 0 0
 665.33547451 -0.00109829584642062 0 0
 668.64885678541 -0.00105619674010132 0 0
 671.96151204608 -0.00111602587988667 0 0
 675.27342868267 -0.00099989840126216 0 0
 678.58459508584 -0.000971079656691064 0 0
 681.89499964625 -0.0010103805955552 0 0
 685.20463075456 -0.00108952776763521 0 0
 688.51347680143 -0.0010092166196001 0 0
 691.82152617752 -0.00101389046504289 0 0
 695.12876727349 -0.00105825516810049 0 0
 698.43518848 -0.000921962607838956 0 0
 701.74077818771 -0.00108724795460969 0 0
 705.04552478728 -0.00107701400398822 0 0
 708.34941666937 -0.00107773827585224 0 0
 711.65244222464 -0.00102615535556656 0 0
 714.95458984375 -0.00107205378572424 0 0
 718.25584791736 -0.0010506613202331 0 0
 721.55620483613 -0.00109536691021609 0 0
 724.85564899072 -0.00105133221200373 0 0
 728.15416877179 -0.00107045151496668 0 0
 731.45175257 -0.00110277159708218 0 0
 734.74838877601 -0.00111284774192842 0 0
 738.04406578048 -0.00108405419948931 0 0
 741.33877197407 -0.00113078229831584 0 0
 744.63249574744 -0.00106104975890039 0 0
 747.92522549125 -0.0010583349556694 0 0
 751.21694959616 -0.00101844084854693 0 0
 754.50765645283 -0.00114474639612203 0 0
 757.79733445192 -0.00114173809829437 0 0
 761.08597198409 -0.00115445001050385 0 0
 764.37355744 -0.00103152289599356 0 0
 767.66007921031 -0.00105019759605444 0 0
 770.94552568568 -0.00110396309152846 0 0
 774.22988525677 -0.00125039868034237 0 0
 777.51314631424 -0.0010881634218789 0 0
 780.79529724875 -0.00111156464486794 0 0
 784.07632645096 -0.00110354986904335 0 0
 787.35622231153 -0.00130235306909528 0 0
 790.63497322112 -0.00135242448836702 0 0
 793.91256757039 -0.00134312786488297 0 0
 797.18899375 -0.00124995875270809 0 0
 800.46424015061 -0.00134013578488401 0 0
 803.73829516288 -0.00141506644710633 0 0
 807.01114717747 -0.00168085129144973 0 0
 810.28278458504 -0.00145532146115879 0 0
 813.55319577625 -0.00143092307695992 0 0
 816.82236914176 -0.00142718306877354 0 0
 820.09029307223 -0.00134267068089207 0 0
 823.35695595832 -0.00145227207884748 0 0
 826.62234619069 -0.00154434030226154 0 0
 829.88645216 -0.00157789526439259 0 0
 833.14926225691 -0.00198921638279701 0 0
 836.41076487208 -0.0021159918012236 0 0
 839.67094839617 -0.00203025657067802 0 0
 842.92980121984 -0.0025068678800052 0 0
 846.18731173375 -0.0020559003645089 0 0
 849.44346832856 -0.00216655507674777 0 0
 852.69825939493 -0.00258586690043358 0 0
 855.95167332352 -0.00228531838900363 0 0
 859.20369850499 -0.00239184751613857 0 0
 862.45432333 -0.00280191309662787 0 0
 865.70353618921 -0.00292433776471946 0 0
 868.95132547328 -0.00274734089158423 0 0
 872.19767957287 -0.00283562013299385 0 0
 875.44258687864 -0.00325689009509315 0 0
 878.68603578125 -0.00265965064159573 0 0
 881.92801467136 -0.00300824533170098 0 0
 885.16851193963 -0.00315875315250301 0 0
 888.40751597672 -0.00263584278707882 0 0
 891.64501517329 -0.0034055470857339 0 0
 894.88099792 -0.00364006577469405 0 0
 898.11545260751 -0.00339089909169242 0 0
 901.34836762648 -0.0029246269352245 0 0
 904.57973136757 -0.00319427328875283 0 0
 907.80953222144 -0.00317545819564477 0 0
 911.03775857875 -0.0039552214984926 0 0
 914.26439883016 -0.00363234154116427 0 0
 917.48944136633 -0.00384093702853625 0 0
 920.71287457792 -0.00330367727882023 0 0
 923.93468685559 -0.00377508026070196 0 0
 927.15486659 -0.00428598529320243 0 0
 930.37340217181 -0.00481518019420682 0 0
 933.59028199168 -0.00450435867965441 0 0
 936.80549444027 -0.00423718897552593 0 0
 940.01902790824 -0.00512370666648589 0 0
 943.23087078625 -0.00524923260687017 0 0
 946.44101146496 -0.00637529584685468 0 0
 949.64943833503 -0.00470351716649542 0 0
 952.85613978712 -0.00468135829126645 0 0
 956.06110421189 0 0 0
 959.26432 0 0 0
 962.46577554211 0 0 0
 965.66545922888 0 0 0
 968.86335945097 0 0 0
 972.05946459904 0 0 0
 975.25376306375 0 0 0
 978.44624323576 0 0 0
 981.63689350573 0 0 0
 984.82570226432 0 0 0
 988.01265790219 0 0 0
 991.19774881 0 0 0
 994.38096337841 0 0 0
 997.56228999808 0 0 0
 1000.74171705967 0 0 0
 1003.91923295384 0 0 0
 1007.09482607125 0 0 0
 1010.26848480256 0 0 0
 1013.44019753843 0 0 0
 1016.60995266952 0 0 0
 1019.77773858649 0 0 0
 1022.94354368 0 0 0
 1026.10735634071 0 0 0
 1029.26916495928 0 0 0
 1032.42895792637 0 0 0
 1035.58672363264 0 0 0
 1038.74245046875 0 0 0
 1041.89612682536 0 0 0
 1045.04774109313 0 0 0
 1048.19728166272 0 0 0
 1051.34473692479 0 0 0
 1054.49009527 0 0 0
 1057.63334508901 0 0 0
 1060.77447477248 0 0 0
 1063.91347271107 0 0 0
 1067.05032729544 0 0 0
 1070.18502691625 0 0 0
 1073.31755996416 0 0 0
 1076.44791482983 0 0 0
 1079.57607990392 0 0 0
 1082.70204357709 0 0 0
 1085.82579424 0 0 0
 1088.94732028331 0 0 0
 1092.06661009768 0 0 0
 1095.18365207377 0 0 0
 1098.29843460224 0 0 0
 1101.41094607375 0 0 0
 1104.52117487896 0 0 0
 1107.62910940853 0 0 0
 1110.73473805312 0 0 0
 1113.83804920339 0 0 0
 1116.93903125 0 0 0
 1120.03767258361 0 0 0
 1123.13396159488 0 0 0
 1126.22788667447 0 0 0
 1129.31943621304 0 0 0
 1132.40859860125 0 0 0
 1135.49536222976 0 0 0
[END] of [DATA]
[END] of [Spectrum]


#TBID:2021-08-11 03:00:00;SAM_84C8;RAW;

[Spectrum]
Version            = 1
IDData             = 96B1_2021-08-11_03-00-00_000_225
IDDevice           = SAM_84C8
IDDataType         = SPECTRUM
IDDataTypeSub1     = RAW
IDDataTypeSub2     = 
IDDataTypeSub3     = 
DateTime           = 2021-08-11 03:00:00
PositionLatitude   = 0
PositionLongitude  = 0
Comment            = 
CommentSub1        = 
CommentSub2        = 
CommentSub3        = 
IDMethodType       = SAM Control
MethodName         = SAM_84C8
Mission            = No Mission
MissionSub         = 1
RecordType         = 0
[Attributes]
CalFactor = 1
IDBasisSpec = 
IDDataBack = DLAB_2015-08-21_12-14-03_013_778
IDDataCal = DLAB_2015-08-24_11-04-47_772_747
IntegrationTime = 4096
P31 = -1
P31e = 0
PathLength = +INF
PathLengthCustomOn = 0
RAWDynamic = 65535
Salinity = 0
Temperature = -NAN
Unit1 = $05 $00 Pixel 
Unit2 = $03 $05 Intensity counts
Unit3 = $f0 $05 Error counts
Unit4 = $f1 $00 Status 
p999 = 1521
[END] of [Attributes]
[DATA]
 0 11 0 0
 1 1912 0 0
 2 1898 0 0
 3 1898 0 0
 4 1900 0 0
 5 1906 0 0
 6 1909 0 0
 7 1913 0 0
 8 1908 0 0
 9 1913 0 0
 10 1909 0 0
 11 1921 0 0
 12 1926 0 0
 13 1912 0 0
 14 1916 0 0
 15 1918 0 0
 16 1925 0 0
 17 1927 0 0
 18 1917 0 0
 19 1923 0 0
 20 1920 0 0
 21 1926 0 0
 22 1929 0 0
 23 1938 0 0
 24 1938 0 0
 25 1938 0 0
 26 1922 0 0
 27 1939 0 0
 28 1945 0 0
 29 1946 0 0
 30 1949 0 0
 31 1938 0 0
 32 1942 0 0
 33 1943 0 0
 34 1926 0 0
 35 1925 0 0
 36 1938 0 0
 37 1948 0 0
 38 1938 0 0
 39 1930 0 0
 40 1929 0 0
 41 1948 0 0
 42 1937 0 0
 43 1947 0 0
 44 1936 0 0
 45 1944 0 0
 46 1948 0 0
 47 1941 0 0
 48 1930 0 0
 49 1937 0 0
 50 1932 0 0
 51 1936 0 0
 52 1933 0 0
 53 1934 0 0
 54 1927 0 0
 55 1941 0 0
 56 1949 0 0
 57 1952 0 0
 58 1941 0 0
 59 1934 0 0
 60 1939 0 0
 61 1939 0 0
 62 1953 0 0
 63 1945 0 0
 64 1938 0 0
 65 1941 0 0
 66 1947 0 0
 67 1948 0 0
 68 1948 0 0
 69 1931 0 0
 70 1940 0 0
 71 1937 0 0
 72 1943 0 0
 73 1942 0 0
 74 1941 0 0
 75 1938 0 0
 76 1946 0 0
 77 1954 0 0
 78 1951 0 0
 79 1953 0 0
 80 1947 0 0
 81 1950 0 0
 82 1966 0 0
 83 1961 0 0
 84 1963 0 0
 85 1954 0 0
 86 1954 0 0
 87 1956 0 0
 88 1941 0 0
 89 1942 0 0
 90 1946 0 0
 91 1948 0 0
 92 1946 0 0
 93 1939 0 0
 94 1952 0 0
 95 1949 0 0
 96 1952 0 0
 97 1946 0 0
 98 1942 0 0
 99 1940 0 0
 100 1949 0 0
 101 1955 0 0
 102 1948 0 0
 103 1947 0 0
 104 1946 0 0
 105 1955 0 0
 106 1942 0 0
 107 1948 0 0
 108 1941 0 0
 109 1946 0 0
 110 1956 0 0
 111 1962 0 0
 112 1953 0 0
 113 1949 0 0
 114 1947 0 0
 115 1946 0 0
 116 1949 0 0
 117 1940 0 0
 118 1944 0 0
 119 1949 0 0
 120 1940 0 0
 121 1945 0 0
 122 1933 0 0
 123 1938 0 0
 124 1942 0 0
 125 1948 0 0
 126 1948 0 0
 127 1955 0 0
 128 1945 0 0
 129 1950 0 0
 130 1949 0 0
 131 1967 0 0
 132 1958 0 0
 133 2024 0 0
 134 1963 0 0
 135 1956 0 0
 136 1957 0 0
 137 1959 0 0
 138 1940 0 0
 139 1954 0 0
 140 1946 0 0
 141 1946 0 0
 142 1951 0 0
 143 1950 0 0
 144 1959 0 0
 145 1967 0 0
 146 1961 0 0
 147 1951 0 0
 148 1958 0 0
 149 1954 0 0
 150 1970 0 0
 151 1960 0 0
 152 1968 0 0
 153 1963 0 0
 154 1954 0 0
 155 1958 0 0
 156 1962 0 0
 157 1953 0 0
 158 1950 0 0
 159 1936 0 0
 160 1939 0 0
 161 1933 0 0
 162 1940 0 0
 163 1937 0 0
 164 1938 0 0
 165 1947 0 0
 166 1945 0 0
 167 1947 0 0
 168 1946 0 0
 169 1940 0 0
 170 1948 0 0
 171 1947 0 0
 172 1953 0 0
 173 1944 0 0
 174 1944 0 0
 175 1955 0 0
 176 1952 0 0
 177 1949 0 0
 178 1947 0 0
 179 1952 0 0
 180 1962 0 0
 181 1961 0 0
 182 1961 0 0
 183 1958 0 0
 184 1947 0 0
 185 1955 0 0
 186 1949 0 0
 187 1948 0 0
 188 1945 0 0
 189 1940 0 0
 190 1933 0 0
 191 1946 0 0
 192 1945 0 0
 193 1932 0 0
 194 1954 0 0
 195 1954 0 0
 196 1945 0 0
 197 1947 0 0
 198 1944 0 0
 199 1943 0 0
 200 1943 0 0
 201 1949 0 0
 202 1944 0 0
 203 1947 0 0
 204 1956 0 0
 205 1948 0 0
 206 1948 0 0
 207 1943 0 0
 208 1932 0 0
 209 1933 0 0
 210 1925 0 0
 211 1938 0 0
 212 1933 0 0
 213 1943 0 0
 214 1950 0 0
 215 1952 0 0
 216 1946 0 0
 217 1949 0 0
 218 1942 0 0
 219 1951 0 0
 220 1949 0 0
 221 1955 0 0
 222 1951 0 0
 223 1948 0 0
 224 1955 0 0
 225 1952 0 0
 226 1941 0 0
 227 1937 0 0
 228 1937 0 0
 229 1938 0 0
 230 1936 0 0
 231 1941 0 0
 232 1943 0 0
 233 1936 0 0
 234 1944 0 0
 235 1928 0 0
 236 1934 0 0
 237 1935 0 0
 238 1934 0 0
 239 1934 0 0
 240 1949 0 0
 241 1947 0 0
 242 1947 0 0
 243 1949 0 0
 244 1946 0 0
 245 1940 0 0
 246 1935 0 0
 247 1944 0 0
 248 1942 0 0
 249 1940 0 0
 250 1939 0 0
 251 1925 0 0
 252 1919 0 0
 253 1914 0 0
 254 1900 0 0
 255 1953 0 0
[END] of [DATA]
[END] of [Spectrum]


#TBID:2021-08-11 03:00:00;SAM_84C8;CALIBRATED;

[Spectrum]
Version            = 1
IDData             = 96B1_2021-08-11_03-00-00_000_226
IDDevice           = SAM_84C8
IDDataType         = SPECTRUM
IDDataTypeSub1     = CALIBRATED
IDDataTypeSub2     = 
IDDataTypeSub3     = 
DateTime           = 2021-08-11 03:00:00
PositionLatitude   = 0
PositionLongitude  = 0
Comment            = 
CommentSub1        = 
CommentSub2        = 
CommentSub3        = 
IDMethodType       = SAM Control
MethodName         = SAM_84C8
Mission            = No Mission
MissionSub         = 1
RecordType         = 0
[Attributes]
CalFactor = 1
IDBasisSpec = 
IDDataBack = DLAB_2015-08-21_12-14-03_013_778
IDDataCal = DLAB_2015-08-24_11-04-47_772_747
IntegrationTime = 4096
P31 = -1
P31e = 0
PathLength = +INF
PathLengthCustomOn = 0
RAWDynamic = 65535
Salinity = 0
Temperature = -NAN
Unit1 = $01 $01 Wavelength nm
Unit2 = $03 $03 Intensity mW/(m^2 nm Sr)
Unit3 = $f0 $03 Error mW/(m^2 nm Sr)
Unit4 = $f1 $00 Status 
p999 = 1521
[END] of [Attributes]
[DATA]
 0 11 0 0
 303.516048156 0 0 0
 306.890006053 0 0 0
 310.26457112 0 0 0
 313.639731825 0 0 0
 317.015476636 -0.00103865061102191 0 0
 320.391794021 -0.000915092280056324 0 0
 323.768672448 -0.00053576113070698 0 0
 327.146100385 -0.00060898902908247 0 0
 330.5240663 -0.000463606555726335 0 0
 333.902558661 -0.00036677954725772 0 0
 337.281565936 -0.000259704199768522 0 0
 340.661076593 -0.000202440904154682 0 0
 344.0410791 -0.000345423406041226 0 0
 347.421561925 -0.00022356439076616 0 0
 350.802513536 -0.000228608166834543 0 0
 354.183922401 -6.93779979342067e-005 0 0
 357.565776988 -7.2646451692497e-005 0 0
 360.948065765 -0.00022656470325138 0 0
 364.3307772 -0.000121761733188533 0 0
 367.713899761 -0.000111047876119604 0 0
 371.097421916 -5.08015321705641e-005 0 0
 374.481332133 -2.77896128036346e-005 0 0
 377.86561888 0.000137871186983793 0 0
 381.250270625 0.00010643391161887 0 0
 384.635275836 0.00017803843277464 0 0
 388.020622981 2.07682700284901e-007 0 0
 391.406300528 0.00024908654319389 0 0
 394.792296945 0.000289899109257052 0 0
 398.1786007 0.000349343495394451 0 0
 401.565200261 0.000325018632414684 0 0
 404.952084096 0.000163831803471601 0 0
 408.339240673 0.000226044673258046 0 0
 411.72665846 0.000302305172489332 0 0
 415.114325925 8.90998702247905e-006 0 0
 418.502231536 1.81238713448487e-005 0 0
 421.890363761 0.000120540647007892 0 0
 425.278711068 9.82924020480426e-005 0 0
 428.667261925 9.68088750438699e-005 0 0
 432.0560048 8.3944997074158e-005 0 0
 435.444928161 3.77587983040389e-005 0 0
 438.834020476 0.000208285103961684 0 0
 442.223270213 0.00012060598010999 0 0
 445.61266584 0.000190977455904209 0 0
 449.002195825 0.000128395325109035 0 0
 452.391848636 0.000119750578266901 0 0
 455.781612741 0.000216603527204587 0 0
 459.171476608 0.000160427313441035 0 0
 462.561428705 -1.45843751951703e-005 0 0
 465.9514575 2.70341797989505e-005 0 0
 469.341551461 7.89387672660763e-005 0 0
 472.731699056 5.3283260537567e-005 0 0
 476.121888753 2.21027383425762e-005 0 0
 479.51210902 7.00223416056497e-005 0 0
 482.902348325 0.000116655194902581 0 0
 486.292595136 0.000159235996505624 0 0
 489.682837921 0.000248745626121252 0 0
 493.073065148 0.000238921198824646 0 0
 496.463265285 0.000179108557168248 0 0
 499.8534268 0.000154215051770907 0 0
 503.243538161 0.000184482938298864 0 0
 506.633587836 0.000137087981515792 0 0
 510.023564293 0.000164953089254438 0 0
 513.413456 0.000153952388584661 0 0
 516.803251425 0.000195724903188266 0 0
 520.192939036 0.000182161046282075 0 0
 523.582507301 0.000174289449437517 0 0
 526.971944688 0.000212250672871935 0 0
 530.361239665 0.000154454522104874 0 0
 533.7503807 3.17660761562646e-005 0 0
 537.139356261 5.49096573429628e-005 0 0
 540.528154816 6.33268650116239e-005 0 0
 543.916764833 6.74220799272205e-005 0 0
 547.30517478 0.000127942696708822 0 0
 550.693373125 0.000128703566855566 0 0
 554.081348336 6.61172558824527e-005 0 0
 557.469088881 0.000164422887373955 0 0
 560.856583228 0.000257086775114228 0 0
 564.243819845 0.000225103408925313 0 0
 567.6307872 0.000242586228938474 0 0
 571.017473761 0.000178886266145017 0 0
 574.403867996 0.000251864465693626 0 0
 577.789958373 0.000364428402288711 0 0
 581.17573336 0.000341857962271656 0 0
 584.561181425 0.000355746523311682 0 0
 587.946291036 0.000332212013621909 0 0
 591.331050661 0.000324935311740081 0 0
 594.715448768 0.000301959276492528 0 0
 598.099473825 0.000143246711516567 0 0
 601.4831143 0.000184929328541137 0 0
 604.866358661 0.000113962644085776 0 0
 608.249195376 0.000200544108205561 0 0
 611.631612913 0.000178042879861354 0 0
 615.01359974 0.00016230297704859 0 0
 618.395144325 0.000210816795162475 0 0
 621.776235136 0.00026684187579384 0 0
 625.156860641 0.00022489621144816 0 0
 628.537009308 0.00021983893683245 0 0
 631.916669605 0.00017766292870285 0 0
 635.29583 0.000176084786105352 0 0
 638.674478961 0.000165074916807795 0 0
 642.052604956 0.000210678214404326 0 0
 645.430196453 0.000213581193338083 0 0
 648.80724192 0.000293608078758646 0 0
 652.183729825 0.000267795068898042 0 0
 655.559648636 0.000299891560175308 0 0
 658.934986821 0.000227520857505611 0 0
 662.309732848 0.000305878802956442 0 0
 665.683875185 0.000266205008789335 0 0
 669.0574023 0.000328139739702042 0 0
 672.430302661 0.000327609230639972 0 0
 675.802564736 0.000313076492001745 0 0
 679.174176993 0.000367299445380158 0 0
 682.5451279 0.000285165484148952 0 0
 685.915405925 0.000273183983096553 0 0
 689.284999536 0.000116410949406978 0 0
 692.653897201 0.000126056624285672 0 0
 696.022087388 0.000164435265870919 0 0
 699.389558565 0.000278297495864996 0 0
 702.7562992 0.000200158833725783 0 0
 706.122297761 0.000259234785621839 0 0
 709.487542716 0.00023502525035181 0 0
 712.852022533 9.66207411207279e-005 0 0
 716.21572568 0.000154989966577012 0 0
 719.578640625 0.000276610418957178 0 0
 722.940755836 0.000307967822802125 0 0
 726.302059781 0.000309694559748095 0 0
 729.662540928 0.000259588909428303 0 0
 733.022187745 0.000315010643539772 0 0
 736.3809887 0.000312060899819284 0 0
 739.738932261 0.000450368030360924 0 0
 743.096006896 0.00071635116196011 0 0
 746.452201073 0.000536076614157718 0 0
 749.80750326 0.000708344537677474 0 0
 753.161901925 0.000601872923608173 0 0
 756.515385536 0.000563833191252079 0 0
 759.867942561 0.000584796863546413 0 0
 763.219561468 0.000563693414295319 0 0
 766.570230725 0.000216664839555293 0 0
 769.9199388 0.000350229703035458 0 0
 773.268674161 0.000293628110086294 0 0
 776.616425276 0.00038788707316751 0 0
 779.963180613 0.000376886514259825 0 0
 783.30892864 0.000446903832267837 0 0
 786.653657825 0.00050750372917266 0 0
 789.997356636 0.000896210488720653 0 0
 793.340013541 0.000732329851535228 0 0
 796.681617008 0.000627461347496175 0 0
 800.022155505 0.000688443663628756 0 0
 803.3616175 0.000757029123006252 0 0
 806.699991461 0.00131639277449646 0 0
 810.037265856 0.000923198694782072 0 0
 813.373429153 0.00111095276652463 0 0
 816.70846982 0.0011875407841845 0 0
 820.042376325 0.000956919532146472 0 0
 823.375137136 0.00126544564355694 0 0
 826.706740721 0.00118237423123006 0 0
 830.037175548 0.000703202564046627 0 0
 833.366430085 0.000665929740678667 0 0
 836.6944928 0.000161976459548667 0 0
 840.021352161 3.94243934148513e-005 0 0
 843.346996636 -5.81471682173015e-005 0 0
 846.671414693 0.000170780734044557 0 0
 849.9945948 0.000128227491160639 0 0
 853.316525425 0.000588000467188924 0 0
 856.637195036 0.000540635193487342 0 0
 859.956592101 0.000598204078756425 0 0
 863.274705088 0.000508622200160641 0 0
 866.591522465 0.000650373297294291 0 0
 869.9070327 0.000529187676725565 0 0
 873.221224261 0.000793405601813034 0 0
 876.534085616 0.00117095572982231 0 0
 879.845605233 0.00147257994383356 0 0
 883.15577158 0.00180312142172117 0 0
 886.464573125 0.00126725479726408 0 0
 889.771998336 0.00131883536773313 0 0
 893.078035681 0.00200872669989619 0 0
 896.382673628 0.00161009278840721 0 0
 899.685900645 0.001799138128106 0 0
 902.9877052 0.00182104483305992 0 0
 906.288075761 0.00275418615222037 0 0
 909.587000796 0.0030204192507282 0 0
 912.884468773 0.0031903396172547 0 0
 916.18046816 0.00304231910708558 0 0
 919.474987425 0.0024427575979775 0 0
 922.768015036 0.00277889170582092 0 0
 926.059539461 0.00263052621308092 0 0
 929.349549168 0.00107907536773246 0 0
 932.638032625 0.00199709167347872 0 0
 935.9249783 0.0011295501194843 0 0
 939.210374661 0.00111931787088289 0 0
 942.494210176 0.00229459664088663 0 0
 945.776473313 0.00121392042618747 0 0
 949.05715254 0.00119025823562361 0 0
 952.336236325 0.00390078132401024 0 0
 955.613713136 0 0 0
 958.889571441 0 0 0
 962.163799708 0 0 0
 965.436386405 0 0 0
 968.70732 0 0 0
 971.976588961 0 0 0
 975.244181756 0 0 0
 978.510086853 0 0 0
 981.77429272 0 0 0
 985.036787825 0 0 0
 988.297560636 0 0 0
 991.556599621 0 0 0
 994.813893248 0 0 0
 998.069429985 0 0 0
 1001.3231983 0 0 0
 1004.575186661 0 0 0
 1007.825383536 0 0 0
 1011.073777393 0 0 0
 1014.3203567 0 0 0
 1017.565109925 0 0 0
 1020.808025536 0 0 0
 1024.049092001 0 0 0
 1027.288297788 0 0 0
 1030.525631365 0 0 0
 1033.7610812 0 0 0
 1036.994635761 0 0 0
 1040.226283516 0 0 0
 1043.456012933 0 0 0
 1046.68381248 0 0 0
 1049.909670625 0 0 0
 1053.133575836 0 0 0
 1056.355516581 0 0 0
 1059.575481328 0 0 0
 1062.793458545 0 0 0
 1066.0094367 0 0 0
 1069.223404261 0 0 0
 1072.435349696 0 0 0
 1075.645261473 0 0 0
 1078.85312806 0 0 0
 1082.058937925 0 0 0
 1085.262679536 0 0 0
 1088.464341361 0 0 0
 1091.663911868 0 0 0
 1094.861379525 0 0 0
 1098.0567328 0 0 0
 1101.249960161 0 0 0
 1104.441050076 0 0 0
 1107.629991013 0 0 0
 1110.81677144 0 0 0
 1114.001379825 0 0 0
 1117.183804636 0 0 0
 1120.364034341 0 0 0
 1123.542057408 0 0 0
 1126.717862305 0 0 0
 1129.8914375 0 0 0
 1133.062771461 0 0 0
 1136.231852656 0 0 0
 1139.398669553 0 0 0
 1142.56321062 0 0 0
 1145.725464325 0 0 0
 1148.885419136 0 0 0
[END] of [DATA]
[END] of [Spectrum]

