
#TBID:2021-08-25 02:30:00;SAM_84C8;RAW;

[Spectrum]
Version            = 1
IDData             = 96B1_2021-08-25_02-30-00_000_935
IDDevice           = SAM_84C8
IDDataType         = SPECTRUM
IDDataTypeSub1     = RAW
IDDataTypeSub2     = 
IDDataTypeSub3     = 
DateTime           = 2021-08-25 02:30:00
PositionLatitude   = 0
PositionLongitude  = 0
Comment            = 
CommentSub1        = 
CommentSub2        = 
CommentSub3        = 
IDMethodType       = SAM Control
MethodName         = SAM_84C8
Mission            = No Mission
MissionSub         = 1
RecordType         = 0
[Attributes]
CalFactor = 1
IDBasisSpec = 
IDDataBack = DLAB_2015-08-21_12-14-03_013_778
IDDataCal = DLAB_2015-08-24_11-04-47_772_747
IntegrationTime = 4096
P31 = -1
P31e = 0
PathLength = +INF
PathLengthCustomOn = 0
RAWDynamic = 65535
Salinity = 0
Temperature = -NAN
Unit1 = $05 $00 Pixel 
Unit2 = $03 $05 Intensity counts
Unit3 = $f0 $05 Error counts
Unit4 = $f1 $00 Status 
p999 = 2192
[END] of [Attributes]
[DATA]
 0 11 0 0
 1 1697 0 0
 2 1709 0 0
 3 1711 0 0
 4 1711 0 0
 5 1720 0 0
 6 1720 0 0
 7 1714 0 0
 8 1753 0 0
 9 1742 0 0
 10 1734 0 0
 11 1733 0 0
 12 1767 0 0
 13 1751 0 0
 14 1748 0 0
 15 1715 0 0
 16 1731 0 0
 17 1739 0 0
 18 1739 0 0
 19 1722 0 0
 20 1731 0 0
 21 1738 0 0
 22 1776 0 0
 23 1772 0 0
 24 1767 0 0
 25 1764 0 0
 26 1750 0 0
 27 1755 0 0
 28 1763 0 0
 29 1728 0 0
 30 1748 0 0
 31 1751 0 0
 32 1746 0 0
 33 1751 0 0
 34 1756 0 0
 35 1751 0 0
 36 1784 0 0
 37 1781 0 0
 38 1771 0 0
 39 1762 0 0
 40 1761 0 0
 41 1767 0 0
 42 1759 0 0
 43 1767 0 0
 44 1754 0 0
 45 1764 0 0
 46 1766 0 0
 47 1759 0 0
 48 1761 0 0
 49 1763 0 0
 50 1758 0 0
 51 1760 0 0
 52 1766 0 0
 53 1762 0 0
 54 1751 0 0
 55 1757 0 0
 56 1765 0 0
 57 1739 0 0
 58 1749 0 0
 59 1743 0 0
 60 1744 0 0
 61 1755 0 0
 62 1764 0 0
 63 1757 0 0
 64 1769 0 0
 65 1768 0 0
 66 1769 0 0
 67 1767 0 0
 68 1767 0 0
 69 1763 0 0
 70 1766 0 0
 71 1747 0 0
 72 1755 0 0
 73 1758 0 0
 74 1753 0 0
 75 1758 0 0
 76 1764 0 0
 77 1762 0 0
 78 1763 0 0
 79 1759 0 0
 80 1766 0 0
 81 1793 0 0
 82 1788 0 0
 83 1779 0 0
 84 1796 0 0
 85 1794 0 0
 86 1785 0 0
 87 1780 0 0
 88 1744 0 0
 89 1754 0 0
 90 1764 0 0
 91 1765 0 0
 92 1767 0 0
 93 1758 0 0
 94 1771 0 0
 95 1796 0 0
 96 1788 0 0
 97 1778 0 0
 98 1746 0 0
 99 1748 0 0
 100 1762 0 0
 101 1780 0 0
 102 1768 0 0
 103 1764 0 0
 104 1766 0 0
 105 1773 0 0
 106 1767 0 0
 107 1768 0 0
 108 1763 0 0
 109 1769 0 0
 110 1775 0 0
 111 1782 0 0
 112 1772 0 0
 113 1773 0 0
 114 1773 0 0
 115 1779 0 0
 116 1757 0 0
 117 1750 0 0
 118 1761 0 0
 119 1769 0 0
 120 1762 0 0
 121 1763 0 0
 122 1753 0 0
 123 1765 0 0
 124 1767 0 0
 125 1773 0 0
 126 1768 0 0
 127 1782 0 0
 128 1770 0 0
 129 1774 0 0
 130 1769 0 0
 131 1776 0 0
 132 1767 0 0
 133 1859 0 0
 134 1794 0 0
 135 1788 0 0
 136 1784 0 0
 137 1786 0 0
 138 1776 0 0
 139 1786 0 0
 140 1748 0 0
 141 1756 0 0
 142 1769 0 0
 143 1768 0 0
 144 1776 0 0
 145 1772 0 0
 146 1765 0 0
 147 1792 0 0
 148 1788 0 0
 149 1783 0 0
 150 1802 0 0
 151 1797 0 0
 152 1794 0 0
 153 1791 0 0
 154 1785 0 0
 155 1782 0 0
 156 1785 0 0
 157 1757 0 0
 158 1761 0 0
 159 1764 0 0
 160 1761 0 0
 161 1742 0 0
 162 1756 0 0
 163 1758 0 0
 164 1753 0 0
 165 1778 0 0
 166 1772 0 0
 167 1774 0 0
 168 1793 0 0
 169 1789 0 0
 170 1788 0 0
 171 1818 0 0
 172 1805 0 0
 173 1787 0 0
 174 1783 0 0
 175 1798 0 0
 176 1780 0 0
 177 1782 0 0
 178 1782 0 0
 179 1779 0 0
 180 1781 0 0
 181 1784 0 0
 182 1787 0 0
 183 1786 0 0
 184 1774 0 0
 185 1784 0 0
 186 1778 0 0
 187 1791 0 0
 188 1784 0 0
 189 1784 0 0
 190 1773 0 0
 191 1782 0 0
 192 1778 0 0
 193 1772 0 0
 194 1784 0 0
 195 1755 0 0
 196 1751 0 0
 197 1763 0 0
 198 1766 0 0
 199 1769 0 0
 200 1770 0 0
 201 1774 0 0
 202 1804 0 0
 203 1789 0 0
 204 1793 0 0
 205 1785 0 0
 206 1783 0 0
 207 1781 0 0
 208 1780 0 0
 209 1731 0 0
 210 1753 0 0
 211 1769 0 0
 212 1767 0 0
 213 1778 0 0
 214 1777 0 0
 215 1772 0 0
 216 1769 0 0
 217 1777 0 0
 218 1776 0 0
 219 1777 0 0
 220 1779 0 0
 221 1788 0 0
 222 1781 0 0
 223 1816 0 0
 224 1802 0 0
 225 1799 0 0
 226 1792 0 0
 227 1762 0 0
 228 1766 0 0
 229 1774 0 0
 230 1771 0 0
 231 1780 0 0
 232 1785 0 0
 233 1778 0 0
 234 1781 0 0
 235 1782 0 0
 236 1785 0 0
 237 1746 0 0
 238 1757 0 0
 239 1770 0 0
 240 1781 0 0
 241 1800 0 0
 242 1790 0 0
 243 1786 0 0
 244 1785 0 0
 245 1781 0 0
 246 1771 0 0
 247 1777 0 0
 248 1780 0 0
 249 1770 0 0
 250 1768 0 0
 251 1760 0 0
 252 1743 0 0
 253 1739 0 0
 254 1732 0 0
 255 1774 0 0
[END] of [DATA]
[END] of [Spectrum]


#TBID:2021-08-25 02:30:00;SAM_84C8;CALIBRATED;

[Spectrum]
Version            = 1
IDData             = 96B1_2021-08-25_02-30-00_000_936
IDDevice           = SAM_84C8
IDDataType         = SPECTRUM
IDDataTypeSub1     = CALIBRATED
IDDataTypeSub2     = 
IDDataTypeSub3     = 
DateTime           = 2021-08-25 02:30:00
PositionLatitude   = 0
PositionLongitude  = 0
Comment            = 
CommentSub1        = 
CommentSub2        = 
CommentSub3        = 
IDMethodType       = SAM Control
MethodName         = SAM_84C8
Mission            = No Mission
MissionSub         = 1
RecordType         = 0
[Attributes]
CalFactor = 1
IDBasisSpec = 
IDDataBack = DLAB_2015-08-21_12-14-03_013_778
IDDataCal = DLAB_2015-08-24_11-04-47_772_747
IntegrationTime = 4096
P31 = -1
P31e = 0
PathLength = +INF
PathLengthCustomOn = 0
RAWDynamic = 65535
Salinity = 0
Temperature = -NAN
Unit1 = $01 $01 Wavelength nm
Unit2 = $03 $03 Intensity mW/(m^2 nm Sr)
Unit3 = $f0 $03 Error mW/(m^2 nm Sr)
Unit4 = $f1 $00 Status 
p999 = 2192
[END] of [Attributes]
[DATA]
 0 11 0 0
 303.516048156 0 0 0
 306.890006053 0 0 0
 310.26457112 0 0 0
 313.639731825 0 0 0
 317.015476636 -0.00191326783332964 0 0
 320.391794021 -0.00182089654420603 0 0
 323.768672448 -0.00176594470092284 0 0
 327.146100385 -0.000184895579492408 0 0
 330.5240663 -0.000607154377705637 0 0
 333.902558661 -0.000635037687390451 0 0
 337.281565936 -0.000926535708383832 0 0
 340.661076593 2.62240022843742e-005 0 0
 344.0410791 -0.000187091919634184 0 0
 347.421561925 -0.000252687287679739 0 0
 350.802513536 -0.00105557071062844 0 0
 354.183922401 -0.000645832256727318 0 0
 357.565776988 -0.000490609227246637 0 0
 360.948065765 -0.000435977474375812 0 0
 364.3307772 -0.00074692704581851 0 0
 367.713899761 -0.00051573393285483 0 0
 371.097421916 -0.000443026365844451 0 0
 374.481332133 0.000235592331838566 0 0
 377.86561888 0.000154193353723804 0 0
 381.250270625 2.2705027039539e-005 0 0
 384.635275836 3.10277238593089e-005 0 0
 388.020622981 -0.00010654005613322 0 0
 391.406300528 -0.000104074717379895 0 0
 394.792296945 -1.86274626766995e-005 0 0
 398.1786007 -0.000666973702985726 0 0
 401.565200261 -0.000332078653295694 0 0
 404.952084096 -0.000208652187927434 0 0
 408.339240673 -0.000285844088688933 0 0
 411.72665846 -0.000116292220858171 0 0
 415.114325925 -4.07833257689601e-005 0 0
 418.502231536 -8.76382073452229e-005 0 0
 421.890363761 0.000298919683683624 0 0
 425.278711068 9.61049880190051e-005 0 0
 428.667261925 9.47335934406468e-005 0 0
 432.0560048 7.00496890742508e-005 0 0
 435.444928161 2.43474004393324e-005 0 0
 438.834020476 4.95404990050119e-005 0 0
 442.223270213 -3.16691797516104e-006 0 0
 445.61266584 4.49750295851321e-005 0 0
 449.002195825 -4.16563075770272e-005 0 0
 452.391848636 -3.09324939790289e-005 0 0
 455.781612741 3.86137903204793e-005 0 0
 459.171476608 -2.24551035800372e-005 0 0
 462.561428705 -4.14139409417893e-005 0 0
 465.9514575 -6.37530766108974e-005 0 0
 469.341551461 -1.36303943652269e-005 0 0
 472.731699056 -6.69382903061544e-005 0 0
 476.121888753 1.98909679241034e-005 0 0
 479.51210902 5.996059926512e-007 0 0
 482.902348325 -8.4938237804743e-006 0 0
 486.292595136 -7.89332684510685e-005 0 0
 489.682837921 7.17149121054178e-006 0 0
 493.073065148 -0.000418616317377527 0 0
 496.463265285 -0.000181415679741082 0 0
 499.8534268 -0.000192175620592436 0 0
 503.243538161 -0.000216869464021576 0 0
 506.633587836 -0.000104702092705378 0 0
 510.023564293 -0.00014236078514551 0 0
 513.413456 -0.000133551432339842 0 0
 516.803251425 0.000167031921681007 0 0
 520.192939036 0.000102710002656243 0 0
 523.582507301 3.43860377825761e-005 0 0
 526.971944688 3.95063037229478e-005 0 0
 530.361239665 -1.44209643014015e-005 0 0
 533.7503807 1.81094387985299e-005 0 0
 537.139356261 -2.78594688410269e-005 0 0
 540.528154816 -0.000202006493342393 0 0
 543.916764833 -0.000173877232282759 0 0
 547.30517478 -6.75073949500293e-005 0 0
 550.693373125 -0.000112796453529113 0 0
 554.081348336 -8.47759997111259e-005 0 0
 557.469088881 -1.06686783335066e-005 0 0
 560.856583228 -3.66272295482506e-005 0 0
 564.243819845 -2.53589136130974e-005 0 0
 567.6307872 -8.40861416097018e-005 0 0
 571.017473761 5.36015757053354e-006 0 0
 574.403867996 0.000374634758074752 0 0
 577.789958373 0.00022213367778663 0 0
 581.17573336 0.000144452358143811 0 0
 584.561181425 0.000353527746434566 0 0
 587.946291036 0.000425337274561848 0 0
 591.331050661 0.000294683631336497 0 0
 594.715448768 0.000170809942017169 0 0
 598.099473825 -0.000299099155444928 0 0
 601.4831143 -0.000133368181685991 0 0
 604.866358661 -0.000119363599446569 0 0
 608.249195376 -5.2345849046674e-005 0 0
 611.631612913 -1.37762876488611e-005 0 0
 615.01359974 -6.21086013107322e-005 0 0
 618.395144325 -1.52575345594884e-005 0 0
 621.776235136 0.000489788617461434 0 0
 625.156860641 0.000271187919204222 0 0
 628.537009308 0.000200372259378765 0 0
 631.916669605 -0.000322482692837773 0 0
 635.29583 -0.00026865426706599 0 0
 638.674478961 -0.000202606645575151 0 0
 642.052604956 5.74536439948427e-005 0 0
 645.430196453 -3.9656738029567e-005 0 0
 648.80724192 -2.43960307398074e-005 0 0
 652.183729825 3.83985766785057e-006 0 0
 655.559648636 -8.98716185907909e-006 0 0
 658.934986821 5.89886647145995e-005 0 0
 662.309732848 3.16953174992539e-005 0 0
 665.683875185 3.24211439361252e-005 0 0
 669.0574023 0.000114457962929294 0 0
 672.430302661 2.82750339819053e-005 0 0
 675.802564736 3.18522709416868e-005 0 0
 679.174176993 6.06667875755851e-005 0 0
 682.5451279 8.45716541130296e-005 0 0
 685.915405925 0.000115003938178007 0 0
 689.284999536 0.000112701007301721 0 0
 692.653897201 -0.000437918919306283 0 0
 696.022087388 -0.000358378246345943 0 0
 699.389558565 -8.97381686921232e-005 0 0
 702.7562992 -0.000101777351744891 0 0
 706.122297761 1.51194119739852e-006 0 0
 709.487542716 -0.00011705350307832 0 0
 712.852022533 -0.000210504635060366 0 0
 716.21572568 1.0706000381254e-005 0 0
 719.578640625 8.51867907132861e-005 0 0
 722.940755836 0.000116278231173532 0 0
 726.302059781 3.72918628093129e-007 0 0
 729.662540928 0.000114305014621586 0 0
 733.022187745 0.00012189976623837 0 0
 736.3809887 9.40121136647068e-005 0 0
 739.738932261 0.000134398644064712 0 0
 743.096006896 0.000130261660807502 0 0
 746.452201073 -5.79355098000642e-005 0 0
 749.80750326 0.000754041964914434 0 0
 753.161901925 0.00054713601960099 0 0
 756.515385536 0.000533945944816872 0 0
 759.867942561 0.000424555925114743 0 0
 763.219561468 0.00040119910996562 0 0
 766.570230725 0.000292444963937717 0 0
 769.9199388 0.000318519894652635 0 0
 773.268674161 -0.000567652450164451 0 0
 776.616425276 -0.00026475833818767 0 0
 779.963180613 -5.9487634618175e-005 0 0
 783.30892864 -1.43019750530824e-008 0 0
 786.653657825 1.79741373323704e-005 0 0
 789.997356636 1.82978989958815e-005 0 0
 793.340013541 -0.000206208991875052 0 0
 796.681617008 0.000888245325940998 0 0
 800.022155505 0.000579289958330972 0 0
 803.3616175 0.000608370455633263 0 0
 806.699991461 0.00127326975226014 0 0
 810.037265856 0.0010699868891478 0 0
 813.373429153 0.000826664808442136 0 0
 816.70846982 0.000975132311277004 0 0
 820.042376325 0.000864635268441985 0 0
 823.375137136 0.00086054140469988 0 0
 826.706740721 0.000715954079425844 0 0
 830.037175548 -0.000687763611686433 0 0
 833.366430085 -0.000433578243362265 0 0
 836.6944928 -0.000105006649826484 0 0
 840.021352161 -0.000562746886226339 0 0
 843.346996636 -0.00142181789317985 0 0
 846.671414693 -0.000844091991224592 0 0
 849.9945948 -0.000625574548445206 0 0
 853.316525425 -0.0005902776319604 0 0
 856.637195036 0.000393392633615109 0 0
 859.956592101 0.000159630295692005 0 0
 863.274705088 4.97573906920658e-005 0 0
 866.591522465 0.00172472966364326 0 0
 869.9070327 0.00181134609760341 0 0
 873.221224261 0.00136966125455516 0 0
 876.534085616 0.00448666757312969 0 0
 879.845605233 0.0031853398085982 0 0
 883.15577158 0.00273074507350685 0 0
 886.464573125 0.00183705232318897 0 0
 889.771998336 0.00231291539755065 0 0
 893.078035681 0.00146811836697089 0 0
 896.382673628 0.00159203957212092 0 0
 899.685900645 0.0020052450085552 0 0
 902.9877052 0.00110112656380945 0 0
 906.288075761 0.00103335707944586 0 0
 909.587000796 0.00173234711719924 0 0
 912.884468773 0.00224218532963823 0 0
 916.18046816 0.00232763482957332 0 0
 919.474987425 0.00155068479751766 0 0
 922.768015036 0.00214543189784245 0 0
 926.059539461 0.00196690367626374 0 0
 929.349549168 0.00272528317169158 0 0
 932.638032625 0.00302234759388626 0 0
 935.9249783 0.00313492377218619 0 0
 939.210374661 0.00245176013562533 0 0
 942.494210176 0.00287798123764684 0 0
 945.776473313 0.0011778369096 0 0
 949.05715254 0.00274303202489514 0 0
 952.336236325 0.00315002575789453 0 0
 955.613713136 0 0 0
 958.889571441 0 0 0
 962.163799708 0 0 0
 965.436386405 0 0 0
 968.70732 0 0 0
 971.976588961 0 0 0
 975.244181756 0 0 0
 978.510086853 0 0 0
 981.77429272 0 0 0
 985.036787825 0 0 0
 988.297560636 0 0 0
 991.556599621 0 0 0
 994.813893248 0 0 0
 998.069429985 0 0 0
 1001.3231983 0 0 0
 1004.575186661 0 0 0
 1007.825383536 0 0 0
 1011.073777393 0 0 0
 1014.3203567 0 0 0
 1017.565109925 0 0 0
 1020.808025536 0 0 0
 1024.049092001 0 0 0
 1027.288297788 0 0 0
 1030.525631365 0 0 0
 1033.7610812 0 0 0
 1036.994635761 0 0 0
 1040.226283516 0 0 0
 1043.456012933 0 0 0
 1046.68381248 0 0 0
 1049.909670625 0 0 0
 1053.133575836 0 0 0
 1056.355516581 0 0 0
 1059.575481328 0 0 0
 1062.793458545 0 0 0
 1066.0094367 0 0 0
 1069.223404261 0 0 0
 1072.435349696 0 0 0
 1075.645261473 0 0 0
 1078.85312806 0 0 0
 1082.058937925 0 0 0
 1085.262679536 0 0 0
 1088.464341361 0 0 0
 1091.663911868 0 0 0
 1094.861379525 0 0 0
 1098.0567328 0 0 0
 1101.249960161 0 0 0
 1104.441050076 0 0 0
 1107.629991013 0 0 0
 1110.81677144 0 0 0
 1114.001379825 0 0 0
 1117.183804636 0 0 0
 1120.364034341 0 0 0
 1123.542057408 0 0 0
 1126.717862305 0 0 0
 1129.8914375 0 0 0
 1133.062771461 0 0 0
 1136.231852656 0 0 0
 1139.398669553 0 0 0
 1142.56321062 0 0 0
 1145.725464325 0 0 0
 1148.885419136 0 0 0
[END] of [DATA]
[END] of [Spectrum]


#TBID:2021-08-25 03:00:00;SAM_84CE;RAW;

[Spectrum]
Version            = 1
IDData             = 96B1_2021-08-25_03-00-00_000_939
IDDevice           = SAM_84CE
IDDataType         = SPECTRUM
IDDataTypeSub1     = RAW
IDDataTypeSub2     = 
IDDataTypeSub3     = 
DateTime           = 2021-08-25 03:00:00
PositionLatitude   = 0
PositionLongitude  = 0
Comment            = 
CommentSub1        = 
CommentSub2        = 
CommentSub3        = 
IDMethodType       = SAM Control
MethodName         = SAM_84CE
Mission            = No Mission
MissionSub         = 1
RecordType         = 0
[Attributes]
CalFactor = 1
IDBasisSpec = 
IDDataBack = DLAB_2015-08-21_11-56-43_233_004
IDDataCal = DLAB_2015-08-26_10-05-37_585_478
IntegrationTime = 4096
P31 = -1
P31e = 0
PathLength = +INF
PathLengthCustomOn = 0
RAWDynamic = 65535
Salinity = 0
Temperature = -NAN
Unit1 = $05 $00 Pixel 
Unit2 = $03 $05 Intensity counts
Unit3 = $f0 $05 Error counts
Unit4 = $f1 $00 Status 
p999 = 2193
[END] of [Attributes]
[DATA]
 0 11 0 0
 1 1795 0 0
 2 1802 0 0
 3 1802 0 0
 4 1814 0 0
 5 1812 0 0
 6 1810 0 0
 7 1810 0 0
 8 1817 0 0
 9 1815 0 0
 10 1819 0 0
 11 1827 0 0
 12 1823 0 0
 13 1826 0 0
 14 1823 0 0
 15 1820 0 0
 16 1827 0 0
 17 1822 0 0
 18 1822 0 0
 19 1813 0 0
 20 1831 0 0
 21 1826 0 0
 22 1824 0 0
 23 1834 0 0
 24 1834 0 0
 25 1834 0 0
 26 1842 0 0
 27 1836 0 0
 28 1826 0 0
 29 1823 0 0
 30 1829 0 0
 31 1834 0 0
 32 1820 0 0
 33 1824 0 0
 34 1820 0 0
 35 1819 0 0
 36 1825 0 0
 37 1814 0 0
 38 1824 0 0
 39 1825 0 0
 40 1820 0 0
 41 1816 0 0
 42 1816 0 0
 43 1817 0 0
 44 1809 0 0
 45 1807 0 0
 46 1814 0 0
 47 1824 0 0
 48 1815 0 0
 49 1814 0 0
 50 1815 0 0
 51 1801 0 0
 52 1809 0 0
 53 1813 0 0
 54 1812 0 0
 55 1802 0 0
 56 1805 0 0
 57 1803 0 0
 58 1800 0 0
 59 1802 0 0
 60 1793 0 0
 61 1798 0 0
 62 1807 0 0
 63 1801 0 0
 64 1801 0 0
 65 1798 0 0
 66 1804 0 0
 67 1798 0 0
 68 1803 0 0
 69 1788 0 0
 70 1788 0 0
 71 1786 0 0
 72 1793 0 0
 73 1798 0 0
 74 1787 0 0
 75 1792 0 0
 76 1796 0 0
 77 1789 0 0
 78 1780 0 0
 79 1788 0 0
 80 1795 0 0
 81 1790 0 0
 82 1784 0 0
 83 1782 0 0
 84 1786 0 0
 85 1778 0 0
 86 1781 0 0
 87 1777 0 0
 88 1773 0 0
 89 1780 0 0
 90 1778 0 0
 91 1777 0 0
 92 1774 0 0
 93 1779 0 0
 94 1769 0 0
 95 1770 0 0
 96 1764 0 0
 97 1777 0 0
 98 1779 0 0
 99 1780 0 0
 100 1766 0 0
 101 1772 0 0
 102 1775 0 0
 103 1772 0 0
 104 1774 0 0
 105 1773 0 0
 106 1776 0 0
 107 1766 0 0
 108 1764 0 0
 109 1773 0 0
 110 1763 0 0
 111 1776 0 0
 112 1770 0 0
 113 1762 0 0
 114 1764 0 0
 115 1764 0 0
 116 1758 0 0
 117 1764 0 0
 118 1761 0 0
 119 1762 0 0
 120 1757 0 0
 121 1760 0 0
 122 1762 0 0
 123 1750 0 0
 124 1759 0 0
 125 1751 0 0
 126 1760 0 0
 127 1743 0 0
 128 1755 0 0
 129 1753 0 0
 130 1752 0 0
 131 1750 0 0
 132 1745 0 0
 133 1747 0 0
 134 1741 0 0
 135 1748 0 0
 136 1744 0 0
 137 1743 0 0
 138 1740 0 0
 139 1747 0 0
 140 1737 0 0
 141 1737 0 0
 142 1736 0 0
 143 1740 0 0
 144 1740 0 0
 145 1746 0 0
 146 1742 0 0
 147 1734 0 0
 148 1732 0 0
 149 1729 0 0
 150 1734 0 0
 151 1727 0 0
 152 1730 0 0
 153 1730 0 0
 154 1733 0 0
 155 1730 0 0
 156 1732 0 0
 157 1728 0 0
 158 1723 0 0
 159 1728 0 0
 160 1733 0 0
 161 1733 0 0
 162 1728 0 0
 163 1726 0 0
 164 1728 0 0
 165 1723 0 0
 166 1726 0 0
 167 1719 0 0
 168 1723 0 0
 169 1724 0 0
 170 1728 0 0
 171 1729 0 0
 172 1720 0 0
 173 1714 0 0
 174 1710 0 0
 175 1725 0 0
 176 1716 0 0
 177 1716 0 0
 178 1724 0 0
 179 1719 0 0
 180 1718 0 0
 181 1717 0 0
 182 1709 0 0
 183 1703 0 0
 184 1706 0 0
 185 1709 0 0
 186 1714 0 0
 187 1716 0 0
 188 1705 0 0
 189 1707 0 0
 190 1702 0 0
 191 1705 0 0
 192 1706 0 0
 193 1705 0 0
 194 1697 0 0
 195 1700 0 0
 196 1699 0 0
 197 1704 0 0
 198 1705 0 0
 199 1693 0 0
 200 1700 0 0
 201 1700 0 0
 202 1698 0 0
 203 1695 0 0
 204 1692 0 0
 205 1700 0 0
 206 1699 0 0
 207 1700 0 0
 208 1693 0 0
 209 1694 0 0
 210 1686 0 0
 211 1688 0 0
 212 1687 0 0
 213 1698 0 0
 214 1691 0 0
 215 1700 0 0
 216 1692 0 0
 217 1685 0 0
 218 1685 0 0
 219 1685 0 0
 220 1682 0 0
 221 1686 0 0
 222 1682 0 0
 223 1684 0 0
 224 1682 0 0
 225 1677 0 0
 226 1683 0 0
 227 1682 0 0
 228 1674 0 0
 229 1694 0 0
 230 1682 0 0
 231 1674 0 0
 232 1679 0 0
 233 1679 0 0
 234 1677 0 0
 235 1683 0 0
 236 1670 0 0
 237 1680 0 0
 238 1678 0 0
 239 1665 0 0
 240 1673 0 0
 241 1677 0 0
 242 1665 0 0
 243 1676 0 0
 244 1676 0 0
 245 1667 0 0
 246 1662 0 0
 247 1670 0 0
 248 1659 0 0
 249 1661 0 0
 250 1643 0 0
 251 1650 0 0
 252 1638 0 0
 253 1627 0 0
 254 1624 0 0
 255 1677 0 0
[END] of [DATA]
[END] of [Spectrum]


#TBID:2021-08-25 03:00:00;SAM_84CE;CALIBRATED;

[Spectrum]
Version            = 1
IDData             = 96B1_2021-08-25_03-00-00_000_940
IDDevice           = SAM_84CE
IDDataType         = SPECTRUM
IDDataTypeSub1     = CALIBRATED
IDDataTypeSub2     = 
IDDataTypeSub3     = 
DateTime           = 2021-08-25 03:00:00
PositionLatitude   = 0
PositionLongitude  = 0
Comment            = 
CommentSub1        = 
CommentSub2        = 
CommentSub3        = 
IDMethodType       = SAM Control
MethodName         = SAM_84CE
Mission            = No Mission
MissionSub         = 1
RecordType         = 0
[Attributes]
CalFactor = 1
IDBasisSpec = 
IDDataBack = DLAB_2015-08-21_11-56-43_233_004
IDDataCal = DLAB_2015-08-26_10-05-37_585_478
IntegrationTime = 4096
P31 = -1
P31e = 0
PathLength = +INF
PathLengthCustomOn = 0
RAWDynamic = 65535
Salinity = 0
Temperature = -NAN
Unit1 = $01 $01 Wavelength nm
Unit2 = $03 $06 Intensity mW/(m^2 nm)
Unit3 = $f0 $06 Error mW/(m^2 nm)
Unit4 = $f1 $00 Status 
p999 = 2193
[END] of [Attributes]
[DATA]
 0 11 0 0
 303.485180022 0 0 0
 306.85638880275 0 0 0
 310.228324544 0 0 0
 313.60097308125 0 0 0
 316.97432025 0.0747878393403748 0 0
 320.34835188575 0.0707309475621428 0 0
 323.723053824 0.0652375153318904 0 0
 327.09841190025 0.0651958720827369 0 0
 330.47441195 0.0577818866888714 0 0
 333.85103980875 0.0585292843104092 0 0
 337.228281312 0.0564720178189117 0 0
 340.60612229525 0.0512421459997918 0 0
 343.984548594 0.0485611943021588 0 0
 347.36354604375 0.0423087730496871 0 0
 350.74310048 0.0398007458417706 0 0
 354.12319773825 0.0376609883525181 0 0
 357.503823654 0.0349418763224421 0 0
 360.88496406275 0.032268374330254 0 0
 364.2666048 0.0310857929739592 0 0
 367.64873170125 0.0324416204162026 0 0
 371.031330602 0.032648941989865 0 0
 374.41438733775 0.0336738953588293 0 0
 377.797887744 0.0340160186263325 0 0
 381.18181765625 0.0365861624711802 0 0
 384.56616291 0.0370885116207892 0 0
 387.95090934075 0.0378680714191997 0 0
 391.336042784 0.0360089613394293 0 0
 394.72154907525 0.0358996710901451 0 0
 398.10741405 0.0337949921563381 0 0
 401.49362354375 0.0336198506296523 0 0
 404.880163392 0.0315565217603967 0 0
 408.26701943025 0.0281817615531178 0 0
 411.654177494 0.02775250244195 0 0
 415.04162341875 0.0259184422533579 0 0
 418.42934304 0.024513426672504 0 0
 421.81732219325 0.0226528858681274 0 0
 425.205546714 0.0212465067927488 0 0
 428.59400243775 0.0200810093384509 0 0
 431.9826752 0.0197708565057821 0 0
 435.37155083625 0.0184936199688592 0 0
 438.760615182 0.0178432007236017 0 0
 442.14985407275 0.0174249943423988 0 0
 445.539253344 0.0176745147477958 0 0
 448.92879883125 0.0177132699700352 0 0
 452.31847637 0.0179189827540136 0 0
 455.70827179575 0.0179231053242024 0 0
 459.098170944 0.0192238691706295 0 0
 462.48815965025 0.0194190561781309 0 0
 465.87822375 0.0197770622604078 0 0
 469.26834907875 0.0199698546674746 0 0
 472.658521472 0.0193398854900253 0 0
 476.04872676525 0.0206342114181669 0 0
 479.438950794 0.020500885863265 0 0
 482.82917939375 0.0202809311862392 0 0
 486.2193984 0.0203318214966347 0 0
 489.60959364825 0.0210584062557951 0 0
 492.999750974 0.0208716477545073 0 0
 496.38985621275 0.0198461471233373 0 0
 499.7798952 0.0204764057256894 0 0
 503.16985377125 0.0196915919992835 0 0
 506.559717762 0.0194938823656526 0 0
 509.94947300775 0.0193448563920128 0 0
 513.339105344 0.0186593327725113 0 0
 516.72860060625 0.0183297676465183 0 0
 520.11794463 0.0178493741232944 0 0
 523.50712325075 0.0169471693273179 0 0
 526.896122304 0.0165639658904666 0 0
 530.28492762525 0.0165035512844692 0 0
 533.67352505 0.0154787715488406 0 0
 537.06190041375 0.0159532952628202 0 0
 540.450039552 0.014765105495782 0 0
 543.83792830025 0.0149556558599653 0 0
 547.225552494 0.0152526055515802 0 0
 550.61289796875 0.0145468626915344 0 0
 553.99995056 0.0149457231430302 0 0
 557.38669610325 0.0146209458816802 0 0
 560.773120434 0.0150987447916672 0 0
 564.15920938775 0.0147021367803888 0 0
 567.5449488 0.0150958645318466 0 0
 570.93032450625 0.0160348829931653 0 0
 574.315322342 0.0156560712807318 0 0
 577.69992814275 0.0158906890875062 0 0
 581.084127744 0.0162667878773496 0 0
 584.46790698125 0.0170198083186499 0 0
 587.85125169 0.0162471823591431 0 0
 591.23414770575 0.0167823079903092 0 0
 594.616580864 0.0164132752947738 0 0
 597.99853700025 0.0165135214086898 0 0
 601.38000195 0.0177418227514087 0 0
 604.76096154875 0.0166218667298714 0 0
 608.141401632 0.0168841837138492 0 0
 611.52130803525 0.0168682527761907 0 0
 614.900666594 0.0170060984983652 0 0
 618.27946314375 0.0168952710192111 0 0
 621.65768352 0.0178972052844124 0 0
 625.03531355825 0.017423495607244 0 0
 628.412339094 0.0189999213373684 0 0
 631.78874596275 0.0194178394376393 0 0
 635.16452 0.020536135628876 0 0
 638.53964704125 0.0188657107565561 0 0
 641.914112922 0.0212466419843247 0 0
 645.28790347775 0.0217389725305147 0 0
 648.661004544 0.0213249172382418 0 0
 652.03340195625 0.0228410581502399 0 0
 655.40508155 0.0219823846660165 0 0
 658.77602916075 0.0234420548067289 0 0
 662.146230624 0.0222404699983175 0 0
 665.51567177525 0.0219888567787223 0 0
 668.88433845 0.0220217596684346 0 0
 672.25221648375 0.0217607279366819 0 0
 675.619291712 0.0224588400649652 0 0
 678.98554997025 0.0225225289263259 0 0
 682.350977094 0.0217033791861196 0 0
 685.71555891875 0.0210712272815744 0 0
 689.07928128 0.0217375302028156 0 0
 692.44213001325 0.0213534370041386 0 0
 695.804090954 0.0213165105092648 0 0
 699.16514993775 0.0214713227504049 0 0
 702.5252928 0.0217110130273243 0 0
 705.88450537625 0.0205831042482343 0 0
 709.242773502 0.0221850125705602 0 0
 712.60008301275 0.0218976413769695 0 0
 715.956419744 0.0202790324035837 0 0
 719.31176953125 0.0221048967806999 0 0
 722.66611821 0.0206725983596104 0 0
 726.01945161575 0.020965726125138 0 0
 729.371755584 0.0192300185425829 0 0
 732.72301595025 0.0212693989815848 0 0
 736.07321855 0.021334141645724 0 0
 739.42234921875 0.0220535112604545 0 0
 742.770393792 0.0190464209389766 0 0
 746.11733810525 0.0203031873697617 0 0
 749.463167994 0.0209146830127654 0 0
 752.80786929375 0.0196623789687639 0 0
 756.15142784 0.0213096498011356 0 0
 759.49382946825 0.0210087187604653 0 0
 762.835060014 0.0195762559361262 0 0
 766.17510531275 0.022277009059649 0 0
 769.5139512 0.0214422463703883 0 0
 772.85158351125 0.0215611846202918 0 0
 776.187988082 0.0206146565246498 0 0
 779.52315074775 0.021525253049774 0 0
 782.857057344 0.0226853362750768 0 0
 786.18969370625 0.0230481553902911 0 0
 789.52104567 0.0229707690513076 0 0
 792.85109907075 0.0237401786963423 0 0
 796.179839744 0.0254815474948517 0 0
 799.50725352525 0.0230243108617599 0 0
 802.83332625 0.0243008105377223 0 0
 806.15804375375 0.0272729330392153 0 0
 809.481391872 0.0261113424350284 0 0
 812.80335644025 0.0278893839710638 0 0
 816.123923294 0.0267435538655183 0 0
 819.44307826875 0.0298595720077203 0 0
 822.7608072 0.0299151652978584 0 0
 826.07709592325 0.0324269891008765 0 0
 829.391930274 0.0305540656023094 0 0
 832.70529608775 0.0324165628557057 0 0
 836.0171792 0.0330905186992812 0 0
 839.32756544625 0.0365945746947387 0 0
 842.636440662 0.0373311477638583 0 0
 845.94379068275 0.0374814016652176 0 0
 849.249601344 0.038643938653235 0 0
 852.55385848125 0.0413288535857825 0 0
 855.85654793 0.041960007882057 0 0
 859.15765552575 0.0466244494262818 0 0
 862.457167104 0.0421521546806194 0 0
 865.75506850025 0.0474947594847574 0 0
 869.05134555 0.0473035307126925 0 0
 872.34598408875 0.0518036386607901 0 0
 875.638969952 0.0536807231780541 0 0
 878.93028897525 0.0505641835424919 0 0
 882.219926994 0.0478925183994412 0 0
 885.50786984375 0.0496364312553425 0 0
 888.79410336 0.0610376633317657 0 0
 892.07861337825 0.0545503498785434 0 0
 895.361385734 0.056253613871878 0 0
 898.64240626275 0.0638087182847036 0 0
 901.9216608 0.0623823608462329 0 0
 905.19913518125 0.0623804343334963 0 0
 908.474815242 0.0657105463158266 0 0
 911.74868681775 0.0599837191003441 0 0
 915.020735744 0.0651751931051536 0 0
 918.29094785625 0.0700907854546281 0 0
 921.55930899 0.0693683210874046 0 0
 924.82580498075 0.0755202423683333 0 0
 928.090421664 0.0800781812948572 0 0
 931.35314487525 0.0752908572130872 0 0
 934.61396045 0.0821342276797828 0 0
 937.87285422375 0.0762259958448305 0 0
 941.129812032 0.0798111435950691 0 0
 944.38481971025 0.0932358492974122 0 0
 947.637863094 0.0941822735643449 0 0
 950.88892801875 0.0840060166719899 0 0
 954.13800032 0 0 0
 957.38506583325 0 0 0
 960.630110394 0 0 0
 963.87311983775 0 0 0
 967.11408 0 0 0
 970.35297671625 0 0 0
 973.589795822 0 0 0
 976.82452315275 0 0 0
 980.057144544 0 0 0
 983.28764583125 0 0 0
 986.51601285 0 0 0
 989.74223143575 0 0 0
 992.966287424 0 0 0
 996.18816665025 0 0 0
 999.40785495 0 0 0
 1002.62533815875 0 0 0
 1005.840602112 0 0 0
 1009.05363264525 0 0 0
 1012.264415594 0 0 0
 1015.47293679375 0 0 0
 1018.67918208 0 0 0
 1021.88313728825 0 0 0
 1025.084788254 0 0 0
 1028.28412081275 0 0 0
 1031.4811208 0 0 0
 1034.67577405125 0 0 0
 1037.868066402 0 0 0
 1041.05798368775 0 0 0
 1044.245511744 0 0 0
 1047.43063640625 0 0 0
 1050.61334351 0 0 0
 1053.79361889075 0 0 0
 1056.971448384 0 0 0
 1060.14681782525 0 0 0
 1063.31971305 0 0 0
 1066.49011989375 0 0 0
 1069.658024192 0 0 0
 1072.82341178025 0 0 0
 1075.986268494 0 0 0
 1079.14658016875 0 0 0
 1082.30433264 0 0 0
 1085.45951174325 0 0 0
 1088.612103314 0 0 0
 1091.76209318775 0 0 0
 1094.9094672 0 0 0
 1098.05421118625 0 0 0
 1101.196310982 0 0 0
 1104.33575242275 0 0 0
 1107.472521344 0 0 0
 1110.60660358125 0 0 0
 1113.73798497 0 0 0
 1116.86665134575 0 0 0
 1119.992588544 0 0 0
 1123.11578240025 0 0 0
 1126.23621875 0 0 0
 1129.35388342875 0 0 0
 1132.468762272 0 0 0
 1135.58084111525 0 0 0
 1138.690105794 0 0 0
 1141.79654214375 0 0 0
 1144.900136 0 0 0
[END] of [DATA]
[END] of [Spectrum]


#TBID:2021-08-25 03:00:00;SAM_84DC;RAW;

[Spectrum]
Version            = 1
IDData             = 96B1_2021-08-25_03-00-00_000_942
IDDevice           = SAM_84DC
IDDataType         = SPECTRUM
IDDataTypeSub1     = RAW
IDDataTypeSub2     = 
IDDataTypeSub3     = 
DateTime           = 2021-08-25 03:00:00
PositionLatitude   = 0
PositionLongitude  = 0
Comment            = 
CommentSub1        = 
CommentSub2        = 
CommentSub3        = 
IDMethodType       = SAM Control
MethodName         = SAM_84DC
Mission            = No Mission
MissionSub         = 1
RecordType         = 0
[Attributes]
CalFactor = 1
IDBasisSpec = 
IDDataBack = DLAB_2015-08-21_13-19-54_137_939
IDDataCal = DLAB_2015-08-24_10-46-55_592_608
IntegrationTime = 4096
P31 = -1
P31e = 0
PathLength = +INF
PathLengthCustomOn = 0
RAWDynamic = 65535
Salinity = 0
Temperature = -NAN
Unit1 = $05 $00 Pixel 
Unit2 = $03 $05 Intensity counts
Unit3 = $f0 $05 Error counts
Unit4 = $f1 $00 Status 
p999 = 2193
[END] of [Attributes]
[DATA]
 0 11 0 0
 1 1716 0 0
 2 1706 0 0
 3 1720 0 0
 4 1738 0 0
 5 1735 0 0
 6 1723 0 0
 7 1740 0 0
 8 1742 0 0
 9 1741 0 0
 10 1739 0 0
 11 1746 0 0
 12 1740 0 0
 13 1744 0 0
 14 1749 0 0
 15 1744 0 0
 16 1766 0 0
 17 1773 0 0
 18 1760 0 0
 19 1758 0 0
 20 1763 0 0
 21 1762 0 0
 22 1765 0 0
 23 1750 0 0
 24 1756 0 0
 25 1755 0 0
 26 1765 0 0
 27 1761 0 0
 28 1757 0 0
 29 1761 0 0
 30 1759 0 0
 31 1770 0 0
 32 1769 0 0
 33 1764 0 0
 34 1771 0 0
 35 1764 0 0
 36 1775 0 0
 37 1776 0 0
 38 1772 0 0
 39 1766 0 0
 40 1780 0 0
 41 1772 0 0
 42 1771 0 0
 43 1774 0 0
 44 1775 0 0
 45 1771 0 0
 46 1780 0 0
 47 1780 0 0
 48 1772 0 0
 49 1770 0 0
 50 1772 0 0
 51 1772 0 0
 52 1773 0 0
 53 1774 0 0
 54 1770 0 0
 55 1771 0 0
 56 1773 0 0
 57 1772 0 0
 58 1777 0 0
 59 1781 0 0
 60 1783 0 0
 61 1786 0 0
 62 1774 0 0
 63 1778 0 0
 64 1777 0 0
 65 1776 0 0
 66 1766 0 0
 67 1780 0 0
 68 1777 0 0
 69 1771 0 0
 70 1781 0 0
 71 1788 0 0
 72 1780 0 0
 73 1784 0 0
 74 1785 0 0
 75 1778 0 0
 76 1784 0 0
 77 1782 0 0
 78 1777 0 0
 79 1785 0 0
 80 1777 0 0
 81 1784 0 0
 82 1780 0 0
 83 1782 0 0
 84 1774 0 0
 85 1806 0 0
 86 1797 0 0
 87 1790 0 0
 88 1784 0 0
 89 1789 0 0
 90 1781 0 0
 91 1781 0 0
 92 1756 0 0
 93 1761 0 0
 94 1769 0 0
 95 1771 0 0
 96 1764 0 0
 97 1775 0 0
 98 1772 0 0
 99 1798 0 0
 100 1789 0 0
 101 1784 0 0
 102 1785 0 0
 103 1785 0 0
 104 1786 0 0
 105 1787 0 0
 106 1791 0 0
 107 1796 0 0
 108 1790 0 0
 109 1792 0 0
 110 1795 0 0
 111 1798 0 0
 112 1793 0 0
 113 1797 0 0
 114 1796 0 0
 115 1803 0 0
 116 1803 0 0
 117 1794 0 0
 118 1796 0 0
 119 1804 0 0
 120 1769 0 0
 121 1796 0 0
 122 1790 0 0
 123 1799 0 0
 124 1798 0 0
 125 1795 0 0
 126 1796 0 0
 127 1797 0 0
 128 1802 0 0
 129 1804 0 0
 130 1808 0 0
 131 1798 0 0
 132 1811 0 0
 133 1806 0 0
 134 1806 0 0
 135 1808 0 0
 136 1799 0 0
 137 1812 0 0
 138 1805 0 0
 139 1809 0 0
 140 1804 0 0
 141 1816 0 0
 142 1808 0 0
 143 1815 0 0
 144 1808 0 0
 145 1808 0 0
 146 1804 0 0
 147 1810 0 0
 148 1815 0 0
 149 1817 0 0
 150 1810 0 0
 151 1820 0 0
 152 1814 0 0
 153 1822 0 0
 154 1819 0 0
 155 1838 0 0
 156 1830 0 0
 157 1832 0 0
 158 1831 0 0
 159 1831 0 0
 160 1833 0 0
 161 1825 0 0
 162 1804 0 0
 163 1811 0 0
 164 1818 0 0
 165 1822 0 0
 166 1830 0 0
 167 1826 0 0
 168 1829 0 0
 169 1822 0 0
 170 1834 0 0
 171 1837 0 0
 172 1823 0 0
 173 1835 0 0
 174 1828 0 0
 175 1839 0 0
 176 1852 0 0
 177 1846 0 0
 178 1846 0 0
 179 1843 0 0
 180 1844 0 0
 181 1837 0 0
 182 1839 0 0
 183 1844 0 0
 184 1842 0 0
 185 1844 0 0
 186 1847 0 0
 187 1852 0 0
 188 1844 0 0
 189 1840 0 0
 190 1845 0 0
 191 1848 0 0
 192 1861 0 0
 193 1851 0 0
 194 1851 0 0
 195 1846 0 0
 196 1854 0 0
 197 1848 0 0
 198 1848 0 0
 199 1862 0 0
 200 1856 0 0
 201 1859 0 0
 202 1855 0 0
 203 1865 0 0
 204 1862 0 0
 205 1861 0 0
 206 1869 0 0
 207 1864 0 0
 208 1859 0 0
 209 1868 0 0
 210 1853 0 0
 211 1864 0 0
 212 1864 0 0
 213 1865 0 0
 214 1865 0 0
 215 1871 0 0
 216 1871 0 0
 217 1877 0 0
 218 1876 0 0
 219 1875 0 0
 220 1878 0 0
 221 1883 0 0
 222 1882 0 0
 223 1885 0 0
 224 1879 0 0
 225 1890 0 0
 226 1884 0 0
 227 1879 0 0
 228 1891 0 0
 229 1889 0 0
 230 1888 0 0
 231 1868 0 0
 232 1880 0 0
 233 1878 0 0
 234 1888 0 0
 235 1890 0 0
 236 1881 0 0
 237 1892 0 0
 238 1890 0 0
 239 1892 0 0
 240 1896 0 0
 241 1893 0 0
 242 1890 0 0
 243 1895 0 0
 244 1893 0 0
 245 1918 0 0
 246 1917 0 0
 247 1908 0 0
 248 1915 0 0
 249 1902 0 0
 250 1895 0 0
 251 1896 0 0
 252 1895 0 0
 253 1882 0 0
 254 1868 0 0
 255 1927 0 0
[END] of [DATA]
[END] of [Spectrum]


#TBID:2021-08-25 03:00:00;SAM_84DC;CALIBRATED;

[Spectrum]
Version            = 1
IDData             = 96B1_2021-08-25_03-00-00_000_943
IDDevice           = SAM_84DC
IDDataType         = SPECTRUM
IDDataTypeSub1     = CALIBRATED
IDDataTypeSub2     = 
IDDataTypeSub3     = 
DateTime           = 2021-08-25 03:00:00
PositionLatitude   = 0
PositionLongitude  = 0
Comment            = 
CommentSub1        = 
CommentSub2        = 
CommentSub3        = 
IDMethodType       = SAM Control
MethodName         = SAM_84DC
Mission            = No Mission
MissionSub         = 1
RecordType         = 0
[Attributes]
CalFactor = 1
IDBasisSpec = 
IDDataBack = DLAB_2015-08-21_13-19-54_137_939
IDDataCal = DLAB_2015-08-24_10-46-55_592_608
IntegrationTime = 4096
P31 = -1
P31e = 0
PathLength = +INF
PathLengthCustomOn = 0
RAWDynamic = 65535
Salinity = 0
Temperature = -NAN
Unit1 = $01 $01 Wavelength nm
Unit2 = $03 $03 Intensity mW/(m^2 nm Sr)
Unit3 = $f0 $03 Error mW/(m^2 nm Sr)
Unit4 = $f1 $00 Status 
p999 = 2193
[END] of [Attributes]
[DATA]
 0 11 0 0
 305.71650776488 0 0 0
 309.04007505697 0 0 0
 312.36416914304 0 0 0
 315.68877841375 0 0 0
 319.01389125976 -0.00622150869585121 0 0
 322.33949607173 -0.00599180640750213 0 0
 325.66558124032 -0.00545062330947681 0 0
 328.99213515619 -0.00492268712943266 0 0
 332.31914621 -0.0047890662855579 0 0
 335.64660279241 -0.00441973932491548 0 0
 338.97449329408 -0.00394368003362917 0 0
 342.30280610567 -0.00357276699009525 0 0
 345.63152961784 -0.00319813553138618 0 0
 348.96065222125 -0.00302927367622484 0 0
 352.29016230656 -0.00261421520070872 0 0
 355.62004826443 -0.00221737122247417 0 0
 358.95029848552 -0.00210372235477267 0 0
 362.28090136049 -0.00217185310750203 0 0
 365.61184528 -0.00227731311490056 0 0
 368.94311863471 -0.00220648054020418 0 0
 372.27470981528 -0.00225322675521022 0 0
 375.60660721237 -0.0024395222100322 0 0
 378.93879921664 -0.0027762455493672 0 0
 382.27127421875 -0.00267105297304741 0 0
 385.60402060936 -0.00255398916016933 0 0
 388.93702677913 -0.00245718963420148 0 0
 392.27028111872 -0.00248387703274856 0 0
 395.60377201879 -0.00235224136781898 0 0
 398.93748787 -0.00217722934777452 0 0
 402.27141706301 -0.00208437886729043 0 0
 405.60554798848 -0.00195724588514268 0 0
 408.93986903707 -0.00182040610870258 0 0
 412.27436859944 -0.00171211263782543 0 0
 415.60903506625 -0.0015973877785134 0 0
 418.94385682816 -0.00151277104075541 0 0
 422.27882227583 -0.00142373511894738 0 0
 425.61391979992 -0.00131994408101786 0 0
 428.94913779109 -0.00127490477473498 0 0
 432.28446464 -0.00125999667289034 0 0
 435.61988873731 -0.00121904858196611 0 0
 438.95539847368 -0.00121948040727365 0 0
 442.29098223977 -0.00121815934722455 0 0
 445.62662842624 -0.00122799753682217 0 0
 448.96232542375 -0.00126438143341478 0 0
 452.29806162296 -0.00132762334614747 0 0
 455.63382541453 -0.00131235471633265 0 0
 458.96960518912 -0.00136835586362832 0 0
 462.30538933739 -0.00139566439289574 0 0
 465.64116625 -0.00145739112364351 0 0
 468.97692431761 -0.00143288342521434 0 0
 472.31265193088 -0.00147196466012771 0 0
 475.64833748047 -0.00148113888741288 0 0
 478.98396935704 -0.00144271530690564 0 0
 482.31953595125 -0.00150853406977611 0 0
 485.65502565376 -0.00156579101514403 0 0
 488.99042685523 -0.00152436451276905 0 0
 492.32572794632 -0.00159847849733484 0 0
 495.66091731769 -0.00153068401355674 0 0
 498.99598336 -0.00155667497091262 0 0
 502.33091446391 -0.0014266149905833 0 0
 505.66569902008 -0.00140300105870738 0 0
 509.00032541917 -0.00143036668526504 0 0
 512.33478205184 -0.00139270821886659 0 0
 515.66905730875 -0.00138398022319264 0 0
 519.00313958056 -0.00131637610073138 0 0
 522.33701725793 -0.00130311036049612 0 0
 525.67067873152 -0.00124304138874109 0 0
 529.00411239199 -0.00126172204600813 0 0
 532.33730663 -0.00125098976176136 0 0
 535.67024983621 -0.00118392752811353 0 0
 539.00293040128 -0.00113686473519653 0 0
 542.33533671587 -0.0011414948756899 0 0
 545.66745717064 -0.00115011839336498 0 0
 548.99928015625 -0.00116156854790262 0 0
 552.33079406336 -0.00116420554334018 0 0
 555.66198728263 -0.00117660964504574 0 0
 558.99284820472 -0.00120550362349769 0 0
 562.32336522029 -0.00120504213544488 0 0
 565.65352672 -0.00125018793055548 0 0
 568.98332109451 -0.00128986837783787 0 0
 572.31273673448 -0.0013213038744019 0 0
 575.64176203057 -0.00131126334289545 0 0
 578.97038537344 -0.00135860887671041 0 0
 582.29859515375 -0.00139629587306672 0 0
 585.62637976216 -0.00120580633736393 0 0
 588.95372758933 -0.00127314651859029 0 0
 592.28062702592 -0.00140662902510516 0 0
 595.60706646259 -0.00145443909141681 0 0
 598.93303429 -0.00150911176448409 0 0
 602.25851889881 -0.0015107205389144 0 0
 605.58350867968 -0.00162964174326606 0 0
 608.90799202327 -0.00201354297879004 0 0
 612.23195732024 -0.00196098001269326 0 0
 615.55539296125 -0.00192729859521108 0 0
 618.87828733696 -0.00190257633651652 0 0
 622.20062883803 -0.0019390321203653 0 0
 625.52240585512 -0.00192539044435827 0 0
 628.84360677889 -0.00188961852362204 0 0
 632.16422 -0.00157339885177309 0 0
 635.48423390911 -0.00179284354581566 0 0
 638.80363689688 -0.00185883254641128 0 0
 642.12241735397 -0.00195387247473402 0 0
 645.44056367104 -0.00196152314829679 0 0
 648.75806423875 -0.00197688679339652 0 0
 652.07490744776 -0.00205186997590671 0 0
 655.39108168873 -0.0019716358700761 0 0
 658.70657535232 -0.00203137877510305 0 0
 662.02137682919 -0.0020308619329358 0 0
 665.33547451 -0.00201676978735354 0 0
 668.64885678541 -0.00190181575814209 0 0
 671.96151204608 -0.00190513481231507 0 0
 675.27342868267 -0.00197907619954683 0 0
 678.58459508584 -0.00178068092161835 0 0
 681.89499964625 -0.00196075188048236 0 0
 685.20463075456 -0.00189596125657153 0 0
 688.51347680143 -0.00180587919557705 0 0
 691.82152617752 -0.0019982101793982 0 0
 695.12876727349 -0.00193245398482489 0 0
 698.43518848 -0.00184617024153373 0 0
 701.74077818771 -0.00240910901726512 0 0
 705.04552478728 -0.00220190725954272 0 0
 708.34941666937 -0.00212623359861057 0 0
 711.65244222464 -0.00207978910103441 0 0
 714.95458984375 -0.00210896736383764 0 0
 718.25584791736 -0.00204877187943464 0 0
 721.55620483613 -0.00215846376505155 0 0
 724.85564899072 -0.00211658293701812 0 0
 728.15416877179 -0.0019486008148276 0 0
 731.45175257 -0.00189975472647561 0 0
 734.74838877601 -0.00197915967067395 0 0
 738.04406578048 -0.00206607237171976 0 0
 741.33877197407 -0.0018837521199137 0 0
 744.63249574744 -0.00197850725297095 0 0
 747.92522549125 -0.0019668006815799 0 0
 751.21694959616 -0.00203087168377436 0 0
 754.50765645283 -0.00210318459229803 0 0
 757.79733445192 -0.00197352829803553 0 0
 761.08597198409 -0.00204480811455438 0 0
 764.37355744 -0.00205422252223633 0 0
 767.66007921031 -0.00213542774320881 0 0
 770.94552568568 -0.00203167148576874 0 0
 774.22988525677 -0.00209306978484421 0 0
 777.51314631424 -0.00207496824203819 0 0
 780.79529724875 -0.00225182310189541 0 0
 784.07632645096 -0.00219379811559614 0 0
 787.35622231153 -0.00242608246668378 0 0
 790.63497322112 -0.00236983013038981 0 0
 793.91256757039 -0.00242672372589231 0 0
 797.18899375 -0.00240512245726715 0 0
 800.46424015061 -0.00257110048975304 0 0
 803.73829516288 -0.00252716289327875 0 0
 807.01114717747 -0.00276584887179375 0 0
 810.28278458504 -0.00272502368346123 0 0
 813.55319577625 -0.0028604685813345 0 0
 816.82236914176 -0.00217819703141103 0 0
 820.09029307223 -0.00240213249692133 0 0
 823.35695595832 -0.00276059111582375 0 0
 826.62234619069 -0.00268806311733164 0 0
 829.88645216 -0.0029486724579177 0 0
 833.14926225691 -0.00294827323066098 0 0
 836.41076487208 -0.0031638829669976 0 0
 839.67094839617 -0.00419457996220002 0 0
 842.92980121984 -0.00423732246921243 0 0
 846.18731173375 -0.00414556736658005 0 0
 849.44346832856 -0.00423826014778399 0 0
 852.69825939493 -0.00426579370150251 0 0
 855.95167332352 -0.00455386810909708 0 0
 859.20369850499 -0.00442871269767793 0 0
 862.45432333 -0.00513795715684603 0 0
 865.70353618921 -0.00441325504443977 0 0
 868.95132547328 -0.00475249639991018 0 0
 872.19767957287 -0.00499801447167977 0 0
 875.44258687864 -0.00509400947460817 0 0
 878.68603578125 -0.00566490111515955 0 0
 881.92801467136 -0.00462966433338517 0 0
 885.16851193963 -0.00392936011805766 0 0
 888.40751597672 -0.0042775733099913 0 0
 891.64501517329 -0.00471414905973879 0 0
 894.88099792 -0.00459266958428404 0 0
 898.11545260751 -0.00479324125537109 0 0
 901.34836762648 -0.00567192556341859 0 0
 904.57973136757 -0.00604799949485442 0 0
 907.80953222144 -0.00579682384951761 0 0
 911.03775857875 -0.00607339606814406 0 0
 914.26439883016 -0.00621848046201029 0 0
 917.48944136633 -0.00627367462549712 0 0
 920.71287457792 -0.00584025418519438 0 0
 923.93468685559 -0.00643147858330304 0 0
 927.15486659 -0.0072164968865031 0 0
 930.37340217181 -0.00710120290677352 0 0
 933.59028199168 -0.00740410985368996 0 0
 936.80549444027 -0.00711572997227336 0 0
 940.01902790824 -0.00814993425582995 0 0
 943.23087078625 -0.00806105788788828 0 0
 946.44101146496 -0.00872082666173088 0 0
 949.64943833503 -0.0095156431849734 0 0
 952.85613978712 -0.010371322839778 0 0
 956.06110421189 0 0 0
 959.26432 0 0 0
 962.46577554211 0 0 0
 965.66545922888 0 0 0
 968.86335945097 0 0 0
 972.05946459904 0 0 0
 975.25376306375 0 0 0
 978.44624323576 0 0 0
 981.63689350573 0 0 0
 984.82570226432 0 0 0
 988.01265790219 0 0 0
 991.19774881 0 0 0
 994.38096337841 0 0 0
 997.56228999808 0 0 0
 1000.74171705967 0 0 0
 1003.91923295384 0 0 0
 1007.09482607125 0 0 0
 1010.26848480256 0 0 0
 1013.44019753843 0 0 0
 1016.60995266952 0 0 0
 1019.77773858649 0 0 0
 1022.94354368 0 0 0
 1026.10735634071 0 0 0
 1029.26916495928 0 0 0
 1032.42895792637 0 0 0
 1035.58672363264 0 0 0
 1038.74245046875 0 0 0
 1041.89612682536 0 0 0
 1045.04774109313 0 0 0
 1048.19728166272 0 0 0
 1051.34473692479 0 0 0
 1054.49009527 0 0 0
 1057.63334508901 0 0 0
 1060.77447477248 0 0 0
 1063.91347271107 0 0 0
 1067.05032729544 0 0 0
 1070.18502691625 0 0 0
 1073.31755996416 0 0 0
 1076.44791482983 0 0 0
 1079.57607990392 0 0 0
 1082.70204357709 0 0 0
 1085.82579424 0 0 0
 1088.94732028331 0 0 0
 1092.06661009768 0 0 0
 1095.18365207377 0 0 0
 1098.29843460224 0 0 0
 1101.41094607375 0 0 0
 1104.52117487896 0 0 0
 1107.62910940853 0 0 0
 1110.73473805312 0 0 0
 1113.83804920339 0 0 0
 1116.93903125 0 0 0
 1120.03767258361 0 0 0
 1123.13396159488 0 0 0
 1126.22788667447 0 0 0
 1129.31943621304 0 0 0
 1132.40859860125 0 0 0
 1135.49536222976 0 0 0
[END] of [DATA]
[END] of [Spectrum]


#TBID:2021-08-25 03:00:00;SAM_84C8;RAW;

[Spectrum]
Version            = 1
IDData             = 96B1_2021-08-25_03-00-00_000_945
IDDevice           = SAM_84C8
IDDataType         = SPECTRUM
IDDataTypeSub1     = RAW
IDDataTypeSub2     = 
IDDataTypeSub3     = 
DateTime           = 2021-08-25 03:00:00
PositionLatitude   = 0
PositionLongitude  = 0
Comment            = 
CommentSub1        = 
CommentSub2        = 
CommentSub3        = 
IDMethodType       = SAM Control
MethodName         = SAM_84C8
Mission            = No Mission
MissionSub         = 1
RecordType         = 0
[Attributes]
CalFactor = 1
IDBasisSpec = 
IDDataBack = DLAB_2015-08-21_12-14-03_013_778
IDDataCal = DLAB_2015-08-24_11-04-47_772_747
IntegrationTime = 4096
P31 = -1
P31e = 0
PathLength = +INF
PathLengthCustomOn = 0
RAWDynamic = 65535
Salinity = 0
Temperature = -NAN
Unit1 = $05 $00 Pixel 
Unit2 = $03 $05 Intensity counts
Unit3 = $f0 $05 Error counts
Unit4 = $f1 $00 Status 
p999 = 2193
[END] of [Attributes]
[DATA]
 0 11 0 0
 1 1708 0 0
 2 1714 0 0
 3 1710 0 0
 4 1715 0 0
 5 1718 0 0
 6 1724 0 0
 7 1716 0 0
 8 1713 0 0
 9 1720 0 0
 10 1723 0 0
 11 1728 0 0
 12 1765 0 0
 13 1754 0 0
 14 1743 0 0
 15 1771 0 0
 16 1762 0 0
 17 1760 0 0
 18 1754 0 0
 19 1717 0 0
 20 1728 0 0
 21 1730 0 0
 22 1727 0 0
 23 1741 0 0
 24 1744 0 0
 25 1747 0 0
 26 1738 0 0
 27 1746 0 0
 28 1772 0 0
 29 1779 0 0
 30 1776 0 0
 31 1761 0 0
 32 1761 0 0
 33 1761 0 0
 34 1753 0 0
 35 1725 0 0
 36 1741 0 0
 37 1758 0 0
 38 1749 0 0
 39 1746 0 0
 40 1748 0 0
 41 1747 0 0
 42 1746 0 0
 43 1756 0 0
 44 1744 0 0
 45 1759 0 0
 46 1756 0 0
 47 1751 0 0
 48 1754 0 0
 49 1762 0 0
 50 1749 0 0
 51 1755 0 0
 52 1763 0 0
 53 1754 0 0
 54 1743 0 0
 55 1752 0 0
 56 1760 0 0
 57 1759 0 0
 58 1758 0 0
 59 1751 0 0
 60 1751 0 0
 61 1757 0 0
 62 1763 0 0
 63 1790 0 0
 64 1768 0 0
 65 1766 0 0
 66 1770 0 0
 67 1764 0 0
 68 1771 0 0
 69 1761 0 0
 70 1737 0 0
 71 1741 0 0
 72 1755 0 0
 73 1755 0 0
 74 1751 0 0
 75 1762 0 0
 76 1756 0 0
 77 1792 0 0
 78 1779 0 0
 79 1772 0 0
 80 1768 0 0
 81 1769 0 0
 82 1796 0 0
 83 1786 0 0
 84 1784 0 0
 85 1771 0 0
 86 1771 0 0
 87 1777 0 0
 88 1760 0 0
 89 1739 0 0
 90 1756 0 0
 91 1754 0 0
 92 1756 0 0
 93 1754 0 0
 94 1768 0 0
 95 1772 0 0
 96 1794 0 0
 97 1779 0 0
 98 1746 0 0
 99 1754 0 0
 100 1766 0 0
 101 1770 0 0
 102 1766 0 0
 103 1758 0 0
 104 1764 0 0
 105 1772 0 0
 106 1765 0 0
 107 1765 0 0
 108 1759 0 0
 109 1765 0 0
 110 1775 0 0
 111 1783 0 0
 112 1766 0 0
 113 1769 0 0
 114 1765 0 0
 115 1772 0 0
 116 1738 0 0
 117 1745 0 0
 118 1747 0 0
 119 1763 0 0
 120 1750 0 0
 121 1760 0 0
 122 1754 0 0
 123 1759 0 0
 124 1764 0 0
 125 1768 0 0
 126 1764 0 0
 127 1776 0 0
 128 1765 0 0
 129 1772 0 0
 130 1766 0 0
 131 1765 0 0
 132 1787 0 0
 133 1845 0 0
 134 1781 0 0
 135 1780 0 0
 136 1774 0 0
 137 1776 0 0
 138 1775 0 0
 139 1755 0 0
 140 1752 0 0
 141 1751 0 0
 142 1768 0 0
 143 1763 0 0
 144 1767 0 0
 145 1770 0 0
 146 1769 0 0
 147 1759 0 0
 148 1772 0 0
 149 1768 0 0
 150 1765 0 0
 151 1797 0 0
 152 1790 0 0
 153 1814 0 0
 154 1795 0 0
 155 1782 0 0
 156 1785 0 0
 157 1788 0 0
 158 1751 0 0
 159 1753 0 0
 160 1725 0 0
 161 1747 0 0
 162 1754 0 0
 163 1758 0 0
 164 1752 0 0
 165 1762 0 0
 166 1762 0 0
 167 1810 0 0
 168 1788 0 0
 169 1774 0 0
 170 1780 0 0
 171 1777 0 0
 172 1801 0 0
 173 1785 0 0
 174 1746 0 0
 175 1766 0 0
 176 1765 0 0
 177 1769 0 0
 178 1762 0 0
 179 1768 0 0
 180 1771 0 0
 181 1766 0 0
 182 1771 0 0
 183 1773 0 0
 184 1761 0 0
 185 1773 0 0
 186 1772 0 0
 187 1774 0 0
 188 1772 0 0
 189 1770 0 0
 190 1763 0 0
 191 1771 0 0
 192 1768 0 0
 193 1756 0 0
 194 1767 0 0
 195 1768 0 0
 196 1758 0 0
 197 1765 0 0
 198 1768 0 0
 199 1767 0 0
 200 1764 0 0
 201 1763 0 0
 202 1787 0 0
 203 1779 0 0
 204 1779 0 0
 205 1769 0 0
 206 1772 0 0
 207 1768 0 0
 208 1768 0 0
 209 1736 0 0
 210 1741 0 0
 211 1752 0 0
 212 1754 0 0
 213 1758 0 0
 214 1757 0 0
 215 1757 0 0
 216 1778 0 0
 217 1777 0 0
 218 1771 0 0
 219 1767 0 0
 220 1769 0 0
 221 1770 0 0
 222 1768 0 0
 223 1761 0 0
 224 1773 0 0
 225 1769 0 0
 226 1765 0 0
 227 1724 0 0
 228 1738 0 0
 229 1739 0 0
 230 1746 0 0
 231 1757 0 0
 232 1756 0 0
 233 1754 0 0
 234 1758 0 0
 235 1756 0 0
 236 1742 0 0
 237 1742 0 0
 238 1745 0 0
 239 1747 0 0
 240 1756 0 0
 241 1797 0 0
 242 1781 0 0
 243 1769 0 0
 244 1772 0 0
 245 1757 0 0
 246 1755 0 0
 247 1759 0 0
 248 1758 0 0
 249 1755 0 0
 250 1750 0 0
 251 1730 0 0
 252 1726 0 0
 253 1724 0 0
 254 1714 0 0
 255 1752 0 0
[END] of [DATA]
[END] of [Spectrum]


#TBID:2021-08-25 03:00:00;SAM_84C8;CALIBRATED;

[Spectrum]
Version            = 1
IDData             = 96B1_2021-08-25_03-00-00_000_946
IDDevice           = SAM_84C8
IDDataType         = SPECTRUM
IDDataTypeSub1     = CALIBRATED
IDDataTypeSub2     = 
IDDataTypeSub3     = 
DateTime           = 2021-08-25 03:00:00
PositionLatitude   = 0
PositionLongitude  = 0
Comment            = 
CommentSub1        = 
CommentSub2        = 
CommentSub3        = 
IDMethodType       = SAM Control
MethodName         = SAM_84C8
Mission            = No Mission
MissionSub         = 1
RecordType         = 0
[Attributes]
CalFactor = 1
IDBasisSpec = 
IDDataBack = DLAB_2015-08-21_12-14-03_013_778
IDDataCal = DLAB_2015-08-24_11-04-47_772_747
IntegrationTime = 4096
P31 = -1
P31e = 0
PathLength = +INF
PathLengthCustomOn = 0
RAWDynamic = 65535
Salinity = 0
Temperature = -NAN
Unit1 = $01 $01 Wavelength nm
Unit2 = $03 $03 Intensity mW/(m^2 nm Sr)
Unit3 = $f0 $03 Error mW/(m^2 nm Sr)
Unit4 = $f1 $00 Status 
p999 = 2193
[END] of [Attributes]
[DATA]
 0 11 0 0
 303.516048156 0 0 0
 306.890006053 0 0 0
 310.26457112 0 0 0
 313.639731825 0 0 0
 317.015476636 -0.00124653064646896 0 0
 320.391794021 -0.000978657491575602 0 0
 323.768672448 -0.0010541804590881 0 0
 327.146100385 -0.001023127233377 0 0
 330.5240663 -0.000792809560798857 0 0
 333.902558661 -0.000450724271380887 0 0
 337.281565936 -0.000560740996308766 0 0
 340.661076593 0.000452740813585591 0 0
 344.0410791 0.000345203458477124 0 0
 347.421561925 3.71548768410851e-005 0 0
 350.802513536 0.00060470585579034 0 0
 354.183922401 0.0003644362499919 0 0
 357.565776988 0.000252070035352191 0 0
 360.948065765 0.000156837783185386 0 0
 364.3307772 -0.000534472492420679 0 0
 367.713899761 -0.000267242494508638 0 0
 371.097421916 -0.000283459832460061 0 0
 374.481332133 -0.000381081056620882 0 0
 377.86561888 -0.000127636058653697 0 0
 381.250270625 -0.000105679262648774 0 0
 384.635275836 2.30503985693273e-005 0 0
 388.020622981 -1.1270568787189e-005 0 0
 391.406300528 5.25048706414927e-005 0 0
 394.792296945 0.000502364294324988 0 0
 398.1786007 0.000675977470118159 0 0
 401.565200261 0.000525887396176558 0 0
 404.952084096 0.000282862500447603 0 0
 408.339240673 0.000268945826640272 0 0
 411.72665846 0.000326330629944158 0 0
 415.114325925 0.000172810737983709 0 0
 418.502231536 -0.000226194729039963 0 0
 421.890363761 -6.78770367534855e-005 0 0
 425.278711068 1.22541169058575e-005 0 0
 428.667261925 2.76328216030645e-005 0 0
 432.0560048 7.7328183740868e-005 0 0
 435.444928161 6.58588700205687e-005 0 0
 438.834020476 1.15662993879241e-005 0 0
 442.223270213 3.68591435946648e-005 0 0
 445.61266584 0.000107195472868789 0 0
 449.002195825 3.24687630810005e-005 0 0
 452.391848636 0.000101948358761052 0 0
 455.781612741 0.00011619906024432 0 0
 459.171476608 8.13792357542716e-005 0 0
 462.561428705 7.75992609598828e-005 0 0
 465.9514575 0.000134008311382651 0 0
 469.341551461 8.46794904680171e-005 0 0
 472.731699056 8.53423407625593e-005 0 0
 476.121888753 0.000200518885432813 0 0
 479.51210902 0.000116304165347649 0 0
 482.902348325 0.000109070405891487 0 0
 486.292595136 8.21585644808048e-005 0 0
 489.682837921 0.000170566294434941 0 0
 493.073065148 0.000102824384400129 0 0
 496.463265285 0.000185475431109251 0 0
 499.8534268 0.000160585454940807 0 0
 503.243538161 0.000119569926483724 0 0
 506.633587836 0.000157432777404952 0 0
 510.023564293 7.40682842940524e-005 0 0
 513.413456 0.000540309229302104 0 0
 516.803251425 0.000373768532028194 0 0
 520.192939036 0.000290958871787722 0 0
 523.582507301 0.00025502972681052 0 0
 526.971944688 0.000205476383885703 0 0
 530.361239665 0.000231276311999497 0 0
 533.7503807 0.000189142563802555 0 0
 537.139356261 -0.000170940981546686 0 0
 540.528154816 -8.04749071418717e-005 0 0
 543.916764833 1.54888946221855e-005 0 0
 547.30517478 8.74611243264065e-005 0 0
 550.693373125 5.39082849516499e-005 0 0
 554.081348336 0.000151432429931144 0 0
 557.469088881 8.87422838813521e-005 0 0
 560.856583228 0.000507359635599251 0 0
 564.243819845 0.000360523982266293 0 0
 567.6307872 0.000271980061871233 0 0
 571.017473761 0.000233325829619367 0 0
 574.403867996 0.00028238363442114 0 0
 577.789958373 0.000535748418853403 0 0
 581.17573336 0.000451768774826352 0 0
 584.561181425 0.000414913906701386 0 0
 587.946291036 0.000338268941162718 0 0
 591.331050661 0.00033114078464338 0 0
 594.715448768 0.000365546832601792 0 0
 598.099473825 0.000179090575506084 0 0
 601.4831143 -0.000109140812141143 0 0
 604.866358661 1.31110076871791e-005 0 0
 608.249195376 3.54269539858873e-005 0 0
 611.631612913 7.4688259924342e-005 0 0
 615.01359974 0.000137661705699331 0 0
 618.395144325 0.000201951135173382 0 0
 621.776235136 0.000370704614883967 0 0
 625.156860641 0.00064061390070847 0 0
 628.537009308 0.000494226390465375 0 0
 631.916669605 -3.76378531413036e-005 0 0
 635.29583 0.000130923646048218 0 0
 638.674478961 0.000173178091736348 0 0
 642.052604956 0.000181492581945377 0 0
 645.430196453 0.000241362569775044 0 0
 648.80724192 0.0001843283160444 0 0
 652.183729825 0.000296752180678574 0 0
 655.559648636 0.000308942951297194 0 0
 658.934986821 0.000360512247735257 0 0
 662.309732848 0.000315133941706056 0 0
 665.683875185 0.000296445707725571 0 0
 669.0574023 0.000379516778926095 0 0
 672.430302661 0.000379259052808421 0 0
 675.802564736 0.000408004499110623 0 0
 679.174176993 0.000290340660676265 0 0
 682.5451279 0.000360540135435183 0 0
 685.915405925 0.000305065232459985 0 0
 689.284999536 0.000326641002038286 0 0
 692.653897201 -0.000491453021678143 0 0
 696.022087388 -9.63446155226225e-005 0 0
 699.389558565 -3.0295982320357e-005 0 0
 702.7562992 0.000141555185912914 0 0
 706.122297761 0.000107934807303012 0 0
 709.487542716 0.000198914608974366 0 0
 712.852022533 0.000200291754177635 0 0
 716.21572568 0.000258978410682063 0 0
 719.578640625 0.000404226171119778 0 0
 722.940755836 0.000388816494101265 0 0
 726.302059781 0.000296643013709281 0 0
 729.662540928 0.00036429802280251 0 0
 733.022187745 0.000396458768660096 0 0
 736.3809887 0.00044156866371716 0 0
 739.738932261 0.000461033663653628 0 0
 743.096006896 0.000266342211649834 0 0
 746.452201073 0.00084195871936816 0 0
 749.80750326 0.000819126179464052 0 0
 753.161901925 0.000638364192946292 0 0
 756.515385536 0.000754542287552896 0 0
 759.867942561 0.000596345760009956 0 0
 763.219561468 0.00057540471550827 0 0
 766.570230725 0.000709978590436947 0 0
 769.9199388 -7.25677420688029e-005 0 0
 773.268674161 1.92881160565042e-006 0 0
 776.616425276 6.23469159447838e-005 0 0
 779.963180613 0.000389674035106072 0 0
 783.30892864 0.000342131815448997 0 0
 786.653657825 0.000248439958920412 0 0
 789.997356636 0.00047370423252175 0 0
 793.340013541 0.000457025124134879 0 0
 796.681617008 0.000342633456145095 0 0
 800.022155505 0.000600354708476161 0 0
 803.3616175 0.000665851807017488 0 0
 806.699991461 0.000519643601749448 0 0
 810.037265856 0.00170606906473266 0 0
 813.373429153 0.00132692346336249 0 0
 816.70846982 0.00260359727023446 0 0
 820.042376325 0.00199807532778678 0 0
 823.375137136 0.00159427696481054 0 0
 826.706740721 0.00147802853510595 0 0
 830.037175548 0.00158282307898638 0 0
 833.366430085 -0.0001056548095255 0 0
 836.6944928 0.000184942748527173 0 0
 840.021352161 -0.0016083079638123 0 0
 843.346996636 -0.000202351428788054 0 0
 846.671414693 1.96993574672719e-005 0 0
 849.9945948 0.000403588966815737 0 0
 853.316525425 0.000422248807981374 0 0
 856.637195036 0.000434922586399595 0 0
 859.956592101 0.00062981300005838 0 0
 863.274705088 0.00396457698138348 0 0
 866.591522465 0.00262649866190404 0 0
 869.9070327 0.00194181134042959 0 0
 873.221224261 0.00209583707711637 0 0
 876.534085616 0.00234922631143816 0 0
 879.845605233 0.00433223210742293 0 0
 883.15577158 0.00410907852220534 0 0
 886.464573125 -0.000154525695996127 0 0
 889.771998336 0.000757208232242991 0 0
 893.078035681 0.00163669515895836 0 0
 896.382673628 0.00198319259165742 0 0
 899.685900645 0.00162425956287641 0 0
 902.9877052 0.00175618733132566 0 0
 906.288075761 0.00183641064674064 0 0
 909.587000796 0.00155638097873902 0 0
 912.884468773 0.00232303569524896 0 0
 916.18046816 0.00282714534611415 0 0
 919.474987425 0.00207306977075993 0 0
 922.768015036 0.00299849110592011 0 0
 926.059539461 0.00365692907002486 0 0
 929.349549168 0.00266017890825818 0 0
 932.638032625 0.00383278798811318 0 0
 935.9249783 0.00361827024232461 0 0
 939.210374661 0.00374087094460379 0 0
 942.494210176 0.0040333115175053 0 0
 945.776473313 0.00260914973423689 0 0
 949.05715254 0.00288189797352916 0 0
 952.336236325 0.00305782770591544 0 0
 955.613713136 0 0 0
 958.889571441 0 0 0
 962.163799708 0 0 0
 965.436386405 0 0 0
 968.70732 0 0 0
 971.976588961 0 0 0
 975.244181756 0 0 0
 978.510086853 0 0 0
 981.77429272 0 0 0
 985.036787825 0 0 0
 988.297560636 0 0 0
 991.556599621 0 0 0
 994.813893248 0 0 0
 998.069429985 0 0 0
 1001.3231983 0 0 0
 1004.575186661 0 0 0
 1007.825383536 0 0 0
 1011.073777393 0 0 0
 1014.3203567 0 0 0
 1017.565109925 0 0 0
 1020.808025536 0 0 0
 1024.049092001 0 0 0
 1027.288297788 0 0 0
 1030.525631365 0 0 0
 1033.7610812 0 0 0
 1036.994635761 0 0 0
 1040.226283516 0 0 0
 1043.456012933 0 0 0
 1046.68381248 0 0 0
 1049.909670625 0 0 0
 1053.133575836 0 0 0
 1056.355516581 0 0 0
 1059.575481328 0 0 0
 1062.793458545 0 0 0
 1066.0094367 0 0 0
 1069.223404261 0 0 0
 1072.435349696 0 0 0
 1075.645261473 0 0 0
 1078.85312806 0 0 0
 1082.058937925 0 0 0
 1085.262679536 0 0 0
 1088.464341361 0 0 0
 1091.663911868 0 0 0
 1094.861379525 0 0 0
 1098.0567328 0 0 0
 1101.249960161 0 0 0
 1104.441050076 0 0 0
 1107.629991013 0 0 0
 1110.81677144 0 0 0
 1114.001379825 0 0 0
 1117.183804636 0 0 0
 1120.364034341 0 0 0
 1123.542057408 0 0 0
 1126.717862305 0 0 0
 1129.8914375 0 0 0
 1133.062771461 0 0 0
 1136.231852656 0 0 0
 1139.398669553 0 0 0
 1142.56321062 0 0 0
 1145.725464325 0 0 0
 1148.885419136 0 0 0
[END] of [DATA]
[END] of [Spectrum]

