
#TBID:2021-11-05 00:30:00;SAM_84DC;CALIBRATED;

[Spectrum]
Version            = 1
IDData             = 96B1_2021-11-05_00-30-00_000_233
IDDevice           = SAM_84DC
IDDataType         = SPECTRUM
IDDataTypeSub1     = CALIBRATED
IDDataTypeSub2     = 
IDDataTypeSub3     = 
DateTime           = 2021-11-05 00:30:00
PositionLatitude   = 0
PositionLongitude  = 0
Comment            = 
CommentSub1        = 
CommentSub2        = 
CommentSub3        = 
IDMethodType       = SAM Control
MethodName         = SAM_84DC
Mission            = No Mission
MissionSub         = 1
RecordType         = 0
[Attributes]
CalFactor = 1
IDBasisSpec = 
IDDataBack = DLAB_2015-08-21_13-19-54_137_939
IDDataCal = DLAB_2015-08-24_10-46-55_592_608
IntegrationTime = 4096
P31 = -1
P31e = 0
PathLength = +INF
PathLengthCustomOn = 0
RAWDynamic = 65535
Salinity = 0
Temperature = -NAN
Unit1 = $01 $01 Wavelength nm
Unit2 = $03 $03 Intensity mW/(m^2 nm Sr)
Unit3 = $f0 $03 Error mW/(m^2 nm Sr)
Unit4 = $f1 $00 Status 
p999 = 1422
[END] of [Attributes]
[DATA]
 0 11 0 0
 305.71650776488 0 0 0
 309.04007505697 0 0 0
 312.36416914304 0 0 0
 315.68877841375 0 0 0
 319.01389125976 -0.00105390453323721 0 0
 322.33949607173 -0.000574115882047901 0 0
 325.66558124032 -0.00117820560605473 0 0
 328.99213515619 -0.00084144645317054 0 0
 332.31914621 -0.00101743164773649 0 0
 335.64660279241 -0.00082488605908751 0 0
 338.97449329408 -0.00077145609178503 0 0
 342.30280610567 -0.000518948713864764 0 0
 345.63152961784 -0.000557488181948163 0 0
 348.96065222125 -0.000658316534360229 0 0
 352.29016230656 -0.00041140400228575 0 0
 355.62004826443 -0.000454649245314162 0 0
 358.95029848552 -0.000562766503450189 0 0
 362.28090136049 -0.00046826163282642 0 0
 365.61184528 -0.000409343040505119 0 0
 368.94311863471 -0.000445426621491242 0 0
 372.27470981528 -0.000387461094815419 0 0
 375.60660721237 -0.000492022917940531 0 0
 378.93879921664 -0.000491752821429491 0 0
 382.27127421875 -0.000417096178757462 0 0
 385.60402060936 -0.00041918955596324 0 0
 388.93702677913 -0.000505174942805588 0 0
 392.27028111872 -0.000459694710909803 0 0
 395.60377201879 -0.000261658015053378 0 0
 398.93748787 -0.000386496894255468 0 0
 402.27141706301 -0.000379230342005764 0 0
 405.60554798848 -0.00037324784631683 0 0
 408.93986903707 -0.000330811879090953 0 0
 412.27436859944 -0.000215352479501059 0 0
 415.60903506625 -0.000352815003062518 0 0
 418.94385682816 -0.000255868609166974 0 0
 422.27882227583 -0.000308916144315692 0 0
 425.61391979992 -0.000236294943395622 0 0
 428.94913779109 -0.000234899011899229 0 0
 432.28446464 -0.000187189212918346 0 0
 435.61988873731 -0.000332141609924055 0 0
 438.95539847368 -0.000237904290896324 0 0
 442.29098223977 -0.000203974552940559 0 0
 445.62662842624 -0.000211492553018153 0 0
 448.96232542375 -0.000217157508514112 0 0
 452.29806162296 -0.000220485111976327 0 0
 455.63382541453 -0.000263530433126874 0 0
 458.96960518912 -0.000325100730057459 0 0
 462.30538933739 -0.000279646447989886 0 0
 465.64116625 -0.000257840348929373 0 0
 468.97692431761 -0.000276012163488254 0 0
 472.31265193088 -0.000279695338368945 0 0
 475.64833748047 -0.000231072118822563 0 0
 478.98396935704 -0.000209931467820723 0 0
 482.31953595125 -0.000264693134353128 0 0
 485.65502565376 -0.000271447678785059 0 0
 488.99042685523 -0.000297018255091584 0 0
 492.32572794632 -0.000325858916664276 0 0
 495.66091731769 -0.000308213805807258 0 0
 498.99598336 -0.000442557785894095 0 0
 502.33091446391 -0.000312169557697739 0 0
 505.66569902008 -0.000317651238607162 0 0
 509.00032541917 -0.000182944879778007 0 0
 512.33478205184 -0.000280953556390157 0 0
 515.66905730875 -0.00026511890339541 0 0
 519.00313958056 -0.000216863340378053 0 0
 522.33701725793 -0.000145375572467806 0 0
 525.67067873152 -0.000255314080407447 0 0
 529.00411239199 -0.000276359928581615 0 0
 532.33730663 -0.000232285712741377 0 0
 535.67024983621 -0.000239558831721248 0 0
 539.00293040128 -0.000260677902677461 0 0
 542.33533671587 -0.000176442380301971 0 0
 545.66745717064 -0.000253293875369883 0 0
 548.99928015625 -0.000238836385261886 0 0
 552.33079406336 -0.00020167667738719 0 0
 555.66198728263 -0.000233525713448737 0 0
 558.99284820472 -0.000216723384201418 0 0
 562.32336522029 -0.000145488465923457 0 0
 565.65352672 -0.000258519270653048 0 0
 568.98332109451 -0.0002116169048036 0 0
 572.31273673448 -0.000265081423240693 0 0
 575.64176203057 -0.000208355267011909 0 0
 578.97038537344 -0.00017123765406126 0 0
 582.29859515375 -0.000132735807022401 0 0
 585.62637976216 -0.000261974826347359 0 0
 588.95372758933 -0.000308450074334754 0 0
 592.28062702592 -0.000277341847531405 0 0
 595.60706646259 -0.000260346410786132 0 0
 598.93303429 -0.000276499170885065 0 0
 602.25851889881 -0.000308672338702641 0 0
 605.58350867968 -0.000294203104545777 0 0
 608.90799202327 -0.000297699460308791 0 0
 612.23195732024 -0.000246808876009085 0 0
 615.55539296125 -0.000396331189209795 0 0
 618.87828733696 -0.000401950919747509 0 0
 622.20062883803 -0.000288419303802062 0 0
 625.52240585512 -0.000297022917893591 0 0
 628.84360677889 -0.000210140611351196 0 0
 632.16422 -0.000280186776680759 0 0
 635.48423390911 -0.000379270616300567 0 0
 638.80363689688 -0.000268374115306831 0 0
 642.12241735397 -0.000304192707884413 0 0
 645.44056367104 -0.000330295879551672 0 0
 648.75806423875 -0.000334285151378274 0 0
 652.07490744776 -0.000440139499849611 0 0
 655.39108168873 -0.000435149749222487 0 0
 658.70657535232 -0.000311272453654868 0 0
 662.02137682919 -0.000393687847714429 0 0
 665.33547451 -0.000429167064710034 0 0
 668.64885678541 -0.00030875820730124 0 0
 671.96151204608 -0.000349100732707264 0 0
 675.27342868267 -0.000328100041273977 0 0
 678.58459508584 -0.000145603857157363 0 0
 681.89499964625 -0.000351200512407073 0 0
 685.20463075456 -0.000422357893254173 0 0
 688.51347680143 -0.0002355031713262 0 0
 691.82152617752 -0.000291393166290513 0 0
 695.12876727349 -0.000167309247607431 0 0
 698.43518848 -0.000326136441061379 0 0
 701.74077818771 -0.000281151802706113 0 0
 705.04552478728 -0.000409646139836624 0 0
 708.34941666937 -0.000261088453505822 0 0
 711.65244222464 -0.000268095433084757 0 0
 714.95458984375 -0.000394743233017175 0 0
 718.25584791736 -0.000266181442123826 0 0
 721.55620483613 -0.000351549968879084 0 0
 724.85564899072 -0.000306008272389705 0 0
 728.15416877179 -0.000322790263679471 0 0
 731.45175257 -0.000330583498380998 0 0
 734.74838877601 -0.000528176316766834 0 0
 738.04406578048 -0.000235130065253485 0 0
 741.33877197407 -0.000272323950986899 0 0
 744.63249574744 -0.000169384242574795 0 0
 747.92522549125 -0.000310626539282166 0 0
 751.21694959616 -0.000260065691073211 0 0
 754.50765645283 -0.000167062453034869 0 0
 757.79733445192 -0.000290422307010017 0 0
 761.08597198409 -0.000173077522483713 0 0
 764.37355744 -0.000301596103930092 0 0
 767.66007921031 -0.000261678313103343 0 0
 770.94552568568 -0.000304072298272416 0 0
 774.22988525677 -0.000210685078767968 0 0
 777.51314631424 -0.000233786954208525 0 0
 780.79529724875 -0.000421293241763193 0 0
 784.07632645096 -0.000152386789746289 0 0
 787.35622231153 -0.00029423369183482 0 0
 790.63497322112 -0.000253817457074827 0 0
 793.91256757039 -0.000264479930179622 0 0
 797.18899375 -0.000315559667242554 0 0
 800.46424015061 -0.000274365477638114 0 0
 803.73829516288 -0.00054088118096086 0 0
 807.01114717747 -0.00025715076274437 0 0
 810.28278458504 -0.00044194410063574 0 0
 813.55319577625 -0.000750187122495852 0 0
 816.82236914176 -0.00064407449234813 0 0
 820.09029307223 -0.000249892455553722 0 0
 823.35695595832 -0.000400078990908899 0 0
 826.62234619069 -0.000364651360931397 0 0
 829.88645216 -0.000484269743875302 0 0
 833.14926225691 -0.000336207832007101 0 0
 836.41076487208 -0.000101441342991448 0 0
 839.67094839617 -0.000230897515765647 0 0
 842.92980121984 -9.31055812136114e-005 0 0
 846.18731173375 -0.000254143038278682 0 0
 849.44346832856 -0.000338007877898933 0 0
 852.69825939493 -0.000977209721228202 0 0
 855.95167332352 -0.000602544418230092 0 0
 859.20369850499 -0.000900372465175341 0 0
 862.45432333 -0.000826154438731948 0 0
 865.70353618921 -0.000648594280268938 0 0
 868.95132547328 -0.00105746140657999 0 0
 872.19767957287 -0.000450433650322154 0 0
 875.44258687864 -0.000616881505271601 0 0
 878.68603578125 -0.000684368640192299 0 0
 881.92801467136 -0.000349702464074687 0 0
 885.16851193963 -0.000499403624314487 0 0
 888.40751597672 -0.000540681929266734 0 0
 891.64501517329 -0.000562165018760374 0 0
 894.88099792 -0.000197322182140824 0 0
 898.11545260751 -0.000863220623827228 0 0
 901.34836762648 -0.00030302170832038 0 0
 904.57973136757 -0.00103066387759087 0 0
 907.80953222144 -0.00022399464461761 0 0
 911.03775857875 -0.000525796004771238 0 0
 914.26439883016 -0.000436462549549723 0 0
 917.48944136633 -0.00103561799780664 0 0
 920.71287457792 -0.000515727886228867 0 0
 923.93468685559 6.09933363104237e-006 0 0
 927.15486659 -0.000178259641054548 0 0
 930.37340217181 -0.00129417969439153 0 0
 933.59028199168 -0.000306623646764912 0 0
 936.80549444027 -0.00121326712035696 0 0
 940.01902790824 -0.000660785171089669 0 0
 943.23087078625 -0.000918375277486049 0 0
 946.44101146496 -0.00039249260890972 0 0
 949.64943833503 -0.000568653328395891 0 0
 952.85613978712 -0.00103680583535717 0 0
 956.06110421189 0 0 0
 959.26432 0 0 0
 962.46577554211 0 0 0
 965.66545922888 0 0 0
 968.86335945097 0 0 0
 972.05946459904 0 0 0
 975.25376306375 0 0 0
 978.44624323576 0 0 0
 981.63689350573 0 0 0
 984.82570226432 0 0 0
 988.01265790219 0 0 0
 991.19774881 0 0 0
 994.38096337841 0 0 0
 997.56228999808 0 0 0
 1000.74171705967 0 0 0
 1003.91923295384 0 0 0
 1007.09482607125 0 0 0
 1010.26848480256 0 0 0
 1013.44019753843 0 0 0
 1016.60995266952 0 0 0
 1019.77773858649 0 0 0
 1022.94354368 0 0 0
 1026.10735634071 0 0 0
 1029.26916495928 0 0 0
 1032.42895792637 0 0 0
 1035.58672363264 0 0 0
 1038.74245046875 0 0 0
 1041.89612682536 0 0 0
 1045.04774109313 0 0 0
 1048.19728166272 0 0 0
 1051.34473692479 0 0 0
 1054.49009527 0 0 0
 1057.63334508901 0 0 0
 1060.77447477248 0 0 0
 1063.91347271107 0 0 0
 1067.05032729544 0 0 0
 1070.18502691625 0 0 0
 1073.31755996416 0 0 0
 1076.44791482983 0 0 0
 1079.57607990392 0 0 0
 1082.70204357709 0 0 0
 1085.82579424 0 0 0
 1088.94732028331 0 0 0
 1092.06661009768 0 0 0
 1095.18365207377 0 0 0
 1098.29843460224 0 0 0
 1101.41094607375 0 0 0
 1104.52117487896 0 0 0
 1107.62910940853 0 0 0
 1110.73473805312 0 0 0
 1113.83804920339 0 0 0
 1116.93903125 0 0 0
 1120.03767258361 0 0 0
 1123.13396159488 0 0 0
 1126.22788667447 0 0 0
 1129.31943621304 0 0 0
 1132.40859860125 0 0 0
 1135.49536222976 0 0 0
[END] of [DATA]
[END] of [Spectrum]


#TBID:2021-11-05 00:30:00;SAM_84C8;RAW;

[Spectrum]
Version            = 1
IDData             = 96B1_2021-11-05_00-30-00_000_235
IDDevice           = SAM_84C8
IDDataType         = SPECTRUM
IDDataTypeSub1     = RAW
IDDataTypeSub2     = 
IDDataTypeSub3     = 
DateTime           = 2021-11-05 00:30:00
PositionLatitude   = 0
PositionLongitude  = 0
Comment            = 
CommentSub1        = 
CommentSub2        = 
CommentSub3        = 
IDMethodType       = SAM Control
MethodName         = SAM_84C8
Mission            = No Mission
MissionSub         = 1
RecordType         = 0
[Attributes]
CalFactor = 1
IDBasisSpec = 
IDDataBack = DLAB_2015-08-21_12-14-03_013_778
IDDataCal = DLAB_2015-08-24_11-04-47_772_747
IntegrationTime = 4096
P31 = -1
P31e = 0
PathLength = +INF
PathLengthCustomOn = 0
RAWDynamic = 65535
Salinity = 0
Temperature = -NAN
Unit1 = $05 $00 Pixel 
Unit2 = $03 $05 Intensity counts
Unit3 = $f0 $05 Error counts
Unit4 = $f1 $00 Status 
p999 = 1422
[END] of [Attributes]
[DATA]
 0 11 0 0
 1 1105 0 0
 2 1093 0 0
 3 1104 0 0
 4 1099 0 0
 5 1097 0 0
 6 1102 0 0
 7 1104 0 0
 8 1102 0 0
 9 1104 0 0
 10 1099 0 0
 11 1097 0 0
 12 1105 0 0
 13 1098 0 0
 14 1098 0 0
 15 1098 0 0
 16 1102 0 0
 17 1101 0 0
 18 1105 0 0
 19 1101 0 0
 20 1102 0 0
 21 1107 0 0
 22 1106 0 0
 23 1111 0 0
 24 1108 0 0
 25 1104 0 0
 26 1101 0 0
 27 1101 0 0
 28 1106 0 0
 29 1108 0 0
 30 1103 0 0
 31 1108 0 0
 32 1107 0 0
 33 1104 0 0
 34 1104 0 0
 35 1103 0 0
 36 1106 0 0
 37 1108 0 0
 38 1108 0 0
 39 1102 0 0
 40 1103 0 0
 41 1104 0 0
 42 1108 0 0
 43 1106 0 0
 44 1109 0 0
 45 1110 0 0
 46 1109 0 0
 47 1106 0 0
 48 1111 0 0
 49 1111 0 0
 50 1104 0 0
 51 1106 0 0
 52 1106 0 0
 53 1108 0 0
 54 1106 0 0
 55 1108 0 0
 56 1107 0 0
 57 1110 0 0
 58 1109 0 0
 59 1107 0 0
 60 1110 0 0
 61 1107 0 0
 62 1115 0 0
 63 1112 0 0
 64 1109 0 0
 65 1106 0 0
 66 1111 0 0
 67 1111 0 0
 68 1110 0 0
 69 1106 0 0
 70 1112 0 0
 71 1114 0 0
 72 1112 0 0
 73 1112 0 0
 74 1113 0 0
 75 1109 0 0
 76 1109 0 0
 77 1112 0 0
 78 1110 0 0
 79 1111 0 0
 80 1112 0 0
 81 1108 0 0
 82 1110 0 0
 83 1114 0 0
 84 1110 0 0
 85 1109 0 0
 86 1116 0 0
 87 1114 0 0
 88 1108 0 0
 89 1112 0 0
 90 1111 0 0
 91 1111 0 0
 92 1109 0 0
 93 1109 0 0
 94 1111 0 0
 95 1112 0 0
 96 1114 0 0
 97 1108 0 0
 98 1109 0 0
 99 1112 0 0
 100 1115 0 0
 101 1118 0 0
 102 1112 0 0
 103 1111 0 0
 104 1114 0 0
 105 1114 0 0
 106 1110 0 0
 107 1104 0 0
 108 1105 0 0
 109 1110 0 0
 110 1116 0 0
 111 1111 0 0
 112 1112 0 0
 113 1109 0 0
 114 1111 0 0
 115 1112 0 0
 116 1111 0 0
 117 1111 0 0
 118 1108 0 0
 119 1107 0 0
 120 1110 0 0
 121 1108 0 0
 122 1111 0 0
 123 1113 0 0
 124 1111 0 0
 125 1111 0 0
 126 1112 0 0
 127 1109 0 0
 128 1113 0 0
 129 1113 0 0
 130 1111 0 0
 131 1111 0 0
 132 1111 0 0
 133 1128 0 0
 134 1110 0 0
 135 1114 0 0
 136 1109 0 0
 137 1105 0 0
 138 1109 0 0
 139 1115 0 0
 140 1112 0 0
 141 1107 0 0
 142 1110 0 0
 143 1109 0 0
 144 1112 0 0
 145 1115 0 0
 146 1108 0 0
 147 1108 0 0
 148 1113 0 0
 149 1109 0 0
 150 1106 0 0
 151 1107 0 0
 152 1112 0 0
 153 1109 0 0
 154 1107 0 0
 155 1108 0 0
 156 1108 0 0
 157 1106 0 0
 158 1109 0 0
 159 1111 0 0
 160 1105 0 0
 161 1106 0 0
 162 1111 0 0
 163 1114 0 0
 164 1113 0 0
 165 1108 0 0
 166 1106 0 0
 167 1108 0 0
 168 1110 0 0
 169 1111 0 0
 170 1108 0 0
 171 1106 0 0
 172 1112 0 0
 173 1108 0 0
 174 1110 0 0
 175 1110 0 0
 176 1108 0 0
 177 1109 0 0
 178 1110 0 0
 179 1113 0 0
 180 1109 0 0
 181 1107 0 0
 182 1109 0 0
 183 1110 0 0
 184 1107 0 0
 185 1108 0 0
 186 1109 0 0
 187 1108 0 0
 188 1108 0 0
 189 1109 0 0
 190 1104 0 0
 191 1109 0 0
 192 1110 0 0
 193 1106 0 0
 194 1108 0 0
 195 1106 0 0
 196 1105 0 0
 197 1112 0 0
 198 1106 0 0
 199 1112 0 0
 200 1104 0 0
 201 1107 0 0
 202 1105 0 0
 203 1106 0 0
 204 1105 0 0
 205 1104 0 0
 206 1105 0 0
 207 1105 0 0
 208 1110 0 0
 209 1100 0 0
 210 1103 0 0
 211 1106 0 0
 212 1101 0 0
 213 1111 0 0
 214 1102 0 0
 215 1101 0 0
 216 1106 0 0
 217 1106 0 0
 218 1107 0 0
 219 1103 0 0
 220 1107 0 0
 221 1112 0 0
 222 1107 0 0
 223 1105 0 0
 224 1104 0 0
 225 1106 0 0
 226 1109 0 0
 227 1109 0 0
 228 1107 0 0
 229 1106 0 0
 230 1105 0 0
 231 1105 0 0
 232 1102 0 0
 233 1112 0 0
 234 1100 0 0
 235 1104 0 0
 236 1104 0 0
 237 1109 0 0
 238 1105 0 0
 239 1108 0 0
 240 1108 0 0
 241 1107 0 0
 242 1108 0 0
 243 1113 0 0
 244 1101 0 0
 245 1107 0 0
 246 1101 0 0
 247 1109 0 0
 248 1110 0 0
 249 1111 0 0
 250 1109 0 0
 251 1104 0 0
 252 1105 0 0
 253 1106 0 0
 254 1106 0 0
 255 1154 0 0
[END] of [DATA]
[END] of [Spectrum]


#TBID:2021-11-05 00:30:00;SAM_84C8;CALIBRATED;

[Spectrum]
Version            = 1
IDData             = 96B1_2021-11-05_00-30-00_000_236
IDDevice           = SAM_84C8
IDDataType         = SPECTRUM
IDDataTypeSub1     = CALIBRATED
IDDataTypeSub2     = 
IDDataTypeSub3     = 
DateTime           = 2021-11-05 00:30:00
PositionLatitude   = 0
PositionLongitude  = 0
Comment            = 
CommentSub1        = 
CommentSub2        = 
CommentSub3        = 
IDMethodType       = SAM Control
MethodName         = SAM_84C8
Mission            = No Mission
MissionSub         = 1
RecordType         = 0
[Attributes]
CalFactor = 1
IDBasisSpec = 
IDDataBack = DLAB_2015-08-21_12-14-03_013_778
IDDataCal = DLAB_2015-08-24_11-04-47_772_747
IntegrationTime = 4096
P31 = -1
P31e = 0
PathLength = +INF
PathLengthCustomOn = 0
RAWDynamic = 65535
Salinity = 0
Temperature = -NAN
Unit1 = $01 $01 Wavelength nm
Unit2 = $03 $03 Intensity mW/(m^2 nm Sr)
Unit3 = $f0 $03 Error mW/(m^2 nm Sr)
Unit4 = $f1 $00 Status 
p999 = 1422
[END] of [Attributes]
[DATA]
 0 11 0 0
 303.516048156 0 0 0
 306.890006053 0 0 0
 310.26457112 0 0 0
 313.639731825 0 0 0
 317.015476636 -0.000151357776796692 0 0
 320.391794021 -3.88004355405817e-005 0 0
 323.768672448 0.000207873151806919 0 0
 327.146100385 0.000195394790797279 0 0
 330.5240663 0.000206283280177047 0 0
 333.902558661 0.000239082374674693 0 0
 337.281565936 -0.000119687085098645 0 0
 340.661076593 1.4871843808671e-005 0 0
 344.0410791 4.6635512680979e-005 0 0
 347.421561925 3.71548768410832e-005 0 0
 350.802513536 -3.55232103726835e-005 0 0
 354.183922401 4.61486224374161e-005 0 0
 357.565776988 -2.43777846993704e-005 0 0
 360.948065765 8.18242532303646e-005 0 0
 364.3307772 -3.84437340792178e-006 0 0
 367.713899761 7.96312684072663e-005 0 0
 371.097421916 0.000124206923799409 0 0
 374.481332133 7.58707509511244e-005 0 0
 377.86561888 0.000166162942666474 0 0
 381.250270625 7.51751280425839e-005 0 0
 384.635275836 6.40766429177908e-005 0 0
 388.020622981 0.000154016252632425 0 0
 391.406300528 5.25048706414911e-005 0 0
 394.792296945 7.51736562628625e-005 0 0
 398.1786007 0.000159542672244188 0 0
 401.565200261 -1.26118428446331e-005 0 0
 404.952084096 0.000135100255925668 0 0
 408.339240673 0.000110991580096629 0 0
 411.72665846 0.000126734521857928 0 0
 415.114325925 0.000110040237615577 0 0
 418.502231536 0.000113227756058398 0 0
 421.890363761 7.11196152016279e-005 0 0
 425.278711068 -5.33683039653014e-005 0 0
 428.667261925 7.74395800804432e-005 0 0
 432.0560048 8.92384477407884e-005 0 0
 435.444928161 6.58588700205678e-005 0 0
 438.834020476 3.397730244063e-005 0 0
 442.223270213 0.000114448124483862 0 0
 445.61266584 5.17515135071126e-005 0 0
 449.002195825 0.000144590718698182 0 0
 452.391848636 5.61712228888699e-005 0 0
 455.781612741 9.27278861497116e-005 0 0
 459.171476608 8.13792357542706e-005 0 0
 462.561428705 0.000102365013956762 0 0
 465.9514575 5.80003757837039e-005 0 0
 469.341551461 8.46794904680161e-005 0 0
 472.731699056 3.28820276671158e-005 0 0
 476.121888753 4.12714153026827e-005 0 0
 479.51210902 0.000102867506841906 0 0
 482.902348325 0.000218291367651242 0 0
 486.292595136 9.60325022452711e-005 0 0
 489.682837921 5.79880568066435e-005 0 0
 493.073065148 4.58536248735863e-005 0 0
 496.463265285 0.000128173565640218 0 0
 499.8534268 0.000174918862073083 0 0
 503.243538161 0.000176566717345797 0 0
 506.633587836 8.70084839424744e-005 0 0
 510.023564293 3.24769328714991e-005 0 0
 513.413456 9.20749258135069e-005 0 0
 516.803251425 0.000188367728442813 0 0
 520.192939036 9.7699576481639e-005 0 0
 523.582507301 7.96284345864105e-005 0 0
 526.971944688 0.000107926622483917 0 0
 530.361239665 4.05463508818157e-005 0 0
 533.7503807 7.20856721648165e-005 0 0
 537.139356261 6.00426264086354e-005 0 0
 540.528154816 0.000125683385679953 0 0
 543.916764833 3.82888296341511e-005 0 0
 547.30517478 0.000110232008791514 0 0
 550.693373125 0.000133774433425322 0 0
 554.081348336 5.97504518489673e-005 0 0
 557.469088881 6.56532862056418e-005 0 0
 560.856583228 9.88832052739494e-005 0 0
 564.243819845 7.65352071046267e-005 0 0
 567.6307872 7.95840644931656e-005 0 0
 571.017473761 9.85879100203521e-005 0 0
 574.403867996 8.26218027501536e-005 0 0
 577.789958373 1.32931617263615e-005 0 0
 581.17573336 0.000100343413631726 0 0
 584.561181425 2.88467300835579e-005 0 0
 587.946291036 0.000106591462726765 0 0
 591.331050661 0.000191517644319149 0 0
 594.715448768 0.000108017230359268 0 0
 598.099473825 7.64467831724729e-005 0 0
 601.4831143 0.000161537385532317 0 0
 604.866358661 1.31110076871779e-005 0 0
 608.249195376 6.67123095222451e-005 0 0
 611.631612913 4.31563419774559e-005 0 0
 615.01359974 0.000137661705699329 0 0
 618.395144325 1.04528794088889e-005 0 0
 621.776235136 0.000128955135967295 0 0
 625.156860641 6.87751578394848e-005 0 0
 628.537009308 6.03975786403459e-005 0 0
 631.916669605 9.95449459098366e-005 0 0
 635.29583 0.000183938897419634 0 0
 638.674478961 6.37852302009202e-005 0 0
 642.052604956 5.0157235880102e-005 0 0
 645.430196453 6.8263224283226e-005 0 0
 648.80724192 0.00014498760146727 0 0
 652.183729825 0.000196516024515203 0 0
 655.559648636 4.41897609820015e-005 0 0
 658.934986821 0.000154146297378909 0 0
 662.309732848 -1.80510532799027e-005 0 0
 665.683875185 0.000108022891276712 0 0
 669.0574023 0.000169337982100433 0 0
 672.430302661 8.3446434934564e-005 0 0
 675.802564736 -0.000168683144075825 0 0
 679.174176993 9.5538736894532e-005 0 0
 682.5451279 3.22956862854815e-005 0 0
 685.915405925 0.00010642052488785 0 0
 689.284999536 -7.25378743496817e-006 0 0
 692.653897201 -8.8079785201782e-005 0 0
 696.022087388 0.00015189777157315 0 0
 699.389558565 0.000106294573597748 0 0
 702.7562992 -0.000110695298151202 0 0
 706.122297761 0.000223333095851268 0 0
 709.487542716 3.64167227758358e-005 0 0
 712.852022533 0.000246943710053242 0 0
 716.21572568 0.000235581010758425 0 0
 719.578640625 0.000216709147533916 0 0
 722.940755836 0.00010715015538169 0 0
 726.302059781 0.000132193533620158 0 0
 729.662540928 -0.000154012088399826 0 0
 733.022187745 0.0002309351595446 0 0
 736.3809887 0.000108548699408341 0 0
 739.738932261 0.000221056914567889 0 0
 743.096006896 4.80743974274771e-005 0 0
 746.452201073 7.99845465671395e-005 0 0
 749.80750326 -0.000975536417478531 0 0
 753.161901925 -1.8478655139872e-005 0 0
 756.515385536 0.000216571851719237 0 0
 759.867942561 7.66454191504899e-005 0 0
 763.219561468 -0.000109706405449374 0 0
 766.570230725 0.000148314139131929 0 0
 769.9199388 6.33314367147052e-005 0 0
 773.268674161 0.000140102163517532 0 0
 776.616425276 9.05186603198251e-005 0 0
 779.963180613 1.56390503534902e-005 0 0
 783.30892864 7.69276478762819e-005 0 0
 786.653657825 -5.43618504653408e-005 0 0
 789.997356636 0.000162019289424191 0 0
 793.340013541 -5.78304699644815e-005 0 0
 796.681617008 0.000142884025846933 0 0
 800.022155505 0.000117780432422811 0 0
 803.3616175 0.000166358684644249 0 0
 806.699991461 2.16733491375099e-006 0 0
 810.037265856 -1.70966952129382e-005 0 0
 813.373429153 1.7876586610544e-005 0 0
 816.70846982 0.000136918230018394 0 0
 820.042376325 0.000166587632728591 0 0
 823.375137136 0.000313307190971857 0 0
 826.706740721 9.95199172219737e-006 0 0
 830.037175548 -0.000181716869657839 0 0
 833.366430085 4.31507822995856e-005 0 0
 836.6944928 0.000339965199132098 0 0
 840.021352161 -0.000260163307899182 0 0
 843.346996636 2.33595877574651e-005 0 0
 846.671414693 0.00013793695652775 0 0
 849.9945948 0.00046554529883813 0 0
 853.316525425 0.000811404877425179 0 0
 856.637195036 -0.000176700354608187 0 0
 859.956592101 -0.000152507802164671 0 0
 863.274705088 -0.000276822068299101 0 0
 866.591522465 6.35762457944503e-005 0 0
 869.9070327 0.000484199661957913 0 0
 873.221224261 -0.000181075502011042 0 0
 876.534085616 7.05873354207295e-005 0 0
 879.845605233 0.000330740033990428 0 0
 883.15577158 0.00109037104520788 0 0
 886.464573125 0.000724590486859409 0 0
 889.771998336 -0.000354813496027505 0 0
 893.078035681 0.000381088708293105 0 0
 896.382673628 0.000358403125890427 0 0
 899.685900645 0.000837306019343116 0 0
 902.9877052 0.000588752300108638 0 0
 906.288075761 -0.00022858424058879 0 0
 909.587000796 -0.000217357696940222 0 0
 912.884468773 7.39255246238468e-005 0 0
 916.18046816 0.000337277540587583 0 0
 919.474987425 0.000771125683602271 0 0
 922.768015036 -4.21159723764925e-005 0 0
 926.059539461 0.000790079710974567 0 0
 929.349549168 -0.000855451317146051 0 0
 932.638032625 0.000493382990214329 0 0
 935.9249783 0.000656487616795628 0 0
 939.210374661 0.00101098923147291 0 0
 942.494210176 0.000533003936944051 0 0
 945.776473313 -0.00020536455958693 0 0
 949.05715254 0.00174572203015974 0 0
 952.336236325 -0.000261302165332879 0 0
 955.613713136 0 0 0
 958.889571441 0 0 0
 962.163799708 0 0 0
 965.436386405 0 0 0
 968.70732 0 0 0
 971.976588961 0 0 0
 975.244181756 0 0 0
 978.510086853 0 0 0
 981.77429272 0 0 0
 985.036787825 0 0 0
 988.297560636 0 0 0
 991.556599621 0 0 0
 994.813893248 0 0 0
 998.069429985 0 0 0
 1001.3231983 0 0 0
 1004.575186661 0 0 0
 1007.825383536 0 0 0
 1011.073777393 0 0 0
 1014.3203567 0 0 0
 1017.565109925 0 0 0
 1020.808025536 0 0 0
 1024.049092001 0 0 0
 1027.288297788 0 0 0
 1030.525631365 0 0 0
 1033.7610812 0 0 0
 1036.994635761 0 0 0
 1040.226283516 0 0 0
 1043.456012933 0 0 0
 1046.68381248 0 0 0
 1049.909670625 0 0 0
 1053.133575836 0 0 0
 1056.355516581 0 0 0
 1059.575481328 0 0 0
 1062.793458545 0 0 0
 1066.0094367 0 0 0
 1069.223404261 0 0 0
 1072.435349696 0 0 0
 1075.645261473 0 0 0
 1078.85312806 0 0 0
 1082.058937925 0 0 0
 1085.262679536 0 0 0
 1088.464341361 0 0 0
 1091.663911868 0 0 0
 1094.861379525 0 0 0
 1098.0567328 0 0 0
 1101.249960161 0 0 0
 1104.441050076 0 0 0
 1107.629991013 0 0 0
 1110.81677144 0 0 0
 1114.001379825 0 0 0
 1117.183804636 0 0 0
 1120.364034341 0 0 0
 1123.542057408 0 0 0
 1126.717862305 0 0 0
 1129.8914375 0 0 0
 1133.062771461 0 0 0
 1136.231852656 0 0 0
 1139.398669553 0 0 0
 1142.56321062 0 0 0
 1145.725464325 0 0 0
 1148.885419136 0 0 0
[END] of [DATA]
[END] of [Spectrum]


#TBID:2021-11-05 01:00:00;SAM_84CE;RAW;

[Spectrum]
Version            = 1
IDData             = 96B1_2021-11-05_01-00-00_000_239
IDDevice           = SAM_84CE
IDDataType         = SPECTRUM
IDDataTypeSub1     = RAW
IDDataTypeSub2     = 
IDDataTypeSub3     = 
DateTime           = 2021-11-05 01:00:00
PositionLatitude   = 0
PositionLongitude  = 0
Comment            = 
CommentSub1        = 
CommentSub2        = 
CommentSub3        = 
IDMethodType       = SAM Control
MethodName         = SAM_84CE
Mission            = No Mission
MissionSub         = 1
RecordType         = 0
[Attributes]
CalFactor = 1
IDBasisSpec = 
IDDataBack = DLAB_2015-08-21_11-56-43_233_004
IDDataCal = DLAB_2015-08-26_10-05-37_585_478
IntegrationTime = 4096
P31 = -1
P31e = 0
PathLength = +INF
PathLengthCustomOn = 0
RAWDynamic = 65535
Salinity = 0
Temperature = -NAN
Unit1 = $05 $00 Pixel 
Unit2 = $03 $05 Intensity counts
Unit3 = $f0 $05 Error counts
Unit4 = $f1 $00 Status 
p999 = 1423
[END] of [Attributes]
[DATA]
 0 11 0 0
 1 1108 0 0
 2 1101 0 0
 3 1110 0 0
 4 1121 0 0
 5 1112 0 0
 6 1112 0 0
 7 1114 0 0
 8 1119 0 0
 9 1116 0 0
 10 1117 0 0
 11 1116 0 0
 12 1117 0 0
 13 1121 0 0
 14 1117 0 0
 15 1114 0 0
 16 1111 0 0
 17 1116 0 0
 18 1112 0 0
 19 1112 0 0
 20 1117 0 0
 21 1117 0 0
 22 1115 0 0
 23 1118 0 0
 24 1119 0 0
 25 1121 0 0
 26 1118 0 0
 27 1116 0 0
 28 1113 0 0
 29 1118 0 0
 30 1119 0 0
 31 1121 0 0
 32 1118 0 0
 33 1118 0 0
 34 1116 0 0
 35 1118 0 0
 36 1117 0 0
 37 1111 0 0
 38 1122 0 0
 39 1117 0 0
 40 1115 0 0
 41 1118 0 0
 42 1121 0 0
 43 1121 0 0
 44 1116 0 0
 45 1119 0 0
 46 1122 0 0
 47 1118 0 0
 48 1120 0 0
 49 1116 0 0
 50 1115 0 0
 51 1120 0 0
 52 1118 0 0
 53 1119 0 0
 54 1116 0 0
 55 1115 0 0
 56 1118 0 0
 57 1115 0 0
 58 1116 0 0
 59 1117 0 0
 60 1115 0 0
 61 1120 0 0
 62 1118 0 0
 63 1112 0 0
 64 1118 0 0
 65 1118 0 0
 66 1117 0 0
 67 1118 0 0
 68 1115 0 0
 69 1117 0 0
 70 1113 0 0
 71 1116 0 0
 72 1119 0 0
 73 1116 0 0
 74 1117 0 0
 75 1121 0 0
 76 1118 0 0
 77 1108 0 0
 78 1112 0 0
 79 1116 0 0
 80 1118 0 0
 81 1116 0 0
 82 1112 0 0
 83 1116 0 0
 84 1114 0 0
 85 1116 0 0
 86 1115 0 0
 87 1116 0 0
 88 1119 0 0
 89 1114 0 0
 90 1120 0 0
 91 1116 0 0
 92 1115 0 0
 93 1116 0 0
 94 1113 0 0
 95 1114 0 0
 96 1110 0 0
 97 1111 0 0
 98 1114 0 0
 99 1109 0 0
 100 1115 0 0
 101 1115 0 0
 102 1117 0 0
 103 1116 0 0
 104 1116 0 0
 105 1113 0 0
 106 1115 0 0
 107 1112 0 0
 108 1114 0 0
 109 1117 0 0
 110 1114 0 0
 111 1117 0 0
 112 1112 0 0
 113 1114 0 0
 114 1114 0 0
 115 1108 0 0
 116 1105 0 0
 117 1110 0 0
 118 1117 0 0
 119 1117 0 0
 120 1113 0 0
 121 1110 0 0
 122 1117 0 0
 123 1114 0 0
 124 1113 0 0
 125 1112 0 0
 126 1116 0 0
 127 1115 0 0
 128 1114 0 0
 129 1114 0 0
 130 1111 0 0
 131 1117 0 0
 132 1110 0 0
 133 1110 0 0
 134 1108 0 0
 135 1111 0 0
 136 1112 0 0
 137 1114 0 0
 138 1108 0 0
 139 1110 0 0
 140 1108 0 0
 141 1111 0 0
 142 1115 0 0
 143 1108 0 0
 144 1110 0 0
 145 1113 0 0
 146 1113 0 0
 147 1113 0 0
 148 1110 0 0
 149 1108 0 0
 150 1116 0 0
 151 1111 0 0
 152 1109 0 0
 153 1114 0 0
 154 1110 0 0
 155 1104 0 0
 156 1110 0 0
 157 1110 0 0
 158 1107 0 0
 159 1108 0 0
 160 1108 0 0
 161 1111 0 0
 162 1112 0 0
 163 1110 0 0
 164 1109 0 0
 165 1106 0 0
 166 1111 0 0
 167 1109 0 0
 168 1107 0 0
 169 1107 0 0
 170 1111 0 0
 171 1113 0 0
 172 1114 0 0
 173 1111 0 0
 174 1104 0 0
 175 1113 0 0
 176 1107 0 0
 177 1109 0 0
 178 1104 0 0
 179 1110 0 0
 180 1112 0 0
 181 1110 0 0
 182 1107 0 0
 183 1109 0 0
 184 1104 0 0
 185 1107 0 0
 186 1110 0 0
 187 1109 0 0
 188 1105 0 0
 189 1105 0 0
 190 1109 0 0
 191 1108 0 0
 192 1104 0 0
 193 1106 0 0
 194 1105 0 0
 195 1105 0 0
 196 1110 0 0
 197 1109 0 0
 198 1110 0 0
 199 1108 0 0
 200 1107 0 0
 201 1108 0 0
 202 1111 0 0
 203 1107 0 0
 204 1102 0 0
 205 1110 0 0
 206 1106 0 0
 207 1109 0 0
 208 1106 0 0
 209 1100 0 0
 210 1108 0 0
 211 1104 0 0
 212 1104 0 0
 213 1104 0 0
 214 1103 0 0
 215 1108 0 0
 216 1108 0 0
 217 1106 0 0
 218 1105 0 0
 219 1106 0 0
 220 1108 0 0
 221 1110 0 0
 222 1106 0 0
 223 1106 0 0
 224 1104 0 0
 225 1106 0 0
 226 1108 0 0
 227 1107 0 0
 228 1105 0 0
 229 1108 0 0
 230 1110 0 0
 231 1111 0 0
 232 1103 0 0
 233 1104 0 0
 234 1106 0 0
 235 1111 0 0
 236 1106 0 0
 237 1106 0 0
 238 1110 0 0
 239 1105 0 0
 240 1106 0 0
 241 1105 0 0
 242 1102 0 0
 243 1110 0 0
 244 1100 0 0
 245 1106 0 0
 246 1104 0 0
 247 1106 0 0
 248 1105 0 0
 249 1110 0 0
 250 1103 0 0
 251 1109 0 0
 252 1105 0 0
 253 1107 0 0
 254 1106 0 0
 255 1154 0 0
[END] of [DATA]
[END] of [Spectrum]


#TBID:2021-11-05 01:00:00;SAM_84CE;CALIBRATED;

[Spectrum]
Version            = 1
IDData             = 96B1_2021-11-05_01-00-00_000_240
IDDevice           = SAM_84CE
IDDataType         = SPECTRUM
IDDataTypeSub1     = CALIBRATED
IDDataTypeSub2     = 
IDDataTypeSub3     = 
DateTime           = 2021-11-05 01:00:00
PositionLatitude   = 0
PositionLongitude  = 0
Comment            = 
CommentSub1        = 
CommentSub2        = 
CommentSub3        = 
IDMethodType       = SAM Control
MethodName         = SAM_84CE
Mission            = No Mission
MissionSub         = 1
RecordType         = 0
[Attributes]
CalFactor = 1
IDBasisSpec = 
IDDataBack = DLAB_2015-08-21_11-56-43_233_004
IDDataCal = DLAB_2015-08-26_10-05-37_585_478
IntegrationTime = 4096
P31 = -1
P31e = 0
PathLength = +INF
PathLengthCustomOn = 0
RAWDynamic = 65535
Salinity = 0
Temperature = -NAN
Unit1 = $01 $01 Wavelength nm
Unit2 = $03 $06 Intensity mW/(m^2 nm)
Unit3 = $f0 $06 Error mW/(m^2 nm)
Unit4 = $f1 $00 Status 
p999 = 1423
[END] of [Attributes]
[DATA]
 0 11 0 0
 303.485180022 0 0 0
 306.85638880275 0 0 0
 310.228324544 0 0 0
 313.60097308125 0 0 0
 316.97432025 0.00729192317635224 0 0
 320.34835188575 0.0094425460628868 0 0
 323.723053824 0.0102393388263463 0 0
 327.09841190025 0.0111341095147673 0 0
 330.47441195 0.0068669696612306 0 0
 333.85103980875 0.00797401882188482 0 0
 337.228281312 0.00627222166924085 0 0
 340.60612229525 0.0061132652984018 0 0
 343.984548594 0.00686269544838865 0 0
 347.36354604375 0.00388153628976439 0 0
 350.74310048 0.00478007987285743 0 0
 354.12319773825 0.00335574769947018 0 0
 357.503823654 0.00498411304565991 0 0
 360.88496406275 0.0031049113777077 0 0
 364.2666048 0.00417446613952248 0 0
 367.64873170125 0.00315831290235784 0 0
 371.031330602 0.00379889520665065 0 0
 374.41438733775 0.00396400396926277 0 0
 377.797887744 0.00203053301194407 0 0
 381.18181765625 0.00414678056764582 0 0
 384.56616291 0.00456764780974616 0 0
 387.95090934075 0.00298914569596974 0 0
 391.336042784 0.00224975172386086 0 0
 394.72154907525 0.00403108925664432 0 0
 398.10741405 0.00441298898797891 0 0
 401.49362354375 0.00432343826494226 0 0
 404.880163392 0.00300807657441254 0 0
 408.26701943025 0.00297088765010559 0 0
 411.654177494 0.00335321258539088 0 0
 415.04162341875 0.00326962855834842 0 0
 418.42934304 0.00367536573274728 0 0
 421.81732219325 0.00212028344450015 0 0
 425.205546714 0.00250076405580525 0 0
 428.59400243775 0.00241184502789069 0 0
 431.9826752 0.00216477269680118 0 0
 435.37155083625 0.00179294145079062 0 0
 438.760615182 0.00227619182659105 0 0
 442.14985407275 0.00233115059967512 0 0
 445.539253344 0.00242735725749595 0 0
 448.92879883125 0.00259034922512408 0 0
 452.31847637 0.00302053992992821 0 0
 455.70827179575 0.00218846534269258 0 0
 459.098170944 0.00139569594820438 0 0
 462.48815965025 0.00246938409602321 0 0
 465.87822375 0.0020674372624777 0 0
 469.26834907875 0.0017113941723337 0 0
 472.658521472 0.00324909002092656 0 0
 476.04872676525 0.00306324714199244 0 0
 479.438950794 0.00234598860427724 0 0
 482.82917939375 0.00160166226919375 0 0
 486.2193984 0.00257521755904062 0 0
 489.60959364825 0.00308354749632212 0 0
 492.999750974 0.00261036372100225 0 0
 496.38985621275 0.00209798827218073 0 0
 499.7798952 0.00265446873472453 0 0
 503.16985377125 0.00295224196601138 0 0
 506.559717762 0.00296498440193146 0 0
 509.94947300775 0.0016457715727143 0 0
 513.339105344 0.00135434041469033 0 0
 516.72860060625 0.00223486362934549 0 0
 520.11794463 0.00257416830926211 0 0
 523.50712325075 0.00128374001699446 0 0
 526.896122304 0.00213642290789589 0 0
 530.28492762525 0.00151626618944032 0 0
 533.67352505 0.00264648933654437 0 0
 537.06190041375 0.002862977806973 0 0
 540.450039552 0.00232820768646245 0 0
 543.83792830025 0.00214884339193849 0 0
 547.225552494 0.00159884235391902 0 0
 550.61289796875 0.00213807300008151 0 0
 553.99995056 0.00235947187159442 0 0
 557.38669610325 0.00116341052519522 0 0
 560.773120434 0.00113484763900455 0 0
 564.15920938775 0.00197182237371664 0 0
 567.5449488 0.00168053438977994 0 0
 570.93032450625 0.00176721994166599 0 0
 574.315322342 0.00146311613989078 0 0
 577.69992814275 0.00164368840418701 0 0
 581.084127744 0.00245453008308007 0 0
 584.46790698125 0.00213326346854217 0 0
 587.85125169 0.00231446971817652 0 0
 591.23414770575 0.00199355492421934 0 0
 594.616580864 0.00199543313762594 0 0
 597.99853700025 0.00279330900042348 0 0
 601.38000195 0.00210071913665941 0 0
 604.76096154875 0.00190956566342103 0 0
 608.141401632 0.00156510269883334 0 0
 611.52130803525 0.00168506487633092 0 0
 614.900666594 0.00107906342653946 0 0
 618.27946314375 0.00181189929954897 0 0
 621.65768352 0.00253198539323956 0 0
 625.03531355825 0.0019524179803041 0 0
 628.412339094 0.00105023491642285 0 0
 631.78874596275 0.000952802156738683 0 0
 635.16452 0.000390725198212902 0 0
 638.53964704125 0.00165240649396407 0 0
 641.914112922 0.00243792131100215 0 0
 645.28790347775 0.00228632414032648 0 0
 648.661004544 0.00183100358206214 0 0
 652.03340195625 0.00259719651693449 0 0
 655.40508155 0.00104679232295991 0 0
 658.77602916075 0.00203755522681153 0 0
 662.146230624 0.00205938841278532 0 0
 665.51567177525 0.00250907043494115 0 0
 668.88433845 0.00122408493270534 0 0
 672.25221648375 0.00237567175154785 0 0
 675.619291712 0.00104826807238248 0 0
 678.98554997025 0.00138278479258223 0 0
 682.350977094 0.0026813040879259 0 0
 685.71555891875 0.00169727682743393 0 0
 689.07928128 0.00107361918510848 0 0
 692.44213001325 0.00110224021355003 0 0
 695.804090954 0.000547174661377174 0 0
 699.16514993775 0.00253570232244881 0 0
 702.5252928 0.00237341355442636 0 0
 705.88450537625 0.00132378240131722 0 0
 709.242773502 0.00149166620641603 0 0
 712.60008301275 0.00219669919246019 0 0
 715.956419744 0.0024623351435045 0 0
 719.31176953125 0.00202559430167252 0 0
 722.66611821 0.00209564750971419 0 0
 726.01945161575 0.00125518099453751 0 0
 729.371755584 0.00300462810302994 0 0
 732.72301595025 0.00208240470708369 0 0
 736.07321855 0.00246502769605905 0 0
 739.42234921875 0.00256536948880977 0 0
 742.770393792 0.00116912691390666 0 0
 746.11733810525 0.00172885760918309 0 0
 749.463167994 0.0016087950227592 0 0
 752.80786929375 0.00103677253335362 0 0
 756.15142784 0.00145973505673619 0 0
 759.49382946825 0.00209523719844912 0 0
 762.835060014 0.00113492854052486 0 0
 766.17510531275 0.00279315259191104 0 0
 769.5139512 0.000358892261471454 0 0
 772.85158351125 0.0022117067907616 0 0
 776.187988082 0.00169376481815759 0 0
 779.52315074775 0.00356793622142754 0 0
 782.857057344 0.00124173988350797 0 0
 786.18969370625 0.00156020044058809 0 0
 789.52104567 -3.55666423774191e-005 0 0
 792.85109907075 0.00120621867463762 0 0
 796.179839744 0.00470134519294278 0 0
 799.50725352525 0.00117761294696587 0 0
 802.83332625 0.0019965253343509 0 0
 806.15804375375 0.00520389740926605 0 0
 809.481391872 0.00396066694239925 0 0
 812.80335644025 0.00304076873999187 0 0
 816.123923294 0.00290685325185163 0 0
 819.44307826875 0.00229984275145666 0 0
 822.7608072 9.65218592502682e-005 0 0
 826.07709592325 0.00317783683453393 0 0
 829.391930274 0.00195431907489871 0 0
 832.70529608775 0.00357830377874131 0 0
 836.0171792 0.00107863762196751 0 0
 839.32756544625 0.000611715114114911 0 0
 842.636440662 0.00125966317071155 0 0
 845.94379068275 0.00306159919027965 0 0
 849.249601344 0.00256945285251729 0 0
 852.55385848125 0.00165778728685253 0 0
 855.85654793 0.00163310712598069 0 0
 859.15765552575 0.00571578247198657 0 0
 862.457167104 0.0028673433775662 0 0
 865.75506850025 0.00204595169923987 0 0
 869.05134555 -0.000943579703349142 0 0
 872.34598408875 0.00152196618196537 0 0
 875.638969952 0.00224726902923188 0 0
 878.93028897525 0.0058677079845838 0 0
 882.219926994 0.00423748419337133 0 0
 885.50786984375 0.00165250923521465 0 0
 888.79410336 0.00546624130416276 0 0
 892.07861337825 9.77897635072263e-005 0 0
 895.361385734 0.00192408752975213 0 0
 898.64240626275 -0.00664119955254674 0 0
 901.9216608 0.00158494513212187 0 0
 905.19913518125 0.00265024633159562 0 0
 908.474815242 0.00226790873728211 0 0
 911.74868681775 5.86193561473311e-005 0 0
 915.020735744 0.0131827024492929 0 0
 918.29094785625 0.0046089164216046 0 0
 921.55930899 0.000652949953569157 0 0
 924.82580498075 0.000459718210309499 0 0
 928.090421664 -0.00367735428364982 0 0
 931.35314487525 -0.000943238331078526 0 0
 934.61396045 -0.00166742719637006 0 0
 937.87285422375 0.0048598336713057 0 0
 941.129812032 -0.00320362720132217 0 0
 944.38481971025 -0.00453038089614307 0 0
 947.637863094 -0.00145783460629569 0 0
 950.88892801875 -0.000240546571405982 0 0
 954.13800032 0 0 0
 957.38506583325 0 0 0
 960.630110394 0 0 0
 963.87311983775 0 0 0
 967.11408 0 0 0
 970.35297671625 0 0 0
 973.589795822 0 0 0
 976.82452315275 0 0 0
 980.057144544 0 0 0
 983.28764583125 0 0 0
 986.51601285 0 0 0
 989.74223143575 0 0 0
 992.966287424 0 0 0
 996.18816665025 0 0 0
 999.40785495 0 0 0
 1002.62533815875 0 0 0
 1005.840602112 0 0 0
 1009.05363264525 0 0 0
 1012.264415594 0 0 0
 1015.47293679375 0 0 0
 1018.67918208 0 0 0
 1021.88313728825 0 0 0
 1025.084788254 0 0 0
 1028.28412081275 0 0 0
 1031.4811208 0 0 0
 1034.67577405125 0 0 0
 1037.868066402 0 0 0
 1041.05798368775 0 0 0
 1044.245511744 0 0 0
 1047.43063640625 0 0 0
 1050.61334351 0 0 0
 1053.79361889075 0 0 0
 1056.971448384 0 0 0
 1060.14681782525 0 0 0
 1063.31971305 0 0 0
 1066.49011989375 0 0 0
 1069.658024192 0 0 0
 1072.82341178025 0 0 0
 1075.986268494 0 0 0
 1079.14658016875 0 0 0
 1082.30433264 0 0 0
 1085.45951174325 0 0 0
 1088.612103314 0 0 0
 1091.76209318775 0 0 0
 1094.9094672 0 0 0
 1098.05421118625 0 0 0
 1101.196310982 0 0 0
 1104.33575242275 0 0 0
 1107.472521344 0 0 0
 1110.60660358125 0 0 0
 1113.73798497 0 0 0
 1116.86665134575 0 0 0
 1119.992588544 0 0 0
 1123.11578240025 0 0 0
 1126.23621875 0 0 0
 1129.35388342875 0 0 0
 1132.468762272 0 0 0
 1135.58084111525 0 0 0
 1138.690105794 0 0 0
 1141.79654214375 0 0 0
 1144.900136 0 0 0
[END] of [DATA]
[END] of [Spectrum]


#TBID:2021-11-05 01:00:00;SAM_84DC;RAW;

[Spectrum]
Version            = 1
IDData             = 96B1_2021-11-05_01-00-00_000_242
IDDevice           = SAM_84DC
IDDataType         = SPECTRUM
IDDataTypeSub1     = RAW
IDDataTypeSub2     = 
IDDataTypeSub3     = 
DateTime           = 2021-11-05 01:00:00
PositionLatitude   = 0
PositionLongitude  = 0
Comment            = 
CommentSub1        = 
CommentSub2        = 
CommentSub3        = 
IDMethodType       = SAM Control
MethodName         = SAM_84DC
Mission            = No Mission
MissionSub         = 1
RecordType         = 0
[Attributes]
CalFactor = 1
IDBasisSpec = 
IDDataBack = DLAB_2015-08-21_13-19-54_137_939
IDDataCal = DLAB_2015-08-24_10-46-55_592_608
IntegrationTime = 4096
P31 = -1
P31e = 0
PathLength = +INF
PathLengthCustomOn = 0
RAWDynamic = 65535
Salinity = 0
Temperature = -NAN
Unit1 = $05 $00 Pixel 
Unit2 = $03 $05 Intensity counts
Unit3 = $f0 $05 Error counts
Unit4 = $f1 $00 Status 
p999 = 1423
[END] of [Attributes]
[DATA]
 0 11 0 0
 1 1193 0 0
 2 1184 0 0
 3 1197 0 0
 4 1202 0 0
 5 1192 0 0
 6 1186 0 0
 7 1198 0 0
 8 1202 0 0
 9 1196 0 0
 10 1196 0 0
 11 1195 0 0
 12 1195 0 0
 13 1196 0 0
 14 1200 0 0
 15 1194 0 0
 16 1200 0 0
 17 1192 0 0
 18 1203 0 0
 19 1204 0 0
 20 1199 0 0
 21 1205 0 0
 22 1197 0 0
 23 1202 0 0
 24 1205 0 0
 25 1203 0 0
 26 1201 0 0
 27 1203 0 0
 28 1202 0 0
 29 1205 0 0
 30 1204 0 0
 31 1207 0 0
 32 1199 0 0
 33 1202 0 0
 34 1203 0 0
 35 1206 0 0
 36 1202 0 0
 37 1205 0 0
 38 1207 0 0
 39 1204 0 0
 40 1208 0 0
 41 1207 0 0
 42 1208 0 0
 43 1205 0 0
 44 1206 0 0
 45 1210 0 0
 46 1208 0 0
 47 1209 0 0
 48 1208 0 0
 49 1208 0 0
 50 1206 0 0
 51 1208 0 0
 52 1206 0 0
 53 1211 0 0
 54 1207 0 0
 55 1211 0 0
 56 1210 0 0
 57 1212 0 0
 58 1211 0 0
 59 1213 0 0
 60 1213 0 0
 61 1214 0 0
 62 1208 0 0
 63 1212 0 0
 64 1213 0 0
 65 1210 0 0
 66 1206 0 0
 67 1212 0 0
 68 1210 0 0
 69 1213 0 0
 70 1213 0 0
 71 1216 0 0
 72 1205 0 0
 73 1215 0 0
 74 1218 0 0
 75 1213 0 0
 76 1211 0 0
 77 1215 0 0
 78 1212 0 0
 79 1219 0 0
 80 1214 0 0
 81 1218 0 0
 82 1215 0 0
 83 1218 0 0
 84 1212 0 0
 85 1223 0 0
 86 1214 0 0
 87 1218 0 0
 88 1220 0 0
 89 1220 0 0
 90 1214 0 0
 91 1218 0 0
 92 1219 0 0
 93 1221 0 0
 94 1220 0 0
 95 1218 0 0
 96 1221 0 0
 97 1220 0 0
 98 1214 0 0
 99 1223 0 0
 100 1216 0 0
 101 1218 0 0
 102 1214 0 0
 103 1220 0 0
 104 1223 0 0
 105 1221 0 0
 106 1219 0 0
 107 1221 0 0
 108 1221 0 0
 109 1214 0 0
 110 1221 0 0
 111 1218 0 0
 112 1216 0 0
 113 1218 0 0
 114 1222 0 0
 115 1226 0 0
 116 1219 0 0
 117 1224 0 0
 118 1222 0 0
 119 1224 0 0
 120 1220 0 0
 121 1228 0 0
 122 1221 0 0
 123 1229 0 0
 124 1227 0 0
 125 1222 0 0
 126 1221 0 0
 127 1225 0 0
 128 1222 0 0
 129 1222 0 0
 130 1220 0 0
 131 1224 0 0
 132 1227 0 0
 133 1230 0 0
 134 1227 0 0
 135 1230 0 0
 136 1226 0 0
 137 1223 0 0
 138 1222 0 0
 139 1231 0 0
 140 1226 0 0
 141 1229 0 0
 142 1228 0 0
 143 1230 0 0
 144 1231 0 0
 145 1231 0 0
 146 1227 0 0
 147 1233 0 0
 148 1229 0 0
 149 1228 0 0
 150 1227 0 0
 151 1228 0 0
 152 1228 0 0
 153 1230 0 0
 154 1231 0 0
 155 1234 0 0
 156 1228 0 0
 157 1228 0 0
 158 1227 0 0
 159 1229 0 0
 160 1228 0 0
 161 1228 0 0
 162 1226 0 0
 163 1232 0 0
 164 1230 0 0
 165 1228 0 0
 166 1230 0 0
 167 1227 0 0
 168 1229 0 0
 169 1233 0 0
 170 1229 0 0
 171 1231 0 0
 172 1223 0 0
 173 1230 0 0
 174 1235 0 0
 175 1231 0 0
 176 1232 0 0
 177 1230 0 0
 178 1234 0 0
 179 1233 0 0
 180 1234 0 0
 181 1233 0 0
 182 1230 0 0
 183 1236 0 0
 184 1230 0 0
 185 1239 0 0
 186 1228 0 0
 187 1230 0 0
 188 1231 0 0
 189 1234 0 0
 190 1239 0 0
 191 1236 0 0
 192 1236 0 0
 193 1232 0 0
 194 1233 0 0
 195 1233 0 0
 196 1232 0 0
 197 1233 0 0
 198 1232 0 0
 199 1237 0 0
 200 1232 0 0
 201 1235 0 0
 202 1230 0 0
 203 1240 0 0
 204 1239 0 0
 205 1234 0 0
 206 1233 0 0
 207 1239 0 0
 208 1233 0 0
 209 1241 0 0
 210 1234 0 0
 211 1235 0 0
 212 1235 0 0
 213 1232 0 0
 214 1236 0 0
 215 1234 0 0
 216 1234 0 0
 217 1240 0 0
 218 1242 0 0
 219 1242 0 0
 220 1241 0 0
 221 1243 0 0
 222 1235 0 0
 223 1242 0 0
 224 1235 0 0
 225 1238 0 0
 226 1240 0 0
 227 1240 0 0
 228 1240 0 0
 229 1250 0 0
 230 1245 0 0
 231 1242 0 0
 232 1243 0 0
 233 1244 0 0
 234 1240 0 0
 235 1241 0 0
 236 1237 0 0
 237 1246 0 0
 238 1242 0 0
 239 1241 0 0
 240 1241 0 0
 241 1241 0 0
 242 1241 0 0
 243 1241 0 0
 244 1239 0 0
 245 1242 0 0
 246 1244 0 0
 247 1244 0 0
 248 1248 0 0
 249 1246 0 0
 250 1242 0 0
 251 1244 0 0
 252 1250 0 0
 253 1248 0 0
 254 1242 0 0
 255 1301 0 0
[END] of [DATA]
[END] of [Spectrum]


#TBID:2021-11-05 01:00:00;SAM_84DC;CALIBRATED;

[Spectrum]
Version            = 1
IDData             = 96B1_2021-11-05_01-00-00_000_243
IDDevice           = SAM_84DC
IDDataType         = SPECTRUM
IDDataTypeSub1     = CALIBRATED
IDDataTypeSub2     = 
IDDataTypeSub3     = 
DateTime           = 2021-11-05 01:00:00
PositionLatitude   = 0
PositionLongitude  = 0
Comment            = 
CommentSub1        = 
CommentSub2        = 
CommentSub3        = 
IDMethodType       = SAM Control
MethodName         = SAM_84DC
Mission            = No Mission
MissionSub         = 1
RecordType         = 0
[Attributes]
CalFactor = 1
IDBasisSpec = 
IDDataBack = DLAB_2015-08-21_13-19-54_137_939
IDDataCal = DLAB_2015-08-24_10-46-55_592_608
IntegrationTime = 4096
P31 = -1
P31e = 0
PathLength = +INF
PathLengthCustomOn = 0
RAWDynamic = 65535
Salinity = 0
Temperature = -NAN
Unit1 = $01 $01 Wavelength nm
Unit2 = $03 $03 Intensity mW/(m^2 nm Sr)
Unit3 = $f0 $03 Error mW/(m^2 nm Sr)
Unit4 = $f1 $00 Status 
p999 = 1423
[END] of [Attributes]
[DATA]
 0 11 0 0
 305.71650776488 0 0 0
 309.04007505697 0 0 0
 312.36416914304 0 0 0
 315.68877841375 0 0 0
 319.01389125976 -0.00162885555716197 0 0
 322.33949607173 -0.0014953600397334 0 0
 325.66558124032 -0.00138949017151165 0 0
 328.99213515619 -0.00107228157718722 0 0
 332.31914621 -0.00133040085860711 0 0
 335.64660279241 -0.00114553044233837 0 0
 338.97449329408 -0.00114877577407632 0 0
 342.30280610567 -0.000886346118422569 0 0
 345.63152961784 -0.000803188702711221 0 0
 348.96065222125 -0.000861971222973294 0 0
 352.29016230656 -0.000637333355970157 0 0
 355.62004826443 -0.000648838946375514 0 0
 358.95029848552 -0.000853803818709343 0 0
 362.28090136049 -0.000516142225144453 0 0
 365.61184528 -0.000545336701667553 0 0
 368.94311863471 -0.000603431459172471 0 0
 372.27470981528 -0.000458063245570482 0 0
 375.60660721237 -0.000796755589540549 0 0
 378.93879921664 -0.000704314734724415 0 0
 382.27127421875 -0.000632392888797959 0 0
 385.60402060936 -0.000534644136741937 0 0
 388.93702677913 -0.000698291629531656 0 0
 392.27028111872 -0.000648489670445373 0 0
 395.60377201879 -0.000519216222448245 0 0
 398.93748787 -0.000436322505093505 0 0
 402.27141706301 -0.00040959470083109 0 0
 405.60554798848 -0.000499176140147392 0 0
 408.93986903707 -0.000555815891059547 0 0
 412.27436859944 -0.000412064996334363 0 0
 415.60903506625 -0.000457088006391736 0 0
 418.94385682816 -0.000316020867996471 0 0
 422.27882227583 -0.000472607740353974 0 0
 425.61391979992 -0.000392089138253775 0 0
 428.94913779109 -0.000319305276709087 0 0
 432.28446464 -0.000300732391987941 0 0
 435.61988873731 -0.000381509894451962 0 0
 438.95539847368 -0.000317568439471875 0 0
 442.29098223977 -0.000294048300830874 0 0
 445.62662842624 -0.000354646008999639 0 0
 448.96232542375 -0.000373740737307579 0 0
 452.29806162296 -0.000326789710565591 0 0
 455.63382541453 -0.000406354343806169 0 0
 458.96960518912 -0.000425916822475927 0 0
 462.30538933739 -0.000347640511417074 0 0
 465.64116625 -0.000363310033072297 0 0
 468.97692431761 -0.000370893227718865 0 0
 472.31265193088 -0.000375459942526275 0 0
 475.64833748047 -0.000414277496478224 0 0
 478.98396935704 -0.000319419858250975 0 0
 482.31953595125 -0.000375163549078722 0 0
 485.65502565376 -0.00038301682616352 0 0
 488.99042685523 -0.00037101478309069 0 0
 492.32572794632 -0.000400256014128997 0 0
 495.66091731769 -0.000408474982775582 0 0
 498.99598336 -0.000465367606700616 0 0
 502.33091446391 -0.000372790877892653 0 0
 505.66569902008 -0.000389869012945245 0 0
 509.00032541917 -0.000363967356733572 0 0
 512.33478205184 -0.000350147144000899 0 0
 515.66905730875 -0.000344249964853533 0 0
 519.00313958056 -0.000327887004074086 0 0
 522.33701725793 -0.000275444345685614 0 0
 525.67067873152 -0.000328213494573633 0 0
 529.00411239199 -0.000358035888581444 0 0
 532.33730663 -0.000271224372287953 0 0
 535.67024983621 -0.000318680086954593 0 0
 539.00293040128 -0.000318978242141302 0 0
 542.33533671587 -0.000355466611330457 0 0
 545.66745717064 -0.000301528339752359 0 0
 548.99928015625 -0.00028737153265461 0 0
 552.33079406336 -0.000260944292579085 0 0
 555.66198728263 -0.000345426803803366 0 0
 558.99284820472 -0.000298682669874288 0 0
 562.32336522029 -0.000261032823364242 0 0
 565.65352672 -0.000299762982502201 0 0
 568.98332109451 -0.000287088321734284 0 0
 572.31273673448 -0.000330818787047255 0 0
 575.64176203057 -0.000287180565932701 0 0
 578.97038537344 -0.0002994235289605 0 0
 582.29859515375 -0.000288230090163221 0 0
 585.62637976216 -0.000333885798615289 0 0
 588.95372758933 -0.000381950755801842 0 0
 592.28062702592 -0.000352483156851731 0 0
 595.60706646259 -0.000270684875553498 0 0
 598.93303429 -0.000368473933220895 0 0
 602.25851889881 -0.00031943924516647 0 0
 605.58350867968 -0.000361483551487749 0 0
 608.90799202327 -0.000351791884628089 0 0
 612.23195732024 -0.000316313221956676 0 0
 615.55539296125 -0.000393054640454308 0 0
 618.87828733696 -0.00041352599183278 0 0
 622.20062883803 -0.000285079672407904 0 0
 625.52240585512 -0.000430814945549035 0 0
 628.84360677889 -0.000409151389209152 0 0
 632.16422 -0.000324627054175341 0 0
 635.48423390911 -0.000474423745536535 0 0
 638.80363689688 -0.00038325625183421 0 0
 642.12241735397 -0.000526469419293557 0 0
 645.44056367104 -0.000397400207606523 0 0
 648.75806423875 -0.000348350241890969 0 0
 652.07490744776 -0.000454411622977252 0 0
 655.39108168873 -0.000468125977168373 0 0
 658.70657535232 -0.00056934043170638 0 0
 662.02137682919 -0.000446060659141857 0 0
 665.33547451 -0.000595397170858261 0 0
 668.64885678541 -0.000399548763545318 0 0
 671.96151204608 -0.000516007307437769 0 0
 675.27342868267 -0.000533019666804965 0 0
 678.58459508584 -0.000369963946261395 0 0
 681.89499964625 -0.000442931074139661 0 0
 685.20463075456 -0.000418039641640057 0 0
 688.51347680143 -0.00044750939867809 0 0
 691.82152617752 -0.000346629962831216 0 0
 695.12876727349 -0.00034371207397072 0 0
 698.43518848 -0.000362247117835779 0 0
 701.74077818771 -0.000276597587158636 0 0
 705.04552478728 -0.000446339905563173 0 0
 708.34941666937 -0.000381048314415466 0 0
 711.65244222464 -0.000346915119214365 0 0
 714.95458984375 -0.00039008817767211 0 0
 718.25584791736 -0.000366576188429478 0 0
 721.55620483613 -0.000515283257852641 0 0
 724.85564899072 -0.000406791069255753 0 0
 728.15416877179 -0.000402728888030934 0 0
 731.45175257 -0.000389619285743475 0 0
 734.74838877601 -0.000587594144527159 0 0
 738.04406578048 -0.000359830785536716 0 0
 741.33877197407 -0.000376599964927986 0 0
 744.63249574744 -0.000275008532387469 0 0
 747.92522549125 -0.000305641816506252 0 0
 751.21694959616 -0.000323263620862689 0 0
 754.50765645283 -0.000254309839032149 0 0
 757.79733445192 -0.000472661161413397 0 0
 761.08597198409 -0.000381487271283689 0 0
 764.37355744 -0.000248121613669034 0 0
 767.66007921031 -0.000305033325224367 0 0
 770.94552568568 -0.000397530329099584 0 0
 774.22988525677 -0.000255403943351814 0 0
 777.51314631424 -0.000330616287211168 0 0
 780.79529724875 -0.000258191138075997 0 0
 784.07632645096 -0.000146404632014862 0 0
 787.35622231153 -0.000315814228962721 0 0
 790.63497322112 -0.000190130092941946 0 0
 793.91256757039 -0.000436008042120218 0 0
 797.18899375 -0.000431931714516651 0 0
 800.46424015061 -0.00033120656069123 0 0
 803.73829516288 -0.000500307181266345 0 0
 807.01114717747 -0.000456162664606411 0 0
 810.28278458504 -0.000541294822255649 0 0
 813.55319577625 -0.000444887361099844 0 0
 816.82236914176 -0.000288894099761743 0 0
 820.09029307223 -0.000360947153250711 0 0
 823.35695595832 -0.000723120728433904 0 0
 826.62234619069 -0.000570857151489108 0 0
 829.88645216 -0.000654056354366573 0 0
 833.14926225691 -0.000700077638784757 0 0
 836.41076487208 -0.000431784294475756 0 0
 839.67094839617 -0.000372356560963163 0 0
 842.92980121984 -0.000294252439446246 0 0
 846.18731173375 -0.000520382093357377 0 0
 849.44346832856 -0.000791902572648649 0 0
 852.69825939493 -0.00102472280247056 0 0
 855.95167332352 -0.00109956626613789 0 0
 859.20369850499 -0.000885531917404565 0 0
 862.45432333 -0.000671192975367564 0 0
 865.70353618921 -0.000922974700379998 0 0
 868.95132547328 -0.00119197917653058 0 0
 872.19767957287 -0.000826122363710009 0 0
 875.44258687864 -0.00117028536774279 0 0
 878.68603578125 -0.000580901487737837 0 0
 881.92801467136 -0.000680803040995182 0 0
 885.16851193963 -0.000932555252011865 0 0
 888.40751597672 -0.000801274075760779 0 0
 891.64501517329 -0.000734491204637562 0 0
 894.88099792 -0.000275313137311937 0 0
 898.11545260751 -0.000320750815655247 0 0
 901.34836762648 -0.000386817309180333 0 0
 904.57973136757 -0.00111770563551119 0 0
 907.80953222144 -0.000547620033984629 0 0
 911.03775857875 -0.00110409128410465 0 0
 914.26439883016 -0.000156122287127397 0 0
 917.48944136633 -0.00179539190196258 0 0
 920.71287457792 -0.00158215661563541 0 0
 923.93468685559 -0.000679937470404068 0 0
 927.15486659 -0.000144863497541156 0 0
 930.37340217181 0.000317422524429409 0 0
 933.59028199168 -0.000601201543809797 0 0
 936.80549444027 -0.00222124107207996 0 0
 940.01902790824 -0.00190388202597173 0 0
 943.23087078625 -0.00126312013952659 0 0
 946.44101146496 -0.000551127543249178 0 0
 949.64943833503 -0.00287372110021002 0 0
 952.85613978712 -0.00187976354624777 0 0
 956.06110421189 0 0 0
 959.26432 0 0 0
 962.46577554211 0 0 0
 965.66545922888 0 0 0
 968.86335945097 0 0 0
 972.05946459904 0 0 0
 975.25376306375 0 0 0
 978.44624323576 0 0 0
 981.63689350573 0 0 0
 984.82570226432 0 0 0
 988.01265790219 0 0 0
 991.19774881 0 0 0
 994.38096337841 0 0 0
 997.56228999808 0 0 0
 1000.74171705967 0 0 0
 1003.91923295384 0 0 0
 1007.09482607125 0 0 0
 1010.26848480256 0 0 0
 1013.44019753843 0 0 0
 1016.60995266952 0 0 0
 1019.77773858649 0 0 0
 1022.94354368 0 0 0
 1026.10735634071 0 0 0
 1029.26916495928 0 0 0
 1032.42895792637 0 0 0
 1035.58672363264 0 0 0
 1038.74245046875 0 0 0
 1041.89612682536 0 0 0
 1045.04774109313 0 0 0
 1048.19728166272 0 0 0
 1051.34473692479 0 0 0
 1054.49009527 0 0 0
 1057.63334508901 0 0 0
 1060.77447477248 0 0 0
 1063.91347271107 0 0 0
 1067.05032729544 0 0 0
 1070.18502691625 0 0 0
 1073.31755996416 0 0 0
 1076.44791482983 0 0 0
 1079.57607990392 0 0 0
 1082.70204357709 0 0 0
 1085.82579424 0 0 0
 1088.94732028331 0 0 0
 1092.06661009768 0 0 0
 1095.18365207377 0 0 0
 1098.29843460224 0 0 0
 1101.41094607375 0 0 0
 1104.52117487896 0 0 0
 1107.62910940853 0 0 0
 1110.73473805312 0 0 0
 1113.83804920339 0 0 0
 1116.93903125 0 0 0
 1120.03767258361 0 0 0
 1123.13396159488 0 0 0
 1126.22788667447 0 0 0
 1129.31943621304 0 0 0
 1132.40859860125 0 0 0
 1135.49536222976 0 0 0
[END] of [DATA]
[END] of [Spectrum]


#TBID:2021-11-05 01:00:00;SAM_84C8;RAW;

[Spectrum]
Version            = 1
IDData             = 96B1_2021-11-05_01-00-00_000_245
IDDevice           = SAM_84C8
IDDataType         = SPECTRUM
IDDataTypeSub1     = RAW
IDDataTypeSub2     = 
IDDataTypeSub3     = 
DateTime           = 2021-11-05 01:00:00
PositionLatitude   = 0
PositionLongitude  = 0
Comment            = 
CommentSub1        = 
CommentSub2        = 
CommentSub3        = 
IDMethodType       = SAM Control
MethodName         = SAM_84C8
Mission            = No Mission
MissionSub         = 1
RecordType         = 0
[Attributes]
CalFactor = 1
IDBasisSpec = 
IDDataBack = DLAB_2015-08-21_12-14-03_013_778
IDDataCal = DLAB_2015-08-24_11-04-47_772_747
IntegrationTime = 4096
P31 = -1
P31e = 0
PathLength = +INF
PathLengthCustomOn = 0
RAWDynamic = 65535
Salinity = 0
Temperature = -NAN
Unit1 = $05 $00 Pixel 
Unit2 = $03 $05 Intensity counts
Unit3 = $f0 $05 Error counts
Unit4 = $f1 $00 Status 
p999 = 1423
[END] of [Attributes]
[DATA]
 0 11 0 0
 1 1089 0 0
 2 1083 0 0
 3 1088 0 0
 4 1095 0 0
 5 1083 0 0
 6 1086 0 0
 7 1096 0 0
 8 1087 0 0
 9 1096 0 0
 10 1089 0 0
 11 1094 0 0
 12 1089 0 0
 13 1091 0 0
 14 1088 0 0
 15 1092 0 0
 16 1091 0 0
 17 1088 0 0
 18 1080 0 0
 19 1092 0 0
 20 1093 0 0
 21 1093 0 0
 22 1097 0 0
 23 1097 0 0
 24 1098 0 0
 25 1099 0 0
 26 1090 0 0
 27 1096 0 0
 28 1096 0 0
 29 1100 0 0
 30 1094 0 0
 31 1098 0 0
 32 1095 0 0
 33 1094 0 0
 34 1090 0 0
 35 1092 0 0
 36 1092 0 0
 37 1097 0 0
 38 1096 0 0
 39 1093 0 0
 40 1092 0 0
 41 1096 0 0
 42 1093 0 0
 43 1094 0 0
 44 1093 0 0
 45 1094 0 0
 46 1099 0 0
 47 1091 0 0
 48 1093 0 0
 49 1095 0 0
 50 1097 0 0
 51 1101 0 0
 52 1101 0 0
 53 1095 0 0
 54 1090 0 0
 55 1097 0 0
 56 1099 0 0
 57 1097 0 0
 58 1101 0 0
 59 1096 0 0
 60 1093 0 0
 61 1097 0 0
 62 1100 0 0
 63 1101 0 0
 64 1094 0 0
 65 1097 0 0
 66 1099 0 0
 67 1096 0 0
 68 1101 0 0
 69 1096 0 0
 70 1097 0 0
 71 1099 0 0
 72 1103 0 0
 73 1100 0 0
 74 1099 0 0
 75 1095 0 0
 76 1101 0 0
 77 1101 0 0
 78 1100 0 0
 79 1097 0 0
 80 1098 0 0
 81 1096 0 0
 82 1101 0 0
 83 1100 0 0
 84 1100 0 0
 85 1104 0 0
 86 1100 0 0
 87 1096 0 0
 88 1100 0 0
 89 1099 0 0
 90 1101 0 0
 91 1102 0 0
 92 1101 0 0
 93 1094 0 0
 94 1105 0 0
 95 1100 0 0
 96 1102 0 0
 97 1105 0 0
 98 1097 0 0
 99 1100 0 0
 100 1097 0 0
 101 1100 0 0
 102 1097 0 0
 103 1101 0 0
 104 1104 0 0
 105 1104 0 0
 106 1102 0 0
 107 1101 0 0
 108 1098 0 0
 109 1102 0 0
 110 1105 0 0
 111 1104 0 0
 112 1102 0 0
 113 1100 0 0
 114 1102 0 0
 115 1104 0 0
 116 1098 0 0
 117 1100 0 0
 118 1096 0 0
 119 1097 0 0
 120 1100 0 0
 121 1102 0 0
 122 1100 0 0
 123 1102 0 0
 124 1097 0 0
 125 1102 0 0
 126 1105 0 0
 127 1108 0 0
 128 1103 0 0
 129 1101 0 0
 130 1097 0 0
 131 1106 0 0
 132 1101 0 0
 133 1115 0 0
 134 1103 0 0
 135 1100 0 0
 136 1104 0 0
 137 1101 0 0
 138 1101 0 0
 139 1107 0 0
 140 1099 0 0
 141 1102 0 0
 142 1100 0 0
 143 1099 0 0
 144 1098 0 0
 145 1102 0 0
 146 1102 0 0
 147 1099 0 0
 148 1098 0 0
 149 1106 0 0
 150 1102 0 0
 151 1101 0 0
 152 1106 0 0
 153 1100 0 0
 154 1098 0 0
 155 1098 0 0
 156 1100 0 0
 157 1101 0 0
 158 1101 0 0
 159 1106 0 0
 160 1095 0 0
 161 1100 0 0
 162 1102 0 0
 163 1101 0 0
 164 1099 0 0
 165 1105 0 0
 166 1096 0 0
 167 1102 0 0
 168 1096 0 0
 169 1098 0 0
 170 1104 0 0
 171 1099 0 0
 172 1098 0 0
 173 1098 0 0
 174 1102 0 0
 175 1104 0 0
 176 1096 0 0
 177 1104 0 0
 178 1099 0 0
 179 1098 0 0
 180 1101 0 0
 181 1105 0 0
 182 1095 0 0
 183 1106 0 0
 184 1098 0 0
 185 1107 0 0
 186 1097 0 0
 187 1098 0 0
 188 1098 0 0
 189 1102 0 0
 190 1103 0 0
 191 1095 0 0
 192 1101 0 0
 193 1101 0 0
 194 1100 0 0
 195 1102 0 0
 196 1098 0 0
 197 1099 0 0
 198 1104 0 0
 199 1103 0 0
 200 1099 0 0
 201 1099 0 0
 202 1105 0 0
 203 1097 0 0
 204 1100 0 0
 205 1098 0 0
 206 1097 0 0
 207 1101 0 0
 208 1100 0 0
 209 1100 0 0
 210 1100 0 0
 211 1099 0 0
 212 1097 0 0
 213 1103 0 0
 214 1098 0 0
 215 1106 0 0
 216 1099 0 0
 217 1101 0 0
 218 1102 0 0
 219 1100 0 0
 220 1098 0 0
 221 1110 0 0
 222 1099 0 0
 223 1101 0 0
 224 1100 0 0
 225 1101 0 0
 226 1095 0 0
 227 1097 0 0
 228 1098 0 0
 229 1102 0 0
 230 1099 0 0
 231 1098 0 0
 232 1103 0 0
 233 1102 0 0
 234 1103 0 0
 235 1102 0 0
 236 1098 0 0
 237 1106 0 0
 238 1096 0 0
 239 1102 0 0
 240 1106 0 0
 241 1106 0 0
 242 1100 0 0
 243 1105 0 0
 244 1105 0 0
 245 1098 0 0
 246 1098 0 0
 247 1104 0 0
 248 1101 0 0
 249 1104 0 0
 250 1102 0 0
 251 1106 0 0
 252 1102 0 0
 253 1106 0 0
 254 1104 0 0
 255 1143 0 0
[END] of [DATA]
[END] of [Spectrum]


#TBID:2021-11-05 01:00:00;SAM_84C8;CALIBRATED;

[Spectrum]
Version            = 1
IDData             = 96B1_2021-11-05_01-00-00_000_246
IDDevice           = SAM_84C8
IDDataType         = SPECTRUM
IDDataTypeSub1     = CALIBRATED
IDDataTypeSub2     = 
IDDataTypeSub3     = 
DateTime           = 2021-11-05 01:00:00
PositionLatitude   = 0
PositionLongitude  = 0
Comment            = 
CommentSub1        = 
CommentSub2        = 
CommentSub3        = 
IDMethodType       = SAM Control
MethodName         = SAM_84C8
Mission            = No Mission
MissionSub         = 1
RecordType         = 0
[Attributes]
CalFactor = 1
IDBasisSpec = 
IDDataBack = DLAB_2015-08-21_12-14-03_013_778
IDDataCal = DLAB_2015-08-24_11-04-47_772_747
IntegrationTime = 4096
P31 = -1
P31e = 0
PathLength = +INF
PathLengthCustomOn = 0
RAWDynamic = 65535
Salinity = 0
Temperature = -NAN
Unit1 = $01 $01 Wavelength nm
Unit2 = $03 $03 Intensity mW/(m^2 nm Sr)
Unit3 = $f0 $03 Error mW/(m^2 nm Sr)
Unit4 = $f1 $00 Status 
p999 = 1423
[END] of [Attributes]
[DATA]
 0 11 0 0
 303.516048156 0 0 0
 306.890006053 0 0 0
 310.26457112 0 0 0
 313.639731825 0 0 0
 317.015476636 -0.000597539316292801 0 0
 320.391794021 -0.000520079894186533 0 0
 323.768672448 6.33956340613633e-005 0 0
 327.146100385 -0.000190868726669728 0 0
 330.5240663 7.61332549158205e-005 0 0
 333.902558661 4.92943027440589e-005 0 0
 337.281565936 -8.11823785644257e-005 0 0
 340.661076593 -0.000328936384312457 0 0
 344.0410791 -2.87604332271359e-005 0 0
 347.421561925 -0.000107072803111859 0 0
 350.802513536 -7.61726748909685e-005 0 0
 354.183922401 -9.76702314946053e-005 0 0
 357.565776988 -0.000197706179811058 0 0
 360.948065765 -0.000307829360702652 0 0
 364.3307772 -9.12658642797542e-005 0 0
 367.713899761 -7.59429770608867e-006 0 0
 371.097421916 -5.6978301204799e-005 0 0
 374.481332133 -1.5096507037746e-005 0 0
 377.86561888 -2.53504804163039e-005 0 0
 381.250270625 -4.09289252407564e-005 0 0
 384.635275836 4.81219923378337e-005 0 0
 388.020622981 1.39815844852523e-005 0 0
 391.406300528 3.65040368290883e-005 0 0
 394.792296945 -4.23602759023752e-005 0 0
 398.1786007 8.45051375103659e-005 0 0
 401.565200261 -0.000104498617756977 0 0
 404.952084096 2.83830793264973e-005 0 0
 408.339240673 -2.5512089755897e-005 0 0
 411.72665846 3.06326920386354e-005 0 0
 415.114325925 -4.33987632842971e-005 0 0
 418.502231536 1.32047048941474e-005 0 0
 421.890363761 -6.4788222265594e-005 0 0
 425.278711068 -0.000142323141146203 0 0
 428.667261925 -1.94068947366829e-005 0 0
 432.0560048 3.23338530744986e-005 0 0
 435.444928161 -1.20549651934465e-005 0 0
 438.834020476 -8.35459221448195e-006 0 0
 442.223270213 -5.01427466299783e-006 0 0
 445.61266584 -3.44946454999369e-005 0 0
 449.002195825 1.2535970971279e-005 0 0
 452.391848636 -7.86170105125527e-005 0 0
 455.781612741 2.49222720986235e-005 0 0
 459.171476608 -4.85811631544745e-005 0 0
 462.561428705 -6.82435066884107e-005 0 0
 465.9514575 -9.12003866882951e-005 0 0
 469.341551461 4.87999704558848e-005 0 0
 472.731699056 2.26814112318918e-005 0 0
 476.121888753 3.09498200164718e-005 0 0
 479.51210902 -1.50764955973825e-005 0 0
 482.902348325 5.74938406160465e-005 0 0
 486.292595136 1.99803517499301e-006 0 0
 489.682837921 4.82611125995075e-006 0 0
 493.073065148 -7.91655418652129e-005 0 0
 496.463265285 7.40551371416884e-005 0 0
 499.8534268 7.77702137321005e-005 0 0
 503.243538161 -5.50636457471648e-006 0 0
 506.633587836 5.62930038583614e-006 0 0
 510.023564293 -0.000116943848165065 0 0
 513.413456 1.33348613053912e-008 0 0
 516.803251425 4.56385383810557e-005 0 0
 520.192939036 3.61429120508148e-005 0 0
 523.582507301 -1.7816727760314e-005 0 0
 526.971944688 -2.34945838490375e-005 0 0
 530.361239665 -1.6407734729712e-005 0 0
 533.7503807 4.45280144079288e-006 0 0
 537.139356261 -6.44318734339543e-005 0 0
 540.528154816 2.24292639774949e-006 0 0
 543.916764833 -1.61776817833235e-005 0 0
 547.30517478 2.16785692049813e-005 0 0
 550.693373125 2.22153688906686e-005 0 0
 554.081348336 -5.23052991403549e-005 0 0
 557.469088881 2.20407350404137e-005 0 0
 560.856583228 1.97814203538131e-005 0 0
 564.243819845 8.16753901015313e-006 0 0
 567.6307872 -3.79912672378726e-005 0 0
 571.017473761 -2.11791296232125e-005 0 0
 574.403867996 -1.44846432010175e-005 0 0
 577.789958373 -4.75891582098506e-005 0 0
 581.17573336 -2.69217377473956e-005 0 0
 584.561181425 -4.80708683230575e-005 0 0
 587.946291036 9.59918395303503e-005 0 0
 591.331050661 2.70726123817274e-005 0 0
 594.715448768 -8.91041935794492e-005 0 0
 598.099473825 2.10517206432262e-005 0 0
 601.4831143 2.95399928397047e-005 0 0
 604.866358661 -7.57751803251434e-005 0 0
 608.249195376 -8.02492870350041e-006 0 0
 611.631612913 -1.640394747777e-005 0 0
 615.01359974 -3.30671029348185e-005 0 0
 618.395144325 -1.79172325562192e-005 0 0
 621.776235136 3.60355430680255e-006 0 0
 625.156860641 -5.83001183536206e-005 0 0
 628.537009308 8.07912407346859e-005 0 0
 631.916669605 -3.38272198343275e-005 0 0
 635.29583 4.6491949419663e-005 0 0
 638.674478961 -0.000187413192584122 0 0
 642.052604956 -0.00020834408018487 0 0
 645.430196453 -0.00013902858451561 0 0
 648.80724192 3.13366482444557e-005 0 0
 652.183729825 8.06875773930944e-005 0 0
 655.559648636 -7.34783236025243e-005 0 0
 658.934986821 7.61858272442923e-005 0 0
 662.309732848 7.40057828152578e-006 0 0
 665.683875185 4.98677010147208e-005 0 0
 669.0574023 8.9937103299632e-005 0 0
 672.430302661 -5.97644356234099e-005 0 0
 675.802564736 -0.000228013148518872 0 0
 679.174176993 -2.95192882492909e-005 0 0
 682.5451279 -7.22562493696046e-005 0 0
 685.915405925 9.67161608819748e-007 0 0
 689.284999536 -9.1345808487488e-005 0 0
 692.653897201 -0.000284786486940254 0 0
 696.022087388 -1.0596588595981e-006 0 0
 699.389558565 -7.07672581479443e-005 0 0
 702.7562992 -0.000243190501902045 0 0
 706.122297761 8.9983962417727e-005 0 0
 709.487542716 -4.85258165553329e-006 0 0
 712.852022533 8.88454151414592e-005 0 0
 716.21572568 7.6998633498222e-005 0 0
 719.578640625 -1.24783257376828e-005 0 0
 722.940755836 -4.99477577517309e-006 0 0
 726.302059781 6.6935803426066e-005 0 0
 729.662540928 -7.80979812035235e-005 0 0
 733.022187745 9.43124980524531e-005 0 0
 736.3809887 -7.64623918743305e-005 0 0
 739.738932261 -1.35870178714923e-005 0 0
 743.096006896 2.9211746815671e-005 0 0
 746.452201073 -6.20321451377068e-005 0 0
 749.80750326 -0.00119433016000703 0 0
 753.161901925 -8.86541730977928e-005 0 0
 756.515385536 -3.39117374519857e-005 0 0
 759.867942561 5.64348503392907e-005 0 0
 763.219561468 -0.000103850754842897 0 0
 766.570230725 4.72739732887013e-005 0 0
 769.9199388 -3.93479428106116e-005 0 0
 773.268674161 -0.000102468832061106 0 0
 776.616425276 6.86073035836823e-005 0 0
 779.963180613 -0.000150598720647651 0 0
 783.30892864 -9.33268794543418e-005 0 0
 786.653657825 -0.000350434730753621 0 0
 789.997356636 -0.000111570827294768 0 0
 793.340013541 -0.000115036647086629 0 0
 796.681617008 -1.61757056867847e-005 0 0
 800.022155505 -0.00025372516104682 0 0
 803.3616175 0.00020996522707366 0 0
 806.699991461 1.03812439111456e-005 0 0
 810.037265856 -8.51723795564646e-005 0 0
 813.373429153 -5.26444572548773e-005 0 0
 816.70846982 -5.9502508369177e-005 0 0
 820.042376325 -3.69110000556474e-005 0 0
 823.375137136 5.80948222377184e-005 0 0
 826.706740721 -0.000163362600205046 0 0
 830.037175548 -0.000218809301010716 0 0
 833.366430085 -0.000144234037035708 0 0
 836.6944928 0.000299774193419713 0 0
 840.021352161 -0.000571734517265766 0 0
 843.346996636 -7.69564195960967e-005 0 0
 846.671414693 -0.000144519530116732 0 0
 849.9945948 -7.8293615580688e-005 0 0
 853.316525425 0.000177224616109345 0 0
 856.637195036 -9.36404490392268e-005 0 0
 859.956592101 -0.000563423779089894 0 0
 863.274705088 -0.000409107418776524 0 0
 866.591522465 -0.000695808173793562 0 0
 869.9070327 -0.000226610971370847 0 0
 873.221224261 -0.00016233548078365 0 0
 876.534085616 -0.000172856999623858 0 0
 879.845605233 -0.000558480426772337 0 0
 883.15577158 0.000545326639638909 0 0
 886.464573125 0.00035557875578425 0 0
 889.771998336 -0.00053453417938434 0 0
 893.078035681 -0.000432730287508423 0 0
 896.382673628 0.000274154783221038 0 0
 899.685900645 7.53351279855219e-005 0 0
 902.9877052 -0.000669483233536331 0 0
 906.288075761 -0.000687471993328646 0 0
 909.587000796 6.41881245961689e-005 0 0
 912.884468773 -0.00121968032514742 0 0
 916.18046816 0.000368016649297798 0 0
 919.474987425 7.99701805432991e-005 0 0
 922.768015036 0.000447759612460186 0 0
 926.059539461 -0.000448682357750837 0 0
 929.349549168 -0.00182271465958528 0 0
 932.638032625 -0.000522108588094064 0 0
 935.9249783 0.000142289244307981 0 0
 939.210374661 0.00163929534005066 0 0
 942.494210176 -0.00148024486756171 0 0
 945.776473313 -0.00123975870176146 0 0
 949.05715254 0.00156898355008007 0 0
 952.336236325 -0.00115694038455858 0 0
 955.613713136 0 0 0
 958.889571441 0 0 0
 962.163799708 0 0 0
 965.436386405 0 0 0
 968.70732 0 0 0
 971.976588961 0 0 0
 975.244181756 0 0 0
 978.510086853 0 0 0
 981.77429272 0 0 0
 985.036787825 0 0 0
 988.297560636 0 0 0
 991.556599621 0 0 0
 994.813893248 0 0 0
 998.069429985 0 0 0
 1001.3231983 0 0 0
 1004.575186661 0 0 0
 1007.825383536 0 0 0
 1011.073777393 0 0 0
 1014.3203567 0 0 0
 1017.565109925 0 0 0
 1020.808025536 0 0 0
 1024.049092001 0 0 0
 1027.288297788 0 0 0
 1030.525631365 0 0 0
 1033.7610812 0 0 0
 1036.994635761 0 0 0
 1040.226283516 0 0 0
 1043.456012933 0 0 0
 1046.68381248 0 0 0
 1049.909670625 0 0 0
 1053.133575836 0 0 0
 1056.355516581 0 0 0
 1059.575481328 0 0 0
 1062.793458545 0 0 0
 1066.0094367 0 0 0
 1069.223404261 0 0 0
 1072.435349696 0 0 0
 1075.645261473 0 0 0
 1078.85312806 0 0 0
 1082.058937925 0 0 0
 1085.262679536 0 0 0
 1088.464341361 0 0 0
 1091.663911868 0 0 0
 1094.861379525 0 0 0
 1098.0567328 0 0 0
 1101.249960161 0 0 0
 1104.441050076 0 0 0
 1107.629991013 0 0 0
 1110.81677144 0 0 0
 1114.001379825 0 0 0
 1117.183804636 0 0 0
 1120.364034341 0 0 0
 1123.542057408 0 0 0
 1126.717862305 0 0 0
 1129.8914375 0 0 0
 1133.062771461 0 0 0
 1136.231852656 0 0 0
 1139.398669553 0 0 0
 1142.56321062 0 0 0
 1145.725464325 0 0 0
 1148.885419136 0 0 0
[END] of [DATA]
[END] of [Spectrum]

