
#TBID:2021-08-09 02:30:00;SAM_84C8;CALIBRATED;

[Spectrum]
Version            = 1
IDData             = 96B1_2021-08-09_02-30-00_000_256
IDDevice           = SAM_84C8
IDDataType         = SPECTRUM
IDDataTypeSub1     = CALIBRATED
IDDataTypeSub2     = 
IDDataTypeSub3     = 
DateTime           = 2021-08-09 02:30:00
PositionLatitude   = 0
PositionLongitude  = 0
Comment            = 
CommentSub1        = 
CommentSub2        = 
CommentSub3        = 
IDMethodType       = SAM Control
MethodName         = SAM_84C8
Mission            = No Mission
MissionSub         = 1
RecordType         = 0
[Attributes]
CalFactor = 1
IDBasisSpec = 
IDDataBack = DLAB_2015-08-21_12-14-03_013_778
IDDataCal = DLAB_2015-08-24_11-04-47_772_747
IntegrationTime = 4096
P31 = -1
P31e = 0
PathLength = +INF
PathLengthCustomOn = 0
RAWDynamic = 65535
Salinity = 0
Temperature = -NAN
Unit1 = $01 $01 Wavelength nm
Unit2 = $03 $03 Intensity mW/(m^2 nm Sr)
Unit3 = $f0 $03 Error mW/(m^2 nm Sr)
Unit4 = $f1 $00 Status 
p999 = 1424
[END] of [Attributes]
[DATA]
 0 11 0 0
 303.516048156 0 0 0
 306.890006053 0 0 0
 310.26457112 0 0 0
 313.639731825 0 0 0
 317.015476636 -0.00172059853218359 0 0
 320.391794021 -0.000545051941569105 0 0
 323.768672448 -0.000801344803033383 0 0
 327.146100385 -0.000606997980023371 0 0
 330.5240663 -0.000668401448416807 0 0
 333.902558661 -0.000529194339582983 0 0
 337.281565936 -0.000699007897045279 0 0
 340.661076593 -0.000813835724917264 0 0
 344.0410791 -7.24900818538432e-005 0 0
 347.421561925 -0.000247140069220007 0 0
 350.802513536 -0.000250203194859883 0 0
 354.183922401 -0.000259171731401877 0 0
 357.565776988 -0.000190027073698515 0 0
 360.948065765 -0.000225522848668672 0 0
 364.3307772 -0.00032201793902285 0 0
 367.713899761 -0.00107762885874785 0 0
 371.097421916 -0.000809514661875695 0 0
 374.481332133 -0.000674080248050159 0 0
 377.86561888 -0.000546571671647281 0 0
 381.250270625 -0.000595772333719807 0 0
 384.635275836 -0.000600320591947633 0 0
 388.020622981 -0.000267235576957848 0 0
 391.406300528 0.000147366956815033 0 0
 394.792296945 -3.44493381604837e-005 0 0
 398.1786007 1.27780822500934e-005 0 0
 401.565200261 -9.70194616594599e-005 0 0
 404.952084096 -3.83151560479847e-005 0 0
 408.339240673 -8.88887936159984e-005 0 0
 411.72665846 -9.59629876271647e-005 0 0
 415.114325925 -0.000508074828509491 0 0
 418.502231536 -0.000335236252030503 0 0
 421.890363761 -0.000351275766017527 0 0
 425.278711068 -0.000347210921866152 0 0
 428.667261925 -0.000238694984144037 0 0
 432.0560048 -0.000201239657590627 0 0
 435.444928161 -0.000157025789730999 0 0
 438.834020476 -0.000104846410913636 0 0
 442.223270213 -0.000155881737503105 0 0
 445.61266584 -0.00019651421563461 0 0
 449.002195825 -0.000128862273057057 0 0
 452.391848636 -0.000131387875476317 0 0
 455.781612741 -0.000134812107156346 0 0
 459.171476608 -0.000200648227856979 0 0
 462.561428705 -0.000137725202596324 0 0
 465.9514575 -0.000136945903483955 0 0
 469.341551461 -0.000114093050399196 0 0
 472.731699056 -0.000155829376384544 0 0
 476.121888753 -0.000136407474981392 0 0
 479.51210902 -0.000197964347481091 0 0
 482.902348325 -8.73756294958518e-005 0 0
 486.292595136 -0.000117471984463476 0 0
 489.682837921 -0.000186713251371519 0 0
 493.073065148 -0.000173325547193803 0 0
 496.463265285 -9.22794445670298e-005 0 0
 499.8534268 -0.000131656790478379 0 0
 503.243538161 -8.54601962006811e-005 0 0
 506.633587836 -3.11478306445679e-005 0 0
 510.023564293 4.09492451983159e-005 0 0
 513.413456 1.88784149744619e-005 0 0
 516.803251425 7.72743897864973e-005 0 0
 520.192939036 -2.32664268766091e-005 0 0
 523.582507301 -6.30591245641506e-005 0 0
 526.971944688 -5.5333742084341e-005 0 0
 530.361239665 -0.000202501898181335 0 0
 533.7503807 -0.000307048593528515 0 0
 537.139356261 -0.000279374953059049 0 0
 540.528154816 -0.00019946132923348 0 0
 543.916764833 -0.000194143841182284 0 0
 547.30517478 -0.000121904507838899 0 0
 550.693373125 -0.000121670470026186 0 0
 554.081348336 0.000101134678066616 0 0
 557.469088881 9.57972553933746e-005 0 0
 560.856583228 9.43445782703361e-005 0 0
 564.243819845 7.19335371367305e-005 0 0
 567.6307872 3.88335233818407e-005 0 0
 571.017473761 8.08213574424978e-006 0 0
 574.403867996 1.53409080554141e-005 0 0
 577.789958373 -5.53764316900637e-005 0 0
 581.17573336 -0.000112970334418507 0 0
 584.561181425 -0.000136082351115243 0 0
 587.946291036 -7.58734794401082e-005 0 0
 591.331050661 -9.31584251196897e-005 0 0
 594.715448768 -8.35402824198884e-005 0 0
 598.099473825 -6.12262398781563e-005 0 0
 601.4831143 -2.47627320021932e-005 0 0
 604.866358661 -5.44083082067964e-005 0 0
 608.249195376 -8.01550539678836e-005 0 0
 611.631612913 -0.000183698289918187 0 0
 615.01359974 -9.02700542813114e-005 0 0
 618.395144325 -5.95858345049733e-005 0 0
 621.776235136 -8.68286581768391e-005 0 0
 625.156860641 -0.000297020101487813 0 0
 628.537009308 -0.000129634272693263 0 0
 631.916669605 -6.14543113099043e-005 0 0
 635.29583 -0.000105681457294592 0 0
 638.674478961 -0.00012562648375393 0 0
 642.052604956 -0.000219809864365171 0 0
 645.430196453 -0.000227715286218204 0 0
 648.80724192 -9.87062693854964e-005 0 0
 652.183729825 -5.18468957562428e-005 0 0
 655.559648636 -0.000167386506492099 0 0
 658.934986821 -0.000122154780598192 0 0
 662.309732848 -8.86214862456754e-005 0 0
 665.683875185 1.61376906627652e-005 0 0
 669.0574023 -4.90144346017729e-005 0 0
 672.430302661 -0.000178324254691897 0 0
 675.802564736 -0.000305142154294836 0 0
 679.174176993 -8.60358957662112e-005 0 0
 682.5451279 -0.000129395097925292 0 0
 685.915405925 -3.45926934503881e-005 0 0
 689.284999536 -0.000149468234803201 0 0
 692.653897201 -0.00016402351182233 0 0
 696.022087388 -0.000533903166514674 0 0
 699.389558565 -0.000312330185743855 0 0
 702.7562992 -0.000440659315184554 0 0
 706.122297761 -0.000247235480784404 0 0
 709.487542716 -0.000436890612421446 0 0
 712.852022533 -0.000158669128531908 0 0
 716.21572568 -0.000241465976573499 0 0
 719.578640625 -0.000237759194351244 0 0
 722.940755836 -4.28110897699294e-005 0 0
 726.302059781 -8.83775944358765e-005 0 0
 729.662540928 -0.000233852787347657 0 0
 733.022187745 -8.56615848747044e-005 0 0
 736.3809887 -0.000257508959772374 0 0
 739.738932261 -0.000148240638191819 0 0
 743.096006896 0.000402422762492158 0 0
 746.452201073 0.000242484414960189 0 0
 749.80750326 -0.000411934814889309 0 0
 753.161901925 0.000148539077599986 0 0
 756.515385536 0.00023222707604244 0 0
 759.867942561 0.000222450237002729 0 0
 763.219561468 0.000222601766468114 0 0
 766.570230725 -0.000503989284473623 0 0
 769.9199388 -0.000436475543033535 0 0
 773.268674161 -0.00045097273077219 0 0
 776.616425276 -0.000230326206173724 0 0
 779.963180613 -0.000196953483715277 0 0
 783.30892864 -0.000199735959035982 0 0
 786.653657825 -0.000368939285771638 0 0
 789.997356636 -9.94497461743071e-005 0 0
 793.340013541 2.61911026836796e-005 0 0
 796.681617008 -6.9812126785364e-005 0 0
 800.022155505 -0.000205850728898671 0 0
 803.3616175 -0.000382687326853304 0 0
 806.699991461 -0.000233982548761261 0 0
 810.037265856 0.000580692907928682 0 0
 813.373429153 0.00139083315936553 0 0
 816.70846982 0.00106649079424796 0 0
 820.042376325 0.00104447126950712 0 0
 823.375137136 0.000914528636547483 0 0
 826.706740721 0.00072614905542156 0 0
 830.037175548 0.000658161754546688 0 0
 833.366430085 -0.000769768654522656 0 0
 836.6944928 -0.00143705141057996 0 0
 840.021352161 -0.00152142753043124 0 0
 843.346996636 -0.000901428605033217 0 0
 846.671414693 -0.00100831087880859 0 0
 849.9945948 -0.000797675470729636 0 0
 853.316525425 -0.000511005099295911 0 0
 856.637195036 -0.000474960924605793 0 0
 859.956592101 0.000673275266848533 0 0
 863.274705088 0.000438345607719506 0 0
 866.591522465 0.000577023665856811 0 0
 869.9070327 0.000290751198457054 0 0
 873.221224261 -0.00021387053915896 0 0
 876.534085616 0.000562344892210818 0 0
 879.845605233 0.00175046133782191 0 0
 883.15577158 1.60046688459592e-005 0 0
 886.464573125 -9.48326218516133e-005 0 0
 889.771998336 -0.000191941626735356 0 0
 893.078035681 -0.000392039337718344 0 0
 896.382673628 0.000424598252273536 0 0
 899.685900645 0.000119054769292927 0 0
 902.9877052 -0.000390595976078937 0 0
 906.288075761 -0.000640233548193657 0 0
 909.587000796 -0.000266628215709077 0 0
 912.884468773 -0.000639027699397812 0 0
 916.18046816 -0.00054647183483077 0 0
 919.474987425 -0.000153093884441704 0 0
 922.768015036 -0.000861390657361938 0 0
 926.059539461 -6.8205436642313e-005 0 0
 929.349549168 -0.000585733654350476 0 0
 932.638032625 -0.000278000035616078 0 0
 935.9249783 0.000584499844647373 0 0
 939.210374661 0.000155192980134302 0 0
 942.494210176 -0.000782471134181864 0 0
 945.776473313 -0.000722561630674181 0 0
 949.05715254 6.67064694027514e-005 0 0
 952.336236325 -0.00153890374275778 0 0
 955.613713136 0 0 0
 958.889571441 0 0 0
 962.163799708 0 0 0
 965.436386405 0 0 0
 968.70732 0 0 0
 971.976588961 0 0 0
 975.244181756 0 0 0
 978.510086853 0 0 0
 981.77429272 0 0 0
 985.036787825 0 0 0
 988.297560636 0 0 0
 991.556599621 0 0 0
 994.813893248 0 0 0
 998.069429985 0 0 0
 1001.3231983 0 0 0
 1004.575186661 0 0 0
 1007.825383536 0 0 0
 1011.073777393 0 0 0
 1014.3203567 0 0 0
 1017.565109925 0 0 0
 1020.808025536 0 0 0
 1024.049092001 0 0 0
 1027.288297788 0 0 0
 1030.525631365 0 0 0
 1033.7610812 0 0 0
 1036.994635761 0 0 0
 1040.226283516 0 0 0
 1043.456012933 0 0 0
 1046.68381248 0 0 0
 1049.909670625 0 0 0
 1053.133575836 0 0 0
 1056.355516581 0 0 0
 1059.575481328 0 0 0
 1062.793458545 0 0 0
 1066.0094367 0 0 0
 1069.223404261 0 0 0
 1072.435349696 0 0 0
 1075.645261473 0 0 0
 1078.85312806 0 0 0
 1082.058937925 0 0 0
 1085.262679536 0 0 0
 1088.464341361 0 0 0
 1091.663911868 0 0 0
 1094.861379525 0 0 0
 1098.0567328 0 0 0
 1101.249960161 0 0 0
 1104.441050076 0 0 0
 1107.629991013 0 0 0
 1110.81677144 0 0 0
 1114.001379825 0 0 0
 1117.183804636 0 0 0
 1120.364034341 0 0 0
 1123.542057408 0 0 0
 1126.717862305 0 0 0
 1129.8914375 0 0 0
 1133.062771461 0 0 0
 1136.231852656 0 0 0
 1139.398669553 0 0 0
 1142.56321062 0 0 0
 1145.725464325 0 0 0
 1148.885419136 0 0 0
[END] of [DATA]
[END] of [Spectrum]


#TBID:2021-08-09 03:00:00;SAM_84CE;RAW;

[Spectrum]
Version            = 1
IDData             = 96B1_2021-08-09_03-00-00_000_259
IDDevice           = SAM_84CE
IDDataType         = SPECTRUM
IDDataTypeSub1     = RAW
IDDataTypeSub2     = 
IDDataTypeSub3     = 
DateTime           = 2021-08-09 03:00:00
PositionLatitude   = 0
PositionLongitude  = 0
Comment            = 
CommentSub1        = 
CommentSub2        = 
CommentSub3        = 
IDMethodType       = SAM Control
MethodName         = SAM_84CE
Mission            = No Mission
MissionSub         = 1
RecordType         = 0
[Attributes]
CalFactor = 1
IDBasisSpec = 
IDDataBack = DLAB_2015-08-21_11-56-43_233_004
IDDataCal = DLAB_2015-08-26_10-05-37_585_478
IntegrationTime = 4096
P31 = -1
P31e = 0
PathLength = +INF
PathLengthCustomOn = 0
RAWDynamic = 65535
Salinity = 0
Temperature = -NAN
Unit1 = $05 $00 Pixel 
Unit2 = $03 $05 Intensity counts
Unit3 = $f0 $05 Error counts
Unit4 = $f1 $00 Status 
p999 = 1425
[END] of [Attributes]
[DATA]
 0 11 0 0
 1 1393 0 0
 2 1386 0 0
 3 1390 0 0
 4 1404 0 0
 5 1397 0 0
 6 1392 0 0
 7 1397 0 0
 8 1402 0 0
 9 1411 0 0
 10 1400 0 0
 11 1402 0 0
 12 1405 0 0
 13 1407 0 0
 14 1406 0 0
 15 1408 0 0
 16 1401 0 0
 17 1404 0 0
 18 1412 0 0
 19 1404 0 0
 20 1415 0 0
 21 1410 0 0
 22 1411 0 0
 23 1417 0 0
 24 1410 0 0
 25 1410 0 0
 26 1416 0 0
 27 1419 0 0
 28 1409 0 0
 29 1415 0 0
 30 1413 0 0
 31 1420 0 0
 32 1417 0 0
 33 1410 0 0
 34 1404 0 0
 35 1410 0 0
 36 1415 0 0
 37 1408 0 0
 38 1411 0 0
 39 1410 0 0
 40 1413 0 0
 41 1410 0 0
 42 1411 0 0
 43 1411 0 0
 44 1408 0 0
 45 1405 0 0
 46 1410 0 0
 47 1412 0 0
 48 1408 0 0
 49 1409 0 0
 50 1407 0 0
 51 1403 0 0
 52 1404 0 0
 53 1404 0 0
 54 1409 0 0
 55 1398 0 0
 56 1400 0 0
 57 1398 0 0
 58 1407 0 0
 59 1404 0 0
 60 1401 0 0
 61 1399 0 0
 62 1404 0 0
 63 1402 0 0
 64 1400 0 0
 65 1396 0 0
 66 1405 0 0
 67 1401 0 0
 68 1399 0 0
 69 1396 0 0
 70 1392 0 0
 71 1398 0 0
 72 1396 0 0
 73 1398 0 0
 74 1392 0 0
 75 1394 0 0
 76 1400 0 0
 77 1390 0 0
 78 1391 0 0
 79 1396 0 0
 80 1398 0 0
 81 1394 0 0
 82 1393 0 0
 83 1389 0 0
 84 1390 0 0
 85 1393 0 0
 86 1388 0 0
 87 1394 0 0
 88 1389 0 0
 89 1391 0 0
 90 1390 0 0
 91 1391 0 0
 92 1388 0 0
 93 1391 0 0
 94 1378 0 0
 95 1381 0 0
 96 1387 0 0
 97 1385 0 0
 98 1389 0 0
 99 1388 0 0
 100 1388 0 0
 101 1379 0 0
 102 1386 0 0
 103 1389 0 0
 104 1387 0 0
 105 1385 0 0
 106 1383 0 0
 107 1378 0 0
 108 1383 0 0
 109 1387 0 0
 110 1379 0 0
 111 1384 0 0
 112 1381 0 0
 113 1378 0 0
 114 1381 0 0
 115 1378 0 0
 116 1376 0 0
 117 1377 0 0
 118 1380 0 0
 119 1381 0 0
 120 1380 0 0
 121 1377 0 0
 122 1374 0 0
 123 1373 0 0
 124 1376 0 0
 125 1376 0 0
 126 1371 0 0
 127 1370 0 0
 128 1374 0 0
 129 1369 0 0
 130 1371 0 0
 131 1375 0 0
 132 1371 0 0
 133 1373 0 0
 134 1368 0 0
 135 1369 0 0
 136 1373 0 0
 137 1373 0 0
 138 1367 0 0
 139 1367 0 0
 140 1366 0 0
 141 1367 0 0
 142 1364 0 0
 143 1363 0 0
 144 1360 0 0
 145 1371 0 0
 146 1369 0 0
 147 1364 0 0
 148 1363 0 0
 149 1362 0 0
 150 1364 0 0
 151 1363 0 0
 152 1364 0 0
 153 1362 0 0
 154 1363 0 0
 155 1364 0 0
 156 1359 0 0
 157 1359 0 0
 158 1355 0 0
 159 1360 0 0
 160 1364 0 0
 161 1362 0 0
 162 1361 0 0
 163 1361 0 0
 164 1356 0 0
 165 1358 0 0
 166 1360 0 0
 167 1354 0 0
 168 1351 0 0
 169 1356 0 0
 170 1360 0 0
 171 1351 0 0
 172 1353 0 0
 173 1352 0 0
 174 1351 0 0
 175 1352 0 0
 176 1350 0 0
 177 1354 0 0
 178 1353 0 0
 179 1350 0 0
 180 1349 0 0
 181 1352 0 0
 182 1350 0 0
 183 1342 0 0
 184 1340 0 0
 185 1342 0 0
 186 1349 0 0
 187 1349 0 0
 188 1341 0 0
 189 1341 0 0
 190 1342 0 0
 191 1352 0 0
 192 1343 0 0
 193 1346 0 0
 194 1342 0 0
 195 1341 0 0
 196 1340 0 0
 197 1342 0 0
 198 1341 0 0
 199 1339 0 0
 200 1340 0 0
 201 1341 0 0
 202 1336 0 0
 203 1341 0 0
 204 1343 0 0
 205 1346 0 0
 206 1347 0 0
 207 1337 0 0
 208 1334 0 0
 209 1339 0 0
 210 1336 0 0
 211 1336 0 0
 212 1327 0 0
 213 1337 0 0
 214 1334 0 0
 215 1342 0 0
 216 1338 0 0
 217 1332 0 0
 218 1336 0 0
 219 1336 0 0
 220 1333 0 0
 221 1328 0 0
 222 1334 0 0
 223 1338 0 0
 224 1332 0 0
 225 1331 0 0
 226 1331 0 0
 227 1335 0 0
 228 1326 0 0
 229 1338 0 0
 230 1328 0 0
 231 1328 0 0
 232 1326 0 0
 233 1332 0 0
 234 1332 0 0
 235 1331 0 0
 236 1328 0 0
 237 1328 0 0
 238 1323 0 0
 239 1326 0 0
 240 1322 0 0
 241 1326 0 0
 242 1322 0 0
 243 1328 0 0
 244 1328 0 0
 245 1318 0 0
 246 1314 0 0
 247 1326 0 0
 248 1314 0 0
 249 1316 0 0
 250 1314 0 0
 251 1313 0 0
 252 1306 0 0
 253 1304 0 0
 254 1302 0 0
 255 1352 0 0
[END] of [DATA]
[END] of [Spectrum]


#TBID:2021-08-09 03:00:00;SAM_84CE;CALIBRATED;

[Spectrum]
Version            = 1
IDData             = 96B1_2021-08-09_03-00-00_000_260
IDDevice           = SAM_84CE
IDDataType         = SPECTRUM
IDDataTypeSub1     = CALIBRATED
IDDataTypeSub2     = 
IDDataTypeSub3     = 
DateTime           = 2021-08-09 03:00:00
PositionLatitude   = 0
PositionLongitude  = 0
Comment            = 
CommentSub1        = 
CommentSub2        = 
CommentSub3        = 
IDMethodType       = SAM Control
MethodName         = SAM_84CE
Mission            = No Mission
MissionSub         = 1
RecordType         = 0
[Attributes]
CalFactor = 1
IDBasisSpec = 
IDDataBack = DLAB_2015-08-21_11-56-43_233_004
IDDataCal = DLAB_2015-08-26_10-05-37_585_478
IntegrationTime = 4096
P31 = -1
P31e = 0
PathLength = +INF
PathLengthCustomOn = 0
RAWDynamic = 65535
Salinity = 0
Temperature = -NAN
Unit1 = $01 $01 Wavelength nm
Unit2 = $03 $06 Intensity mW/(m^2 nm)
Unit3 = $f0 $06 Error mW/(m^2 nm)
Unit4 = $f1 $00 Status 
p999 = 1425
[END] of [Attributes]
[DATA]
 0 11 0 0
 303.485180022 0 0 0
 306.85638880275 0 0 0
 310.228324544 0 0 0
 313.60097308125 0 0 0
 316.97432025 0.0409882393944278 0 0
 320.34835188575 0.0383274986701778 0 0
 323.723053824 0.0376951555004358 0 0
 327.09841190025 0.0377455822450829 0 0
 330.47441195 0.0359920281304319 0 0
 333.85103980875 0.0321833138803518 0 0
 337.228281312 0.0298904045661166 0 0
 340.60612229525 0.0286445470299187 0 0
 343.984548594 0.027264734643484 0 0
 347.36354604375 0.0233210311532521 0 0
 350.74310048 0.0236541860361181 0 0
 354.12319773825 0.0198463785440607 0 0
 357.503823654 0.0199409831019226 0 0
 360.88496406275 0.0195445871652025 0 0
 364.2666048 0.0188059664055099 0 0
 367.64873170125 0.0188830199029884 0 0
 371.031330602 0.0188578713553818 0 0
 374.41438733775 0.0200497268649827 0 0
 377.797887744 0.0191915947285543 0 0
 381.18181765625 0.0200402780120612 0 0
 384.56616291 0.0202913941116444 0 0
 387.95090934075 0.0206118202488427 0 0
 391.336042784 0.0207412623034712 0 0
 394.72154907525 0.0208493752453211 0 0
 398.10741405 0.020940365770181 0 0
 401.49362354375 0.0197056275774081 0 0
 404.880163392 0.0186154955191377 0 0
 408.26701943025 0.0177834652602905 0 0
 411.654177494 0.0161803190456172 0 0
 415.04162341875 0.0147289501560841 0 0
 418.42934304 0.0150048737892792 0 0
 421.81732219325 0.0135777436076482 0 0
 425.205546714 0.0131875236895725 0 0
 428.59400243775 0.0115931428602082 0 0
 431.9826752 0.0114146695203013 0 0
 435.37155083625 0.0112982462730197 0 0
 438.760615182 0.0109171498295477 0 0
 442.14985407275 0.0106734295303802 0 0
 445.539253344 0.0107946997826605 0 0
 448.92879883125 0.0112884599911883 0 0
 452.31847637 0.0112401562169445 0 0
 455.70827179575 0.0108457024823168 0 0
 459.098170944 0.0110040464688868 0 0
 462.48815965025 0.0115956140324671 0 0
 465.87822375 0.0120213731127495 0 0
 469.26834907875 0.0117067487892223 0 0
 472.658521472 0.012236422525454 0 0
 476.04872676525 0.0125438286009561 0 0
 479.438950794 0.0118001549741811 0 0
 482.82917939375 0.0122492864473208 0 0
 486.2193984 0.0120429194064385 0 0
 489.60959364825 0.0125316770375409 0 0
 492.999750974 0.012274070742903 0 0
 496.38985621275 0.0128796514091903 0 0
 499.7798952 0.0128503806395385 0 0
 503.16985377125 0.0129369850201228 0 0
 506.559717762 0.0118852237448414 0 0
 509.94947300775 0.0113377786985139 0 0
 513.339105344 0.011346254462356 0 0
 516.72860060625 0.0109587479124838 0 0
 520.11794463 0.0105641717053331 0 0
 523.50712325075 0.0102276897786456 0 0
 526.896122304 0.0102591168053592 0 0
 530.28492762525 0.00955990085053378 0 0
 533.67352505 0.00998886113774828 0 0
 537.06190041375 0.0101037864921158 0 0
 540.450039552 0.00982992377106165 0 0
 543.83792830025 0.00907741248577778 0 0
 547.225552494 0.00905773220556713 0 0
 550.61289796875 0.00886897386936046 0 0
 553.99995056 0.00891130152484182 0 0
 557.38669610325 0.00875375170236508 0 0
 560.773120434 0.00882359558705956 0 0
 564.15920938775 0.00944885198352361 0 0
 567.5449488 0.00940547568011689 0 0
 570.93032450625 0.00964686112692584 0 0
 574.315322342 0.00926064368464921 0 0
 577.69992814275 0.00996906842434465 0 0
 581.084127744 0.00996779119095198 0 0
 584.46790698125 0.0101973965318944 0 0
 587.85125169 0.0106957543690378 0 0
 591.23414770575 0.0100379865370924 0 0
 594.616580864 0.0108859330870388 0 0
 597.99853700025 0.0107442719581814 0 0
 601.38000195 0.0111713091949631 0 0
 604.76096154875 0.0101050616826762 0 0
 608.141401632 0.0105786833169781 0 0
 611.52130803525 0.0104987597712922 0 0
 614.900666594 0.0102771714633998 0 0
 618.27946314375 0.00963505312780402 0 0
 621.65768352 0.0108049166299248 0 0
 625.03531355825 0.0120094846795635 0 0
 628.412339094 0.0109754611242084 0 0
 631.78874596275 0.0114231483971688 0 0
 635.16452 0.0119175207457769 0 0
 638.53964704125 0.0124753212410557 0 0
 641.914112922 0.0119138365632685 0 0
 645.28790347775 0.0129339793678945 0 0
 648.661004544 0.013482415202029 0 0
 652.03340195625 0.0140701708440985 0 0
 655.40508155 0.0128852397355331 0 0
 658.77602916075 0.0132211823608793 0 0
 662.146230624 0.0129409010482094 0 0
 665.51567177525 0.0140673800683282 0 0
 668.88433845 0.013038351316613 0 0
 672.25221648375 0.0131768970433826 0 0
 675.619291712 0.0122443081175444 0 0
 678.98554997025 0.0129538933953903 0 0
 682.350977094 0.0131899236445562 0 0
 685.71555891875 0.0127858680733568 0 0
 689.07928128 0.0128119001419289 0 0
 692.44213001325 0.0131636147726506 0 0
 695.804090954 0.0119551917200433 0 0
 699.16514993775 0.0132533106468648 0 0
 702.5252928 0.0134115630072443 0 0
 705.88450537625 0.013088038149652 0 0
 709.242773502 0.0133354076201999 0 0
 712.60008301275 0.0119137279423321 0 0
 715.956419744 0.012662455257517 0 0
 719.31176953125 0.0131413591941426 0 0
 722.66611821 0.0134550363209634 0 0
 726.01945161575 0.0106440770249916 0 0
 729.371755584 0.0124222485023152 0 0
 732.72301595025 0.0126525594137193 0 0
 736.07321855 0.0119867111864902 0 0
 739.42234921875 0.0133014269725444 0 0
 742.770393792 0.0115679222310461 0 0
 746.11733810525 0.0129583519865966 0 0
 749.463167994 0.0134662627139184 0 0
 752.80786929375 0.0123470662139472 0 0
 756.15142784 0.012444248688941 0 0
 759.49382946825 0.0139739921650967 0 0
 762.835060014 0.012688364940314 0 0
 766.17510531275 0.0145255179613331 0 0
 769.5139512 0.011769545397446 0 0
 772.85158351125 0.0140734001608104 0 0
 776.187988082 0.0132499724672866 0 0
 779.52315074775 0.0134655512853735 0 0
 782.857057344 0.0130434314227527 0 0
 786.18969370625 0.0122724379524415 0 0
 789.52104567 0.0133466698158101 0 0
 792.85109907075 0.014412873387957 0 0
 796.179839744 0.0167824527392707 0 0
 799.50725352525 0.0143397970625732 0 0
 802.83332625 0.0159741268837791 0 0
 806.15804375375 0.0175959130222164 0 0
 809.481391872 0.0182520737257562 0 0
 812.80335644025 0.0189880763337586 0 0
 816.123923294 0.0167286787438053 0 0
 819.44307826875 0.0186606266503298 0 0
 822.7608072 0.0199833706424093 0 0
 826.07709592325 0.0190594013295646 0 0
 829.391930274 0.018465772034924 0 0
 832.70529608775 0.0203003070003204 0 0
 836.0171792 0.0204657308468142 0 0
 839.32756544625 0.0229017301866057 0 0
 842.636440662 0.0219187861649683 0 0
 845.94379068275 0.0235822981249749 0 0
 849.249601344 0.0252551322172154 0 0
 852.55385848125 0.0229689742865372 0 0
 855.85654793 0.0272334878738112 0 0
 859.15765552575 0.030510057554064 0 0
 862.457167104 0.0259876800096447 0 0
 865.75506850025 0.0254302293892475 0 0
 869.05134555 0.0273585198889181 0 0
 872.34598408875 0.0310175544128473 0 0
 875.638969952 0.0236700961202568 0 0
 878.93028897525 0.0289915895910069 0 0
 882.219926994 0.0300382129349771 0 0
 885.50786984375 0.0339713981446499 0 0
 888.79410336 0.0312017445150041 0 0
 892.07861337825 0.030727354828215 0 0
 895.361385734 0.0357355480724581 0 0
 898.64240626275 0.0327843507192364 0 0
 901.9216608 0.0324197000281105 0 0
 905.19913518125 0.0312196746492075 0 0
 908.474815242 0.038106249752396 0 0
 911.74868681775 0.0387631837791637 0 0
 915.020735744 0.0403572478487441 0 0
 918.29094785625 0.0371957759521562 0 0
 921.55930899 0.0333938032585142 0 0
 924.82580498075 0.0408704067242793 0 0
 928.090421664 0.0404279543454575 0 0
 931.35314487525 0.0386722683214793 0 0
 934.61396045 0.0400362198772918 0 0
 937.87285422375 0.0431361619300711 0 0
 941.129812032 0.0587297610112485 0 0
 944.38481971025 0.0503337271065931 0 0
 947.637863094 0.0580168557762005 0 0
 950.88892801875 0.055211295802232 0 0
 954.13800032 0 0 0
 957.38506583325 0 0 0
 960.630110394 0 0 0
 963.87311983775 0 0 0
 967.11408 0 0 0
 970.35297671625 0 0 0
 973.589795822 0 0 0
 976.82452315275 0 0 0
 980.057144544 0 0 0
 983.28764583125 0 0 0
 986.51601285 0 0 0
 989.74223143575 0 0 0
 992.966287424 0 0 0
 996.18816665025 0 0 0
 999.40785495 0 0 0
 1002.62533815875 0 0 0
 1005.840602112 0 0 0
 1009.05363264525 0 0 0
 1012.264415594 0 0 0
 1015.47293679375 0 0 0
 1018.67918208 0 0 0
 1021.88313728825 0 0 0
 1025.084788254 0 0 0
 1028.28412081275 0 0 0
 1031.4811208 0 0 0
 1034.67577405125 0 0 0
 1037.868066402 0 0 0
 1041.05798368775 0 0 0
 1044.245511744 0 0 0
 1047.43063640625 0 0 0
 1050.61334351 0 0 0
 1053.79361889075 0 0 0
 1056.971448384 0 0 0
 1060.14681782525 0 0 0
 1063.31971305 0 0 0
 1066.49011989375 0 0 0
 1069.658024192 0 0 0
 1072.82341178025 0 0 0
 1075.986268494 0 0 0
 1079.14658016875 0 0 0
 1082.30433264 0 0 0
 1085.45951174325 0 0 0
 1088.612103314 0 0 0
 1091.76209318775 0 0 0
 1094.9094672 0 0 0
 1098.05421118625 0 0 0
 1101.196310982 0 0 0
 1104.33575242275 0 0 0
 1107.472521344 0 0 0
 1110.60660358125 0 0 0
 1113.73798497 0 0 0
 1116.86665134575 0 0 0
 1119.992588544 0 0 0
 1123.11578240025 0 0 0
 1126.23621875 0 0 0
 1129.35388342875 0 0 0
 1132.468762272 0 0 0
 1135.58084111525 0 0 0
 1138.690105794 0 0 0
 1141.79654214375 0 0 0
 1144.900136 0 0 0
[END] of [DATA]
[END] of [Spectrum]


#TBID:2021-08-09 03:00:00;SAM_84DC;RAW;

[Spectrum]
Version            = 1
IDData             = 96B1_2021-08-09_03-00-00_000_262
IDDevice           = SAM_84DC
IDDataType         = SPECTRUM
IDDataTypeSub1     = RAW
IDDataTypeSub2     = 
IDDataTypeSub3     = 
DateTime           = 2021-08-09 03:00:00
PositionLatitude   = 0
PositionLongitude  = 0
Comment            = 
CommentSub1        = 
CommentSub2        = 
CommentSub3        = 
IDMethodType       = SAM Control
MethodName         = SAM_84DC
Mission            = No Mission
MissionSub         = 1
RecordType         = 0
[Attributes]
CalFactor = 1
IDBasisSpec = 
IDDataBack = DLAB_2015-08-21_13-19-54_137_939
IDDataCal = DLAB_2015-08-24_10-46-55_592_608
IntegrationTime = 4096
P31 = -1
P31e = 0
PathLength = +INF
PathLengthCustomOn = 0
RAWDynamic = 65535
Salinity = 0
Temperature = -NAN
Unit1 = $05 $00 Pixel 
Unit2 = $03 $05 Intensity counts
Unit3 = $f0 $05 Error counts
Unit4 = $f1 $00 Status 
p999 = 1425
[END] of [Attributes]
[DATA]
 0 11 0 0
 1 1352 0 0
 2 1342 0 0
 3 1356 0 0
 4 1361 0 0
 5 1361 0 0
 6 1355 0 0
 7 1362 0 0
 8 1371 0 0
 9 1375 0 0
 10 1368 0 0
 11 1374 0 0
 12 1370 0 0
 13 1374 0 0
 14 1374 0 0
 15 1366 0 0
 16 1364 0 0
 17 1377 0 0
 18 1366 0 0
 19 1373 0 0
 20 1369 0 0
 21 1370 0 0
 22 1374 0 0
 23 1380 0 0
 24 1377 0 0
 25 1374 0 0
 26 1381 0 0
 27 1376 0 0
 28 1374 0 0
 29 1378 0 0
 30 1371 0 0
 31 1379 0 0
 32 1380 0 0
 33 1374 0 0
 34 1380 0 0
 35 1374 0 0
 36 1380 0 0
 37 1381 0 0
 38 1380 0 0
 39 1379 0 0
 40 1385 0 0
 41 1374 0 0
 42 1380 0 0
 43 1378 0 0
 44 1379 0 0
 45 1386 0 0
 46 1377 0 0
 47 1384 0 0
 48 1380 0 0
 49 1378 0 0
 50 1379 0 0
 51 1381 0 0
 52 1381 0 0
 53 1380 0 0
 54 1378 0 0
 55 1380 0 0
 56 1379 0 0
 57 1382 0 0
 58 1385 0 0
 59 1387 0 0
 60 1382 0 0
 61 1378 0 0
 62 1380 0 0
 63 1379 0 0
 64 1378 0 0
 65 1379 0 0
 66 1371 0 0
 67 1379 0 0
 68 1380 0 0
 69 1382 0 0
 70 1385 0 0
 71 1386 0 0
 72 1378 0 0
 73 1387 0 0
 74 1385 0 0
 75 1377 0 0
 76 1386 0 0
 77 1387 0 0
 78 1382 0 0
 79 1393 0 0
 80 1388 0 0
 81 1392 0 0
 82 1382 0 0
 83 1389 0 0
 84 1384 0 0
 85 1382 0 0
 86 1378 0 0
 87 1382 0 0
 88 1387 0 0
 89 1380 0 0
 90 1379 0 0
 91 1382 0 0
 92 1377 0 0
 93 1388 0 0
 94 1387 0 0
 95 1391 0 0
 96 1382 0 0
 97 1386 0 0
 98 1379 0 0
 99 1383 0 0
 100 1386 0 0
 101 1381 0 0
 102 1383 0 0
 103 1388 0 0
 104 1388 0 0
 105 1390 0 0
 106 1388 0 0
 107 1392 0 0
 108 1389 0 0
 109 1390 0 0
 110 1391 0 0
 111 1397 0 0
 112 1387 0 0
 113 1381 0 0
 114 1382 0 0
 115 1389 0 0
 116 1378 0 0
 117 1386 0 0
 118 1381 0 0
 119 1385 0 0
 120 1383 0 0
 121 1387 0 0
 122 1382 0 0
 123 1389 0 0
 124 1388 0 0
 125 1382 0 0
 126 1384 0 0
 127 1387 0 0
 128 1386 0 0
 129 1389 0 0
 130 1387 0 0
 131 1388 0 0
 132 1387 0 0
 133 1388 0 0
 134 1394 0 0
 135 1392 0 0
 136 1385 0 0
 137 1390 0 0
 138 1394 0 0
 139 1394 0 0
 140 1392 0 0
 141 1394 0 0
 142 1394 0 0
 143 1396 0 0
 144 1398 0 0
 145 1398 0 0
 146 1392 0 0
 147 1394 0 0
 148 1396 0 0
 149 1398 0 0
 150 1401 0 0
 151 1404 0 0
 152 1398 0 0
 153 1407 0 0
 154 1406 0 0
 155 1400 0 0
 156 1394 0 0
 157 1400 0 0
 158 1397 0 0
 159 1402 0 0
 160 1401 0 0
 161 1396 0 0
 162 1395 0 0
 163 1399 0 0
 164 1402 0 0
 165 1406 0 0
 166 1406 0 0
 167 1406 0 0
 168 1407 0 0
 169 1411 0 0
 170 1412 0 0
 171 1416 0 0
 172 1406 0 0
 173 1412 0 0
 174 1412 0 0
 175 1412 0 0
 176 1410 0 0
 177 1410 0 0
 178 1409 0 0
 179 1413 0 0
 180 1416 0 0
 181 1410 0 0
 182 1414 0 0
 183 1415 0 0
 184 1415 0 0
 185 1417 0 0
 186 1417 0 0
 187 1419 0 0
 188 1417 0 0
 189 1416 0 0
 190 1418 0 0
 191 1421 0 0
 192 1426 0 0
 193 1415 0 0
 194 1424 0 0
 195 1420 0 0
 196 1424 0 0
 197 1424 0 0
 198 1419 0 0
 199 1432 0 0
 200 1425 0 0
 201 1432 0 0
 202 1420 0 0
 203 1428 0 0
 204 1430 0 0
 205 1434 0 0
 206 1434 0 0
 207 1433 0 0
 208 1424 0 0
 209 1434 0 0
 210 1429 0 0
 211 1435 0 0
 212 1429 0 0
 213 1426 0 0
 214 1428 0 0
 215 1442 0 0
 216 1436 0 0
 217 1437 0 0
 218 1436 0 0
 219 1437 0 0
 220 1437 0 0
 221 1441 0 0
 222 1436 0 0
 223 1437 0 0
 224 1431 0 0
 225 1440 0 0
 226 1436 0 0
 227 1436 0 0
 228 1439 0 0
 229 1438 0 0
 230 1440 0 0
 231 1442 0 0
 232 1441 0 0
 233 1438 0 0
 234 1438 0 0
 235 1448 0 0
 236 1438 0 0
 237 1443 0 0
 238 1447 0 0
 239 1444 0 0
 240 1452 0 0
 241 1450 0 0
 242 1447 0 0
 243 1454 0 0
 244 1453 0 0
 245 1451 0 0
 246 1456 0 0
 247 1452 0 0
 248 1454 0 0
 249 1452 0 0
 250 1449 0 0
 251 1447 0 0
 252 1445 0 0
 253 1441 0 0
 254 1438 0 0
 255 1495 0 0
[END] of [DATA]
[END] of [Spectrum]


#TBID:2021-08-09 03:00:00;SAM_84DC;CALIBRATED;

[Spectrum]
Version            = 1
IDData             = 96B1_2021-08-09_03-00-00_000_263
IDDevice           = SAM_84DC
IDDataType         = SPECTRUM
IDDataTypeSub1     = CALIBRATED
IDDataTypeSub2     = 
IDDataTypeSub3     = 
DateTime           = 2021-08-09 03:00:00
PositionLatitude   = 0
PositionLongitude  = 0
Comment            = 
CommentSub1        = 
CommentSub2        = 
CommentSub3        = 
IDMethodType       = SAM Control
MethodName         = SAM_84DC
Mission            = No Mission
MissionSub         = 1
RecordType         = 0
[Attributes]
CalFactor = 1
IDBasisSpec = 
IDDataBack = DLAB_2015-08-21_13-19-54_137_939
IDDataCal = DLAB_2015-08-24_10-46-55_592_608
IntegrationTime = 4096
P31 = -1
P31e = 0
PathLength = +INF
PathLengthCustomOn = 0
RAWDynamic = 65535
Salinity = 0
Temperature = -NAN
Unit1 = $01 $01 Wavelength nm
Unit2 = $03 $03 Intensity mW/(m^2 nm Sr)
Unit3 = $f0 $03 Error mW/(m^2 nm Sr)
Unit4 = $f1 $00 Status 
p999 = 1425
[END] of [Attributes]
[DATA]
 0 11 0 0
 305.71650776488 0 0 0
 309.04007505697 0 0 0
 312.36416914304 0 0 0
 315.68877841375 0 0 0
 319.01389125976 -0.00313810199496444 0 0
 322.33949607173 -0.00289659823284851 0 0
 325.66558124032 -0.00289489270039219 0 0
 328.99213515619 -0.00230403293566967 0 0
 332.31914621 -0.00216794914451653 0 0
 335.64660279241 -0.00213225568357943 0 0
 338.97449329408 -0.00186537888036342 0 0
 342.30280610567 -0.00163633405329057 0 0
 345.63152961784 -0.00142250599473769 0 0
 348.96065222125 -0.00151112054292744 0 0
 352.29016230656 -0.00127355894158144 0 0
 355.62004826443 -0.00139056352620264 0 0
 358.95029848552 -0.00120362681685197 0 0
 362.28090136049 -0.00124296961653219 0 0
 365.61184528 -0.00117770722607287 0 0
 368.94311863471 -0.00123645084051563 0 0
 372.27470981528 -0.00120873023080445 0 0
 375.60660721237 -0.00134076778848847 0 0
 378.93879921664 -0.00124010223782347 0 0
 382.27127421875 -0.00129492967175763 0 0
 385.60402060936 -0.00121738035961596 0 0
 388.93702677913 -0.00119534764707091 0 0
 392.27028111872 -0.00126958217937205 0 0
 395.60377201879 -0.00113922529428186 0 0
 398.93748787 -0.00101330307859797 0 0
 402.27141706301 -0.00106147952936229 0 0
 405.60554798848 -0.00103617036455343 0 0
 408.93986903707 -0.000923773579805179 0 0
 412.27436859944 -0.000885602788872601 0 0
 415.60903506625 -0.000834705239876833 0 0
 418.94385682816 -0.00078394948610035 0 0
 422.27882227583 -0.000795370605123006 0 0
 425.61391979992 -0.000721895397530107 0 0
 428.94913779109 -0.000668385471886998 0 0
 432.28446464 -0.000618536238559022 0 0
 435.61988873731 -0.000672553153238579 0 0
 438.95539847368 -0.000708491797124759 0 0
 442.29098223977 -0.000634390246973392 0 0
 445.62662842624 -0.000688863150182221 0 0
 448.96232542375 -0.000714574156373056 0 0
 452.29806162296 -0.000643891496130158 0 0
 455.63382541453 -0.000810608108381043 0 0
 458.96960518912 -0.000772392380597625 0 0
 462.30538933739 -0.000737952587051986 0 0
 465.64116625 -0.000785856299290466 0 0
 468.97692431761 -0.000763294200501176 0 0
 472.31265193088 -0.000771514984005519 0 0
 475.64833748047 -0.000788264414023426 0 0
 478.98396935704 -0.000770539745403466 0 0
 482.31953595125 -0.000805159150700494 0 0
 485.65502565376 -0.000842709958716541 0 0
 488.99042685523 -0.000834204588162011 0 0
 492.32572794632 -0.000853076809274846 0 0
 495.66091731769 -0.000810235841912934 0 0
 498.99598336 -0.000865252277714943 0 0
 502.33091446391 -0.000831680173786705 0 0
 505.66569902008 -0.000904420655104078 0 0
 509.00032541917 -0.000770247126442115 0 0
 512.33478205184 -0.000807224016006467 0 0
 515.66905730875 -0.00081319879628159 0 0
 519.00313958056 -0.000738548396495208 0 0
 522.33701725793 -0.000719027944914272 0 0
 525.67067873152 -0.000738720851394694 0 0
 529.00411239199 -0.000727327907723529 0 0
 532.33730663 -0.000644004774711791 0 0
 535.67024983621 -0.000656075725342501 0 0
 539.00293040128 -0.000673825500608718 0 0
 542.33533671587 -0.000679388579347623 0 0
 545.66745717064 -0.000636365261105123 0 0
 548.99928015625 -0.000675088349617413 0 0
 552.33079406336 -0.000683226050821335 0 0
 555.66198728263 -0.000658634494847507 0 0
 558.99284820472 -0.000648180480922171 0 0
 562.32336522029 -0.000638040958725152 0 0
 565.65352672 -0.000640023605257715 0 0
 568.98332109451 -0.000634133115981115 0 0
 572.31273673448 -0.000685421297580731 0 0
 575.64176203057 -0.000731057454117818 0 0
 578.97038537344 -0.00070578596742974 0 0
 582.29859515375 -0.00069183916422874 0 0
 585.62637976216 -0.000908482125102301 0 0
 588.95372758933 -0.000905643111254844 0 0
 592.28062702592 -0.000887864985759055 0 0
 595.60706646259 -0.000778008110923487 0 0
 598.93303429 -0.000981387718294904 0 0
 602.25851889881 -0.000875473057548491 0 0
 605.58350867968 -0.00094119065827845 0 0
 608.90799202327 -0.00102715171179108 0 0
 612.23195732024 -0.000871539799468241 0 0
 615.55539296125 -0.000955801889209195 0 0
 618.87828733696 -0.000892237901645044 0 0
 622.20062883803 -0.000948831411997064 0 0
 625.52240585512 -0.00102779836008757 0 0
 628.84360677889 -0.00103473744308438 0 0
 632.16422 -0.00104722596623724 0 0
 635.48423390911 -0.00105357692636699 0 0
 638.80363689688 -0.00109797380613159 0 0
 642.12241735397 -0.00115560915462987 0 0
 645.44056367104 -0.0010575883762638 0 0
 648.75806423875 -0.0010747117019394 0 0
 652.07490744776 -0.00111806534841253 0 0
 655.39108168873 -0.00113898611444248 0 0
 658.70657535232 -0.0012093073934067 0 0
 662.02137682919 -0.00114680887604083 0 0
 665.33547451 -0.00114774404255332 0 0
 668.64885678541 -0.00106780948566742 0 0
 671.96151204608 -0.00101355791945086 0 0
 675.27342868267 -0.00118263600547279 0 0
 678.58459508584 -0.00117321539734611 0 0
 681.89499964625 -0.00131010487284424 0 0
 685.20463075456 -0.00123742788541872 0 0
 688.51347680143 -0.00135563916635551 0 0
 691.82152617752 -0.00120500978107372 0 0
 695.12876727349 -0.00127150162275485 0 0
 698.43518848 -0.00125937174394975 0 0
 701.74077818771 -0.00114075998729255 0 0
 705.04552478728 -0.00139923113427447 0 0
 708.34941666937 -0.00129804917425361 0 0
 711.65244222464 -0.0012892740136757 0 0
 714.95458984375 -0.00131528042750393 0 0
 718.25584791736 -0.00131565675524918 0 0
 721.55620483613 -0.00140295158878785 0 0
 724.85564899072 -0.00131735192001062 0 0
 728.15416877179 -0.00127382477986084 0 0
 731.45175257 -0.00120077100410389 0 0
 734.74838877601 -0.00140399509795401 0 0
 738.04406578048 -0.00124832341755473 0 0
 741.33877197407 -0.00136237205020826 0 0
 744.63249574744 -0.00131774134693352 0 0
 747.92522549125 -0.00116176795326964 0 0
 751.21694959616 -0.00130535944979116 0 0
 754.50765645283 -0.00132052421791067 0 0
 757.79733445192 -0.00136693325409284 0 0
 761.08597198409 -0.00116895954997727 0 0
 764.37355744 -0.00126280006637264 0 0
 767.66007921031 -0.00126019843601565 0 0
 770.94552568568 -0.00139120909804138 0 0
 774.22988525677 -0.00124061642871466 0 0
 777.51314631424 -0.00133450863672386 0 0
 780.79529724875 -0.001258647791943 0 0
 784.07632645096 -0.00117384022238764 0 0
 787.35622231153 -0.00143029482492497 0 0
 790.63497322112 -0.00145591645508296 0 0
 793.91256757039 -0.00156908316618934 0 0
 797.18899375 -0.00151521856634758 0 0
 800.46424015061 -0.00132770179796615 0 0
 803.73829516288 -0.00146855035579456 0 0
 807.01114717747 -0.00166745625959364 0 0
 810.28278458504 -0.00154871113948151 0 0
 813.55319577625 -0.0015650074316271 0 0
 816.82236914176 -0.0017973409477943 0 0
 820.09029307223 -0.00192681839077823 0 0
 823.35695595832 -0.00210066299487981 0 0
 826.62234619069 -0.00208862767966388 0 0
 829.88645216 -0.00209973940546135 0 0
 833.14926225691 -0.0022049391968152 0 0
 836.41076487208 -0.00224325506941839 0 0
 839.67094839617 -0.0022141533294348 0 0
 842.92980121984 -0.00232642731600241 0 0
 846.18731173375 -0.00236857646407807 0 0
 849.44346832856 -0.00237729189931015 0 0
 852.69825939493 -0.00280646334905881 0 0
 855.95167332352 -0.00277168976874198 0 0
 859.20369850499 -0.00269978888238224 0 0
 862.45432333 -0.0025655968649972 0 0
 865.70353618921 -0.00253294216544341 0 0
 868.95132547328 -0.00271791512940756 0 0
 872.19767957287 -0.00256914325489318 0 0
 875.44258687864 -0.00306183791405824 0 0
 878.68603578125 -0.00296534904657485 0 0
 881.92801467136 -0.0027988729080601 0 0
 885.16851193963 -0.00339547555368648 0 0
 888.40751597672 -0.0031622389229968 0 0
 891.64501517329 -0.00365865117124104 0 0
 894.88099792 -0.00279887761534854 0 0
 898.11545260751 -0.00272723921999268 0 0
 901.34836762648 -0.0034214151403228 0 0
 904.57973136757 -0.00348648490462818 0 0
 907.80953222144 -0.00359617120182191 0 0
 911.03775857875 -0.0035450353119887 0 0
 914.26439883016 -0.00358328199524039 0 0
 917.48944136633 -0.00392129772993738 0 0
 920.71287457792 -0.00379880490318758 0 0
 923.93468685559 -0.00343206185868444 0 0
 927.15486659 -0.00362641145881286 0 0
 930.37340217181 -0.00380792880744377 0 0
 933.59028199168 -0.00394281956341264 0 0
 936.80549444027 -0.00486717269535284 0 0
 940.01902790824 -0.00596942010054503 0 0
 943.23087078625 -0.00401030575891206 0 0
 946.44101146496 -0.00425638636674921 0 0
 949.64943833503 -0.00568970595546749 0 0
 952.85613978712 -0.00504085496208749 0 0
 956.06110421189 0 0 0
 959.26432 0 0 0
 962.46577554211 0 0 0
 965.66545922888 0 0 0
 968.86335945097 0 0 0
 972.05946459904 0 0 0
 975.25376306375 0 0 0
 978.44624323576 0 0 0
 981.63689350573 0 0 0
 984.82570226432 0 0 0
 988.01265790219 0 0 0
 991.19774881 0 0 0
 994.38096337841 0 0 0
 997.56228999808 0 0 0
 1000.74171705967 0 0 0
 1003.91923295384 0 0 0
 1007.09482607125 0 0 0
 1010.26848480256 0 0 0
 1013.44019753843 0 0 0
 1016.60995266952 0 0 0
 1019.77773858649 0 0 0
 1022.94354368 0 0 0
 1026.10735634071 0 0 0
 1029.26916495928 0 0 0
 1032.42895792637 0 0 0
 1035.58672363264 0 0 0
 1038.74245046875 0 0 0
 1041.89612682536 0 0 0
 1045.04774109313 0 0 0
 1048.19728166272 0 0 0
 1051.34473692479 0 0 0
 1054.49009527 0 0 0
 1057.63334508901 0 0 0
 1060.77447477248 0 0 0
 1063.91347271107 0 0 0
 1067.05032729544 0 0 0
 1070.18502691625 0 0 0
 1073.31755996416 0 0 0
 1076.44791482983 0 0 0
 1079.57607990392 0 0 0
 1082.70204357709 0 0 0
 1085.82579424 0 0 0
 1088.94732028331 0 0 0
 1092.06661009768 0 0 0
 1095.18365207377 0 0 0
 1098.29843460224 0 0 0
 1101.41094607375 0 0 0
 1104.52117487896 0 0 0
 1107.62910940853 0 0 0
 1110.73473805312 0 0 0
 1113.83804920339 0 0 0
 1116.93903125 0 0 0
 1120.03767258361 0 0 0
 1123.13396159488 0 0 0
 1126.22788667447 0 0 0
 1129.31943621304 0 0 0
 1132.40859860125 0 0 0
 1135.49536222976 0 0 0
[END] of [DATA]
[END] of [Spectrum]


#TBID:2021-08-09 03:00:00;SAM_84C8;RAW;

[Spectrum]
Version            = 1
IDData             = 96B1_2021-08-09_03-00-00_000_265
IDDevice           = SAM_84C8
IDDataType         = SPECTRUM
IDDataTypeSub1     = RAW
IDDataTypeSub2     = 
IDDataTypeSub3     = 
DateTime           = 2021-08-09 03:00:00
PositionLatitude   = 0
PositionLongitude  = 0
Comment            = 
CommentSub1        = 
CommentSub2        = 
CommentSub3        = 
IDMethodType       = SAM Control
MethodName         = SAM_84C8
Mission            = No Mission
MissionSub         = 1
RecordType         = 0
[Attributes]
CalFactor = 1
IDBasisSpec = 
IDDataBack = DLAB_2015-08-21_12-14-03_013_778
IDDataCal = DLAB_2015-08-24_11-04-47_772_747
IntegrationTime = 4096
P31 = -1
P31e = 0
PathLength = +INF
PathLengthCustomOn = 0
RAWDynamic = 65535
Salinity = 0
Temperature = -NAN
Unit1 = $05 $00 Pixel 
Unit2 = $03 $05 Intensity counts
Unit3 = $f0 $05 Error counts
Unit4 = $f1 $00 Status 
p999 = 1425
[END] of [Attributes]
[DATA]
 0 11 0 0
 1 1347 0 0
 2 1334 0 0
 3 1337 0 0
 4 1339 0 0
 5 1347 0 0
 6 1337 0 0
 7 1361 0 0
 8 1358 0 0
 9 1372 0 0
 10 1363 0 0
 11 1365 0 0
 12 1364 0 0
 13 1367 0 0
 14 1340 0 0
 15 1345 0 0
 16 1329 0 0
 17 1334 0 0
 18 1341 0 0
 19 1350 0 0
 20 1341 0 0
 21 1370 0 0
 22 1370 0 0
 23 1371 0 0
 24 1370 0 0
 25 1369 0 0
 26 1364 0 0
 27 1366 0 0
 28 1340 0 0
 29 1349 0 0
 30 1353 0 0
 31 1351 0 0
 32 1356 0 0
 33 1356 0 0
 34 1359 0 0
 35 1372 0 0
 36 1375 0 0
 37 1378 0 0
 38 1372 0 0
 39 1365 0 0
 40 1367 0 0
 41 1371 0 0
 42 1365 0 0
 43 1367 0 0
 44 1362 0 0
 45 1363 0 0
 46 1369 0 0
 47 1366 0 0
 48 1356 0 0
 49 1348 0 0
 50 1348 0 0
 51 1355 0 0
 52 1360 0 0
 53 1357 0 0
 54 1348 0 0
 55 1376 0 0
 56 1383 0 0
 57 1376 0 0
 58 1372 0 0
 59 1371 0 0
 60 1365 0 0
 61 1374 0 0
 62 1352 0 0
 63 1352 0 0
 64 1346 0 0
 65 1358 0 0
 66 1361 0 0
 67 1362 0 0
 68 1362 0 0
 69 1390 0 0
 70 1388 0 0
 71 1382 0 0
 72 1382 0 0
 73 1373 0 0
 74 1374 0 0
 75 1375 0 0
 76 1344 0 0
 77 1359 0 0
 78 1357 0 0
 79 1379 0 0
 80 1374 0 0
 81 1374 0 0
 82 1382 0 0
 83 1397 0 0
 84 1390 0 0
 85 1385 0 0
 86 1362 0 0
 87 1366 0 0
 88 1366 0 0
 89 1372 0 0
 90 1348 0 0
 91 1355 0 0
 92 1360 0 0
 93 1373 0 0
 94 1372 0 0
 95 1373 0 0
 96 1380 0 0
 97 1373 0 0
 98 1372 0 0
 99 1376 0 0
 100 1372 0 0
 101 1377 0 0
 102 1373 0 0
 103 1371 0 0
 104 1374 0 0
 105 1385 0 0
 106 1377 0 0
 107 1376 0 0
 108 1371 0 0
 109 1372 0 0
 110 1379 0 0
 111 1381 0 0
 112 1374 0 0
 113 1362 0 0
 114 1364 0 0
 115 1363 0 0
 116 1369 0 0
 117 1365 0 0
 118 1368 0 0
 119 1368 0 0
 120 1368 0 0
 121 1370 0 0
 122 1365 0 0
 123 1366 0 0
 124 1371 0 0
 125 1394 0 0
 126 1388 0 0
 127 1395 0 0
 128 1387 0 0
 129 1381 0 0
 130 1385 0 0
 131 1382 0 0
 132 1356 0 0
 133 1404 0 0
 134 1369 0 0
 135 1371 0 0
 136 1370 0 0
 137 1374 0 0
 138 1370 0 0
 139 1379 0 0
 140 1376 0 0
 141 1376 0 0
 142 1378 0 0
 143 1371 0 0
 144 1380 0 0
 145 1394 0 0
 146 1395 0 0
 147 1390 0 0
 148 1411 0 0
 149 1402 0 0
 150 1396 0 0
 151 1398 0 0
 152 1393 0 0
 153 1388 0 0
 154 1382 0 0
 155 1362 0 0
 156 1365 0 0
 157 1374 0 0
 158 1375 0 0
 159 1375 0 0
 160 1378 0 0
 161 1373 0 0
 162 1375 0 0
 163 1372 0 0
 164 1376 0 0
 165 1374 0 0
 166 1350 0 0
 167 1363 0 0
 168 1361 0 0
 169 1386 0 0
 170 1386 0 0
 171 1374 0 0
 172 1383 0 0
 173 1399 0 0
 174 1395 0 0
 175 1395 0 0
 176 1393 0 0
 177 1392 0 0
 178 1377 0 0
 179 1388 0 0
 180 1386 0 0
 181 1382 0 0
 182 1384 0 0
 183 1382 0 0
 184 1374 0 0
 185 1380 0 0
 186 1380 0 0
 187 1362 0 0
 188 1365 0 0
 189 1365 0 0
 190 1361 0 0
 191 1368 0 0
 192 1374 0 0
 193 1366 0 0
 194 1396 0 0
 195 1395 0 0
 196 1375 0 0
 197 1387 0 0
 198 1387 0 0
 199 1382 0 0
 200 1373 0 0
 201 1358 0 0
 202 1362 0 0
 203 1365 0 0
 204 1366 0 0
 205 1371 0 0
 206 1373 0 0
 207 1374 0 0
 208 1399 0 0
 209 1386 0 0
 210 1384 0 0
 211 1387 0 0
 212 1383 0 0
 213 1385 0 0
 214 1383 0 0
 215 1356 0 0
 216 1363 0 0
 217 1364 0 0
 218 1362 0 0
 219 1366 0 0
 220 1365 0 0
 221 1369 0 0
 222 1391 0 0
 223 1381 0 0
 224 1363 0 0
 225 1363 0 0
 226 1366 0 0
 227 1370 0 0
 228 1363 0 0
 229 1347 0 0
 230 1346 0 0
 231 1360 0 0
 232 1356 0 0
 233 1360 0 0
 234 1364 0 0
 235 1362 0 0
 236 1362 0 0
 237 1368 0 0
 238 1388 0 0
 239 1381 0 0
 240 1382 0 0
 241 1381 0 0
 242 1378 0 0
 243 1373 0 0
 244 1373 0 0
 245 1377 0 0
 246 1370 0 0
 247 1369 0 0
 248 1366 0 0
 249 1364 0 0
 250 1363 0 0
 251 1355 0 0
 252 1348 0 0
 253 1346 0 0
 254 1344 0 0
 255 1387 0 0
[END] of [DATA]
[END] of [Spectrum]


#TBID:2021-08-09 03:00:00;SAM_84C8;CALIBRATED;

[Spectrum]
Version            = 1
IDData             = 96B1_2021-08-09_03-00-00_000_266
IDDevice           = SAM_84C8
IDDataType         = SPECTRUM
IDDataTypeSub1     = CALIBRATED
IDDataTypeSub2     = 
IDDataTypeSub3     = 
DateTime           = 2021-08-09 03:00:00
PositionLatitude   = 0
PositionLongitude  = 0
Comment            = 
CommentSub1        = 
CommentSub2        = 
CommentSub3        = 
IDMethodType       = SAM Control
MethodName         = SAM_84C8
Mission            = No Mission
MissionSub         = 1
RecordType         = 0
[Attributes]
CalFactor = 1
IDBasisSpec = 
IDDataBack = DLAB_2015-08-21_12-14-03_013_778
IDDataCal = DLAB_2015-08-24_11-04-47_772_747
IntegrationTime = 4096
P31 = -1
P31e = 0
PathLength = +INF
PathLengthCustomOn = 0
RAWDynamic = 65535
Salinity = 0
Temperature = -NAN
Unit1 = $01 $01 Wavelength nm
Unit2 = $03 $03 Intensity mW/(m^2 nm Sr)
Unit3 = $f0 $03 Error mW/(m^2 nm Sr)
Unit4 = $f1 $00 Status 
p999 = 1425
[END] of [Attributes]
[DATA]
 0 11 0 0
 303.516048156 0 0 0
 306.890006053 0 0 0
 310.26457112 0 0 0
 313.639731825 0 0 0
 317.015476636 -0.000655847131113318 0 0
 320.391794021 -0.00110351772848847 0 0
 323.768672448 5.2772287168306e-005 0 0
 327.146100385 1.42093264184253e-005 0 0
 330.5240663 0.000445529650142543 0 0
 333.902558661 0.000335801295947037 0 0
 337.281565936 9.9089656573044e-005 0 0
 340.661076593 -4.51324224200156e-005 0 0
 344.0410791 0.000262267917978194 0 0
 347.421561925 -0.000438519106080646 0 0
 350.802513536 -0.000356908039220387 0 0
 354.183922401 -0.000676482176417748 0 0
 357.565776988 -0.000578370439961415 0 0
 360.948065765 -0.000388052163571215 0 0
 364.3307772 -0.000224431158514758 0 0
 367.713899761 -0.000323026286790436 0 0
 371.097421916 0.00016023807649911 0 0
 374.481332133 0.000131931968083802 0 0
 377.86561888 0.000145488198129129 0 0
 381.250270625 9.41536752139001e-005 0 0
 384.635275836 0.000144989513716153 0 0
 388.020622981 0.000194190132838583 0 0
 391.406300528 0.0001336519564044 0 0
 394.792296945 -0.000475201583780132 0 0
 398.1786007 -0.000238818357739788 0 0
 401.565200261 -0.000225233566188315 0 0
 404.952084096 -0.000198390920946743 0 0
 408.339240673 -0.000100589108174787 0 0
 411.72665846 -2.38866152626953e-005 0 0
 415.114325925 1.50126745582685e-005 0 0
 418.502231536 0.000230467889800103 0 0
 421.890363761 0.000181544733143747 0 0
 425.278711068 6.40229155931067e-005 0 0
 428.667261925 0.00011410288840407 0 0
 432.0560048 0.000112397294407303 0 0
 435.444928161 9.97066836791158e-005 0 0
 438.834020476 0.000100587783736176 0 0
 442.223270213 6.94957784131366e-005 0 0
 445.61266584 5.11354695142055e-005 0 0
 449.002195825 5.42702544510078e-005 0 0
 452.391848636 -3.60188424092731e-005 0 0
 455.781612741 8.03403220442246e-005 0 0
 459.171476608 6.86511554487753e-005 0 0
 462.561428705 -9.64489476015246e-005 0 0
 465.9514575 -0.000246735143793541 0 0
 469.341551461 -0.000135620762406476 0 0
 472.731699056 -0.00012522752707887 0 0
 476.121888753 -5.2360199079382e-005 0 0
 479.51210902 -5.91188762550925e-005 0 0
 482.902348325 -4.18668954292876e-005 0 0
 486.292595136 0.000192379292276299 0 0
 489.682837921 0.000268290459042833 0 0
 493.073065148 0.000116275813732788 0 0
 496.463265285 0.000156028639132109 0 0
 499.8534268 0.000217122783073674 0 0
 503.243538161 9.02799089573795e-005 0 0
 506.633587836 0.000170735143947863 0 0
 510.023564293 -0.000301024088720422 0 0
 513.413456 -0.000193919688701941 0 0
 516.803251425 -0.000130197938035235 0 0
 520.192939036 -1.89717758698081e-005 0 0
 523.582507301 -5.88829033207202e-005 0 0
 526.971944688 -1.46880081669327e-005 0 0
 530.361239665 -6.74015090563137e-005 0 0
 533.7503807 0.000340666206866955 0 0
 537.139356261 0.000232638711241921 0 0
 540.528154816 0.000205219764083438 0 0
 543.916764833 0.000140255205659893 0 0
 547.30517478 0.00010959948422304 0 0
 550.693373125 0.000133140575104103 0 0
 554.081348336 0.000116415007746978 0 0
 557.469088881 -0.000235145044625128 0 0
 560.856583228 -6.51557421424002e-005 0 0
 564.243819845 -8.97822931636617e-005 0 0
 567.6307872 0.000163089271688509 0 0
 571.017473761 0.000110156317258651 0 0
 574.403867996 0.000144353757676256 0 0
 577.789958373 0.000152756150417458 0 0
 581.17573336 0.000385966906783737 0 0
 584.561181425 0.000281047701782179 0 0
 587.946291036 0.000310255651286475 0 0
 591.331050661 -1.86927502801029e-005 0 0
 594.715448768 -2.15424152133568e-005 0 0
 598.099473825 3.16419531855819e-005 0 0
 601.4831143 0.000145664281347763 0 0
 604.866358661 -0.000356963217402587 0 0
 608.249195376 -0.000200082250190594 0 0
 611.631612913 -0.000115379134366604 0 0
 615.01359974 0.000184304112181855 0 0
 618.395144325 9.56631340997982e-006 0 0
 621.776235136 0.000128059767526864 0 0
 625.156860641 0.000149558726276536 0 0
 628.537009308 0.000126213488126622 0 0
 631.916669605 0.000132887987345879 0 0
 635.29583 0.000235972384876771 0 0
 638.674478961 -1.01562410220961e-005 0 0
 642.052604956 1.15905072736391e-005 0 0
 645.430196453 6.71947098048822e-005 0 0
 648.80724192 0.000124224446551564 0 0
 652.183729825 0.000175355058214049 0 0
 655.559648636 0.000246714637334222 0 0
 658.934986821 0.00027681939009074 0 0
 662.309732848 0.000209856738429244 0 0
 665.683875185 0.000211539129943061 0 0
 669.0574023 0.000189188201800635 0 0
 672.430302661 0.000124531520750382 0 0
 675.802564736 2.23594702308005e-005 0 0
 679.174176993 0.000115980914081504 0 0
 682.5451279 -0.000143983740109724 0 0
 685.915405925 -7.13787504081911e-005 0 0
 689.284999536 -0.000231086961118885 0 0
 692.653897201 -0.000156553637072769 0 0
 696.022087388 -7.32840600848214e-006 0 0
 699.389558565 8.22647535751191e-005 0 0
 702.7562992 -0.000111969290494959 0 0
 706.122297761 0.000152811919516222 0 0
 709.487542716 5.83410407550024e-005 0 0
 712.852022533 8.23659768254015e-005 0 0
 716.21572568 4.71019558180187e-005 0 0
 719.578640625 0.000191967318033006 0 0
 722.940755836 0.000622234432206832 0 0
 726.302059781 0.000483280122064388 0 0
 729.662540928 0.000433667810412922 0 0
 733.022187745 0.000537022468464518 0 0
 736.3809887 0.000273737173767877 0 0
 739.738932261 0.000531693484217759 0 0
 743.096006896 0.000289246858821314 0 0
 746.452201073 -0.000314657990958832 0 0
 749.80750326 -0.000603033146971159 0 0
 753.161901925 -7.04085384287339e-005 0 0
 756.515385536 0.000112678090301627 0 0
 759.867942561 7.52018070925479e-005 0 0
 763.219561468 9.96331037321266e-005 0 0
 766.570230725 0.000146828254340118 0 0
 769.9199388 0.000143360953109446 0 0
 773.268674161 0.000221470915198982 0 0
 776.616425276 0.000314327518410456 0 0
 779.963180613 0.000215444063576026 0 0
 783.30892864 0.000104757714843789 0 0
 786.653657825 0.000155917183830323 0 0
 789.997356636 0.000721320603982581 0 0
 793.340013541 0.000777022177411905 0 0
 796.681617008 0.00084015750012848 0 0
 800.022155505 0.00139124032756358 0 0
 803.3616175 0.00130607513450381 0 0
 806.699991461 0.00107202898182405 0 0
 810.037265856 0.00112955311294839 0 0
 813.373429153 0.000809034547475783 0 0
 816.70846982 0.000874637980008945 0 0
 820.042376325 0.000760519688877957 0 0
 823.375137136 1.65362530612774e-006 0 0
 826.706740721 -0.000176106320199698 0 0
 830.037175548 0.000149465553135744 0 0
 833.366430085 0.000288404442900197 0 0
 836.6944928 0.000492116863614715 0 0
 840.021352161 0.000383950249925992 0 0
 843.346996636 0.000358791237345954 0 0
 846.671414693 0.000312008977366795 0 0
 849.9945948 0.000276234284325251 0 0
 853.316525425 0.000937520270300505 0 0
 856.637195036 0.000159314717920771 0 0
 859.956592101 -0.00136550015712664 0 0
 863.274705088 -0.00072741904336284 0 0
 866.591522465 -0.000717381594804589 0 0
 869.9070327 0.00161339883262579 0 0
 873.221224261 0.00124785111657716 0 0
 876.534085616 0.000679198173032219 0 0
 879.845605233 0.00123511766169804 0 0
 883.15577158 0.00391516849330098 0 0
 886.464573125 0.0030634736647035 0 0
 889.771998336 0.002065799457935 0 0
 893.078035681 0.00288648861679643 0 0
 896.382673628 0.00273540993691989 0 0
 899.685900645 0.00150559196504203 0 0
 902.9877052 0.00221667559363903 0 0
 906.288075761 0.00170819200994567 0 0
 909.587000796 0.0015493423332006 0 0
 912.884468773 0.00191878386719542 0 0
 916.18046816 0.00185117864456517 0 0
 919.474987425 0.00163105171647799 0 0
 922.768015036 0.00162177178991361 0 0
 926.059539461 0.00237392549884496 0 0
 929.349549168 -0.00203662866800936 0 0
 932.638032625 -0.000219413983021372 0 0
 935.9249783 -0.000279353421131907 0 0
 939.210374661 0.000220190163780263 0 0
 942.494210176 0.000109764131451367 0 0
 945.776473313 0.000432110900125296 0 0
 949.05715254 0.00150586266433731 0 0
 952.336236325 0.00612670572179178 0 0
 955.613713136 0 0 0
 958.889571441 0 0 0
 962.163799708 0 0 0
 965.436386405 0 0 0
 968.70732 0 0 0
 971.976588961 0 0 0
 975.244181756 0 0 0
 978.510086853 0 0 0
 981.77429272 0 0 0
 985.036787825 0 0 0
 988.297560636 0 0 0
 991.556599621 0 0 0
 994.813893248 0 0 0
 998.069429985 0 0 0
 1001.3231983 0 0 0
 1004.575186661 0 0 0
 1007.825383536 0 0 0
 1011.073777393 0 0 0
 1014.3203567 0 0 0
 1017.565109925 0 0 0
 1020.808025536 0 0 0
 1024.049092001 0 0 0
 1027.288297788 0 0 0
 1030.525631365 0 0 0
 1033.7610812 0 0 0
 1036.994635761 0 0 0
 1040.226283516 0 0 0
 1043.456012933 0 0 0
 1046.68381248 0 0 0
 1049.909670625 0 0 0
 1053.133575836 0 0 0
 1056.355516581 0 0 0
 1059.575481328 0 0 0
 1062.793458545 0 0 0
 1066.0094367 0 0 0
 1069.223404261 0 0 0
 1072.435349696 0 0 0
 1075.645261473 0 0 0
 1078.85312806 0 0 0
 1082.058937925 0 0 0
 1085.262679536 0 0 0
 1088.464341361 0 0 0
 1091.663911868 0 0 0
 1094.861379525 0 0 0
 1098.0567328 0 0 0
 1101.249960161 0 0 0
 1104.441050076 0 0 0
 1107.629991013 0 0 0
 1110.81677144 0 0 0
 1114.001379825 0 0 0
 1117.183804636 0 0 0
 1120.364034341 0 0 0
 1123.542057408 0 0 0
 1126.717862305 0 0 0
 1129.8914375 0 0 0
 1133.062771461 0 0 0
 1136.231852656 0 0 0
 1139.398669553 0 0 0
 1142.56321062 0 0 0
 1145.725464325 0 0 0
 1148.885419136 0 0 0
[END] of [DATA]
[END] of [Spectrum]

